3.253676475835553389e-02
-4.370748489406185711e-02
5.956505462059319411e-02
-3.917539702913867827e-02
1.838317701183735386e-01
1.755072058432548543e-01
-1.646290607980091525e-01
-4.658237405236019257e-01
1.604670627629309690e-02
1.762536731720119598e-01
-1.979015781558448109e-02
-1.043536449702603258e-01
2.687569633230977861e-01
-4.354915827632140912e-01
-2.628081134475702685e-01
1.044713905644553825e-01
-3.515452043192587306e-01
-5.855877303217481566e-01
5.052466770396095708e-01
5.348583343816668556e-01
5.917639545022193026e-01
-7.309684168744347288e-02
-3.709289775572583436e-01
7.130795119466606380e-01
-1.793887970224919970e-01
1.128844790345389093e-01
-1.577018533515045506e-02
2.484017047261922739e-01
-3.998566860977315063e-01
-2.168493798720569077e-01
-4.535871135415566607e-02
-1.143891898165386167e-01
-8.118672696188852234e-01
1.518887333604243828e-01
2.203294516255694113e-01
-3.656642898859258639e-01
-5.344719444540837472e-01
9.410430046516157776e-02
-1.136690347884865004e-01
-3.175054415266071461e-01
2.723858893289136107e-01
-5.748524437056777847e-01
-1.272944564813816015e-01
4.204053937112974815e-01
-4.393656293854059647e-01
6.309987874999174462e-01
-5.644625750864569191e-01
-1.468284784646344820e-01
-4.558310579808533269e-01
3.767375745490769146e-01
1.121783651002764177e-02
1.694521346918754223e-01
-2.801352541959195933e-02
6.704853254841953714e-01
3.408459872684220793e-01
-2.619673644667007140e-01
-8.908528964001417860e-02
1.443911721559837380e-01
-9.822003103658173695e-02
-4.344448037808654739e-01
9.002836221658473692e-02
2.931885403023440362e-01
-6.256569287532001145e-01
4.201420384579087619e-01
1.136848713060120697e-01
5.682614434514805524e-01
-6.571519406731243795e-02
4.746020558461594430e-01
-2.951293213327503828e-01
3.358645895051859953e-01
2.353537253809426522e-01
-1.371149215330289273e-01
-3.072305793069314839e-01
2.807669417285372226e-01
-4.636751216631734840e-02
-2.076452325986830050e-02
-4.003302889322550573e-02
-1.810926445419418218e-01
-1.335950467361249616e-01
3.271811482909231517e-02
-1.003122820305697299e-01
1.166193022104989735e-01
-4.081659321218412684e-01
-1.427451744892412056e-01
-1.716195638371478469e-02
3.692077129534572233e-01
-5.497362526136004846e-01
6.134508227327326590e-01
-2.891132907104668193e-01
-5.707511072023838672e-01
-1.756637940961990607e-01
-1.603798375469882298e-01
5.060151538437699381e-01
-1.318432573939463115e-01
5.218409631584075559e-01
-1.643061156296701797e-01
-9.393136117602696178e-02
1.052049113048336010e-01
-3.189408373031336064e-01
-2.262051135912686028e-01
3.131199290054488826e-01
1.913379672493719097e-01
5.109641431343293627e-01
-4.728908042717208660e-01
2.300081082373515162e-01
2.873487329332161666e-01
5.637856215209399169e-01
3.089057346109591040e-01
2.027981196317394166e-02
1.142179596704326755e-01
5.184265391003233248e-01
4.995944328724186839e-02
2.266809548993825585e-01
-3.789388938661375494e-01
-3.966630389915938859e-01
1.227025609502511022e-01
2.347867472683743892e-02
-5.066587957549509857e-01
-9.469808812674404552e-02
6.732958984562126270e-01
4.002708049144953345e-02
-5.944963774497998843e-01
1.010194787019986912e-01
-2.453693428062752591e-01
2.776504743962727173e-01
-3.941114237939657983e-01
1.565566180442518052e-01
-3.650891042489631255e-01
5.573604056733305612e-01
2.820042332844417965e-01
-1.264090162650745586e-01
2.225983472186136014e-01
-7.135669578288409420e-01
5.440342670551783222e-01
-3.484174892122902101e-01
-7.776432465172805619e-02
-5.510174012538600063e-01
1.951829568205027954e-01
4.487879291779020563e-02
-8.427006362072475554e-02
1.943054605327319273e-01
4.375088307245273422e-01
7.161797447851920850e-01
2.656759581001233439e-01
-3.439661515748834164e-01
2.202050105172886074e-01
-6.200454703547021718e-02
-3.009685833647494091e-01
1.173552195757372879e-01
-5.229771304530455023e-01
-3.980689458833671091e-01
2.328717955901370429e-01
2.422104962006457474e-01
9.067765534599092625e-02
7.659826118350780977e-01
8.510237965535617788e-02
1.520909312785587164e-01
1.946015728782604735e-03
4.674293786502886627e-01
2.001972487300177073e-01
2.841180601258365135e-01
1.723231117456084987e-03
-1.315897899213016309e-01
-1.699280835762575007e-02
3.451799203492572632e-01
2.000753323357819524e-01
-5.588197401671462367e-02
-7.460527999795208975e-01
-5.002735825519796231e-01
1.412508650243829433e-01
4.390593124855777796e-01
-1.134975117657289478e-01
-9.751962933007908563e-02
-1.289191663480773464e-01
3.419315468221582055e-01
2.442345031055069282e-01
-3.185328697903995199e-01
-1.255563616843308195e-01
-3.466767042564219414e-01
1.963182039823618830e-01
-1.898074188126195883e-01
-2.524630725362541836e-02
8.216981694456990115e-03
2.317330900476465561e-01
-3.094764606694118125e-01
1.291753605321736310e-02
-1.403401155495886399e-01
-1.120188428366620942e-01
-9.639602766282565072e-02
1.336176652309673252e-01
9.322514263604871065e-02
-3.003433938494911443e-02
5.021547685155556273e-01
2.166691326048758581e-01
-3.443919714426434964e-01
4.520476174060854280e-02
-5.298010192571407651e-02
-2.800134268124531145e-01
-2.440491903511984861e-01
-2.787155427823934106e-01
-2.604464245672584166e-01
4.022640533234485560e-01
6.279414324402285072e-03
-3.633773359449735674e-01
7.303822937125235837e-02
7.575101135814846787e-01
-2.415950318420275467e-01
-2.107446706108651591e-01
-3.032309036397918267e-01
-6.217440430734086365e-02
4.065129047347102453e-01
-7.796727285239869465e-01
-2.483987995792332620e-02
-5.586539044817587923e-02
-3.447412342214696834e-01
4.189183680961002798e-01
3.305773782820645712e-01
2.612512456271660621e-01
-2.219716043088389157e-01
-6.105978274467867006e-01
-2.466206871411656676e-01
-1.760413197583795553e-01
4.770626869681782178e-01
-3.614841534502249987e-01
-5.426319093814940819e-01
-2.709308315685170498e-01
-1.743842608726782206e-01
-1.357046079368059988e-02
-3.933287356597988671e-01
8.071035661230739622e-02
4.255540418844649397e-01
-2.772021777690320543e-01
-1.537167609546969960e-01
3.874092127910670064e-02
-6.034221191338746682e-01
4.291769442721913297e-01
3.655130560613750190e-01
-2.082304585826576238e-02
1.773998878715889460e-01
-6.591645000135026855e-02
-7.715795372073216973e-02
1.830971158104572616e-01
2.932087370981119046e-01
-3.813134755483669758e-01
-5.040053033785926173e-01
-4.002874805944364178e-01
-3.447980134628925164e-01
-5.722137894839777195e-01
2.716327491047655918e-01
1.743554576046368321e-01
4.441548718109291638e-01
-7.538029748832567913e-03
2.445011661194294167e-03
-1.388906831045975954e-01
8.616046672948189655e-02
3.763401776627563894e-02
-5.037664134648185410e-01
3.372524908716291459e-02
2.840383880011358442e-01
4.868131610442239521e-01
-1.454685591800969902e-01
-2.883817104535273956e-01
-5.245211028208932730e-02
4.127508855892484535e-02
-3.491689259119443722e-01
5.061273271599802115e-01
4.039672249052742720e-02
-1.687826367573873054e-01
3.793561639300164212e-01
1.468392837176802912e-01
-1.618839613289260737e-01
1.621551544071533346e-01
-1.414937476751140788e-01
-2.041870836227675512e-01
5.511135654477414825e-01
-7.137984684916987010e-01
5.035375246367400637e-01
4.131962036894268886e-01
2.467011138177942486e-01
-2.920368773348679392e-01
2.286419135788293477e-01
4.474646213270909723e-01
1.071518270366539072e-01
1.031909793343568499e-01
2.172896886504841474e-01
6.141266143511541209e-01
-1.250124159684812275e-01
4.539451966954444750e-01
1.313611112884942589e-01
1.257509701516753287e-01
-3.691884966705722554e-02
1.341369421263781947e-01
-4.252521282986584938e-02
2.731617582417859569e-01
1.120668896554725125e-01
1.586770245823877420e-02
-7.441271195996680687e-02
1.221890925297496600e-01
4.833744446827262925e-02
3.169821281143080371e-01
-2.852285056621793879e-01
4.167877389450002079e-01
3.409332351745600898e-01
3.886488683868515037e-02
-3.578778527862086500e-01
-2.172371592563392406e-01
1.996526161393535337e-01
-1.326875430959066904e-01
2.566775394108890551e-01
-1.737481665131614672e-01
1.116880325398269674e-01
1.814322746598124592e-01
-1.651635358178746293e-01
-1.804009797160697481e-01
-2.433854652392667406e-01
4.265414544795152474e-01
-7.114636288355182803e-01
1.511206000769035052e-01
1.737312418317825125e-01
-2.563188948713270854e-01
2.299267151461561465e-01
-1.869208206469061828e-01
-4.967307490744955478e-01
4.404718599380060273e-01
-3.734624956365012460e-02
-1.439474165544299411e-01
2.251511660283334881e-01
3.964331526660710425e-01
-4.377878472490721595e-01
-5.281828055314113923e-01
-1.305258687603475659e-02
-5.895122859277820981e-02
-5.692524755448056251e-01
-1.173064081658162783e-01
1.458262810341941496e-01
3.195682692213066556e-01
-3.085483464125700070e-01
5.743550553633299804e-01
6.447112609002521311e-02
-4.093124918464318696e-01
-3.992885776465455727e-01
1.755292208281341582e-01
-1.078457716966275785e-02
3.904218283897838426e-01
-9.139269395227556103e-02
3.825063898363507686e-01
1.377572092540054749e-01
1.036888367895357488e-01
1.865328934248529080e-01
-6.456460008568333242e-01
1.838419599339943811e-01
-1.685673101811015484e-01
-3.788346969213277626e-01
-4.859308724450336903e-01
3.463237279860582052e-01
4.760490804807673837e-01
-7.965555143714952990e-01
-1.455877938857572662e-01
1.293715734312540430e-02
2.788006991508790167e-01
4.173070636941350053e-01
-2.623318180330026783e-02
4.352217409116958535e-01
3.560020248528682485e-01
4.566674838947109571e-01
3.705357208615023268e-02
-1.574354322840477716e-01
3.773591708811164236e-01
6.171447717637595226e-02
5.934274859662816981e-01
-4.295616133511677148e-01
-1.099627052149962370e-01
-1.426974310822743952e-01
1.215033153223471496e-01
9.467537544429702190e-02
3.539013882106578635e-01
6.392074996609626858e-01
-2.607534238384876524e-01
3.736707110072323701e-01
-9.194119530039458754e-02
5.349081411499364558e-01
2.449545015068151921e-01
-4.294108632191803165e-01
-3.546481018619460079e-02
-1.082169465870712888e-01
-5.304212608367990800e-01
-6.353754922941918792e-01
-1.016773557655253207e-01
-4.108024516990814723e-01
-2.119144516077104412e-01
-6.545136869097234467e-02
3.601965302025458143e-02
-5.457509628791090694e-02
-2.517814519554201769e-01
-3.771800460800951993e-01
-3.912402662124657149e-01
4.227568338801192538e-01
-5.919755911755817390e-01
1.937574822481932246e-01
1.208265969500368631e-01
4.375566689866243197e-01
2.175675866313136475e-01
2.667506146164869141e-01
-5.913146983685872993e-01
3.512672796479793247e-02
8.070247523587484317e-02
1.455878662561317927e-01
3.850148547015416201e-01
9.561583652078524398e-02
-5.570851532230947090e-01
-5.083606578291424150e-01
-2.772980043861661970e-01
-2.615016896190477946e-01
1.413385694046795371e-01
4.239913849825128200e-01
4.329806184373560796e-02
-1.485675800744127029e-01
-8.916644531617329283e-02
9.847011976280579948e-02
-3.818451045412510902e-01
-3.155548022976509270e-01
3.071254803786982544e-03
1.255723516964825925e-01
2.239574657234043309e-02
3.610943486813674719e-01
4.622519268120170444e-02
-3.146538053751029018e-01
-7.853456690446951605e-01
8.188880097989262308e-02
-1.204908145951857079e-01
-3.006022879611451870e-01
9.513479571678309932e-02
1.776212688322387490e-01
-2.087748477313585149e-01
-3.504873233675998567e-01
-5.472924017059915824e-02
-3.023663434665221916e-01
1.206378230251324742e-02
-2.783455305973867588e-01
4.673498644838363150e-03
-4.197185036003106551e-02
7.287973225743664407e-02
-2.487624040682815535e-02
3.028439877918910617e-02
-2.236091083257431278e-01
-2.076772943608247990e-01
-2.328953087080954387e-01
2.489593203913526842e-01
-7.592983561420704741e-02
2.218688295580704961e-02
8.916079083887653578e-01
1.970302634542273491e-03
-8.444593189251501375e-01
2.078062326101485016e-02
-7.701480256402986058e-01
3.549409087831920662e-01
-3.321520460565601240e-01
3.033476389252220962e-01
1.179264679414007422e-01
1.943592616911600790e-01
-1.129324754883961612e-01
-1.236166022508207035e-01
8.418396365809799331e-02
-2.074834908584360649e-01
-5.977008905261669280e-01
3.008514803487750133e-01
1.735064621779037752e-01
5.334197763340337017e-02
1.916572620088954904e-01
-9.888781226094789378e-02
5.314501709163301120e-03
-1.604557876373111369e-01
-2.597262396111821303e-01
2.869760151777791535e-01
-4.794605303854148071e-01
-5.551295271907603912e-02
2.701490378257354746e-02
-1.102609359723174254e-01
-1.216599419082762951e-01
-8.864974558432461849e-02
-1.059835701471243397e-01
-1.353273894937802868e-01
-5.833674118211147619e-02
-3.812409791596317321e-01
-3.259364810548984540e-03
-5.610452940238546127e-01
4.024684066251408843e-01
-6.487778900635030044e-02
-4.279943735750550982e-01
3.372673318761836847e-01
2.895650421970077382e-01
8.499334504699128726e-03
-1.047246122012269048e-01
-1.459243506289797376e-01
1.185971644759880178e-01
3.920599363703905493e-02
2.985410973786010169e-01
6.203183620653429653e-01
-3.360002176488923187e-01
3.856810927926654919e-01
3.673619777058904218e-02
-2.561215140309590077e-01
-1.656207832403965574e-01
2.952375199097412861e-01
-7.667099282628568602e-02
-5.360768091080643505e-02
4.404615821992499125e-01
3.002635541006099529e-01
4.927767826680474195e-01
1.061668842985447336e-01
7.990632413648919297e-01
-4.334863896958410789e-01
-4.150096727707668354e-01
-7.133382362954047151e-01
2.129148481062791837e-02
-1.470748654120235810e-01
-6.328602633577665171e-02
-3.073478765357553488e-01
2.898490736758385089e-01
3.416923720326074942e-01
-3.064753399382880161e-01
3.250437836793170776e-01
-8.698841292197355413e-02
6.286976083023139150e-01
-3.893451456456330506e-01
2.719918500213465151e-01
6.142862169815175299e-01
-2.869910646899876405e-01
-9.835260764151665391e-02
5.593844864546071438e-01
-2.408566339515630372e-02
5.220346635974550953e-01
1.304263623498580146e-02
-6.628328331948171170e-01
2.168708434829712539e-01
1.865341283005733375e-01
-8.576628107806241741e-02
4.293226650530244243e-02
-6.712884703879324899e-01
5.048692508818373170e-01
-6.023966981425072920e-01
2.272279819857162542e-01
-5.779381889303467773e-02
-1.911129214836142579e-02
-6.396641518270256010e-02
3.095540646532312090e-01
1.475440367942036368e-01
-3.631747456717787648e-01
1.593211191392269743e-01
-1.268488618575024096e-01
2.430237629549346079e-01
-8.554017343792080785e-02
-1.525769876123359570e-01
6.262746854015363226e-04
2.507228850825108379e-01
1.540578417142054665e-02
-1.284895729362703076e-01
8.078034163583240265e-03
-6.534251905965362539e-01
-2.066379403157534433e-01
-2.224898508350934591e-03
2.326524061379512676e-01
-5.265900965720469173e-01
-1.485067910089418741e-01
-3.054026499714446174e-01
3.151964174319894507e-01
-4.099253268128177918e-01
1.047997596862995928e-01
2.075902375971492575e-01
-1.419466362844030716e-01
-1.779209370527098932e-02
-1.867629478622219730e-01
-5.514297936819349127e-02
6.168030610294147897e-02
-2.065102844320045039e-01
-4.488886947605358890e-01
1.294933055442765713e-01
-3.195137906576197562e-01
-3.717585846216595602e-01
6.196433581105690452e-02
-3.302786897283596645e-01
-4.111984584732562148e-02
-4.737794787645766004e-02
-4.384367070823358414e-01
1.192964802775992039e-01
-1.516104721837288269e-02
1.851979688585791706e-01
3.895167216382573461e-01
3.772962732037005718e-01
3.964948325799072526e-01
3.641843689146504470e-01
1.202743209042650835e-01
-7.939788149268002830e-04
-8.077255065726254846e-02
1.306131435141907327e-01
5.794349764128373659e-01
3.442455290428732967e-02
2.617015236420827673e-01
6.333144829861668823e-01
-9.284402515665193811e-02
-3.054656487331926518e-01
-2.042080472563544413e-01
-5.670148667295240585e-01
2.849690336332265650e-01
5.793684448456943858e-01
-6.732822239922342522e-01
-3.920681116503646479e-01
5.245989156033999817e-02
3.828789430452257392e-01
6.397257058363278182e-01
3.442357365882550008e-02
4.419044517206274225e-01
-5.526594920876838346e-01
-8.132583713578498408e-01
8.619992034434584283e-02
3.038741375315756957e-02
-4.851405121578462598e-01
8.350680230756860056e-02
-4.829172386576054965e-01
3.121052592175812546e-01
-2.327875831217383201e-02
-2.500647240784091840e-01
-1.959459437159076223e-01
-3.071926708137232565e-01
5.364403660227982096e-01
1.541289017545292850e-01
3.913720025110017930e-01
-2.633086744402829416e-02
-2.989870248002579611e-01
4.234814335813892605e-02
-2.942707288294003631e-01
6.735755496377393570e-02
3.203901752999437774e-02
2.451110505788475780e-01
-1.049659815592416390e-01
2.571176127427122204e-01
3.323121973121908601e-01
-1.559083410659219404e-01
9.419614837495911275e-02
-6.888255592181200537e-01
1.171248978095223298e-01
-3.861513287410741624e-01
1.572686387652197371e-01
1.030070727032708633e-01
-6.331925395014870173e-01
2.092435532011950317e-01
-4.497579218503471310e-01
1.712867118683457646e-01
-1.388782396845200662e-01
1.415554927500520532e-01
2.271394007503352575e-01
1.783554786225997058e-01
-2.242360364147855667e-01
-4.737760186315197464e-01
5.931917486204675571e-02
8.884692615631950563e-02
-3.486241958518543904e-01
2.076770777840764581e-01
7.478002454144350164e-01
-1.822016237387871773e-01
-4.122164486783691517e-02
6.203817203118985324e-01
1.657535934743556982e-01
1.714969810026486796e-01
5.862647424598859125e-01
2.468359707227998634e-01
-1.344270949519660863e-01
-2.873791191677037005e-01
-2.388784097727322253e-01
-4.184464418965415100e-01
-3.153143482865370939e-01
-4.909662356390223636e-02
-3.771133738730173546e-01
1.083962305694737144e-01
-2.121505250764004202e-01
6.684921155195415743e-01
1.327327617281705008e-01
-7.736832200700105577e-02
-8.310873066114932151e-02
1.680829150917994563e-01
3.571360996854630043e-01
-3.763604765620331416e-01
-4.630007834415302836e-01
5.467321242088593047e-01
-3.148824356955863824e-01
-2.130950468265972730e-01
3.257706501055118720e-01
-3.182604994729564818e-01
-2.760887854660823981e-01
-4.387715313177966703e-01
-4.258345668609510026e-01
-3.006413265504959131e-01
3.346222195854252623e-01
1.786619143181252534e-01
-1.003445333855654542e-01
-6.777159019531419082e-01
2.632146753054825927e-01
6.051175609071082068e-02
-1.296353399516547156e-01
-2.257482224336079257e-01
-2.993445515708375582e-01
-1.524150333121405410e-01
1.268902666966429116e-01
5.487480884852988794e-01
5.341236942349135708e-01
2.012419544854909537e-01
-6.063555796598245617e-01
4.128457848034462474e-01
-2.414299125420234504e-01
-1.280776656802603587e-02
3.142623282036718368e-01
3.859592035287550682e-01
-5.083689560483792835e-01
4.092780800929249341e-01
9.235019048594864111e-02
3.933684838554517560e-01
2.193274605278354716e-01
5.677338878293445301e-01
1.678494490439692288e-01
-3.939983137874482066e-01
-5.006654824652788383e-02
-4.923605170485423344e-01
2.684170953458364095e-01
7.041294122513216958e-02
3.181737970932690951e-02
1.019527647442692309e-01
-1.534092129636838164e-01
-1.021340871399154804e-01
1.058160580362969838e-01
2.274268999125238222e-01
2.398768157941642554e-01
-1.364910122881790311e-01
9.031876716609218980e-02
1.430057897950659240e-01
-1.740430121773104133e-01
1.516616780158638877e-01
-1.424911715695553749e-01
4.679302655787981324e-01
3.843222321008925579e-01
4.501482861844936512e-01
-4.377447698130164377e-03
3.509076604421355050e-01
1.368528397149750553e-01
-2.610874949593703365e-01
-9.656303032552966681e-02
2.250726035898106547e-01
3.933747886296899421e-01
8.159100891508805353e-02
-7.721211131875362066e-02
5.213653780530851378e-01
4.729427697891670501e-01
-1.682509951983845176e-01
2.913192523614510088e-01
5.670435076839499544e-01
1.844648990819182099e-01
-1.575430342340998491e-01
-2.234071583134084604e-01
1.863431254647462121e-01
2.191193197607179122e-01
6.142527716921184489e-01
2.112131467941834595e-01
-1.717271390562408878e-02
-2.054479632276666745e-01
2.750594657804150689e-01
-1.865704636563841334e-01
1.383248545122449658e-01
-3.256983344548909920e-01
-9.193583057514556622e-02
-4.060794417336446860e-01
-1.797208943416721549e-01
1.141069372510907648e-02
-7.879448454598778073e-02
-6.796464764904242006e-02
-6.458269478880505898e-02
-4.131736917231116357e-01
2.699027180401918358e-01
-1.956205688225098882e-01
1.315749977582899577e-01
6.382180137232792982e-02
1.175084419607207720e-01
1.110197236791761605e-01
-1.088907575961898383e-01
2.172086448961541849e-01
-1.161477814611178161e-01
4.142762643931610089e-01
3.175992420349494499e-02
1.443399606584236661e-01
3.494229241531847385e-02
-1.300042711480849933e-01
3.438471361897164069e-01
-2.222864317352836183e-01
3.539798282238060256e-01
3.511120597556742218e-01
-4.400404414704479628e-01
3.256593875953280870e-01
7.569074093729383224e-02
-5.668242021612883708e-01
1.079134692250324906e-01
2.426756187217548114e-02
-3.353602167135848466e-01
-4.759799004333427064e-01
-1.808857309144345504e-01
2.584867962993711021e-01
2.353692313891728866e-02
-3.353288399557498023e-01
2.699589191493714235e-01
6.594352754235121017e-01
1.135991580741029516e-01
3.434507037014680186e-01
1.557430344816794487e-01
2.438104689279395609e-01
-2.091323644737443921e-01
-2.312458826816175816e-01
1.538125122064906147e-01
-4.174841687367839560e-01
-4.665735714360833702e-02
2.490286273032117914e-01
1.157590384181809290e-01
3.390173742908004773e-01
-1.951319898546385323e-01
6.190490461919788689e-01
1.189471207084785986e-01
-2.530940656220661000e-01
-5.830551528408130235e-02
-5.431104846472377679e-01
-4.932193641470022372e-01
6.524655992481745437e-02
-4.148447612117508454e-01
-3.667465980807826376e-01
-3.325160738641432245e-01
-8.454964449243436431e-03
-1.891346635891595976e-02
-1.725204659867056456e-01
1.363608046731693002e-01
2.890633485974262173e-01
-2.190542003216558176e-01
-4.774973432745925894e-01
1.380252280092043315e-01
-1.432418883575133639e-01
5.138351059262431103e-02
1.063306786625639738e-01
3.637684502270881470e-01
2.394897672088813212e-01
2.308830830779592946e-01
1.414696227442578391e-01
-5.820802781770323397e-01
-6.798550415686339665e-01
6.692080282256854806e-01
4.039702075214375299e-01
-3.854526908847537986e-02
1.008575723617447933e-01
-4.554686909873503220e-01
-2.064771120334752408e-01
5.298716487527028313e-02
-2.952203369520626786e-01
7.693388708022834699e-01
-6.621303213289342349e-01
3.967217851890460500e-01
-1.815113829407797863e-01
1.145538800348677305e-01
-6.444753368581770392e-01
-7.138054211108462166e-01
7.350095476066762501e-01
3.980355484782481801e-01
-4.454861830892704599e-01
-1.852948670283206256e-01
-3.661560691454905925e-01
4.261682614864631576e-03
5.155743085110356394e-02
-1.393460593497141686e-01
1.010106595190753964e-01
4.330327939236653378e-01
3.433208825669178954e-01
7.939235285642568529e-01
9.183670712976343964e-02
-4.002317569667376840e-01
-9.012772868023951611e-01
-5.896628221871718090e-01
1.453443102004864929e-01
-1.276269204216722852e-01
3.283559837240740964e-01
-1.477187530185948006e-01
-2.338637048192865053e-01
1.822595533089131636e-01
-1.949142336259573546e-02
-7.620702522909279797e-02
-5.431801816142462630e-02
-1.763597149469207093e-01
-1.825383165701480181e-01
3.496347720662709713e-01
-8.280917302067548613e-01
2.231804014830074956e-01
2.365859925111758050e-02
-2.548016817519337951e-01
-1.320562865982042797e-02
1.867353242292544291e-01
3.911761575323605689e-01
-9.707428705131554425e-02
-8.781364002353478360e-02
6.464716217321879732e-01
-1.122460097035607729e-01
-3.648371546058926107e-01
3.664111131608676630e-01
9.120633632743777031e-02
1.797749384457499738e-02
5.705083208748851220e-01
2.907557630354491995e-01
-3.709010415748683065e-01
8.768317656850536934e-02
-1.760138653644831574e-01
6.444274005448302756e-01
-1.631377221893335894e-01
-4.245480862664898630e-02
-1.472976686324952711e-01
-2.095897151817191773e-01
-7.470504532439198320e-02
6.279826585454810484e-02
-6.934548267352254325e-02
8.263728619072866488e-01
-5.304586177068576491e-01
-3.741652272460515016e-01
3.749516867799353448e-01
1.683365266574227415e-01
9.477281771069140381e-02
-5.783839464467901426e-01
1.884164476031012503e-01
4.313989258800530191e-01
-4.797249951802869949e-01
-4.986438628088611935e-01
2.288268279510158876e-01
2.180892448701708120e-01
-4.906145201989359217e-01
4.392980826296892238e-01
1.383154161141518235e-01
2.094123976834627587e-01
-4.758923682290008839e-01
-1.520908056267653574e-01
6.334393859405078597e-01
1.599453649074501771e-01
6.483420387654682598e-04
-2.902132669370747209e-01
-1.247379264386743597e-01
-2.569708259529600580e-01
-4.464396042505720530e-01
4.534805399328866171e-01
1.052828937251537450e-01
-3.240123401344305321e-02
-7.481683977918747452e-02
4.976714838392182760e-01
-5.022788867585450956e-02
-3.662822591416315388e-01
-3.439663595153397146e-01
2.388097439946802458e-01
-3.760106600052293135e-01
-4.406204052345039646e-01
1.105228089285946874e-01
-3.247317687202742054e-01
1.874773069049764651e-01
1.716656331185713036e-01
-2.669458600258297620e-01
-3.574378792617863981e-02
3.103835816122207381e-01
3.735735798226796911e-01
1.695376451263437834e-01
6.727263361883951687e-01
5.915482380949449448e-02
-5.515290282480498352e-01
-1.896422543155896479e-01
-9.828343693508101442e-02
-5.031573938000091228e-01
-3.544278171650563913e-01
-1.194834117094581427e-01
4.589517833880153996e-01
-4.095553928533572918e-01
-4.278160813861100475e-01
1.254416251138205096e-01
4.282194377538118268e-01
2.427090814404558317e-01
-2.918897307147656495e-01
-3.184680588696700565e-01
2.041153946888644155e-01
2.751074654031022693e-01
-6.752541693699376513e-02
3.165688948710195794e-01
-8.924413524643802498e-02
-1.221656242649255333e-02
-2.434762692146927865e-01
-5.031424620669505687e-01
-3.605246172790674275e-01
-3.949570476765189991e-02
3.116421438938825617e-01
-4.466232153889945766e-02
2.604613609836988752e-01
1.531220471082475054e-01
4.534173374463797493e-03
5.151117692248174257e-02
2.737836729971174221e-01
-1.260169881456266738e-01
-4.887049117126431863e-01
-9.029960918491299060e-02
3.825183811556509550e-01
2.043518535797036462e-01
-5.572613868856047814e-01
-2.579420717111879369e-01
3.904769616424717121e-02
3.243174931863153088e-01
-2.536034885336385658e-01
2.927776635646431314e-01
-6.300404726452495108e-02
1.438856547023168453e-01
-2.452036597289327102e-01
-3.042019824998075661e-01
-4.337482911456012058e-01
4.582799235719184350e-01
2.847900341806852698e-01
-4.372166837987003229e-01
-9.567385683394810658e-02
-5.539142420711166137e-01
-4.278570825239055297e-01
-7.386621320540662228e-02
1.578678902077265411e-01
3.596162883206374672e-01
-1.344271559527084325e-01
3.135430268898405527e-03
2.877049060111894763e-01
-2.804914280848008201e-01
1.275059618860711064e-01
6.144453568367341800e-01
-1.056200333477468889e-01
-8.076825783679664195e-01
9.998185519046362546e-02
-1.221309180508103887e-01
1.072355270204897737e-01
-2.673853288522523575e-01
3.728597140226668771e-01
-1.632711084551675129e-01
-9.446499007915358515e-02
6.770223003616664403e-01
-2.269982157780706111e-01
-3.595835813345990006e-01
9.857416987149426879e-02
-3.035110459723435183e-01
2.468151161627949730e-01
-1.368677197501894267e-02
1.708882860143249027e-01
-7.112004284919416774e-02
2.447376619672497755e-02
4.786328072007586809e-02
2.686511704064982187e-01
7.258392640478412983e-02
-3.208445768539271992e-01
3.338605532764709061e-01
-1.612859522506258914e-01
-4.961385687161085634e-01
4.970838897442519944e-01
7.478425189890855473e-02
-4.075348726137600908e-01
-2.119346536786654786e-02
2.747265284663040208e-01
1.872835948702858966e-01
-3.185857101024330840e-01
2.835784377925181787e-01
3.418496304119392759e-01
3.735914330844015974e-02
-2.485145806009712334e-03
-2.583594518924923200e-01
-3.918782867584046370e-01
-5.335933745182352972e-01
-9.108645065382763722e-03
5.605901493603060448e-01
2.592992304624973654e-01
-4.766258031847037113e-01
-4.325667715418491932e-01
3.891088930088799636e-01
-2.050673001318919220e-01
6.155395015428059002e-01
-8.670661656132472306e-02
2.886489882723706768e-01
-2.884474036585005230e-01
3.501911542978961567e-01
-1.705393597011041762e-01
4.687327579651419662e-01
1.575701797846391916e-01
-4.871468915622442220e-01
-4.232788820308440725e-01
2.053210046258854282e-01
-2.376261443539026130e-01
5.756847343395098127e-02
2.195038402136997857e-02
3.010665501639954722e-01
3.494133304877879431e-01
5.518000947772373765e-02
-4.594704826232971495e-01
2.018924106024318210e-01
4.391128775400942041e-01
-3.152211476852816441e-01
-7.713232474660615123e-01
-3.291190833862759901e-01
-4.256627201215935075e-01
-3.422185571994326159e-01
1.374663625956712987e-01
-4.014752090957078856e-01
-4.438206530949247441e-01
8.011396942862875070e-01
-6.545558064448526725e-01
3.036975008462413084e-01
-5.421388871177210689e-01
6.727397712133689200e-01
4.266684609871474465e-01
-4.266260607874686750e-01
1.865230321478146894e-02
3.695458808326387845e-01
-8.151615827408989490e-02
2.538303521514000960e-01
-3.368854758676054217e-01
5.305937624622560911e-01
-4.917924698378770554e-01
1.635519927268110352e-01
2.536177154054611305e-01
-3.301253991907210916e-01
-4.884728599599860721e-01
4.581643092379694693e-01
-1.656440280134410248e-01
3.947134702170870257e-01
-5.945374145487536399e-01
-1.064523406045845277e-01
1.438960691859610987e-02
6.700756310133531013e-01
-2.331765001733017706e-01
7.577746524451655086e-01
3.461791150414405549e-01
-1.763278278542884658e-01
-1.265622050287193157e-01
-1.361318391885490281e-02
-5.847612947339266842e-01
-1.705666490720895989e-02
9.286447791018084819e-02
1.402411095890351844e-01
-2.893315765315370713e-01
4.483510059606861109e-01
-9.591203001543982531e-02
-6.822005784090730274e-02
-3.274112754731647867e-01
7.481397660877411315e-01
-2.489399745541916870e-02
-3.628505031504548617e-01
-6.656434857771059699e-01
-9.829671081654228759e-02
5.262011124291420261e-01
-2.206345312549881088e-01
3.262080778286463589e-01
4.592949739868914527e-01
-1.352063991866244153e-01
-4.573245455551734895e-01
1.514763871733387224e-01
-2.016009287626600588e-01
1.044239473165760740e-01
-2.710523610173288800e-01
1.492568180170628263e-02
-8.321780695226976832e-02
-2.373624864854505523e-01
-1.282804028969573018e-01
-3.951106954416878925e-02
-7.966065487840457982e-01
-1.807490801599002661e-01
-3.223879995465607218e-01
2.295619061782292747e-01
-7.104688886285824845e-01
-1.512902276397492807e-01
-2.382450240122910012e-01
-4.293604321752633179e-01
1.048077584703863141e-01
-1.863800193934758154e-01
-5.863991552693610665e-02
1.914718147661817471e-01
-6.932288429937227825e-01
2.332982648730488329e-01
3.222088455064151535e-01
5.712517636653783454e-02
5.993105476798746833e-01
-4.369983558968875692e-01
-9.700189442289708364e-02
2.472935608650298767e-01
2.031892575614587249e-01
-4.059318114319854787e-01
-5.411880004326722338e-01
-4.645710116489414898e-01
-1.351903399893302771e-01
2.508872384766209773e-01
-5.162184717367664932e-01
2.030518532410500454e-01
2.048155919424865801e-01
6.348448184063555377e-01
5.684890515676002121e-01
8.235992047654249193e-01
-5.662072117686370865e-01
2.066102296131761551e-01
-1.878957713932297990e-01
3.460795754558074200e-01
3.419155448576773754e-02
1.364647190391052034e-01
-2.559957633176953573e-01
2.233460897913387977e-01
8.063007474884617554e-02
7.348069736303568522e-01
-3.498699932967372916e-01
-4.531385228965961742e-01
-3.614223852581865959e-01
-3.484986938640303178e-01
8.551672015851902175e-02
6.526888610966292970e-02
-4.194269632406237847e-01
-3.906339752452483438e-01
-1.014604859359940631e-01
5.882667089862236853e-02
-3.091451821379206238e-02
5.379568238484373028e-04
-2.058358779140533057e-01
5.281775123004228689e-01
2.587708094472452869e-01
2.495600537406334196e-01
-1.380010757797082814e-02
-1.541126299451212323e-01
-2.667415227093267172e-02
-1.767495437016675108e-01
-1.114707517972628008e-02
3.608626992224647223e-01
3.339474785600908824e-01
3.738610461262823481e-01
4.802478743796111393e-01
4.782777036263333725e-01
-8.781312101089491784e-02
4.066108204032097828e-01
1.020657920772573002e-01
-2.527943919705037401e-01
5.777807045311484924e-01
-6.817153018070873371e-02
-5.525075303272513061e-01
4.003211332222479935e-01
3.748987723175901121e-01
-5.012307435954019841e-01
-6.872056178009579297e-02
2.934055002450819405e-01
-7.691041945619221665e-02
-6.321946614224693839e-01
-5.066042201868568851e-02
-6.638838976006526671e-02
1.817150316087465245e-01
3.500739491135959058e-01
-1.987485677894736125e-02
-1.972168581781598151e-01
-3.452291825355653931e-01
-1.261593812249615920e-01
4.884429803622679089e-01
-6.229613252643003557e-02
-3.391807172895614508e-01
4.042405551689265963e-01
-1.538526773220770527e-01
-6.769031076479145037e-01
-5.570545744259006865e-02
-1.258167831674574244e-01
-1.994931036272232783e-01
3.270343761688070394e-01
-1.314944755714391733e-01
-5.115113083896094537e-01
-3.694722872265890357e-01
3.004167169593780287e-03
3.733836554620426074e-01
3.324901291613031190e-02
-4.589818203857768397e-01
1.943437990764360634e-01
2.137278613786595116e-01
5.345835957521992698e-01
5.430916989593720379e-01
4.145279254264762070e-01
2.123450955581970834e-01
-3.948102213499152802e-01
2.703221869637757457e-01
3.728122606429740832e-02
-2.060327860618797746e-01
5.727305607967916323e-01
-2.274290457453664351e-03
-2.925260779778261488e-01
-5.495234418773957685e-01
2.181272900815376878e-02
-4.693292816506523524e-01
1.368511007496245602e-01
5.365750875612806947e-01
5.456439873453073908e-01
-1.734542269846502116e-01
7.845603354730829038e-02
-5.228936715182543743e-02
-1.399584014586543190e-01
-3.629301742186120117e-01
2.932922065459910854e-01
4.504407326616414187e-01
1.289356568889831189e-01
-2.486987496574059875e-02
6.888228671191529706e-01
-5.345897166190613503e-02
2.360821736074934507e-01
4.079654138181204037e-01
-2.202212745330394128e-01
-2.514944781731687784e-01
-1.802747074222077472e-02
3.015814782265013316e-01
5.583029299916054677e-01
-2.900167051733160140e-01
-1.621195371908455973e-01
2.855175859562317231e-01
-2.784274227127288559e-01
2.731174111842896712e-01
3.284833621784001567e-02
-4.859702425743989834e-02
2.764495812899085414e-01
1.294799596839150135e-01
1.098552538221637259e-01
-3.559448425470272404e-01
-2.296929665263175990e-01
-1.875804325442694542e-01
4.396066642091182031e-01
-3.491551322434267579e-01
-4.249834611401704931e-01
-4.853524473587869092e-01
-3.489178557533804681e-01
-1.136028418637144155e-01
2.065769165860273648e-01
-4.846344978821571226e-01
2.445706216855308424e-01
-1.511150591832052976e-02
-4.745030779154716938e-01
2.455460888851253576e-01
-7.066047259423359206e-01
2.242275849093776641e-01
9.218288218021424008e-02
-5.513344239328284851e-02
4.664507916028123313e-01
-5.177168172133113089e-01
5.531176294038839814e-01
-6.805601406005397369e-02
2.249502376458161201e-01
-2.111948169270758124e-01
4.555383979186365950e-01
-2.541429522437665955e-01
-3.776801708731183926e-02
-1.241988228040031284e-01
1.377442906709442638e-01
-1.033535497598391112e-01
-3.043090039851608641e-01
-3.556659881672066259e-01
4.640927529675146213e-01
-1.440480682393330270e-01
-2.456144837384565127e-01
-8.238792662689661817e-02
1.918368508557649621e-01
-2.036060147270682130e-01
1.883321909754956669e-01
8.507378680985172581e-02
5.220594492275856258e-01
-6.118098887597439584e-01
3.748166546693743606e-01
-3.241448091232682072e-02
-3.530439861035241655e-01
3.370288066692219697e-01
4.599820306166903933e-02
4.574296812336421381e-01
-8.867957666313062981e-02
-7.208926273435481424e-02
1.929288494979750773e-02
-2.852988787200186893e-01
4.120315765760074189e-01
-4.261971673264025595e-01
9.019468521333029454e-02
2.403595448008841728e-01
-7.421796642138778211e-01
-2.597687701473064270e-01
1.388329111246273950e-01
-7.770546678972969357e-01
-1.964360210971567988e-01
4.094738548859042093e-01
1.961512582700017382e-01
2.334227889059819205e-01
7.181137169926966879e-02
3.819624633668182723e-01
2.856165021745780130e-01
4.150788692399521446e-02
-6.054812868411433291e-01
-3.250351167873148928e-01
-2.161496001713949719e-02
6.495963692468990081e-01
-3.622500678930817147e-02
2.985454562950375923e-01
-2.731752182317840338e-01
-4.976131277817962273e-01
3.192294215863120677e-01
-1.201279047752915746e-01
-3.276965947447301186e-01
-2.345187744336471314e-01
1.929899422180280655e-01
5.972551449310917887e-02
-6.095816708588002591e-02
3.004895206035596011e-01
-4.092302290521185326e-01
2.137368811827560777e-01
-3.515278890333223827e-01
7.197204826388072796e-01
2.720824964148166880e-01
1.716982602698412796e-01
4.982146264147299108e-01
-4.625944746524559559e-01
1.267481116911402528e-01
-5.821066502994506342e-01
7.902309566956007281e-01
1.939781266740527588e-01
-1.589573296994472584e-01
-4.889750718855516709e-01
-1.290931762546556616e-01
8.580384794853488373e-01
2.519316263997913308e-01
2.227754821080066283e-01
-1.797778033421290889e-01
-8.069355528663517407e-02
2.167204378411008436e-02
5.094093050717953819e-01
6.021547516412784073e-02
3.177427458968939411e-01
2.337192101371018405e-01
1.574675533244775938e-01
5.782986109452845636e-01
3.252658015708349559e-01
3.148044155535065780e-01
5.586753961811129487e-01
4.686663489459860221e-01
-2.047696826275879622e-01
4.520541022696461519e-01
1.861310835126604446e-01
4.705154939319018959e-01
-2.249465420392989801e-01
-1.533865856404220407e-01
2.961440359386939836e-01
-8.066975509679928658e-02
5.306699108660856146e-01
3.942893392312556144e-02
-1.158493065219085155e-01
-5.180572428236787652e-03
2.538487093846981679e-01
4.408640147034440515e-01
5.177232063146032237e-01
-4.748106325434118258e-01
1.276069442825939204e-01
1.038559360676959836e-01
-3.206517510870249971e-02
-2.979194745336749550e-01
-1.178728968960357504e-01
-3.599977099130272640e-01
-4.966469115280769397e-01
3.791446152717598550e-01
-1.364161522502009560e-01
1.286101567097622522e-01
2.260571057832095332e-01
3.814816288432940627e-01
-3.545130899310148798e-01
3.409032141707662444e-01
6.771685738942440080e-02
-1.513061987726082858e-01
-2.147417224890499632e-01
4.234238293502733397e-01
3.832559319172400558e-01
-1.452936188607858448e-01
-2.118404177398945376e-01
-3.149808999272687982e-02
6.619250911880175670e-01
1.721045269113887222e-01
3.684883292854658765e-01
3.556353881927367677e-01
-1.605651539166681741e-01
5.431756157259588491e-01
-2.644307745489727496e-02
-2.094270882112187204e-01
2.975349539183966829e-01
4.835592433640216181e-01
2.786416980216436801e-01
-6.841548353158973805e-01
1.559391746326075634e-01
4.691526744095275703e-01
-1.840624107928224285e-01
3.232643585743974479e-02
-1.719086966284624068e-02
-1.292282580930190494e-01
-7.463861927408821373e-02
8.418139482214952174e-02
-1.880256767265748308e-01
-4.732717234983273569e-01
3.568827104284687524e-01
7.488226240404963763e-01
-2.105599916105940772e-01
6.213470918183230385e-01
-2.203707334642586169e-01
-1.142369659027547835e-01
7.134811987263765809e-02
1.380469927320461532e-01
-2.711199175055644117e-01
1.860826937042474039e-01
-1.649737320376815364e-01
4.933565879047572267e-01
2.806261667224242418e-01
2.303734775125679951e-02
2.824099608532119610e-01
-3.578155832764335353e-01
4.174918737686044712e-01
-8.593244934271654367e-02
-3.214571856974183794e-01
3.331168085283019997e-01
-4.088030579869651460e-01
3.930966237268431751e-01
7.456602844858339907e-02
1.204137259160684148e-01
1.447489196574638370e-01
-5.320149348491626934e-02
-1.778012093803475469e-01
-6.228311989238586310e-01
-4.847977351171294247e-01
8.298753811758001475e-02
2.326430634488643179e-01
-5.823218106946566053e-01
-1.076761127120299394e-02
-4.472616387647865843e-01
3.604508277174539588e-01
-1.154425790908731042e-01
1.051250733406638438e-01
-2.956776704016317314e-01
-2.104109795583941345e-01
5.598013753083703747e-01
1.655267074904397118e-01
-4.092304822761997918e-01
1.408780459032586418e-01
-3.595551715067317189e-01
5.856546512690314898e-01
-2.431036567402322657e-01
4.449480720102545472e-01
2.512612879076995820e-01
2.708870596814532683e-01
2.384632229010378301e-01
-3.437853373833416049e-02
-2.051530476720123675e-01
-7.009994089831789177e-01
3.087008378316864476e-01
2.689320276986317260e-01
1.583169943185045447e-01
-4.862719383370465165e-01
3.245225794873932701e-01
6.545931935660500578e-01
1.336985872305663514e-01
-4.963970667578729290e-01
-3.929689189458211995e-01
6.895321564336163167e-01
2.531475014640443000e-01
1.979832418735914812e-01
2.588459856141879234e-01
-5.718605086097243717e-01
1.737830102927723497e-01
6.845985491526104250e-01
-5.561991498225499209e-01
-1.745303379113228139e-03
1.761818776223621485e-01
1.852912193550744213e-01
2.255800707926498561e-01
3.413332696244008035e-01
1.179144883094663948e-01
5.252852148169547819e-01
-3.823419483336567559e-01
-9.571819035350458138e-02
-5.358293139109273628e-01
-4.364621592068204103e-01
-5.917024944328692221e-02
4.740805329105257648e-01
6.305276600285210087e-01
-6.922241606352831644e-02
3.443348573335090756e-02
-1.773322431062437088e-01
-5.485071681042209824e-02
-5.125223920491377427e-01
-5.125880774796872652e-01
-4.760403009426666943e-01
1.270169971847483203e-01
2.867008984145808514e-01
7.273347886566083886e-03
-2.246186799576011528e-01
1.694019990090374628e-01
3.139929555026835239e-01
1.949739631549988333e-02
4.353717346261259252e-02
7.067236467920451348e-01
-5.034900074841681950e-02
-1.325277819369647947e-01
-3.810720768647695156e-01
-2.384169479956466386e-01
-1.291166908736754437e-01
-1.731933728613048173e-01
-9.391550273131932247e-02
-2.736465411438404050e-01
5.868582476199057929e-02
1.316289546935221488e-01
-4.728238740819097896e-01
1.898205669290968234e-01
-3.544219304062645737e-02
-5.461534770266704419e-02
1.884138262082718784e-01
-1.788621836950348709e-01
-1.278497744482965937e-01
-2.465292411044742171e-01
3.307344607351013765e-01
1.591206453066374149e-01
-4.203489716412094762e-02
1.402005648136232796e-01
1.994079864200619667e-01
-4.334151667408111530e-01
6.215314911108468232e-01
3.369000488027206197e-01
4.394188568460308808e-01
-7.953047193386460212e-02
6.495300756807245723e-02
2.184720995439314029e-02
-2.822704123054409764e-01
-6.624026899685060699e-02
5.894797343483886287e-01
-2.643220597408519890e-01
-2.443066389778105474e-01
-3.092388987037897330e-01
-2.044489007116893631e-01
1.612695935425238758e-01
5.437718040802592967e-02
-9.970057345577647279e-02
-6.155109452964963035e-01
-8.027762392472550523e-01
5.394009406591093736e-01
5.472150929600974045e-01
2.633295287205725810e-01
-2.437889031168437304e-01
8.797498089252451733e-03
-5.958024070901114799e-02
2.548936077175151249e-01
-1.059791031963139713e-04
-3.707246872753852673e-02
6.119385501318103104e-01
-2.602970676635215641e-01
1.529915024579205918e-01
7.136141342556543421e-01
-2.090684850597557820e-01
6.871214367783129440e-02
-3.076520991968370589e-01
-4.154950705777244457e-01
-2.972678115865378112e-01
-2.685190737274048001e-01
-8.614220024135932352e-02
4.226845720483164981e-01
-4.650750080899375138e-01
-1.560055248927780802e-01
-4.665330995933198999e-01
-1.707324866426148391e-01
1.151045266459115868e-01
1.199106291529196122e-01
3.208064874294869195e-01
3.608453549054679854e-01
-1.333246024557739329e-01
-1.647572968507711177e-01
-3.697894224931799756e-01
-5.095291737439414659e-01
5.252223817243291126e-01
-3.785908316103105409e-01
-5.357937476048764136e-01
5.792364215261798510e-02
-5.391721772650970301e-01
6.700227773394131781e-01
-2.454760529174611003e-02
-1.991979677788291436e-01
-2.815980838883108683e-01
-3.510042870311991248e-01
1.254673478039203816e-01
4.303245907528118752e-01
3.398613148207313972e-01
3.606343750234767831e-01
6.309012641753257711e-01
-3.106692996249724170e-01
-5.929368060625908043e-01
-2.847858409686595538e-01
-2.005590695158651071e-01
-1.492279352451665320e-01
1.749438124473967349e-01
-2.745511074416540770e-02
2.385905375787236160e-01
4.817384410842930897e-01
-2.121273209941182125e-01
2.019640800061782981e-01
-2.436251431606988871e-01
-3.236746673627997062e-01
-4.959063866436676932e-02
-5.240187385616685845e-01
-6.090636308073819061e-01
3.296605128398308882e-01
-3.311163593583289488e-01
4.162063803179569810e-01
7.373839957364222153e-01
2.060795413649121888e-01
1.715643633726764705e-01
5.087088151211088816e-01
2.206311470702767008e-01
-4.304823109215522026e-01
2.662513717042985784e-01
1.180005070625768648e-01
-2.727112226734225153e-01
1.394260162935729574e-01
-9.094766824820336992e-02
4.419168203093485348e-01
9.671979883562840941e-02
2.396043329466802652e-01
1.620575559000932697e-01
6.842194834836634598e-01
-4.012111142027369182e-02
5.300958656146258566e-03
-6.525193467509403898e-03
-2.251119911814217223e-01
-4.235156834755816613e-01
5.203256018030658625e-01
-1.750783002713507119e-01
-9.425693916907362802e-02
-9.079985202344350095e-03
-1.916238461495400891e-01
-4.694904554665063623e-03
1.383672155844694607e-01
-3.285783732851296768e-01
3.886690937619577957e-01
-2.452013870451403843e-01
-1.951879447061185546e-01
-3.824288852104862912e-01
3.129521468671981332e-01
5.406554814471596915e-01
4.911008193639049280e-01
-1.499012962628843149e-01
-9.367151547027038894e-02
3.298611198346112494e-01
-4.005112967832268889e-01
-2.711737377549026107e-01
-4.432648557146979806e-01
1.790993181688937674e-01
-4.072402337440802489e-01
-3.225957475317786649e-01
-4.321746660542860607e-02
-2.662375012216857684e-01
6.178205261850243657e-01
9.544741561245313755e-02
-4.897572649195678363e-01
2.482770633084833700e-01
6.169186037602049366e-02
-9.916107431236685643e-02
2.267309638844672987e-02
3.191085171509415175e-01
6.407300185692664796e-01
1.828483898171361088e-01
6.505662785971816353e-02
4.839878300354836377e-02
-2.511171593161662038e-02
4.517759375221129803e-01
2.221516542734090494e-01
1.638846801563012268e-01
-1.823410784116560601e-01
-2.151966443770637338e-01
5.205135282811214070e-01
2.401608019817862427e-01
-2.343679599975861116e-01
2.220205232427611419e-01
1.988708704178383524e-01
3.997774087357958694e-01
5.376222399132215557e-01
2.172741979949974200e-01
9.226585292027758567e-02
-2.794147085687656018e-01
7.645707968720905079e-02
5.235025800916869310e-01
-5.033071269811610904e-01
4.335844432453743735e-01
2.753759253694934017e-01
-4.206308527172906708e-01
3.075924688915240290e-01
-1.465136557762400024e-02
-1.167344767273048728e-01
-4.640505776139064453e-01
-4.396832160300481740e-01
-4.914072125873049091e-01
-2.749452518157506908e-01
-3.670303345494896896e-01
-1.135666331896891534e-01
3.537511403775503438e-01
1.574073292182757711e-01
-3.325415857278226639e-01
-2.596795560088724364e-01
-2.077425109448050033e-01
6.098228813986268371e-01
-3.764069982763353084e-02
2.482039862292336474e-01
-4.170835705403153626e-01
-5.475688228112622902e-01
3.206071552687680404e-01
-6.911126681025796525e-01
-1.255951649407562876e-01
-3.414230754426609282e-01
4.866251327695686815e-03
2.181224194355231849e-01
6.124407960864872713e-01
-9.251097857562015636e-02
1.734470353176227053e-01
-9.912654689142513798e-02
-3.993838768757343449e-01
1.584369334444205579e-01
-8.505193292126647653e-02
-2.993105222777533991e-01
-4.669798859698119919e-01
4.309922157828869338e-01
-2.726965915181500666e-01
2.846384656747078523e-01
2.692773384811970594e-01
-2.563729463535049380e-01
-5.795611033055826367e-01
-6.117943161082317616e-02
2.187682969102733854e-01
-1.135604029983202368e-01
2.579611758333442140e-01
-1.866855013882696146e-01
-5.241712928089806711e-01
3.487782991623917805e-01
4.169140296795282863e-01
-6.589727043094902037e-02
-5.079035495883023055e-01
1.068023687547207529e-01
5.905944890401377823e-01
1.080816541650436863e-01
-2.434156180779671885e-01
6.342326699879542728e-02
5.380551856194919491e-01
4.258599716668072244e-01
5.529096436292186417e-02
1.522042290336675374e-01
-5.494325083443383217e-01
1.866175460054713131e-01
-1.747680664826537500e-01
-1.667949908583745700e-01
1.233335032165350786e-01
-4.951519446685052062e-01
-5.896934994172053912e-02
3.599598708656336354e-01
2.459478817763408598e-01
4.804085544559953402e-01
-2.126746826231921683e-01
8.431925731772468846e-02
2.718062024346476480e-01
1.277567458707164483e-01
4.055765131509079247e-01
5.566255884923555497e-01
2.949227057868035740e-01
2.457791024784586331e-01
1.841416033458797286e-01
2.628174850246242089e-01
4.909084004389180182e-03
5.721332911224685965e-03
1.379703202802785023e-01
2.208686149948210498e-01
-1.884833188040113128e-01
-2.298378974526528173e-01
-1.960552754654997995e-02
3.960298712648586683e-01
-2.046517138356221399e-01
-3.832121083484990032e-01
-1.101725818608707691e-01
-4.173586693428256167e-01
-8.287166623048899949e-02
-7.499225134487580435e-02
-5.726499031043035259e-01
-3.401193657694865924e-01
-4.233657235411826814e-01
-5.436410696686856392e-01
3.794458730627194853e-01
-3.050115351587935342e-01
7.951279811411926524e-02
3.144296561077163377e-01
5.762631038825475338e-01
5.222027565019551343e-01
-1.438539053581811521e-02
3.040462016873681783e-01
1.202202166745625633e-01
2.041159174362902340e-01
3.128077416716253806e-02
9.427716235470931516e-02
2.534132147045152217e-01
6.318661081512169653e-02
-6.523525044762785996e-02
3.297701832370077968e-01
1.868406685527252975e-01
1.294880501451948496e-01
-1.839198636620779231e-02
2.720547780303514962e-01
5.759246053429597501e-01
-1.225366560885148420e-01
-3.312595257080113709e-01
5.168019353266865845e-02
7.338400995568868934e-01
-1.437860396501247917e-01
2.569483516857563044e-01
-1.553972005165399628e-01
3.705552181266417167e-01
3.903287032391947187e-01
3.199895389159324588e-01
-5.363170812661388620e-01
2.907560148658994148e-01
-9.110801429786609396e-02
3.900654467875379616e-01
2.744845616421746071e-01
6.730025573040544773e-02
-1.213147063768484635e-01
-1.260898674414458742e-01
9.183070135553698943e-02
5.203422700007116486e-01
2.034318165200754425e-01
-1.958368477025599907e-01
2.242765882691610813e-01
1.903762563836999266e-01
-6.000815898846448837e-01
8.381178240415637637e-01
5.318482822968448875e-01
-3.755034755045540407e-01
2.124661682410158292e-01
-1.264191723664193252e-02
5.154745904917443777e-01
-4.776246590323742214e-01
5.551227560414098150e-01
1.143306096057835342e-01
-3.374910934344651503e-01
1.482046516182888851e-01
-5.645333139713131221e-01
2.551416304715219963e-01
1.358557725353654599e-01
-8.321317652196208448e-02
-1.880315762275881764e-01
-1.450662810097997080e-01
7.708916752133190275e-01
2.861920054119051482e-01
-1.960318685258228832e-01
-1.438470105654926778e-01
1.168784568602838081e-01
1.338793082094525133e-01
-4.787183139718233504e-01
-1.379735960851109222e-01
2.192565467194231843e-01
3.622999562580273558e-01
-5.683935925831320457e-01
-1.679942497476347718e-01
-7.381984035957623452e-03
-4.495441831120463583e-01
3.173726312974449182e-01
-7.676707824901136609e-03
-5.235877803495417870e-01
2.643174179799812062e-02
-2.534663729182898839e-01
-1.672661777482019607e-01
-4.268216245493341998e-02
3.003097207842725935e-01
-2.850838054311299885e-02
1.309555021650414264e-01
2.928050334585984849e-01
-6.833609227985537604e-01
-1.817166177639191818e-02
-1.205572352539942133e-01
-6.727309795368057177e-01
1.614542464362252738e-01
5.014585157074389343e-01
-2.064803698737993354e-01
-3.865282391294729003e-02
3.458103785585125434e-01
-4.627017401313336942e-01
5.157095083972002003e-01
-2.231751875973165544e-01
-7.601095661337614606e-02
1.869186468130603629e-01
-8.248100723263886158e-02
1.978768916451970894e-01
2.286958729890952169e-01
-1.581669328798134821e-01
-6.638068986680278893e-02
-1.074269531923948973e-01
2.718538107706356399e-01
-1.851367732050437920e-01
5.026085219558196204e-02
-5.511723326732313050e-02
2.452800885389518348e-01
1.204960121414938162e-01
-4.391105070958706280e-01
2.306589860765924926e-01
-5.662354183886780801e-01
2.263516102493455182e-02
-1.039516169612041824e-01
1.696392986294859573e-01
-2.040492056545131772e-01
5.563962834719398121e-01
3.986680459978469981e-01
3.930905304701855507e-01
7.678261110174479098e-01
9.574131358847691453e-02
2.573601859677576709e-01
-5.900067899550567319e-01
-2.886599843268092824e-01
4.590009045715572888e-01
-2.769481290338261098e-02
4.865437565442252976e-02
1.016809057832779653e-02
3.998768672166837235e-02
2.155934894851432859e-01
5.181324234743676094e-01
3.112792701060737022e-01
-3.405961990541643836e-01
-8.527852395802933139e-02
1.474874183913078562e-01
8.661977925875331830e-02
3.272712915244780918e-01
-3.511663361770493430e-01
8.568020295161252187e-02
1.649312079098864126e-01
3.864151221252104529e-01
5.764093127207993161e-01
1.151384922913946951e-01
-1.328242401979305987e-01
3.777202224562790089e-01
-1.612129164707302997e-02
1.168508957175751380e-02
-2.421998325707793720e-01
3.740548957695300492e-01
3.242401084421209778e-01
-1.464695722383174865e-02
4.215778357850724634e-01
-2.224356837770687101e-01
5.622649381702371496e-01
-4.174005197532382194e-01
-4.707890612635713679e-02
-2.759931116923242111e-01
-1.970594590523336298e-02
1.332611963062304006e-01
2.694124864298629851e-01
2.519590229557993055e-01
1.076259026600829422e-01
-1.140733478825013969e-01
-5.269359178652494036e-01
6.565650472195926346e-01
1.926310208739226079e-02
5.543752989709007650e-01
-4.424262326382024657e-01
2.617810380067178144e-01
-2.308679389605904075e-01
-8.178721978155638617e-01
-1.043238482555707836e-01
3.399920115167440193e-01
1.692394208874661576e-01
2.425375269352162411e-01
-2.158082678708067928e-02
-3.936024068917470808e-01
5.184578071035358948e-02
-2.123845633184437698e-01
-2.639428203573028764e-01
-2.273285269757568672e-01
-2.469375360654999796e-01
-4.365730798289316761e-01
-1.205352418270757564e-01
3.005608467153003671e-02
4.746161308398970657e-01
-2.379102589467415596e-01
5.585088481039326980e-02
1.762533446682705007e-01
-3.411045639310092970e-01
1.637592265374088474e-01
-3.653531197697099664e-01
-5.388034818316385088e-01
1.167253043778720134e-01
-4.837248833253361968e-01
5.017260627725397271e-01
6.369042770288562139e-01
-2.208110537795597850e-01
-7.407625466353207067e-02
2.033209189972908643e-02
3.141920256793280242e-01
-8.396682285871716334e-02
-4.364284505635643296e-02
2.720804351760530704e-01
-1.665122009701081318e-01
-5.999031780681608472e-01
-2.771766400864591473e-01
-3.555627156551546264e-01
-2.016675498010328249e-01
-9.335579244038674784e-02
2.468015238653621934e-01
-2.481947760502613842e-01
4.842915547642706597e-01
-3.105597365149807554e-01
-4.912034724283552145e-01
9.286029638345777437e-02
2.126663995572184718e-01
-1.927500788597336090e-01
-1.617927791687931993e-01
-1.108308594806377834e-01
6.551962979785794228e-02
-4.120579318198767105e-01
-4.941927321472118217e-01
3.513316750549650980e-01
4.472807532747418713e-01
-4.471140175843892339e-01
-1.712622362313781510e-01
-1.574914557982638186e-01
1.823657224610053529e-01
-3.665120062597219674e-01
3.287913791309520772e-01
-6.247448976427005807e-02
9.145314467852766471e-02
2.787828943984461683e-01
-2.021400079097505076e-01
2.589134746262782838e-01
4.728993484208483533e-01
6.411220430503872247e-01
-4.496629249675415663e-01
1.523162003603998893e-01
-2.124369549706123239e-01
1.635415339912283661e-01
-4.989953729838464969e-01
-5.075812895219430354e-01
3.298419362055163839e-01
2.302486240742621093e-01
2.287902043159951992e-01
1.827834910459906204e-01
-1.868580875153103560e-01
-1.103532810577892848e-01
-6.729541618191707542e-02
2.394780308701741078e-01
3.578586638484136384e-01
-2.100521878635987494e-01
5.053386851055696738e-01
1.712567390015762858e-01
3.325978264862046452e-02
-2.472219440853181960e-01
7.318376871843174092e-02
2.967797864895934112e-01
-4.692997450440915541e-01
-2.374580847202299450e-01
2.511520195552325307e-01
2.483869193734719594e-01
5.550333074658230642e-02
-3.865220458617061317e-01
1.572881301250043107e-01
-1.723423484411193141e-01
2.659534329681700546e-02
-3.771040972285456816e-02
-2.930685717572414917e-01
1.711393868190135559e-01
-3.198366181399488889e-02
2.190769251013714725e-01
-2.776260501874271425e-01
-7.899959042942970855e-02
-2.772794765271746065e-01
-2.005661753168549166e-01
-4.847302076802409987e-01
-3.202938735954261040e-01
6.683489662400313169e-02
-2.074005004573647656e-02
-1.226738298439381536e-01
7.814931947383123301e-02
-4.911464574795585403e-01
1.934248717245795335e-01
-3.942683366248869725e-01
-5.812788084599935789e-01
3.531753693272846606e-01
4.465777465572738636e-02
-2.259825109205328975e-01
-6.480679943199597615e-01
-2.911792028516292374e-01
-2.904754754297177513e-02
1.920844686927271061e-01
-9.753143376454562197e-02
-4.910410325992961011e-01
-1.485399949219327886e-01
-2.625882970783686467e-03
-1.618873825143473111e-01
-9.574696934659691905e-02
-4.838246581577518302e-01
9.160428368169680480e-02
9.576466954663496317e-03
-3.861943755847119242e-01
-1.815202190988574604e-01
3.541172497903981031e-01
1.946224607236073934e-01
6.619766984160381507e-02
6.571064520538021370e-01
-1.094600182767003910e-01
-7.183132474711972915e-02
-4.005390938766504316e-01
5.815506041611495647e-01
-4.269533263426689151e-01
-1.911398546944400589e-01
-6.083388004327561216e-01
-4.175288540402596338e-01
2.993665037221266423e-01
-1.030458344804727894e-01
-2.974314569873863223e-01
3.421151144846769077e-01
2.070112870211978928e-01
-1.468166439408029600e-01
6.904967792382762926e-02
9.630493374746844637e-01
5.427131946729472078e-01
-6.450041698792025047e-01
7.011019946680127624e-02
-1.012881677372536038e-01
3.247686955668716013e-01
-2.246286585615734910e-01
-6.738478605618573869e-02
5.281501715634536083e-03
-6.102818968429386537e-01
-3.234915230915772488e-01
3.715420565497803279e-02
-1.702062708626327359e-01
5.088001957605795544e-01
1.718471319920303331e-02
6.619014238076642576e-01
2.773894632633642221e-01
9.561380710322642251e-02
-3.586629474040413379e-02
-6.259656494596142415e-03
-5.406697342084858249e-02
-9.752947781669613070e-02
1.768732548763709000e-01
-1.750968605760214875e-02
-8.239569604628826927e-02
2.341543814242829646e-01
3.808379569316167612e-01
3.473453328342877566e-01
4.852257430750609446e-01
-9.763219049355670309e-02
6.187651947976702260e-01
3.647337544642811347e-01
-1.299215073755869976e-01
5.040020692277905612e-01
3.084395662430073903e-01
4.287529668038216890e-01
-2.200086468601262224e-01
-7.565590174060286832e-02
-1.347093166572476677e-03
-1.766255472310228614e-01
5.012463823926183171e-01
-4.014940164147795532e-02
4.213971772846486497e-01
5.267864783907300064e-01
-4.604850181870137615e-01
1.807352347821336580e-01
-1.741357141929080199e-01
6.356097717019595916e-02
5.710267368899890617e-01
2.946616294669972547e-01
-1.147727023514714395e-01
3.355553955315788706e-01
4.907468103322197850e-01
4.400787750006291202e-03
3.490745364436238091e-02
-5.891027827608980028e-01
5.131405809395263029e-01
1.118215034583693174e-01
-4.656776105368904406e-01
-6.794899230333665274e-01
-4.661045039534965628e-01
-1.475414795445476046e-01
3.104689266035687290e-01
5.772028210720852037e-01
-3.423315961938654395e-01
-2.297925618637739267e-02
1.216192066947385519e-01
5.366757749940678224e-01
1.010863464126363943e-02
-3.653547379998237643e-01
4.023170699606596346e-01
-3.086970993122435392e-01
-6.821068954036715315e-01
-2.494440224655862515e-02
1.311632016907960108e-01
-3.169336343721277927e-01
-4.047298265856420496e-01
-4.231371546003859230e-01
-1.569649751863887721e-01
1.662296700234446034e-01
1.347423340817422398e-02
-4.457483302713585727e-01
-1.298365022742972198e-02
1.260148413339242934e-01
-1.374345616755936472e-01
-4.703140093761755403e-02
6.106213063821464698e-02
4.891957929091745871e-01
-6.286715066901340521e-01
-3.136271143147615487e-02
-2.380597929942052937e-01
-8.041460492830446172e-02
-3.331177761784718805e-01
-2.695048124292764163e-02
2.766190889601367053e-01
-1.452251797600140337e-01
-1.033778341073590401e-01
-6.372984652688654661e-01
2.198577425481647862e-01
2.968911328846263187e-01
-2.108310955648637353e-02
-3.261364817685037942e-01
1.264743855190377797e-01
-2.858438104289826587e-01
5.879722260799925132e-02
1.964745607589984677e-01
2.389613835877060777e-01
3.712043798283814477e-01
6.596259166126977602e-01
5.807865039843188582e-01
-2.391574716510169729e-01
-7.351736439378137034e-02
3.608219490280557551e-01
1.187650945597715224e-01
2.615337680952528054e-01
4.875761407444782064e-02
-4.799895488728272985e-01
8.222127005034940428e-02
-1.041990657409171822e-01
-1.601620708442256791e-01
-5.747346313100736293e-01
-2.113543717822196077e-01
-3.558416519625226537e-01
1.636050118306294765e-01
-1.501511333886625943e-01
-3.374475469138807915e-01
1.916259037857534209e-01
1.716470849932932030e-01
-5.570106405073882438e-02
9.626661989213529391e-02
7.477906541188212852e-01
2.678537568977018557e-01
5.236688949731025389e-01
-3.074722420594608874e-01
-2.901018264239313416e-01
-7.327239422710619676e-01
-2.783204124117069078e-01
-2.390578438536914430e-01
-1.974720540643997435e-01
-4.708630601531416104e-01
2.359506937291472317e-01
-1.517781119880947382e-01
-1.863536478064429514e-01
-9.677303065329984078e-02
-1.081896086243622490e-01
8.597729623503887197e-02
-3.519313440208299282e-01
3.637069023906590037e-01
-2.079609229200290454e-01
-3.734945874301486279e-01
-4.547275785073756627e-01
-4.561422088363282779e-01
4.677134277708008270e-01
-9.101239314958228799e-02
-1.382981628484978853e-01
-3.402360765561698863e-01
-4.270594358780552963e-02
-2.268018676545331680e-01
-1.191315939827615189e-01
6.500158150058765738e-01
-1.713129888095951681e-01
4.071849690670543698e-01
-1.545052891437774245e-01
6.930901551023505025e-01
-2.751302453783998486e-02
-1.134459810080991199e-01
-2.806003009354610112e-01
1.576150302008327009e-01
2.683371868172537700e-01
-4.183393113769711680e-01
2.901890910007978719e-02
-2.467728482234583243e-01
3.722077029782557278e-01
6.075214354739837397e-01
1.149581125852820462e-01
-2.759558860856389240e-01
3.385600380928832642e-01
-4.623222293642793579e-01
-3.005193183261007928e-01
4.119008734965421969e-01
-3.876185351788007383e-01
-8.064905548113294742e-01
-2.291821320329322231e-01
5.375799397568512550e-01
1.463791932599547985e-01
1.697939433664124587e-01
5.518148331281133023e-01
-3.957973570652326134e-01
1.040989415273942953e-01
-8.590224419659142976e-03
5.525872264684552615e-01
9.902658923895881621e-03
-3.070358420814860989e-01
-3.380028210937504607e-01
-1.270997521279698950e-01
-1.716463742696270056e-01
1.148695401823961737e-01
1.096642584188977643e-01
3.482893452295606207e-01
-4.426324246798300499e-01
-4.295661597921713315e-01
2.662827512609655112e-01
3.299630020259168850e-01
-4.621785607040387323e-01
-3.032029947356861821e-01
6.777978140139313545e-01
-3.615250013075295143e-01
2.456587417167218346e-01
6.355362392210803790e-01
-3.176248569396643018e-01
2.370767963836389325e-01
-2.948049884657615721e-02
-1.254831170031908694e-01
4.350923155016512278e-01
1.147069506815942830e-01
4.456058076241709714e-02
2.007767867768607550e-02
-4.025660645510432262e-02
3.960097613836406905e-01
4.687944269119695972e-01
-3.103705130167181414e-01
5.126609116869670357e-01
-1.714153386494024212e-01
2.246919094703235271e-03
-1.678083111331453436e-01
-2.608921472013345927e-02
-5.068429764234490265e-02
7.047452927830548663e-01
1.830661046469488906e-01
1.072596826505075457e-01
-1.339510361327573423e-02
4.880746106660266981e-01
-1.957231257426513826e-01
7.716320305359697200e-03
4.725498296114154229e-02
1.771102100107407318e-01
2.013368775413830469e-02
3.969425626834748866e-01
-1.677664709027283374e-01
-3.463077754116652106e-03
-7.220975253349879441e-01
4.437538050944280221e-01
1.483725030118034083e-01
-4.390299554022071837e-01
2.558980964739841074e-02
-1.158448154732399649e-01
1.543322988844369470e-01
6.438516977372454875e-02
5.219074714826734684e-01
-4.278266186625873102e-01
1.004794594996994694e-01
-1.488878723601927967e-01
-1.550379742732370392e-01
-7.416248095036273580e-02
2.630586299951859774e-01
-1.189241072141867805e-01
-1.642936494826248428e-01
1.014877557714030376e-01
8.246453761213751177e-02
-5.900289151724789072e-01
-3.216651041572772263e-01
2.741504427096455032e-01
4.610659266540962364e-01
2.608843129517655068e-01
-1.247268956162690401e-01
2.229843675702959938e-01
1.752981980451484012e-01
-6.167149045023650328e-02
2.153450183176787436e-01
7.406502315904865685e-02
8.560393463590740271e-02
3.174931620861318193e-02
1.865456642270383325e-01
-1.906979176841152313e-01
-2.125416235085099692e-01
6.610138425319059818e-01
3.950778996549416666e-01
8.742778204294405775e-01
5.673388478727642292e-01
-2.714089675742361041e-01
1.229963305472602242e-01
-1.165351942447265254e-01
1.906717989689396819e-01
-3.691994833971705137e-01
4.917709108033933019e-01
2.902481985056274416e-01
-4.838325762182311696e-01
5.685338200461989011e-01
1.679542889316441578e-01
3.328391373241634255e-01
1.294565792899739914e-02
-5.151737306469074129e-01
-4.704247547016050107e-02
3.814041525896164631e-01
2.143784028799790020e-01
2.663859294346677675e-01
-1.260924887903079050e-01
-6.566818817828137256e-01
2.147577602131119645e-01
5.792637685661452540e-01
1.122503691020742753e-02
-1.632693887540086208e-01
-2.766147047076548127e-01
-6.624046741765482471e-01
-3.711528010700366753e-01
9.574705481727248391e-02
6.221455273601781411e-01
-5.288348838823399012e-01
8.062382709231548372e-02
2.633474190566930107e-01
-3.962343893953809149e-01
1.922914193287885987e-01
-9.339181515294572855e-02
1.944416385610208131e-01
-3.638144544508334910e-01
-6.245594636292848278e-01
1.716276887939348350e-01
9.847260982138050789e-02
-3.352540425831829207e-02
2.896549146004193109e-01
-1.690645941246845807e-01
-4.939875598134285672e-01
1.037099994585372331e-01
-5.907001122526724934e-01
4.209283006415291961e-01
-4.390322733647403219e-02
-3.762406145746575309e-02
-4.997376494357360088e-01
-3.467328146915770338e-03
-8.215589770580384865e-01
3.741552998527969409e-01
-2.583920019250735556e-01
-8.677668779981889680e-01
-2.827626736335273616e-01
-1.644050240575987976e-02
4.929285321208677906e-01
-4.131567122981530393e-01
6.031550951561724938e-01
1.465980422017512663e-01
1.446510145522997975e-02
-3.361752089454325132e-01
-5.062536248569884378e-01
2.371150252738343789e-02
5.153111168701539624e-01
1.491970572167652387e-01
3.525198751414789777e-01
-6.163853622879286731e-02
3.893989879152792710e-01
-9.923540034339868587e-02
-1.032890868200967427e-01
3.779812742038487355e-02
4.091932180565818200e-01
-4.555695395981454454e-02
1.714957335146801709e-01
-4.224247867568109438e-01
-4.773518375556737858e-01
-4.874054923436027531e-01
-4.348915709185547512e-02
-8.277939255352698145e-02
3.828816439133730931e-02
-1.524518909044650095e-01
5.243188391968136575e-01
2.259859304962885396e-01
2.993897409494643003e-01
-4.141232508028651615e-01
4.159632640740590359e-01
-1.109340896286822586e-01
2.101454854772606684e-01
-6.367189703165007097e-01
6.597555867234064508e-02
2.957052213908647476e-01
-1.459095445739617691e-01
1.253345878541218816e-01
2.115116091662406356e-02
-3.014173022109643552e-01
-2.052311871116206388e-01
4.590793263481560832e-02
-5.048878773646862106e-01
-2.705347492210173899e-01
2.627083206837377838e-01
4.470419586338845175e-01
2.580388593299857147e-01
9.766644216879648288e-02
2.451735407069485229e-01
-1.368183161256746570e-02
-3.493403191142906428e-01
3.313025731691096598e-02
-3.182382105074043482e-02
-5.856453279873040652e-01
-3.777295775275629763e-02
-3.260688676756960391e-01
1.224043695666535286e-01
1.973706433723221298e-01
-3.358288461927812496e-01
-1.408638795715940750e-01
