7.332365244672908733e-02
3.867948188814119836e-01
-3.347685854075647671e-01
-8.478503669756544125e-01
1.779413860164325012e-01
2.770890698414795184e-01
4.192309951343176078e-01
-1.237629161486268614e-01
3.380232022238222056e-01
-1.464647429907340870e-01
-1.641172695692753314e-01
-7.598867316016999496e-01
2.707260481745234204e-02
2.089050684817306547e-01
2.869364698405135750e-01
4.564341230385285941e-01
6.028333108705065391e-02
-5.678813341629682654e-01
7.062426954425711223e-01
-2.451004918197492721e-01
-1.770402568513917974e-01
-7.692480501089686840e-01
-1.112849191713313896e-01
-7.370250457336273708e-01
-7.152999240342521325e-01
5.699942625967005516e-02
-2.721928531100142323e-01
-5.327286321254632862e-01
-2.011397952462762595e-01
2.038135368035450257e-01
-2.792174861017962528e-01
3.783714564377232414e-01
2.148955724309287718e-01
-2.394504622276150407e-01
4.227673275597117197e-02
-2.892912813145425144e-01
1.068598380622578364e-01
9.368208408759925998e-02
2.937862207407628823e-01
2.297096845923605191e-01
3.070041437745659185e-01
1.696904711409889244e-01
1.004228436167655808e-01
4.442319443305554061e-01
-1.219518753322923060e-01
-6.058658933165645966e-01
1.368443715455648357e-01
6.668190483199760710e-01
9.675709586686973311e-04
3.493156929154994650e-01
-1.683621041745401725e-01
4.241846181713600505e-01
-2.859757062894540125e-01
3.397899246975782384e-01
8.130242113071752819e-01
-8.554861920597962854e-02
6.500810853408514056e-01
1.375499025077240312e-01
2.755185243953601759e-01
1.021126890856811631e-01
-5.413577609261720491e-01
8.402954209950343201e-02
1.639739901933359445e-01
-2.969252347071160147e-01
-1.023626362216906449e-01
-3.956340874050331413e-01
2.816432169020205989e-01
-3.159787097477325113e-01
-3.263786254638053608e-01
1.108286101308509145e-02
1.195461440178667151e-01
-5.364640295049905028e-01
-2.201747419734458588e-01
-5.353397676590387899e-01
-4.996618552295452043e-01
-2.149172857764434785e-01
5.224785474758545517e-02
-6.387370627253553534e-01
6.866406593367138100e-01
5.235138402253792789e-01
-1.002896442946972638e-01
-6.262179618060603747e-01
-7.117192933621701023e-01
2.623173617433670612e-01
2.724081994821900832e-01
2.262194164495530402e-01
2.339245049882470243e-02
-5.138775947312016618e-02
-1.270195038887838301e-01
2.103808016339878961e-01
-1.180853489242532361e-01
6.410001328058326231e-02
-1.785881355308764351e-01
1.994428231997640855e-01
2.159786006875590580e-01
7.936319317339919355e-01
-2.465923827687311887e-01
-3.740099859912746627e-01
-2.078895590154872242e-01
2.013413892842094155e-01
-3.837163112811732280e-01
1.857098107981199758e-02
4.785831684779313644e-01
2.376582539049085785e-01
-9.800127676110725883e-02
2.791219359415961776e-01
-3.341365660162121803e-02
2.011236175427972006e-01
1.679111518352880972e-01
1.572717862204671135e-01
-3.032525217045639598e-01
-3.866036128059711086e-01
-4.382850506667690382e-02
5.538088463270466333e-01
1.070072083372084610e-04
2.772469580164586000e-01
4.512671686073367883e-01
1.167376295084802864e-03
-4.556163199348588488e-01
-4.394640653885533571e-02
4.479039235246609074e-01
3.411399354815555229e-01
-3.209335258402644109e-01
1.489443622491150865e-01
2.390576975717123576e-01
2.340098467092444900e-01
2.272141172536932263e-01
-7.934305850200712440e-02
-4.644812933225599405e-01
3.002102186945918572e-01
2.458806958737012605e-01
-2.734099972607584306e-01
-1.565391312539616553e-01
1.455207813643704384e-01
4.652938570021682152e-02
-5.367361064348362409e-02
7.598903440912383594e-03
-5.289956603683113601e-01
-5.648361739052613073e-01
7.699509068994933592e-02
-3.111793181273684872e-01
-5.482888419449648970e-02
-2.047558345245425460e-01
-8.386425965624691448e-02
5.264579543055628585e-01
-2.592652444113309196e-01
-2.020213810698747725e-01
3.871846155685202406e-01
-4.214137130972301915e-01
2.689536845044004365e-01
4.502408594433452427e-01
-2.715345476130877067e-01
-3.014949630735455632e-01
-3.540024331307307648e-01
-3.435763357888843572e-02
-1.235447061803244401e-01
4.125315765653231326e-01
7.228975691607887610e-02
-6.838576783859513508e-01
7.071468585270349050e-02
4.785051669646064321e-01
-4.745366358609366397e-01
-1.009677206434710095e-01
2.928912858820964527e-01
1.733414760288140566e-01
4.540975354786219720e-01
-4.618624624984678587e-03
-5.093130869331812249e-01
-3.851107365902634583e-01
5.790392460722623147e-01
1.382316004724151171e-01
3.518056323673534047e-01
-3.374368884045360062e-01
3.277109850738014751e-01
-1.026742003516617485e-01
-1.855881037650494170e-01
-3.191164019568279442e-01
4.142326227285466067e-01
-1.063201172128627608e-01
4.402871936682047349e-01
1.453875981145622553e-01
-2.724042717123386081e-01
5.523654676499509808e-01
3.993299149383383595e-01
-6.902724379133269306e-01
-2.496401015558421810e-01
9.571397571011872052e-02
4.629947480348782785e-01
-2.457835145251598130e-01
2.176728932339200284e-01
-1.792465254094975091e-01
-2.245903699768383999e-02
6.771046592162450750e-01
-4.365503470701274646e-01
-2.122482303984591090e-01
-4.079148117460890122e-01
4.568904293161297203e-01
-2.693733479109529649e-01
1.193182500729919326e-01
3.374091136009574332e-03
1.607126152617151527e-01
2.776373464668490665e-01
4.234559765234142126e-01
-4.433843891820116179e-01
2.269523887419187813e-02
5.079638557526482412e-01
-6.237714377833929458e-01
-2.658566190584413791e-01
2.596177519564344949e-01
-5.308977609091035665e-01
6.546573190104707507e-01
4.176951621174772589e-01
2.903256816607968083e-01
3.721102167374628067e-01
3.955690604926904719e-01
-3.526198602789592379e-02
1.425431906741544963e-01
-9.070006788613703408e-02
-6.977084658281407226e-01
-2.702021492655515278e-01
1.864882544910062556e-01
3.046058196450850408e-01
-3.613095936657916007e-02
-1.073060900521663197e-01
-2.635853507175259791e-01
-7.267730748124695550e-02
2.472922043246721657e-01
-3.532822447330370430e-01
-2.677392658956379567e-01
-2.654040710384049651e-01
3.731160510137560699e-02
-4.325387320458194962e-01
-2.047773096885613653e-01
-1.200737250780646997e-01
-2.669510741765242501e-01
4.004491563604041238e-01
8.169861645916518533e-01
-5.716873765484933312e-01
9.561851884676227098e-02
2.379998402142165514e-01
-7.676286759713152330e-01
4.567872773395394159e-02
-2.449636046865620032e-01
6.666756154372535659e-02
3.553050645009626085e-01
7.219662996443363401e-01
8.931945455615446505e-01
-5.073596205859565167e-01
-5.444287918461474529e-01
-6.936475615841218856e-01
-8.622517224872898456e-02
-1.733439700970728914e-01
1.453164024809917576e-01
4.694350102921565626e-01
-3.227059097740048732e-01
1.365141551593137929e-02
-5.031386547746283799e-01
-2.416423049426950076e-01
3.858196838802387951e-01
1.880559441522194897e-01
-1.871340390617419192e-01
-4.578355930716784816e-02
3.229218451931627487e-01
2.596810508703690790e-01
-2.620601024973865378e-01
-8.103596694851996629e-01
-1.328322190888082954e-01
4.375579930522925376e-01
3.328180732861482083e-01
-1.149294972358941569e-01
-4.600035033799237949e-01
2.568248457849386379e-01
-2.314809413760670065e-01
-1.512644743307757847e-02
-2.061963572311055481e-01
9.721539745428670054e-02
-6.826470948010336937e-01
-2.464607371066128705e-01
-4.550023427762920347e-01
-3.534639007299602009e-01
-2.112260097691960603e-01
1.626243221677506068e-01
7.648061043255007796e-01
-6.011099395553848312e-02
2.345838143934175224e-01
3.867196340258458043e-01
3.025665679492591242e-01
-6.184407855177120189e-02
6.047557150239457613e-01
-2.068859777993671822e-01
-4.133182808994794177e-01
-1.489058259033281678e-02
1.850797978063863647e-01
-1.515760120754871820e-01
-1.564027682678414133e-01
-2.343320211323175473e-01
4.245414266413715665e-01
1.397720334942267190e-02
-3.188398231885125611e-01
-3.272467641579234442e-03
4.563212829704485496e-02
3.563715864668295374e-01
2.765649033414353530e-01
-5.325173962720926024e-01
-1.311013000507673665e-01
1.154506426841517552e-01
-2.873133726593836701e-01
-2.760547204633507223e-01
1.631795219101007943e-01
-4.149265113364211111e-01
-7.438973230960969074e-01
1.476906009397173924e-01
3.653742863799685492e-01
-3.339415438079563342e-02
4.016478890914756961e-02
5.748797537588303808e-01
4.127482881056339092e-01
-5.173121335244067476e-01
-3.924862744164145378e-01
-1.692618609796104137e-03
1.881124436548625989e-01
3.088488052101925341e-01
-9.114159601639297559e-02
6.808062231325984204e-02
1.379698193749969992e-01
-1.623777557867878418e-01
3.413004868575959527e-01
2.195617722615574030e-01
-1.814954167708238142e-02
7.321565931808576844e-02
-3.103853155044161705e-01
2.412171249292361652e-01
1.757302192376981528e-02
6.830552389992623485e-01
-9.048271211151445725e-02
4.209912083188346865e-01
-2.920798076900193441e-01
1.395656159581026567e-01
2.532179442918551238e-01
6.188039952510026032e-01
1.298730118681739598e-01
-1.640934161878704334e-01
-1.045033516658912809e-01
3.395769603730812713e-01
1.228903478322858067e-01
2.014717876219185577e-01
-5.240314451077963120e-01
-1.322341693390259587e-01
6.992782912174606846e-02
-5.471088033254697253e-02
-5.750690492749256644e-02
5.386508956731896891e-01
1.150399915112621241e-01
-4.724728376081554493e-01
2.675829433159288007e-01
2.445250482367032907e-01
1.980486531283051632e-01
-7.377644544703461094e-01
8.053925532336360105e-01
4.195081574315648321e-01
3.135187952559935209e-01
-6.770484389757025490e-01
-1.962620827373317417e-02
9.307964392791748254e-02
-8.073185721963596073e-01
5.150109552385113698e-01
-1.172844034475738206e-01
6.185088626621718100e-02
4.338375389771222390e-01
3.811183505235695157e-01
-2.030443194506379723e-01
2.418042626699616893e-01
-4.364584913509348407e-01
-7.182738206884545229e-02
-6.554838845204402631e-01
-6.012418034908599829e-01
9.743111656319781988e-02
-8.348595104760628272e-02
-1.169466147640909476e-01
-1.118900332411772169e-01
7.156622013758069667e-02
-5.169692309351930914e-01
2.985213058804478958e-01
-1.308233359762304704e-01
5.387919828676009104e-02
1.646914454966901253e-01
-3.531450803187146104e-01
1.713090510722377613e-01
2.545978770744173336e-01
4.628264214368690843e-01
-7.147186267378866642e-01
-5.062913074531245894e-02
6.326708954850659983e-02
-5.883440961029242633e-01
-6.107566810543900715e-01
-3.795323951736956913e-01
-3.856341380630691207e-01
-4.227105714727199537e-01
-1.124411506919892889e-01
1.153608965817643772e-01
5.916276420267505554e-01
-4.106769865644219197e-01
4.184638910870466799e-01
-1.976359669275956354e-01
3.553353448263293357e-01
-5.095166812720066662e-01
-1.803217554572868475e-01
5.746407918690046301e-01
-1.171012363174039617e-01
3.212765792730414849e-01
3.404284734265050627e-01
-4.551313512382452325e-02
1.989412206695422847e-01
-3.186783195268761970e-01
-4.513313852875061594e-01
-6.303519998180272532e-01
4.502396486202763226e-01
-4.763710804678484428e-02
2.262373030518984585e-01
-2.556769816805949391e-01
-1.755483719365382445e-01
-4.629643269869960220e-01
-1.139187013869851911e-01
-2.326039253996637635e-01
2.702160668256045617e-01
6.795109164834371718e-02
-2.914431625879065901e-01
-2.044104027545657898e-01
-2.509735924778499494e-01
-3.964742273187200211e-02
-2.427788828997414772e-01
1.221064758688895913e-02
4.673945154771732557e-01
3.065694469177845938e-01
-5.876998651565573661e-02
-7.390203000525044086e-01
-8.284313760366323470e-03
3.903575187909745781e-01
2.168545769886720820e-01
1.487614799028285639e-01
-1.906840364702609425e-01
-1.154875608570807843e-01
-3.935928427658935136e-01
-6.925594029293453691e-01
5.664418874961852923e-01
-2.108333923341731420e-01
1.357234834182910466e-01
5.030593958753958317e-01
-2.605485543927879011e-01
-2.422588503830971352e-01
-3.101233923346323196e-01
6.885600411862080605e-01
-1.452863783664881114e-01
2.368468459271189652e-01
3.568065413636994920e-01
2.617015665436753236e-01
2.748589527219196804e-01
3.108247511389924250e-02
-1.788864652971140778e-01
3.755064040716042661e-02
-2.898659000185244139e-01
1.148646783287349815e-01
2.973542912127371540e-01
-9.695192183952776321e-02
2.484316756125534431e-01
3.006545560758485669e-01
2.309787017696680322e-01
-3.557223574091603752e-02
-2.961567156862769321e-02
1.239432169507694165e-01
7.651449211867212413e-03
3.650377776406698582e-01
3.458662402817301307e-01
-6.451129958696684152e-01
3.920651896826022331e-01
7.537648194148290071e-02
-1.734716988511385005e-01
4.719131510461932466e-01
5.613782136948051171e-01
-2.544305985068964771e-01
2.152184386514725822e-01
2.716007805412887777e-01
-2.175141765973046676e-02
-5.637351474333404666e-02
1.167305069768040243e-01
3.393324556379859747e-01
-1.165412023624490256e-01
-6.405745163091416949e-02
-4.395980452481879630e-01
2.410243686326563051e-01
6.137736214862317130e-01
-5.279989980390631388e-01
8.521257144300116437e-02
3.563370690050928213e-01
2.123006493574135511e-01
4.482228487935158712e-01
-2.235098222114079158e-01
5.075576706823112794e-01
4.509254081512338863e-01
7.779361794090140780e-02
1.781879759375523675e-01
-3.772745925804430467e-01
5.872368002136266196e-02
-1.673233824187713437e-01
-3.070656233375081978e-01
-3.270955216784376951e-01
-5.297588092900598067e-01
4.455467258766371286e-01
-8.736424430354410020e-02
-1.396777624247608762e-01
-3.364718083922082492e-01
-7.512613403156260805e-01
6.301343716342961976e-01
2.180318465606057576e-01
4.688482162368696193e-01
-2.568689586044110851e-02
-6.133554619682241027e-01
1.268750085673949202e-01
1.300125372241981991e-01
1.662002703575358176e-01
1.753971704209515425e-01
2.634932554368210611e-01
5.708449428986536178e-01
2.319227445940591145e-02
-3.390799746978916951e-01
5.999101704743040608e-01
1.296716439285530154e-01
-4.030576305433115625e-01
6.550766893848821715e-01
3.808887411557345115e-01
-6.491949426266933054e-01
4.857560511084624277e-01
7.164698470609426328e-01
-3.692710477341842878e-01
-1.922679972168163942e-01
1.845331896970247021e-01
-1.930464107999477208e-01
3.945177909016563955e-01
-5.047887636083110419e-01
4.370274992710054818e-01
3.708011471735592895e-02
-3.104867796803039148e-01
2.848881920221468800e-01
-1.656006973762444989e-01
-5.140864193939490567e-01
-2.035347600798476653e-01
-6.207585404611246638e-01
5.279013976437734179e-01
-2.616358253635681086e-01
1.113908093367981800e-01
-4.258057440998082033e-01
-2.510631799971274614e-01
3.149798616853248800e-01
-1.504871221188919250e-01
1.454210663935243675e-01
7.303249586358342427e-01
-7.725207542766926450e-02
-2.029966824651858182e-01
2.360801631675693291e-01
-3.011385678472726091e-01
-4.675238018547508978e-01
3.731795171440425718e-01
1.032427395065386583e-01
3.836343924457558119e-01
5.629135730473247001e-01
-4.686248355814186528e-01
2.886874813500421855e-01
1.018359919699630967e-01
-5.487992139195740915e-01
-2.982628298967453517e-01
4.056999353277259690e-01
4.225167852022648773e-01
9.005428970464807170e-02
3.743251826700023932e-02
3.044473586668960396e-01
-4.348569459506492763e-01
-2.871682260876279869e-01
-7.239598461201649515e-01
1.608749996074497757e-01
-4.737738712567537980e-01
-5.125737423033569495e-01
5.167243925414196637e-01
-1.770692594162934230e-01
4.073089126977513796e-01
4.220400118442035886e-01
-2.892025308848211740e-01
-2.489203368534170235e-01
-3.563401584415910039e-01
-2.082381307644381174e-01
-2.302965341878618621e-01
3.648434454392316395e-01
-9.738195380446040827e-02
-1.658976471139306241e-01
2.290106753492043845e-01
3.206131633870244468e-01
1.552581613032014141e-01
2.838306632454771217e-01
3.365435238387647909e-01
-1.423113180202027483e-01
2.949564344940031058e-01
3.603184692679052836e-01
1.770893945126632563e-01
2.103966820940587068e-01
2.667363262386520106e-01
3.912845969364278087e-01
1.097492978683028142e-01
3.882018776095271795e-01
5.349213972775455073e-01
-3.306758145306972763e-01
1.710730842552620479e-01
5.288653161686554527e-02
-1.690094308297363235e-01
-1.026602525711589886e-01
-1.750257129868381667e-01
-4.877716708115588384e-02
1.421042908285690409e-01
1.005598418283156908e-01
1.716124519422569938e-01
-1.102766151601526634e-01
3.957161389356761427e-02
-2.237908587189767207e-01
-9.604614238644214319e-02
-6.291158235358386142e-01
3.808765809147330872e-01
-4.209886241673883589e-01
9.884173818141106516e-03
1.984447327241666004e-01
-2.972716921612664209e-01
-4.046931714992880735e-01
9.545060107804884120e-02
2.180245356532525824e-01
2.329846590864916023e-01
-3.607336978337622596e-02
-2.330263918325965466e-01
-2.052639776328129828e-01
1.785355835720468520e-01
-6.555066918457397307e-01
4.592844297579725676e-01
-4.002285717879264931e-02
-1.106445208564212773e-01
-8.819798407667248097e-02
-5.076872000163894227e-02
3.647436719039871544e-01
6.802661219356780364e-01
-2.703559888186815030e-01
3.561556722151310028e-01
-3.315183257371926429e-01
6.224955175334860591e-02
1.252035640747576062e-01
5.639715537628643416e-01
1.938831012329831904e-01
2.419788146160442230e-03
-6.833236537655601461e-02
-5.202651022235311729e-01
-1.914298185540991293e-01
-3.424233849714546918e-01
-2.583926353473625648e-01
-1.950832696243876008e-01
4.014740706954387228e-01
7.811482375454568972e-02
4.545116186463861729e-01
-8.915306989359186862e-02
-1.352313461975628277e-03
4.723484024662196190e-01
1.591569644458690480e-01
2.598329924275643577e-01
1.274535826783809445e-01
-3.206895941856344884e-02
1.414337363006303028e-01
1.198808068473191102e-01
5.020011070860104230e-01
3.426781605384054963e-01
-2.745437105090139246e-02
3.099237451224261530e-01
2.406257193978438291e-01
-3.306711067130607140e-01
4.327253818776648497e-01
4.164161001429175224e-01
9.567510555930949789e-02
-1.144400344402434211e-01
5.592015611507587802e-02
-1.377853588974600751e-01
-9.105233094664528792e-01
4.664475582576811385e-01
-3.978439523705085135e-01
-5.221813413343930066e-02
2.732358340890691517e-01
6.453067265983287726e-01
4.714983961632901455e-02
-1.940663913970274435e-01
-6.337805244091097023e-01
-5.357218551285561903e-01
4.378344703544645999e-01
3.620094762165791957e-01
-4.971145533973402031e-02
1.395393869622151561e-01
1.493236801128030866e-01
-7.591509508665725825e-01
2.633991122201396334e-02
4.228959169713483734e-02
-7.236803488360404879e-01
-3.071620965099026036e-03
-5.699089412384442666e-01
-5.883416371976017967e-01
-8.660260179238870037e-01
1.167311973751997967e-01
4.263326235464742764e-01
-5.443936309995645734e-02
-5.059136143565281518e-01
3.394156831936007701e-01
-1.420711377799283581e-01
3.663270980518024134e-01
8.152682411390737016e-01
-1.448612422593347493e-01
-4.073803285614693293e-01
7.448326371764595333e-01
3.227538582546043422e-01
-4.732628211056781886e-01
-2.232206530745551032e-01
3.002539655621053738e-01
-8.748573781802230220e-01
3.220437610515979321e-01
8.571368397334495626e-01
2.022278555711053971e-01
-4.503381327574690896e-01
1.833548304490951186e-01
-1.842321268342906604e-01
6.079821053846539147e-01
1.888824835662155643e-01
8.748528841948148838e-01
3.611066742589450485e-01
-6.057308668286535136e-01
1.788927624372122216e-01
2.082135208018950634e-01
4.304175243386823861e-04
1.018347828606154526e-01
-5.476896339983191586e-01
-3.548637243543721898e-01
4.863197707695187111e-01
-4.240677217739920873e-02
9.818596151849087739e-02
-8.891657775901976035e-02
-4.221272030652206686e-01
-6.352764994306661084e-01
-6.410232049166030288e-01
-1.286806663660297056e-01
-2.669509137729408899e-01
1.242166099741962293e-01
1.858752835522772262e-01
4.433591228657416394e-01
3.868114354968841262e-01
3.726474678487597392e-01
-3.186340406174360540e-01
2.242917780343509776e-02
-6.926582809325068091e-01
-2.250387709213058918e-01
1.069158402930355661e-01
7.330364801814936992e-02
4.844088125585240823e-01
-1.805435723789024505e-01
-1.739441685078067235e-01
3.223090483701885334e-01
-5.544505103141342817e-01
9.680890284101514864e-02
-3.173650766894811626e-01
8.541381060482485799e-01
8.894063096620186126e-02
-8.068643434274699877e-02
6.887142750307279071e-01
5.172983832584125974e-01
-2.332085517967585342e-01
-5.082732821897716358e-01
-5.453834819269288980e-02
2.065414335778356369e-01
4.543727369863008181e-01
-2.500657983029095366e-01
-3.789929120092772052e-01
4.088899975601431591e-01
1.886223575159160226e-01
-5.065494253664799551e-01
5.993826807216519163e-03
-6.907548384214027282e-01
5.416701587924693806e-01
-2.010924210228265951e-01
-4.061586147770323563e-01
2.224399927946996702e-01
2.504705951317947599e-01
-2.556688108688296435e-01
1.251121548100417036e-01
1.991067537345639349e-01
2.002076244744715461e-01
3.623904299893894454e-02
5.025471500356362142e-01
-4.030278968365122449e-01
3.028802937157458186e-01
5.327455503773779188e-01
-2.764950259871596927e-01
-4.153156906721561792e-01
-1.657376279426858168e-01
6.807403525222860408e-01
-2.015000876003908148e-01
4.454061178099596313e-03
4.813448944646190331e-01
1.885239602382872241e-03
-5.499653823861556656e-01
-1.667701863288336139e-01
2.681608765806834938e-01
-4.039451416485773105e-01
3.595844671211785304e-01
6.574971660336415002e-01
6.260207853785653143e-01
-1.784445348584598467e-01
-2.370098472914974330e-01
-5.968644272461598801e-03
-7.529146662634483844e-02
-1.752346371777787071e-01
-9.197955737330761050e-02
2.404976440898749512e-01
-2.147021666657188133e-01
1.548913517804726414e-01
5.916835676241914976e-01
7.949411976310601091e-02
-5.509582036694259388e-01
2.823074841893581377e-01
1.617655327497138917e-01
4.591728040612451656e-01
2.414547097694991762e-01
-1.616986450993180835e-01
3.118931508252595908e-01
-2.867489951319145969e-01
-2.649461208160811543e-01
4.637902049617260158e-01
2.564165452238498788e-01
-4.045780143411638052e-01
-2.091332224286094887e-01
-4.158037432703127201e-01
-1.156278021117692206e-01
5.684914242154885944e-01
-5.321523897066298137e-01
-2.599824904448531093e-01
1.263055968722029410e-01
-1.651633351663906180e-01
4.378733458983675823e-03
4.701519850569301218e-01
-4.179120985192000814e-01
-3.021078038950040789e-01
1.862241620488480631e-01
-1.422534343524754774e-01
4.203087751049934262e-01
7.715550858238400256e-01
-5.266200258164880355e-01
2.893678657912774899e-01
1.268772505754933166e-01
1.254348815291789765e-01
1.359179051016131679e-01
-4.427633116589705931e-01
-2.098538835343877196e-01
-4.351803161533535080e-01
-5.900318711875879307e-01
-2.575054675951310781e-02
-6.972190024023694477e-01
3.782944626084574491e-01
-3.726139338043798488e-01
-4.340640908416597971e-02
8.383051798563079249e-02
4.772529820259572286e-01
1.528715265604290718e-01
-5.165797743308496726e-01
-1.095408854005638366e-01
3.613835123571335767e-02
-2.526615833925326959e-01
3.021597391864435100e-01
2.037086178333784026e-01
-1.239700445724070330e-03
-2.846888474188919924e-02
1.571482632003985136e-01
2.243843668103648326e-02
1.452419506808208527e-01
-4.726361228699643702e-01
-1.602859438154792815e-01
1.209610067207938372e-01
-5.361506751965060547e-01
-2.258874634894533773e-01
1.647403616317671404e-01
2.403361988565922147e-01
-1.475946674354871313e-01
1.558198909538136556e-01
-3.168413750724191069e-01
1.388615525853675314e-01
-1.433134619719537983e-01
-3.324715708396396296e-01
2.995716690339298993e-01
-5.812779642632953658e-02
4.038437688363019640e-02
-7.407973315870117759e-01
-7.640860834081700803e-01
1.587337532767325310e-01
-3.776271026282842502e-01
7.936994080612827518e-02
-3.179231717287655731e-03
1.371292159968970081e-01
-2.441490410562899976e-02
-2.142391461202412528e-01
2.089133902803985698e-01
-5.846343781117104843e-01
2.322120044538170114e-01
-5.124346213726256316e-01
3.364782429387262463e-01
1.460515032898500321e-02
1.737266813337570159e-01
-4.119389925967626986e-01
-1.818494485842022390e-01
-4.480449284106743368e-01
3.480277478455112705e-01
-2.652533918700703541e-01
-4.078961175542646367e-01
2.122258002056255921e-01
1.586118500002652587e-01
2.160618813634641033e-01
1.104823229427108200e-01
7.809484945000999545e-02
-4.184978261921554754e-01
1.800079390449149663e-01
5.998885370333914002e-01
1.785266685074536064e-01
5.612336464601975772e-01
-2.402511566385647779e-01
4.179603855429903092e-01
3.571556447956666380e-01
1.434149513273647730e-02
-2.440498160343281819e-01
-2.351074100206322903e-01
6.061117172230330308e-01
8.405617043447328740e-01
-1.124357022048210336e-01
-7.281465146924019916e-01
1.852904915444543443e-01
4.868785074641144295e-01
9.186287915210832322e-01
-1.549072199862194243e-01
-1.819212381476022211e-01
7.925274355821967931e-02
-1.287272168756964028e-02
1.733435595980062707e-02
5.455471187993485294e-03
-3.981642428545172363e-01
9.911104819453424308e-02
2.587095754884089494e-01
2.815767431775272334e-01
3.283724842502181440e-01
1.488340954871023580e-01
-3.674015576984515641e-01
-8.604667911172980688e-01
-2.106276838894260983e-01
-6.084982714921608471e-01
-2.941819812383991706e-01
-6.136835795800986426e-02
-2.984553081798613228e-01
-6.201780468621531650e-01
1.562583413172524138e-01
1.743928994110745256e-01
-1.514654112277415698e-01
-1.197943276981410232e-01
2.134524829052173445e-01
-3.144347218797391985e-01
3.836678714422553926e-01
7.275094411462605937e-01
1.681359779900367668e-01
-1.064567007467814574e-01
1.242681665255112311e-01
-5.149079034538550648e-01
-2.510882748555507415e-01
2.704196570982462244e-01
-2.967565288639669729e-01
-3.280119553102485153e-01
-6.300451216203444282e-01
-4.286782326763650675e-01
-2.309310547129269503e-02
9.752838744029265761e-02
-9.001586457105746619e-02
-4.810680163377831220e-01
2.885301931674398856e-01
-4.155189878082275468e-01
4.164857505542394200e-01
-4.724823994076454148e-01
6.843100530958929895e-01
9.537782772352697280e-02
3.920589272465332398e-01
-3.719909846642071583e-01
1.067151043714716502e-01
-7.162513579425605278e-03
6.408668808207516054e-01
4.326652129428977811e-01
-5.265370853489521608e-01
-3.933818645666335989e-01
-5.153575240257576295e-01
1.648022712685922875e-01
3.664739099799356747e-01
-2.997521718637207733e-01
-5.341795809831749453e-02
5.742125942288091034e-01
-3.085094138681705456e-01
2.771093488291289653e-01
-6.797327757899226594e-03
1.230461150110701563e-01
-4.706385963879984591e-02
3.623582109327603828e-01
-3.955560407980299731e-01
-5.610024627885090709e-01
5.987204757387156739e-01
-1.960958395550895239e-01
1.324030218227096600e-01
-2.619701469479129852e-01
-1.372216277136402152e-01
-5.829201450146880292e-01
-1.743709110481507230e-01
-6.935125518138489653e-01
-6.124870653260029718e-02
6.295748623392527499e-01
-1.042371671007600031e-01
-2.965292603912121905e-01
1.597944660415614448e-01
-2.618241016327851889e-01
-2.865066176835674439e-01
-1.916276923855253153e-02
-1.659798994580823084e-01
-1.198377293683928896e-01
-4.388591999470204535e-02
-3.996846403825198291e-01
4.103593049236955448e-01
3.251674545522956761e-01
-5.962484664498236553e-01
4.905297185626878442e-01
-2.506495084912005455e-01
-5.208409104101043852e-01
-4.073607892235103778e-01
6.446865704208598093e-03
-6.088421422813599104e-01
-1.235814937715731809e-01
-4.079286628129027426e-01
3.303551461483523188e-01
1.507695284039260175e-01
3.259201369849464847e-01
4.286798267596773071e-01
-1.954600462195423688e-02
-5.209922499352941383e-01
-1.524627684476801900e-02
-7.349023199608407941e-02
4.508597904359649272e-02
2.888754359431812690e-01
5.803946392673060561e-01
-4.539768992477097309e-01
-2.916184721030799509e-01
-2.428078472890381756e-01
-1.897573733391540729e-01
-2.865483757907896778e-01
-3.270692362806953413e-01
-2.292148072467410092e-01
3.265008666596380671e-01
3.545680337985439579e-01
4.503961782168844907e-01
1.408826487401445005e-01
-3.031304238745385904e-01
-4.923922899163612477e-01
-7.007111586215489796e-01
-1.786415110803211692e-01
-6.007946083154812600e-01
-2.606585222864701290e-01
-5.072674673816464086e-01
-1.090305302566277057e-01
3.145854550439203257e-01
7.462777423613600192e-01
-1.145135225527595529e-01
7.415261122961676055e-01
-2.373117504885766671e-01
4.657585840469113253e-02
4.821810965204600952e-01
-2.992835234976949296e-02
-4.322939100644820343e-01
-5.414892391587667886e-01
3.464613846092297056e-01
1.167841848823794604e-01
5.385308427087935890e-01
-1.174858025062183176e-01
-2.417206489922725243e-01
-3.444212548075833991e-01
-4.318712717523618405e-01
1.080012023719823244e-01
-3.500932367168125281e-01
-5.820172256508555908e-02
4.577858945720860162e-01
-4.627919853680568241e-01
-3.907135808883577810e-01
1.381319466761111725e-01
-1.003700628955718210e-01
1.858756077083412173e-01
-1.349413430138966807e-01
-1.165133100353899220e-01
-3.460823690793786156e-01
-4.471888822381792084e-01
3.351613369306951640e-01
1.669264848453448358e-01
3.505480979325539259e-01
1.953151144777620085e-01
2.761715779783980862e-01
-6.270382519763213480e-01
-2.903331889129177057e-01
7.679890997796048890e-02
1.660382705788263080e-02
5.602829783774134764e-01
-1.632838540943443856e-02
1.802178278999668620e-02
4.721382278461679904e-01
-7.530775290149852585e-01
2.352339700044791815e-01
9.739043915305756194e-02
3.826693036891915534e-01
2.926252506452660662e-01
-2.370776750515366793e-01
-2.502641105244686193e-01
-5.071145549809930042e-01
1.378560221355777937e-01
4.225009722595316625e-02
4.621488782548412999e-01
2.326227591091231117e-01
-7.446296806822194636e-02
-3.966493779808674125e-01
3.718239935858217438e-01
-2.250869741119900791e-01
-1.791894112689723650e-01
4.623880465900637726e-01
1.461385231035592092e-01
5.123398281122896192e-01
5.983119140739040498e-01
6.279906236180015089e-01
3.218187744298323799e-02
-2.338816760751933829e-02
2.606959839640904386e-01
-5.688055384978952800e-01
6.891000786114858112e-01
-5.183896477269328562e-01
-1.320556451806611242e-01
2.943082667394840146e-01
-1.011236050492145405e-01
2.387496518873671869e-01
3.290469077521043229e-01
9.854384989911946224e-02
1.366323747109177145e-01
3.363715530758722982e-01
-1.795621211617008106e-01
-1.119743415267925452e-01
3.224576745304045811e-01
5.439210140043288649e-02
-3.671460077341668349e-01
1.374924616230466801e-01
3.494852463942568765e-01
-8.708699641387290802e-03
-3.028742518296601571e-01
-2.949455196913793875e-01
1.465528239566094570e-01
1.890381090780162698e-01
8.864168758182148222e-01
-1.534801338131126236e-01
1.656736984097785248e-01
-6.055951088849675923e-01
8.027661189538953801e-02
-1.567350509961610294e-01
-1.486806311504386691e-01
1.642800093908384496e-01
3.156573158848627880e-01
-4.561038112414709383e-02
-3.544579181287508818e-01
-4.043078311607345432e-01
-4.640676682341649539e-01
-5.002097586797403794e-01
-5.129742909133483408e-01
5.420857833708361273e-01
5.977702713069896756e-01
8.447360210231769084e-02
2.833759059289157611e-01
2.869908128373693801e-01
1.179398574279195838e-01
4.596208599969341807e-02
-2.159521384067130123e-01
-5.702527613894399217e-01
-4.310673971249925351e-01
-1.536401449801295671e-01
-2.636760069263447970e-01
-2.262155283599489308e-01
4.059342683781761441e-01
-7.549078469128850388e-01
-2.374887933663131501e-01
5.614325969190041565e-01
2.144907868572505372e-01
-3.263900586826356531e-01
6.870544274175527377e-01
-6.024022066227920913e-01
4.445583834258499123e-01
-7.740279739297614703e-02
3.334045081860552706e-01
5.092242658798242783e-01
3.720390396430947044e-01
5.378544352972917109e-01
3.412546590361836274e-01
7.890540286079151810e-01
-8.500252725512491558e-02
3.856308701046855525e-01
-2.213462293947095483e-01
-4.252553987963768323e-02
2.078196710004667769e-01
-1.746087381643558201e-01
-6.820541834748703458e-01
8.124118830265433799e-02
-5.736659141627088454e-01
-1.904911404328052671e-01
-7.272650342443973681e-01
-8.063522105151672559e-01
-2.310601505194155858e-01
-9.687774545348343258e-02
2.450624983381645416e-01
-2.521583421902016675e-01
2.523177799497866580e-01
2.103473624704866596e-01
-1.215251244694002808e-01
-3.809001131914513394e-01
-3.431760503983514177e-01
-3.036818548691065933e-01
7.221716238099688823e-02
-5.810477830397331456e-02
6.545174963377229371e-01
-6.766460260691062323e-02
-1.501210266139812732e-01
-2.533099209118657158e-01
1.728084354718931182e-01
4.824950117732164090e-01
-1.574432264593754738e-01
4.225144559464395488e-01
-1.705059719690801279e-01
2.643103607246713449e-01
3.492561847592126067e-01
3.218987537855106940e-01
1.046154295278923091e-01
-6.851444793716990334e-02
-6.580527833068671173e-01
-7.444511027865971520e-02
1.011937983245505546e-01
-1.075953597531886519e-01
-2.313124109251325777e-02
-9.392336100184253689e-02
5.252659672834823767e-02
-1.960808751643091374e-01
3.795153930447440205e-01
-2.394401455167651516e-01
7.578357416488425147e-02
7.546444398204118498e-01
-2.480044006187858696e-01
2.724706559795974092e-01
2.004660562460634232e-01
-7.895631019751597757e-02
-1.789736964751533488e-01
6.056292070525303578e-02
-6.723424572441482061e-01
2.818980308566144122e-01
1.942849725097935409e-01
-5.665434265871509278e-02
2.709742014325259851e-01
-3.382245775711084645e-02
-5.196363068575853283e-01
-4.493606510709957647e-01
3.335758132303719981e-01
-5.589541994075056253e-02
-8.278865991300313198e-02
6.028842693451514495e-03
-5.582957216021581237e-01
4.822987505161789867e-01
-1.030478274806294198e-01
-1.411145450038019389e-01
-7.544757248229900792e-01
-5.978122285185381163e-02
3.281958729962400900e-01
1.982418831705872742e-01
5.457828762713052839e-01
2.908254393385346637e-01
-2.996645102134796734e-01
3.133003243487386125e-01
-7.774263662188912738e-01
-1.992488116496637096e-01
1.192069695694027431e-01
3.860524422824199720e-01
-6.250845242906806210e-01
-6.921249429550118126e-01
-3.945445079480773831e-01
4.364310728910724135e-01
-6.663115129407215509e-02
-3.323717874510641046e-01
3.216298684187235413e-01
-5.194754837131865255e-01
-3.606641129777418686e-01
-2.201415856198890922e-02
5.863416468786361024e-01
1.853809242169646154e-01
6.322276797663384240e-02
-4.620077255783882064e-01
-5.221831295612987534e-01
-1.306289070421446097e-01
-8.899552007063102343e-02
3.612219226936780325e-01
-1.909916883268346632e-01
3.520369895516353709e-01
-4.128611003537935864e-01
-2.362451274548719171e-01
4.836537003598473383e-01
-3.420576041368601494e-01
4.561152635385361531e-01
-6.220574855828384792e-02
-8.200441875618278559e-04
-3.177058786078469366e-01
-3.429463651669456548e-01
-8.290498977090418609e-02
4.698225354115797558e-01
-2.087648734986680132e-01
4.902654586469131770e-01
-5.553766601346070697e-01
-2.829649128731248631e-01
-5.426379163525154592e-01
-8.368988308367183299e-03
-2.299354930915815665e-01
1.272686498029615698e-01
1.467935385974001306e-01
-1.430308422453545891e-01
-3.233652425603714131e-01
3.019987327928460030e-01
5.916722865909792572e-01
-9.346415192553017559e-02
3.513220985101684485e-02
6.924547857542850959e-01
-3.933722477108258508e-01
-2.140231672963120446e-01
-5.392081906059748020e-01
-2.982438435656549203e-01
3.720123551611506096e-01
1.550303510950409580e-01
5.182281439220935981e-01
-4.361023815014758442e-02
-1.056132180202101929e-02
-7.713346912487311080e-01
3.889397978244586440e-01
7.526449489963719930e-02
6.786458647051423210e-01
2.348736435115901244e-01
-1.047212155022250318e-01
-4.502408295782791559e-01
-3.807331873427639013e-01
-6.204279577122789879e-01
-1.527427804988733540e-01
1.816284974543929676e-01
-2.993948195651883193e-01
5.910368921840634948e-02
-1.258807803490128996e-01
2.990422117432409710e-01
-1.954114198875006037e-01
-3.349471102253769317e-01
1.255922988454173661e-01
5.426181243890659161e-04
1.537425558219481236e-01
5.150048631254788845e-01
-6.809450311232015940e-01
1.803746917650772830e-01
-4.573940906342770507e-01
2.827388855927703282e-01
-6.382432818311355172e-02
5.868817738889204882e-01
-3.367147745605302278e-01
-4.443777847265771852e-01
2.958659141345457502e-02
2.062216918126669185e-01
3.901929778370232804e-01
-4.438986493502977693e-01
2.848585698824682155e-01
-3.086093220364692913e-01
-6.337949152663219232e-01
2.533507139890808779e-01
1.340177148664997986e-01
2.309424547654523041e-01
2.970878530912122173e-01
-4.007834570984278311e-01
4.359467357389963382e-01
-2.490081623766526170e-02
-2.259270414311453923e-01
-2.128638281169700219e-01
1.141230024316768898e-01
2.093061340059821501e-02
-3.334668824225355266e-01
2.130848020131461684e-01
-1.136205943286857090e-01
2.512960921468820191e-02
8.584979337907859553e-02
-6.016013617361741506e-02
3.260748012075218027e-01
8.025428344443703843e-02
3.137983911717878160e-01
5.672787370695394626e-01
1.811260199626371081e-01
-2.021153694423643010e-01
5.684729205560567350e-02
-4.188323915585483448e-01
3.499419545892718530e-01
1.289597866716618024e-01
2.478528985192229583e-01
5.266735881240915962e-01
2.607857190981102691e-01
-1.998737128308374911e-01
-7.650482170098336088e-01
1.864916431494473559e-01
-3.356324636504677827e-01
3.756488827882402126e-01
1.183147620830148905e-01
-2.814505529687248708e-02
4.954697765237461304e-01
4.330947094121615493e-01
6.508991866075317101e-02
5.492222761103771056e-01
5.023561610417001111e-01
-5.208825875831852859e-01
1.718165754949914081e-01
1.981984521123050513e-01
2.677090842746152610e-01
2.479290054035038215e-01
6.147928407281033625e-01
-1.869275750638777767e-01
-6.189808383589391338e-01
1.302983009581363538e-01
-7.825298962323357088e-01
-3.835265957824724459e-01
8.628864496918967064e-02
6.251917891851835885e-01
3.209417451226618812e-01
5.833981390220968066e-01
-1.326254952242457985e-01
-9.251494098216861417e-02
1.001548397060899598e-01
-1.278543086520180228e-01
5.546448728963553343e-01
-5.487067862217108738e-01
-1.719773651991708951e-01
3.535183396584279381e-01
3.735363024667370368e-03
-2.274779934108167034e-01
-1.247762155229789061e-01
3.645126168673549771e-01
-1.273428686879908289e-01
5.151634723594384901e-01
-6.327946240487597462e-01
-2.317273996950142967e-01
2.451126119032770445e-01
1.430263219971106836e-01
-3.397596643178634190e-01
-7.363705802627718011e-01
-7.111526342732066297e-02
-9.416206321833588133e-02
3.636689171001130649e-01
-3.331809537697935086e-01
3.810522762483758985e-01
-4.168894979545469948e-01
5.521735679685539910e-01
-1.396373389660808886e-02
-1.417354067072522650e-01
-3.027861416481532619e-01
8.723191806805097315e-02
1.754765713288090612e-01
5.444670642504991637e-02
-2.805668239697115540e-01
-3.607765937698964587e-01
-1.843227600434477892e-02
-1.671876383972532021e-01
2.035750752444168976e-01
-1.996862503495524799e-01
-3.123553930186131478e-01
-3.817764309058173655e-01
7.238588801570507159e-02
3.987837586027276893e-01
-2.285243005522692994e-01
-3.265992796561199563e-01
9.290081054421336360e-01
-4.947990936077083513e-01
-3.735232479234922298e-01
-7.353603738646045107e-01
-2.408422027607944327e-01
-3.924926406690354419e-01
6.994229116851120587e-01
-3.304429982341910987e-01
4.805031409317762625e-01
-2.218851236256472181e-01
-5.972429754698909132e-01
-1.442183888149752291e-01
-8.315133915629810413e-02
-3.142067743513143885e-01
4.737661262206960822e-01
3.501426349706880936e-01
4.633501822699205575e-02
-3.920813074905944440e-01
-2.093929234492340197e-01
-1.971208545235911616e-02
-3.747830815531952853e-01
-5.069543412291995788e-01
9.571608194117195434e-02
2.132264332608638235e-01
-2.957077895876398035e-02
-2.528534579488164180e-01
-3.156992577580104431e-01
-3.874709971247942975e-02
-4.372787267500267971e-02
-3.371834958976302477e-01
-2.297062558682820277e-01
-5.283312124361779771e-01
-2.926330839394140626e-01
-1.027708976905598870e-01
4.557657440003604760e-02
1.364468895548475169e-01
6.975914369341751353e-01
-3.696456017786937664e-01
5.237670390643225371e-01
-1.868553210859174862e-01
-7.348010337071851639e-02
3.049003837257612815e-01
5.299756819032686028e-02
-2.913830074703654405e-01
2.250875824059329622e-01
-2.644379232138719948e-01
-4.866136026959068384e-02
-1.387019755061753568e-01
4.818375228845034330e-02
-9.269646690862083649e-02
-4.359583479014319529e-01
-5.001221665694484120e-01
-2.717078779828634993e-01
-2.731805293134715318e-01
-1.227911694297110778e-01
-1.130952833965401388e-01
-5.140063159410809268e-01
-3.514685513271446626e-01
3.187307394102075753e-01
-2.653660743491714769e-01
1.771240793191273810e-01
-4.968840955303427953e-01
5.055859390637513773e-01
2.715536032795090038e-01
-4.238708116506315626e-01
-6.558311224905938319e-01
1.609007992932861286e-01
-6.014970503525935985e-01
-7.891709158407139713e-01
-1.894669559264184344e-01
-2.014872556233373024e-01
-4.490468666901005490e-02
-1.582492108579445778e-01
4.744090323118099750e-01
-6.285286867145871703e-01
-5.440606787440498415e-01
2.687374821606292041e-01
6.981011272559949354e-01
-4.651108740387476237e-01
3.604601071479218710e-02
-6.719100930802603955e-01
-1.819647710552984021e-01
7.991900839077931140e-01
7.202204512028671790e-02
-4.387717374081253618e-01
1.083190397481074846e-01
2.652342739489728096e-01
-4.244702016830829150e-01
-3.142499637288934111e-02
-6.938890478750567858e-01
-1.845916273887119041e-01
-5.985975572340063167e-01
-2.513461668495639012e-01
1.621203195017015264e-01
5.777853874705976001e-01
-7.040399817369243918e-01
-1.746181319916546015e-01
-5.148890137549332335e-01
-4.359213281193103917e-01
-3.463625981605693554e-03
1.880977991703104424e-01
1.000411392880734968e-01
3.944540807290892737e-01
-2.710186909316414372e-02
-1.065185185508653182e-01
-1.000337561459440222e-01
-6.811243080854224585e-01
-4.026358861861580041e-02
2.382805071467885560e-01
-6.507113694448640739e-01
-5.614809002409718378e-03
1.611188936091040025e-01
5.718112784369109303e-01
5.129935445029081692e-02
1.530648481842910580e-01
-1.200861490584273772e-01
1.854576966474209554e-01
-4.127177505946517111e-01
2.640296909389883151e-01
-7.343462806260674380e-01
2.609426655106201250e-03
-2.269636992118878593e-01
2.173048706234139565e-02
-3.565369336403357292e-01
-6.151939602519269634e-01
-2.954493725737273868e-01
-4.437428933091128180e-01
7.497419672033323046e-02
5.018266717132215948e-01
-4.244986082017664919e-01
8.559522122006201217e-01
3.815951666036169199e-01
-6.570032133912320216e-01
2.189824724908334685e-01
-6.268536492818228556e-01
4.793264312806317512e-02
5.303686480565331651e-01
9.219682203106410734e-02
6.724938423394577480e-01
2.214942845510694258e-01
5.650883171955882467e-02
-6.001738632297359821e-01
4.424231285121338342e-01
-4.137244976090438398e-01
8.135858846519952725e-02
-3.771000193523605937e-01
2.505799240228672176e-01
-3.721760140863313859e-01
3.544528915834384009e-01
2.278621064123245374e-02
-2.069406051279340519e-01
6.280709282451950592e-01
-7.580073077204222409e-01
-1.071541088039999201e-01
-3.827638865296080217e-01
-6.370639991982338275e-03
3.031941212697978338e-01
3.244379121218334272e-01
2.103643815299290065e-01
-1.624734134395914298e-01
-4.788087323205721946e-01
6.390917912342903850e-01
3.050888740571141566e-01
-3.038612990703832423e-02
-2.150674035622080205e-01
3.081096509450403920e-01
-3.488635813191054424e-01
-3.259963249575383859e-01
-2.955191797088690953e-01
-1.521736763669615800e-01
-1.471649311258095838e-01
3.549428991884924223e-01
-1.821104543304486456e-01
-4.353520078349366051e-01
1.243975484599945391e-01
-1.306449080559506093e-01
-1.490497786211535808e-02
2.140456698505076583e-01
-4.021872994186804218e-01
8.789794722086802237e-02
1.197275048322112151e-01
-7.323177588195631249e-02
-3.961623568986549215e-01
5.169293475078478028e-01
-4.978922706077861804e-01
2.196686447317921509e-01
1.535305216035132148e-01
-2.128311396359443275e-01
2.772009149745502943e-01
1.090985197968175890e-01
2.962517878496013779e-01
-4.659978885218840627e-01
-1.723997415282044476e-01
4.762549458207705477e-01
1.906040406012113886e-01
3.630588160121316355e-01
9.446942251206340291e-02
1.281010537576764141e-01
-2.458837190577246312e-01
3.550974218237868407e-01
-3.196421083395189489e-01
-2.377152162361761412e-01
-2.117311735867131173e-01
5.381468884057306612e-01
-4.548228697810915433e-01
-5.994536985986427258e-01
-3.452430658341968384e-01
-2.901413348887239840e-02
-7.116796930225297579e-01
-5.947980884430651427e-01
-5.280706798082127618e-01
4.369046234160985781e-02
4.486615199188515035e-01
-3.299796012836617720e-01
5.885012976932858797e-02
-2.384934581768712036e-02
4.489886351252357910e-01
1.547081746447824258e-01
-2.671827582086992448e-01
-6.633209253185092802e-01
3.959659716246814037e-02
2.247114070930979202e-02
6.163724811080767418e-02
-3.487265147279452471e-01
7.850690408360189165e-02
-2.248820159611806258e-01
-2.239152411786101138e-01
-1.351562669526405192e-01
2.335185096877629984e-01
2.144040692732265135e-02
1.066601065572514162e-01
1.503058463227968100e-01
-1.020953076832611800e-01
2.737268196502588569e-01
-1.648801612031007280e-01
1.489808248517483780e-01
-1.044489104980379952e-02
-3.690874823394710985e-02
-4.654147529367877456e-02
1.120139942389693499e-01
5.335002794686936056e-01
2.129532254072647457e-01
2.984447507576866720e-01
-5.483256529787565725e-01
4.960675574132751287e-01
4.874898390334075904e-01
4.547578817634059245e-01
1.408132513344558800e-01
7.677315354965123795e-02
-4.674836350428025478e-01
-1.050287370141190502e-01
-6.702668650040372045e-01
-2.767319163661257145e-02
-1.904574705520303279e-01
-2.888365434656056663e-01
-2.540708715511860172e-01
-6.865272670955326895e-01
-2.149101546157301812e-01
-2.848713934924919089e-01
-3.010233624914419176e-02
-2.263809237955894949e-01
-3.451034765918579161e-01
6.514757271843815145e-01
4.720452721859484946e-01
1.409877656647675476e-02
5.568804732820380465e-01
5.711114513633059886e-01
-7.395513977002793338e-01
-4.848928486346756189e-02
9.281394882904792781e-03
-7.170349661525818319e-02
5.337976226257715728e-01
-6.719973157227341343e-01
2.604069780014182673e-03
5.486230067293041968e-01
-2.892411811897965257e-01
6.000667969674955415e-01
5.517859086292302706e-01
-1.352883076785110945e-02
2.783043446517687869e-01
-1.135609308706660714e-01
4.838702805558470210e-01
4.160803866710179877e-01
-3.942952652391743529e-01
-2.002395353205632389e-01
3.340606831917393715e-01
-6.511185852280645392e-01
8.673096299084276373e-01
-2.146376808460842556e-02
3.253962826529750441e-01
1.151531527716993276e-02
-3.451463390101052742e-01
-2.369961451661555807e-01
-5.056577718271995647e-02
3.148632082145844113e-01
-2.106022239952073383e-01
-5.756326943481369085e-01
-1.341873498923137897e-01
3.429783651430568514e-01
-9.718186976996565085e-02
-2.022942652585532630e-01
-3.227744143399126076e-01
2.811457487886951379e-01
-1.784482631762402127e-01
-5.957280990251269115e-01
4.735143940447446020e-01
1.345498254468385779e-01
-2.348733506710722341e-01
-6.181503400822323524e-01
4.005760502697456454e-02
-1.060036610960860964e-01
1.189567162227315178e-01
-3.161600888222625416e-01
-1.121749778206151543e-01
6.913652503403979743e-01
-1.326570481119184741e-01
-5.562525443168687272e-02
-3.074512664932578798e-01
-1.269264124929634918e-01
2.112315487902651223e-01
5.097534586746923502e-01
2.884783403227488829e-01
-3.097785192402316978e-01
6.382538351800751686e-01
7.010309147888499348e-01
5.211320399482428645e-01
-1.217005379703125223e-01
2.151519554982984084e-01
5.432456259462236092e-01
-2.839769044168045098e-01
4.119054306469107640e-01
3.175713960026176341e-01
-1.744763129667331603e-01
4.113356291981517532e-01
-6.356545268933868620e-01
-1.729505042147855623e-02
-2.762454932799514595e-01
5.919330507171239875e-01
9.175900737306688648e-02
-5.734731091266970227e-01
6.004277975545478652e-02
1.296140492999942606e-01
-7.381633453878961859e-01
-5.787308100174854975e-01
6.275223162290290979e-01
-3.343877787512310462e-01
-1.982661293047340290e-01
-5.207545123117818253e-01
5.531028191236379843e-02
1.835709880279925432e-01
8.923732312970167335e-02
-1.008822397248966829e-01
9.808855903708088575e-02
-4.990407530445549467e-02
-6.187928975604072290e-01
3.173738428886110352e-01
-2.262005423086203559e-01
3.048674819733508679e-02
-6.540570489723745995e-01
5.660234585159512610e-02
-1.907760494539480212e-01
1.972156806897920056e-01
1.105572623485092526e-01
-7.183690847079310382e-01
4.376948621699599529e-01
3.154866088242712641e-01
3.793913003358140856e-01
1.168695251461798895e-01
2.543913066075794149e-01
1.002403162473524192e-02
1.181049597788939214e-03
2.418705569012186696e-01
4.333729238615799950e-01
-3.637077146841977138e-01
2.899473816722265840e-02
2.694716487302700192e-01
-3.197234887018581828e-01
-6.755423736629428966e-01
1.166869284592408629e-01
4.394819665344622539e-01
4.968108290523330917e-01
-2.314085215194796874e-01
-2.458012442037831591e-01
7.899134301351753984e-02
1.297873260972916276e-01
-8.542953785270922251e-02
2.128165216304185592e-01
-3.462846755421056244e-02
-3.655443939653243990e-01
1.058533161545340967e-01
5.063263326786462404e-01
-2.223726308534934304e-01
1.232486056145686848e-01
5.070263052715316687e-03
-5.647187518517715610e-01
4.520648113431727788e-01
-5.604848246702440751e-01
5.177669835587348501e-01
-5.797077814653867067e-02
-5.679562766886245839e-01
-1.697853117307641380e-01
-6.836697593448128885e-01
-5.126579240338805521e-01
-4.077254844302659054e-01
-9.190045460729190374e-02
-4.042394101128291006e-01
2.862917518999983368e-01
-5.230191073239282007e-01
1.558347428919635569e-01
-8.990937007046967411e-02
-1.587360291322874040e-01
-9.180223904531259471e-02
4.595223825210735802e-01
-2.068214009439523493e-01
2.882266415948110394e-01
1.543639415046000885e-01
8.347382006903350526e-02
4.911502447506011504e-01
-6.554234625962510608e-01
2.037343504350830337e-01
-1.499434568832166137e-01
3.223168533178272926e-02
1.136624018365148085e-02
6.282747778756711532e-02
5.745043338421308432e-01
-2.839345026997318056e-01
-3.400489198837799987e-01
4.144278681873838632e-01
-1.608202682216947066e-02
-6.134404219380311662e-01
-6.035090389061499305e-01
5.839886228288001524e-01
-2.359496608420207919e-01
5.591170859277543037e-02
1.621423207657418653e-01
-4.717159222274255326e-01
4.847705854723971530e-02
8.779215370341809932e-02
3.732283183913642777e-01
-1.263598270234728149e-01
-1.478758264641225340e-01
4.535257487753587835e-01
-6.213309248011421593e-01
-5.477420655723683751e-01
-1.448087698543674695e-01
-2.597589783128273488e-01
-2.135629435751223645e-02
2.889823255218488263e-01
-3.559540776730894529e-01
-4.062509297522558516e-01
7.184332739651729804e-01
7.898968442578326032e-02
3.823814244351781549e-02
3.596886400873720857e-02
4.807615685551692719e-01
9.773713871199637970e-02
3.940740651351762325e-01
-7.206263675442209360e-01
1.608790083483062905e-01
-4.408555756888006272e-01
5.265573678338674179e-01
6.942707389950816266e-01
-1.721691613321145176e-01
-1.439290251533464071e-01
-2.479276766183542424e-01
-7.800696596103674774e-02
2.715408096221353373e-01
4.441095082971693309e-01
1.221162706523665556e-03
3.732424271354363166e-01
-4.692948349319026047e-01
-2.310246544194083373e-01
1.055552297815621765e-01
-7.891798153191602605e-01
-2.891283111355952284e-01
3.016522747701037566e-01
7.624479737449069150e-02
1.008178023286264990e-01
-1.198116992730747371e-01
2.976537551698649198e-01
-6.203521152126917348e-01
1.063566229759868309e-01
-3.065820336727719253e-01
1.350196617183722914e-01
6.898796767796784302e-01
9.336086258582522446e-02
-2.031460356686900504e-01
-2.453999788733050302e-01
1.695369302959123803e-01
3.011651266953321859e-01
-3.813169473404809939e-01
1.750582327609564726e-01
4.520826684336350931e-01
1.976288672287611625e-01
-3.226050365185922919e-02
2.367331950144755115e-01
5.625045867073328321e-01
4.515651539170539158e-02
-5.472239883997728205e-01
4.586547802609632352e-01
1.601207641973196039e-01
2.829859007918364422e-01
-2.604898405815350149e-01
2.124241160909422499e-01
-3.862529369154861225e-01
5.715029297916908967e-03
-5.035817067740784581e-02
5.003175454288323332e-01
-6.423615427846243175e-01
-6.108042780687538142e-01
-1.617385666412469725e-01
3.971376022945168338e-01
-3.139939721409893969e-01
9.064941799195996852e-02
7.988390396502492719e-02
-1.439297325342054346e-01
4.502972355806313942e-01
1.192897793299423498e-01
7.417848612686105299e-03
2.681467654593360783e-01
-3.544303982723976398e-01
-5.247033165852938996e-01
1.380805072590901295e-01
-1.171229046228269011e-01
6.099244897031964596e-01
6.524223390812921739e-04
-1.138447069491723418e-01
-2.923387528965214477e-01
6.461674042530266560e-01
4.510683838752230779e-01
3.733029005326817251e-01
4.859412783443096684e-01
-2.364033929905816345e-02
1.288484960613648922e-01
5.086183868962597110e-01
-1.086581513746854993e-01
-2.148443387793358417e-02
-3.354268373121411795e-01
-3.105858335690040439e-01
-3.306294286690468764e-01
-2.289165137236451320e-01
4.635555395480427943e-01
-1.228748599687815302e-01
3.321009997636037436e-01
3.623308758238021898e-01
5.713277819190692997e-01
-5.640526977278478293e-01
-8.022424506954717316e-02
4.199854963885815695e-01
-7.197756237295973580e-01
-7.918354551812145647e-02
6.157260472747743130e-01
-8.870070463055676480e-02
5.553238070063716281e-01
4.042890315591680106e-01
1.595346823737421593e-01
6.107585777191996135e-01
-2.638739814415980711e-01
-1.155084583907128176e-01
1.230624048977686097e-01
7.936188342494046588e-02
-3.695499658380907437e-01
-2.399691651727353381e-01
-9.606072197990021821e-02
-1.547443398889346566e-01
3.215295200391157793e-02
-1.231800525392800355e-01
-4.564244537749458930e-01
3.078262218612766166e-01
2.481827722066080599e-01
3.500107272136747660e-01
5.980704624289015113e-04
-1.280203503215202043e-01
-3.844319816901766163e-01
-7.740663851785076766e-01
2.308991290040271205e-01
2.866471973358387104e-01
-6.038614296374641977e-02
-5.714788983323673688e-02
-1.443466959538164118e-01
-2.117337594784471366e-01
-1.037182359529728315e-01
2.917730242324678702e-01
2.038943549170631475e-01
3.676711142086112050e-01
-3.430030902695071493e-01
-2.844722979054180659e-02
3.917985095763849845e-02
3.994686688387176776e-01
-2.422543007189740805e-01
-6.402597439581825256e-02
-5.065168472707588521e-01
-3.768775452807119480e-02
-3.376064421725253339e-01
4.538762161228677150e-01
-2.534768585974114807e-01
1.114771098454302722e-01
-5.675107942389654436e-01
2.090542507844776465e-01
-5.063607588968019879e-01
8.726686363633884280e-01
-2.363158119948799707e-01
3.760142136265056667e-01
2.039460001141873424e-01
-4.045597792895363476e-01
-8.319729884177033963e-01
-3.664807528446964446e-01
3.887262388086229481e-01
1.510491967999045282e-01
2.811589798924398753e-01
-3.294532896356336393e-01
6.895067824076666074e-01
-2.220184613534974538e-01
-2.612718529803382053e-02
1.921749900423136148e-01
6.562503673786118392e-04
-7.313977276187247911e-01
-7.303541410229145991e-02
1.887851659569634577e-01
2.458375880824771875e-01
6.669149871394512985e-01
2.334906185993025629e-01
-3.287691267898339431e-01
4.420712535037769064e-01
-2.232753105336801047e-01
5.423931640644622520e-01
-4.849005837091564519e-01
-1.949655713938742430e-01
-4.052490259155046570e-01
2.327427610862204677e-01
1.134118453174750990e-01
5.391544880546216001e-02
-8.870901360509192424e-01
-2.381484607438655587e-01
9.929479106979474667e-02
7.360446400251732246e-01
-1.762727415296750089e-01
-4.538788429222263554e-01
6.260793031546897369e-01
-3.039342407217907049e-01
4.933622366785554991e-01
-1.033592255822873007e-01
1.723144145798145288e-01
-1.339645287712000754e-01
1.952078534756118144e-01
-9.195751109930300204e-02
-2.413648036159056140e-02
-3.829643914136778293e-01
-2.380274521193247728e-01
2.817732595031317566e-01
-2.002136963211742504e-01
-9.007597847362341925e-02
-6.434699348402930230e-01
-5.255261375531052881e-01
-2.715540005410268520e-01
1.993615032387847652e-01
1.940141643394958648e-01
-2.159411454643040892e-02
-2.848300320329099147e-02
-2.776483773286018697e-01
-1.834612399450117615e-01
4.499541043492105152e-01
-4.365993864268756242e-01
8.551137244667200710e-02
-1.990382701533431886e-01
3.928743366906426449e-01
2.895545549626664106e-01
1.838811132660178316e-01
-2.451873660349992434e-01
4.546791128190550979e-01
-2.508369717248479236e-01
1.766651369581169195e-01
-4.319150393161383383e-02
1.956313668612340295e-01
-2.299120097589289497e-03
2.235458744019034882e-01
-8.571971649227771994e-02
-4.924557281027241440e-01
-4.776440051420710597e-01
-3.636197230675687619e-02
-4.020028994728464533e-01
-1.176228676314578087e-01
2.290690963036827454e-01
-4.885620497800581274e-01
1.456405006253464474e-01
3.433139603747333846e-01
-1.271029128839714500e-02
-6.012198712608953777e-01
-3.942945943875806290e-03
2.747190250494800368e-01
4.065403905117004335e-01
-5.004268570251233506e-01
1.770600927422444348e-01
-2.483612437527188133e-01
3.480115669559256109e-01
-3.282836396240905175e-01
-4.228688401731466318e-01
1.062089149884666295e-01
3.489313929333935638e-02
6.758320184187821544e-01
3.643032392628853255e-01
6.591952139188579363e-01
2.139635249043062848e-01
5.462000718517019404e-01
3.627411874652298751e-01
-3.454032531841356723e-01
-2.460355972478184272e-02
-1.854467887422286965e-01
-3.773062543288755594e-02
-1.384348635077327638e-01
8.990226486493957392e-02
-8.056267104482466301e-01
-7.142050115223061435e-02
-1.202398357302263410e-01
3.236091216655527791e-01
9.883144582280929680e-02
-5.289848994863006748e-01
-1.097004298731496935e-01
-6.117999667759974614e-01
1.684910964332678174e-01
-3.869205937255539851e-01
-2.651855087190222449e-01
9.013240249512075031e-02
3.291388452414270582e-01
-1.637283646517297964e-01
-4.869060972976829160e-01
1.100705823298608610e-01
-3.800096778769144756e-01
2.374770428255198462e-01
-2.912615112606211643e-01
6.464895695871522574e-02
-8.729283510097184118e-02
-2.865820071829080495e-01
1.034357716773872948e-01
-1.133743659374608914e-01
-1.913642188779775821e-01
-2.802434300424738386e-02
-3.323332974015222874e-01
3.856726670905105681e-01
4.215193254555599234e-01
2.601059804644257345e-01
5.167269758605222973e-01
2.241499076785289923e-01
-1.904038384312332632e-01
-3.726528122576254765e-01
-2.583388611755659814e-01
-2.360198838293886894e-02
-7.369259447567511230e-03
-9.084980318739986627e-02
-3.054518104238533316e-01
-1.655062177152564762e-01
3.045040642622992566e-01
3.339386039691531471e-01
3.997085777577886745e-01
-3.170832602587234095e-01
-5.954473693556147085e-01
1.987146455424739777e-01
-3.169974926088269251e-01
5.540483744621192974e-01
-4.308780453853911507e-01
-2.995787197544453329e-01
5.313504597044601402e-02
-1.675963478237253723e-02
6.093200905243479903e-01
4.761349639730902417e-02
-2.614498817279142795e-01
3.346727714560399636e-01
6.364876882967539229e-02
3.129680903030324091e-01
3.780452238791880970e-01
-2.543690652814206352e-02
-1.838320390423014150e-01
-4.036167599643780690e-01
5.939252516853413821e-01
1.417721471823354951e-01
6.377331587270070046e-02
-3.572388912271035055e-01
6.306219300453949628e-02
4.939904579829782622e-02
1.422641733218828752e-01
-3.355113520541515570e-01
-1.442516119131074803e-01
-9.033222546170233125e-02
-1.293790585081451006e-01
-4.158544764097943380e-02
6.799121728275285825e-01
2.842593722326997585e-01
1.958234541714549970e-01
-1.854317124772748016e-01
1.049392506616562623e-03
-3.542554068777114540e-01
4.109555603556804826e-01
-7.967650729178502034e-02
-5.552113342687687858e-01
-1.355285705704072918e-01
-4.314599485475003049e-01
-4.267180714766582450e-01
4.796353733085406690e-02
-1.356832267075312182e-01
-4.525686143079236667e-01
2.397090534928156824e-01
3.734930240979840166e-01
1.242104206376527104e-01
2.356641859161895947e-01
-1.310556667063991487e-01
5.868637176381163306e-02
-4.526561937961461890e-01
-1.115408282044012475e-02
2.813183186195422070e-01
5.562429305004998881e-01
4.502310569454988642e-01
1.069927339435912117e-01
-4.257261665784382587e-01
3.335676681897830065e-01
-7.292200475346909128e-02
3.998292568330400476e-01
-6.293073089464260583e-01
1.748163998064813096e-01
-1.872320116292057190e-01
3.470841585422837494e-01
3.367095249100278131e-01
-5.148201076278233757e-01
-1.145065266668353621e-01
6.112761835068594163e-01
-3.470339796132606257e-03
-2.040734160590957080e-01
-9.891419142089227790e-02
-5.599978375175258122e-02
7.355918567237471756e-03
-3.996613982421616251e-01
-7.786569677909438436e-01
5.794432505870863448e-01
4.045139083235912425e-01
5.920715522814467002e-01
-5.351932867181480313e-01
5.350858851824751294e-01
3.259781809543438880e-01
-2.800845756096490557e-01
-8.525527153955596293e-03
-3.755069268895563916e-01
3.623345662829227654e-01
-2.054320932452285975e-02
3.659312712145137425e-01
-1.612203319263010304e-01
3.300346638970710900e-01
-2.826604079669132741e-01
-2.342922605614817522e-01
2.799962680979382057e-01
1.795164362166406513e-01
5.179298984480853463e-01
1.308991683823389485e-01
-4.765117959241716994e-01
2.704466243208548115e-01
-1.980762324580728206e-01
-1.564534152762152991e-02
-6.815195860121212035e-02
-6.819818672620848732e-01
7.413370767239585435e-01
5.115135551939136160e-01
2.013525626912124888e-01
-3.009368628841565529e-01
-3.706716783944412619e-01
-1.099797325032645934e-01
-9.454249862793090084e-03
8.925205719828444018e-02
5.119578742753070344e-01
-3.076762008829914130e-01
-8.758304169720457222e-02
-8.846885800986262205e-02
5.076748905120112010e-01
4.967336400486221937e-01
-2.664332188910188415e-01
-4.172966802583001344e-01
4.971897553097054945e-01
-1.891287858600004257e-01
1.829186227788371921e-01
1.704709781875368702e-01
4.042851944257891406e-01
1.264296404317857003e-01
-2.062709611266516641e-01
-1.932608465644407580e-01
-4.190731995525505127e-01
-1.808164240833261827e-01
-1.267005505405327803e-01
5.723171211434376904e-01
-5.020052314709557706e-01
3.559388275599245643e-02
4.985942285471128277e-01
-2.002175179616186573e-01
8.757129168876944814e-01
-2.029049700669305623e-01
1.206898162863038471e-01
1.471427617922518027e-01
-4.190240574138206497e-01
3.007572077192873228e-01
-2.569906041253620099e-01
-2.755710326004054411e-01
-3.220218423939419372e-01
4.240943168161214194e-01
-5.131812775774686752e-01
-1.021643117246212734e-01
4.563446275283429832e-01
3.271662459464105832e-02
2.275326767148039553e-01
-3.402689477896257975e-01
1.654362112905757298e-01
-1.639812257453952538e-01
6.491233039298218710e-01
-5.635017276252003438e-01
8.500418048832224238e-02
-2.092554019136916299e-01
4.486669183091636093e-01
-6.772008832800701095e-01
1.323574153603811476e-01
-3.521819391092898544e-01
-3.025869279723054084e-01
1.371332715133328495e-01
-7.520251581053493117e-01
1.391814933356860795e-01
4.449330243484296843e-01
-2.948644571450002583e-01
4.185853743851934983e-01
3.261657446285349399e-02
-6.002620357950986252e-01
4.307180173208814411e-01
-5.078180212195588794e-01
-4.680469370414773733e-01
-3.278095088147160441e-01
-7.353788734562017870e-01
3.967503569401812924e-01
-5.493231042998933944e-01
-1.124076424867137547e-01
-3.899951230402341484e-01
-4.735991995638649255e-01
-4.647162084629265499e-01
3.979181269912707153e-01
-2.966237454292013909e-01
-4.653063663067648070e-01
4.975013851998058567e-02
5.642637549403138886e-01
-6.743410238484905950e-01
1.153694184530772160e-01
-5.077392757097256570e-01
7.103561544274228368e-01
7.088544813648856024e-02
6.985946394734230402e-01
-3.865152065832132000e-01
1.129164607449777008e-01
-4.463359544914671101e-02
-8.114111188931136254e-02
-2.682101883273263487e-01
6.303589386976498066e-01
6.256171941396007075e-01
-2.150340813855700084e-01
1.980675807926319532e-01
2.094352138232239979e-01
7.653686567855130241e-01
5.101499303957870990e-02
-4.372762246545591758e-01
-3.814033065339178519e-01
-1.938549368318894794e-01
1.330829563916586245e-01
3.771620680070626036e-02
2.570744171447217896e-01
-8.537900580318494304e-02
-4.523056672161313019e-01
5.569017344403102143e-01
4.477674128089406125e-01
-1.026404691377595657e-01
-3.630096985665906724e-03
2.968642157906621337e-01
-1.027463853256002924e-01
4.603139509510359439e-01
4.964595397519415698e-01
4.779379821335539846e-01
6.701359426839005318e-01
1.046529624792089663e-01
4.209497927188288191e-01
4.412187214566615223e-01
4.295465701031115913e-01
-2.939633385498264251e-01
-4.494199554894738879e-01
-6.356222029749355462e-01
2.713330259953036228e-01
1.691442910511199438e-01
3.972769895099717008e-01
5.570366842352374448e-01
4.249361952768335726e-01
5.917526162735542439e-01
4.076875782481617638e-01
-9.581690906110822137e-02
-2.249501566090308241e-02
-4.116159767577260743e-04
5.914242447914421774e-01
2.278299473331507619e-01
9.882843103934359219e-02
4.915274418227353337e-01
-6.742844923528903966e-02
-2.078985819025490067e-01
-1.116930443431146946e-01
-2.267941535892827043e-02
-1.865529570108706570e-01
2.056240417348716987e-01
-6.341764210202249785e-01
-6.713092584218377512e-02
2.963628784841571551e-01
2.651296797486615286e-01
6.623934276363587781e-01
-5.002624209309008974e-01
-4.572128602483713777e-01
2.066925462838751226e-01
5.419480982858022600e-01
6.720488668881960947e-01
-8.900039544851439111e-01
6.222480309495567186e-01
1.304275330289473289e-01
6.867229565172433547e-01
2.245877512414235777e-01
-5.681038389282524470e-01
1.344246966991196057e-01
5.514392770775338182e-01
-3.777236334713863618e-03
1.705632881172695903e-01
-6.953107575119216177e-02
5.470474113510162550e-02
1.965735985321992452e-01
7.318780871534689147e-01
3.452735690217615949e-01
1.350384192180805465e-01
-1.757401823953662345e-02
-2.674156895566384140e-01
-2.708497084817884093e-01
-5.431405440590563183e-01
4.786780264854553768e-01
-6.801198523247474481e-02
2.866687713641091761e-01
4.705103737800213626e-01
3.252336314861510765e-03
-9.876321227662726576e-02
-3.169663865272210473e-02
-4.894295499705897390e-02
1.445413210160057527e-01
5.386361439881588442e-01
2.531270900220868869e-01
7.282442892374410004e-01
7.599427487177536911e-01
2.737972923388060087e-01
3.934676357366021643e-02
4.214375538853631364e-01
-1.863410217800787194e-01
-2.339933946523489738e-01
2.953576650935438863e-01
7.399444439261408935e-01
-4.137945180398551748e-01
9.916235350644937718e-02
7.554132188072457676e-01
-6.431606922547924987e-02
1.999408876226419773e-01
2.446166646625122232e-01
3.493093564453054328e-02
-1.196771154350227268e-01
1.721143809271894476e-01
-3.868690973150585855e-01
-6.043896810042486134e-01
-2.134705098404891810e-02
2.855572896753674761e-01
4.132294787011876469e-01
3.364543612213382051e-01
1.766659817515141007e-01
1.875455324608988339e-01
-6.065801323763225783e-01
-6.776148270705520948e-01
-3.719052011791824097e-01
-2.499423100391998109e-02
5.103983984823384779e-01
-6.178326724536816750e-01
3.583761163309029940e-01
-4.909833544489982660e-01
-2.941240204919904483e-02
-3.518813009211526482e-02
2.590039467885117963e-01
-3.443919051152322663e-01
-3.845065983854621394e-01
-3.322194075320721307e-01
3.209473312672815881e-01
6.710744911848239846e-01
-3.982615746016232583e-01
6.194270426442779476e-01
4.868626954073512758e-01
3.927508173915041367e-01
1.501660446779374825e-01
-3.392935146515601574e-01
-2.022909142837172047e-01
3.495468205173963283e-01
5.477703492141108299e-01
4.214754500023616401e-01
-1.818837452408617883e-01
1.989879311431947684e-01
-1.425786379055459518e-01
-2.645580036450429495e-01
2.962101067840405277e-01
4.703698110946877842e-01
3.406676194361732968e-01
-3.354363874221854558e-01
3.153760666824228509e-01
1.316948486112456962e-01
3.497386694257516582e-01
-1.752077474910454513e-01
1.713025050991286435e-01
-6.570687497694685519e-02
-3.047266478052633176e-01
6.165776183308755432e-01
-1.370068745670235955e-01
-1.635368301203162233e-01
-3.663595464603762730e-01
-4.960909228514377989e-01
9.460488012790391199e-02
-3.625776683518166510e-01
-3.597769907010817669e-01
1.924522953163604888e-01
-2.910506271541591916e-01
3.982500310821515122e-01
