3.664136728095360174e-02
-1.123098593244546695e-02
-4.006552094747140580e-01
2.262393014136347968e-01
-2.016073268014623443e-01
2.281810837930303981e-01
-4.233722910964439479e-02
-5.289609320187048380e-02
-4.063959145724101996e-01
-9.932019808948258643e-02
-3.021053467240981671e-01
-4.840355144870497894e-02
4.779642144896588674e-01
-1.626472838752351935e-01
-6.297648658731425098e-02
5.359649132477492528e-02
9.255462973728453835e-02
-3.566680835832690688e-01
4.032626441588422761e-01
2.181103707084969257e-01
-6.526152167941329241e-02
4.530321306231911982e-01
3.754045411489060902e-01
-1.899172698647579871e-01
-2.314167438278558198e-02
-7.826714786499319731e-02
1.419311185326961877e-01
4.690130351760624094e-02
2.971036819608634527e-01
-1.730083356889914326e-01
-3.756481543521547617e-01
5.293283890575337658e-01
-1.283758753170695932e-01
2.034032737738665497e-01
2.164762714040325067e-02
-5.278494171275611713e-01
-2.767504975668360623e-01
1.137968641134390890e-01
-1.010702322179277413e-01
-5.139366497704624948e-01
1.828413553454021068e-02
3.161344849057448614e-01
2.180632998018323943e-01
5.993256972335011534e-01
-2.198828841642204435e-01
-1.985499822249480739e-01
-5.021897066782393670e-01
3.641483894114636577e-01
2.610463829076594133e-01
-3.183111065187310129e-01
-1.063831541099273109e-01
3.323339677986506535e-01
3.479679958178148735e-02
4.808300694194092562e-01
-3.410832618456730581e-01
-2.428708250997849150e-01
4.111897682013304078e-01
1.050524010582162132e-01
-1.829838167885794453e-01
-3.349844804523364195e-01
-5.544630255807949659e-01
-3.966632700500917208e-01
2.262783605832816014e-02
3.296018412250344976e-01
-1.714684121530187233e-01
-1.272300472982864639e-01
-5.471693696159389830e-01
6.282764431781974468e-02
-8.759619959015776947e-02
-6.713076380304336399e-02
5.005224812335036244e-01
-1.116389914122798838e-01
1.716167692709629489e-01
4.139065955973013633e-01
-1.030788163855644521e-02
1.823701844640004399e-01
-4.030975446994108924e-01
-6.093433001710750752e-01
3.890671256840682463e-02
5.251489467626531404e-02
-1.238444466042100053e-02
2.838762950505186455e-01
3.973926627869157624e-01
-2.234022395422080587e-01
-5.615254284938906437e-01
6.838545000216467162e-02
1.890571269465778081e-02
1.397274169876290273e-01
3.880048911432722875e-02
-2.559771490875663025e-01
2.016333019743653948e-02
-2.375430482290587231e-01
1.479351198069561724e-01
3.899059545211558397e-01
-3.654116384686831864e-01
-3.302597228154663944e-01
2.639717315495740402e-01
-1.381865956835211795e-01
-2.507466316319961197e-01
4.153337308455213872e-01
3.506730564632679070e-01
5.932483619907347877e-02
-1.698981382036186261e-01
2.371709301741644627e-01
2.294668970468433100e-01
-1.276366078329755349e-01
-3.009839413807697817e-01
1.871196364447244298e-01
1.244881639065893719e-01
-2.039482471374786110e-01
-2.202430355436905129e-01
4.175240912440738583e-01
3.371247726920342802e-01
-4.919341481003873806e-01
-1.108264311234668925e-01
-5.634323355102748287e-01
-3.037387463436868607e-01
-2.324697999903932999e-01
-9.884898566423432065e-03
-4.616717462929956772e-01
1.666892067207583206e-01
4.344930225211521835e-01
3.774338968550914886e-01
-4.286299955815913165e-01
6.501810570654148469e-01
1.209323518230835670e-01
-8.124588727337858640e-02
8.181338477256349107e-01
-2.624559578031011586e-01
-1.361125958612125764e-01
1.514450386983339225e-01
-1.434392753130958320e-01
-3.624941584409662743e-01
6.231180115021518473e-01
2.340854350221145963e-01
-2.877654525018180087e-01
1.257991515641629365e-01
4.101955750575118631e-01
-3.563612885064492697e-01
3.210503060638832951e-01
8.233551457358954939e-02
-2.809273239378443643e-01
2.646784407046195997e-01
-1.566569512418565235e-01
-3.380489216699403970e-02
-2.430532563984968142e-01
4.845535692238835956e-01
1.853230538746709205e-02
-3.602132801845575605e-01
4.003475404106000002e-01
-1.792973830163710203e-01
-4.098736548868626706e-01
5.226742341333932840e-02
8.436530581094613124e-02
9.376100525978837974e-02
-2.547227060084621408e-01
9.968920274220651433e-04
-6.369093082507863990e-01
-9.792322514529723521e-02
6.933149320826725859e-01
-4.714859534855375678e-01
7.146534579645624774e-02
-1.075635565413139427e-01
-3.429820730994894151e-01
4.976574120637962673e-01
-2.921518784370712996e-01
1.343750067353275957e-01
2.101023945029049586e-02
2.714778058444657360e-01
4.303766015982629645e-01
-1.505251293871937013e-01
-3.021195268233062281e-01
-4.858283646091540037e-02
-3.236663801480456348e-02
-4.324751831335352237e-02
1.067744813520720704e-01
-3.882405243730391864e-01
2.941372071892347506e-01
6.306228275655566540e-01
-1.158210366825050408e-01
-4.327967695900834522e-01
-6.826176171714428698e-01
-1.322225738224747649e-01
-2.406244803589762948e-01
-2.907199828425746091e-01
-7.456145978534500784e-02
1.579060802343719982e-01
-1.957668767861126535e-01
3.129701347881514994e-01
4.127290844100012235e-01
3.655971581166006512e-01
-2.370555227669445542e-01
-2.263669829863898808e-01
4.837099323294345998e-01
2.117907350555559842e-01
-2.336396117516965631e-01
1.446018972442586203e-01
1.376064653729166531e-01
2.262717790260369288e-01
3.828752669411960574e-01
-4.598759045195717210e-01
-1.095898337952751558e-02
-2.804999059603359712e-01
-3.697077996490381602e-01
-4.822252596418595827e-01
-2.692393575632964775e-01
1.552686679521118607e-01
-8.304477783354707876e-02
7.066734020949747563e-01
3.683274033020902949e-02
2.143687818663707334e-01
-2.065907024274858950e-01
-5.442421648674407031e-01
-1.785658292308305861e-01
5.798266637433570347e-02
-7.680028345977757409e-02
2.098502541110499053e-01
-1.978835961500376162e-02
-1.689511672411448950e-01
-1.597840845572981450e-01
3.966332258949712974e-01
-1.889058430315118664e-01
3.453778753743320939e-02
8.791322631134559917e-02
7.068246660722757313e-02
-3.404186053428917003e-01
-1.356141040811219001e-01
-5.095127675983359694e-01
4.818619836341488105e-02
-7.544150967799376772e-01
3.134790179164606005e-01
-5.221334347554985600e-01
-4.239301922743316520e-01
-3.759736529221283097e-01
-2.079276958054523394e-01
-5.081773968615920234e-01
3.391941068894087086e-01
1.583926806180300795e-01
1.712004484130145443e-01
-1.070060567251158445e-01
2.201964384457087698e-01
-6.829134743821324571e-02
1.231934390016217740e-01
4.357202059456457555e-01
-1.485081120305462021e-01
3.064807152256281420e-01
-5.817724091281366999e-02
5.034789574996284545e-01
-1.953481254604994277e-01
-1.892169607867887904e-01
-1.496877848846165926e-01
-6.752498582832988649e-02
-3.076246773784099831e-01
-1.282556331956056506e-01
-2.376029176892339168e-01
2.078615562882682455e-01
-4.718601049625009008e-02
5.446925032460371574e-02
-3.470049422136409767e-01
1.713207763816447238e-01
-3.272146599389181287e-01
1.270698154078840902e-01
3.352446223650764612e-01
-2.374468894405707721e-03
3.517963738750300440e-01
-6.803588324733843284e-02
-5.708533007150768945e-01
-8.800710287684260225e-02
6.717757640868391444e-01
-4.238802633841184248e-02
1.299301025512269725e-01
6.475479190678334884e-01
-3.076300300337561078e-01
-1.800722436121525438e-02
1.412543996456973594e-01
-8.055085467508590891e-02
-8.037206227412095894e-01
2.189877458360066018e-02
-7.303613121921233298e-02
-1.852041598758920327e-01
-3.936580998103980655e-02
8.068494520131236358e-02
2.044711069877994669e-01
-2.060282235241878424e-01
-1.220584172946541368e-01
6.373176928225895432e-01
-2.565253392186502834e-01
3.065127324047797752e-01
3.743372089235822431e-01
5.175013980622226173e-01
7.541085846309902863e-01
-1.986832201138619483e-02
-1.929713143438979150e-01
4.362737265620105775e-01
4.507382790571994868e-01
4.837150974216540278e-01
-5.682820896786457132e-02
-5.915252250935016942e-01
1.523080632835631214e-02
-1.014716957546145382e-01
3.489172710480130668e-01
-3.820710493495425575e-01
1.409534653952693728e-01
-3.644918756138397775e-01
-2.297902144745853359e-01
1.380936667494711556e-01
-1.022845322369066862e-02
-2.611064742234996405e-01
-3.308811051732554187e-01
-5.266820852909216422e-01
-1.933461520935757516e-01
-7.370061661790454355e-02
-3.538543778931488304e-01
-4.675302302738544302e-01
-2.489953969736976025e-01
-8.726826124796945028e-02
-3.493226832315904015e-03
6.244968396451311410e-01
4.866080731070576149e-01
-8.599171433381185004e-02
3.129800483739946793e-01
-3.003726819945880255e-02
6.475860903127207413e-01
-1.188764725754238444e-01
-4.599185578093509946e-02
-2.319798412270917543e-01
-7.280708433702616222e-01
-2.187869185713025577e-01
-4.348414694248477486e-01
1.197381007422802512e-01
-3.305531476794056345e-01
9.376064438794269595e-02
-4.017802098445403813e-01
3.231866783685097277e-02
-2.766461568151658001e-01
2.554988189020447331e-01
1.328334333915455988e-02
5.062775541152561010e-01
5.808097012422672178e-02
-2.049567320121309932e-01
-3.409491168658749793e-01
-1.732880980643925761e-01
2.082058708520675983e-01
5.730148130710992493e-01
2.171379517466487385e-01
1.244214005579921505e-02
-4.630604691943523976e-01
-1.036647195846952807e-02
-2.948449496685655591e-01
2.413546197743614286e-02
2.320281021304622660e-01
-4.145422633323063433e-02
-1.701380342757037312e-01
-1.077556348648132795e-01
-1.893909675464358344e-01
2.424607013633230113e-01
6.394573777384570112e-01
-5.761424682692725674e-02
-7.152424599661221238e-01
1.977057634265020486e-02
-3.187787845315623869e-01
1.812090209790739870e-02
-1.908793848232638868e-01
2.722723307558782002e-01
-4.261657703271609643e-01
5.298131033755880681e-01
-1.735577762716795092e-01
9.508681252902893843e-02
5.570670045003506266e-01
3.398552944379366197e-02
-2.018503750537820329e-01
7.670816860226789546e-02
1.865828665967311784e-02
-3.111322792698670847e-01
1.247522445994941470e-01
4.193202932208074940e-01
-1.164597940519267599e-01
2.464127505540491536e-01
-6.274226358136102133e-02
-3.076135804848426636e-01
-3.650037987942827966e-01
-2.472274111905221616e-01
-3.392659573089397140e-01
-2.796931779249410277e-01
-1.186277952797406277e-01
-1.214741520190189272e-01
-2.148817327798288601e-01
-8.141142061255575435e-02
-1.614608110499219096e-01
2.140042864317619198e-02
-5.122823462390398985e-01
-1.742430353007622390e-01
-7.956575060816203915e-02
2.139222792717856980e-01
3.929297842784144901e-02
-1.653419107926250575e-01
-3.396518977746056933e-01
-6.698654959522941654e-01
-3.400768004375429032e-03
4.127915527469983581e-01
-2.537885371087765796e-01
-2.875352668166963332e-01
1.913756149705117260e-01
-2.481183219335812984e-01
4.846076379108152365e-01
1.599040314856683132e-01
5.115148136273328650e-01
-1.271037844895107072e-01
1.103122691322408061e-01
-1.511549508366655525e-01
2.968664262848110802e-01
1.011058459828823308e-01
2.017542613504852977e-01
6.180880163494448937e-02
1.839179380745292192e-01
6.061405401692014916e-01
-2.082773204611898799e-01
-2.285938221096691647e-01
4.071595968427428880e-01
-3.287864555807865075e-01
-1.823510162632103679e-02
-3.103456913269763140e-01
3.964798504896739906e-01
2.711191887408139767e-01
1.549245229344544950e-01
-4.488586697925947000e-01
5.819433945913550232e-01
-9.045261676309673815e-02
-4.914414113052064659e-01
2.687461294536962475e-01
2.320982723230512468e-01
-5.834485416871884045e-01
-3.501435083587222663e-01
-2.948072079362081266e-01
8.373577080647263970e-02
-6.551915579992984018e-01
-2.811344691819404190e-02
-5.210540987236759181e-01
-2.607475323268645395e-01
3.287645310311134716e-01
-2.769059231743351557e-01
4.418925556700695201e-01
-1.080067166375385801e-01
-1.468771386873712337e-01
6.460168725588108507e-02
3.517306728852324232e-02
6.481582357728959964e-01
7.379495024527532587e-02
6.855393945166673442e-01
1.884023814553871801e-01
5.366570178147995335e-02
4.304740273603361311e-01
-2.707369707716168472e-01
-3.546713035657100277e-01
7.122099253140597164e-02
-3.225692343921992555e-01
2.984964743944200638e-01
5.828389180633331002e-01
2.968387736344676453e-01
3.731421576212480828e-01
3.341957888933816401e-02
-1.733776429793502660e-01
7.342778057243143364e-01
5.385440413829442052e-01
-1.926727161727044835e-01
2.202301277817223513e-01
-9.290931260898988020e-02
-3.018320360495331256e-01
2.809143575451926098e-02
-5.086163532520625585e-01
4.269220089116916306e-01
1.797451171487293442e-01
1.814971300760571116e-01
-3.766804259144237998e-01
-5.300746041704519629e-02
1.010532332212082246e-01
-4.397419408947286223e-01
-1.230028687178052471e-01
-3.320997236707979861e-01
-6.676761483484230375e-01
2.916806260294367847e-01
1.588439167045218592e-01
-4.114664465405112326e-01
4.422835558943473133e-01
2.876525929228540002e-01
-3.180825382538907120e-01
2.276837929398174698e-01
-6.665706793562437005e-02
9.670197574410208802e-05
-1.812038782933634018e-01
-7.915014013118408520e-02
2.802734694923153524e-01
3.965747997220835375e-01
2.903434515070997257e-01
1.407374540335224467e-01
1.519433604132399973e-01
-4.469209130288336329e-01
-3.168802698686943864e-01
3.289303406488824910e-02
1.242936514068707782e-01
5.051811526729166335e-01
-2.937796213108926913e-01
-2.779466512971835446e-01
5.505468897041289056e-01
-1.107743669727198482e-01
-5.510707561173385782e-01
-3.108386274450775089e-01
-2.492862565672509523e-01
-1.823688504684436440e-01
3.488558936869539107e-01
-6.920797236590181534e-02
3.362472956341925889e-01
5.014587417171871842e-01
-1.391254462911173558e-02
1.231386907544067266e-01
-4.061240267006360760e-01
3.201944045696123453e-01
2.541171984295996222e-01
-3.179335293611698088e-01
-2.665936084796213246e-01
8.522438770724412305e-02
3.071975156718126376e-01
3.684640549231203988e-01
2.580413300568911161e-01
-1.752073212736393257e-02
5.930997877094500437e-01
1.169717358420196696e-01
2.470886844715298736e-01
2.529681577576264329e-01
-1.771355006997133719e-01
2.651706497586890920e-01
2.164039097174180470e-01
-3.105072279092109255e-01
1.793050667111615315e-01
-4.640048204027046874e-01
2.588577222809375356e-02
4.030204281329969884e-01
1.798707313926567464e-01
-2.383489824703580173e-01
4.405806863184141275e-01
-1.261543772934095586e-01
5.978055399344607279e-01
3.698182475904863709e-01
1.400058074966523472e-02
-2.683468874110989111e-01
-4.730925209300770873e-02
7.506317019023476256e-01
2.782718579144061177e-01
-1.607731443348365541e-01
-4.672748738990041284e-01
2.724563049939359577e-02
4.259795560993107078e-01
5.194046327874144442e-01
3.633798876856794702e-01
1.501038799972298221e-01
-1.745311753520488451e-02
4.751433966939771353e-02
-4.634923264525950826e-01
-1.112521488729112523e-01
3.437398538802410863e-01
4.758436923379851663e-02
4.593516392424300265e-04
8.607870824848859459e-02
-1.843473548467210454e-01
5.731359806236440146e-01
2.028218761215994925e-01
-1.550313161353298816e-02
4.476663427995070665e-01
3.702099920946315681e-01
5.843039494533064371e-01
-4.234994348259909502e-01
2.568014027941523669e-01
4.476025282750756284e-01
1.769847960997763814e-01
4.758398437637574238e-03
-3.720881734949363362e-02
-5.525879964703937774e-02
4.991580790353715713e-01
1.957300794909058173e-01
5.873211588205394518e-02
-6.335170707600423778e-02
2.925533077230334511e-01
4.090330669363577698e-01
9.930051394024178024e-02
2.137236790549649768e-01
4.701821264564944314e-01
1.530447680395587984e-01
2.289470230217464652e-01
-3.647618853271488715e-01
8.004268600913949649e-02
-2.211279776541679731e-01
-9.361397701384520376e-02
-3.931471769289131002e-01
1.305411286431813200e-01
-2.744523189099943861e-01
2.037778659692566011e-02
-4.141347814097444680e-01
-3.224191805681574929e-01
1.333145615195117650e-01
-3.159950063194773007e-01
3.921896544276961549e-01
7.146598266899979457e-01
-1.626276478419954874e-01
4.540814231612354535e-01
-1.754533233027807393e-01
1.528828620689069995e-01
-5.783653267455839131e-02
-4.836937140132928636e-01
-2.848019833624387265e-01
-3.655559951401695651e-01
-1.016579681030349708e-01
3.167668015770849221e-01
1.148718700912482737e-01
-1.813281138696871686e-01
3.540410149600053957e-01
-1.954798187578123403e-01
-2.906248381626918009e-01
3.533481403790180164e-01
1.586210634719773527e-01
2.290778468931499445e-01
-1.229196560026178386e-01
-8.726862386382613912e-02
-3.685996493894931891e-01
-1.538049856353672362e-01
2.568789413957866530e-01
1.236630387357683381e-01
-1.747560398168269413e-01
-2.259104146560949877e-01
8.891868387577361865e-02
6.436677306516219721e-01
4.932173245800173800e-01
2.323851077015834932e-01
-1.222818107044642694e-01
5.561759031944470966e-01
-7.600093285040787627e-02
-5.152476183180412228e-01
3.852354392883041156e-01
2.123809327127926250e-01
-7.782803104446586184e-01
4.791417780348474209e-01
1.667709068900319336e-01
-1.395943934514246032e-01
-2.574315998566715225e-01
-3.433270518183777487e-01
-4.187165862407403738e-01
-3.789169824716749346e-01
7.119356609755603249e-02
1.760718385605012370e-01
-2.360055200641211215e-01
7.053908695140521934e-02
-4.662018248059390801e-01
-1.035148608557525003e-02
2.067091641826976633e-01
-3.724002739904473391e-01
1.698020289033354835e-01
-2.006928727643472465e-01
8.671162422781703016e-02
-4.373040778927801686e-02
-2.631643795839968547e-01
5.998172200503984475e-02
3.735624767076704544e-01
3.572615536966787242e-01
-2.363294714665131746e-01
-1.357236192189139046e-01
1.379580274461624234e-01
-5.267857408803777730e-01
-1.081194726373566339e-01
2.345706422478253950e-01
1.824044138687839767e-01
-3.218539397198899588e-01
1.253593463642860284e-01
5.445640812998566727e-01
8.533375103761977609e-01
7.163142972456499821e-03
-4.734305905884613197e-01
3.987093690803975576e-01
-1.951265762015229888e-01
-4.772365754870678822e-01
-5.245511120494631557e-02
-2.276236378164568641e-01
4.398905494327664534e-01
-2.316212773460020469e-01
5.107726603808337984e-02
-5.730577059295324793e-02
-2.122842276332329581e-01
3.012871625968011058e-01
-2.653567185395923622e-01
2.940155919829013365e-01
1.104411695133265814e-02
2.174002915996167129e-01
3.941953320134586325e-02
5.638727146626083819e-02
2.036791122881432270e-01
-4.228970734721500535e-01
-2.167873829939664654e-01
1.761372407034158538e-01
1.058854328076864193e-01
-1.131197122682260081e-01
2.019275848621711056e-01
-3.417664333943178367e-01
1.438976734699310422e-01
8.056297554949883033e-02
1.248936183412416995e-01
2.672621730011340846e-01
-4.597818087862665104e-01
5.655574378736429875e-01
-2.788459309316741047e-02
2.769445090387205877e-01
-3.462624504578815099e-01
6.833719752172566775e-01
3.810608056476877392e-01
4.643586035071232132e-01
1.218161661395557871e-01
2.654996966275540160e-01
-8.702469983026416001e-02
3.010337616393602977e-01
-4.726794995107280739e-01
-5.021088632648492700e-01
3.555585149761912866e-01
1.817535060246961431e-01
2.068947581994429463e-01
3.307552237146245411e-02
-2.229607229906870047e-02
3.913268787522077297e-01
-3.739432975337841913e-02
-4.548636857169984227e-01
-6.702375264509477515e-02
3.286419248919521530e-01
4.840371025331326182e-02
1.334793044963214492e-01
-7.036048044002526369e-01
2.375637870793771700e-02
-5.556020909764738391e-01
-1.155590080738207598e-01
-2.647714914135481101e-01
7.157098884008731288e-01
5.828677837592970423e-01
-3.362079945146724258e-01
-2.861184783759461725e-01
-2.003018600355116752e-01
6.152511735346653798e-02
2.807253041817587280e-01
7.770975205230068461e-01
-7.865781899369098662e-01
-2.057788476243479214e-01
-3.229109990225781379e-01
3.148781677947150026e-01
8.279496082990545069e-02
1.860467319913155365e-02
-1.114390390488780164e-01
-3.522325937436870252e-02
-3.463013115039236672e-02
2.644267236272143107e-01
-3.429497644783950361e-01
1.402730667526205788e-02
2.335946502888855414e-01
-3.623955292605525735e-01
-3.891663709045429798e-01
3.716973032789114839e-01
-5.975657180392246470e-01
-2.068715436198616531e-01
-1.029208067222198569e-01
-1.485316604656527484e-01
2.906868179131659180e-01
1.376191514924629822e-01
1.304852315277223729e-01
-1.107441164951744050e-01
-7.364942820144834701e-02
2.039425255656589775e-01
-4.654986464773909483e-02
-2.247340603673251003e-01
2.119376117975888540e-01
5.013794090792307312e-01
6.010666992614063231e-01
4.497666994627671500e-01
-5.771506485349514604e-02
2.669317069270118331e-02
3.611536361218053992e-01
-6.641787886309833411e-01
-5.301733688916587806e-02
-6.645496211669284226e-02
5.239533645719607335e-01
-5.948063209100733495e-01
6.544510533131461250e-01
1.932190050278177196e-01
-4.037071651774791492e-02
7.186393140557784109e-02
-3.937044036139848990e-01
-8.019609939310277102e-01
5.086043956391340659e-01
-1.105043218565771312e-01
4.227769730716017804e-01
3.003731769714866329e-01
-1.461096231385824312e-02
-3.436075788234828066e-01
-2.109754336668326902e-01
6.613388318091091289e-01
-1.240913900957113791e-01
-2.534333166591667963e-01
3.384047369001831340e-01
-1.345365761788748782e-01
1.920004964360327027e-01
-1.340135009871944727e-01
5.392326429114462361e-01
-5.128918857088055061e-02
1.453638902227561980e-01
-9.813170049453487365e-02
5.244282861085216574e-01
1.630009847310638915e-01
2.668018546801483870e-01
2.190586678260896814e-01
-7.477410086912673892e-02
4.304421354988811621e-01
4.148536198959380805e-02
2.494211332759359856e-01
2.599144908730205428e-01
-1.378667794459992046e-01
-4.795139448356576795e-01
-1.886394995758159943e-01
-1.710621758106657675e-01
1.450206652025679277e-01
4.110409774065826860e-01
2.342105948671764915e-01
-5.610254145809402404e-01
-1.622781681610938331e-01
1.778714210437955245e-01
-5.816615274200713781e-01
1.493569172309959225e-01
-6.867680452260391810e-01
1.864562875259997976e-01
-4.735090207033664650e-02
-2.691598828894187778e-01
-2.142703323740004218e-01
5.461300484841505321e-02
8.610500277282728820e-02
-7.695926232788335986e-03
1.023417174683460273e-01
2.226542718886227457e-01
-1.322105225301498654e-01
2.841757062136108791e-01
-3.476075259423354047e-01
-4.539758401721318282e-01
-2.207718843017617005e-02
-1.680307300504869927e-01
6.241613131439430751e-01
-2.567966146643465009e-01
-2.693931764811956509e-01
2.724371478170346528e-01
9.162936810811500576e-02
-1.031982156269387330e-01
-3.248874987398741032e-01
2.272487689205579808e-01
1.550116985202993902e-01
-5.551519182667212782e-01
-4.638465784289822480e-01
-3.581242996743279061e-01
1.622768931445582874e-01
-1.579340825250211411e-01
5.151789276683775565e-02
-2.948231802082304509e-01
-5.314842524215132036e-01
1.534223689167871496e-01
-1.891312039712517157e-01
-1.294995417067231480e-01
1.491651036097008665e-01
5.483501239086787521e-02
1.662450075139208783e-01
-5.436481624640087107e-01
2.763670113049225829e-01
9.222171010405268154e-02
-2.144510401620286499e-01
5.570565159552834933e-01
-2.856695266334416949e-01
2.877990527477042315e-01
2.943030795240061392e-01
-4.935594994783821382e-02
-1.584673942482855424e-01
1.991755099385270067e-01
4.809479270515089055e-01
5.580354244593168506e-02
-2.353518885090959967e-01
-3.846984562641516114e-01
-5.053114392743211780e-02
-3.916094591781487111e-01
2.556494811200746287e-01
-2.265170138608259831e-01
-2.694933898241254622e-01
3.473651300123882235e-01
4.428747239330101948e-01
-8.511672391117192094e-02
2.217825649938335794e-02
3.986788432761785295e-01
-1.523229891212647957e-01
1.921074572449345541e-01
3.776633218824865801e-01
-2.044214920384910816e-01
3.666996772394699455e-01
-1.321445189278225296e-01
-2.693928575898957845e-01
1.775919375313690651e-03
-5.273127921731688428e-01
-6.108246444998349095e-02
2.261722273857523224e-01
2.873844599145436440e-01
3.024753074333312308e-01
-3.099848862178053444e-01
3.022306114709229496e-01
-3.332864044999270803e-01
-1.707931283852423265e-01
-8.906260615870716102e-02
-3.546629626647389011e-01
-4.862927631338374579e-01
6.184216037176194086e-02
6.962600198559815157e-01
-9.060254522169403080e-02
-1.632749445283760911e-02
2.215968277654488117e-01
4.488292383511997830e-03
4.790954408180775337e-02
1.766521901250597271e-01
-1.102872653799638059e-01
7.325767699510482567e-02
-1.645966556838626138e-01
6.233076204960770195e-01
2.707208743946493690e-01
1.288031430711996939e-01
9.273846703084911991e-02
3.146709404943617838e-01
-9.047264223537448968e-02
1.760121715464460501e-01
-4.995353282264064498e-01
1.228522452878238608e-01
1.610788237484905849e-01
-5.515866768814924326e-01
1.024227511418258629e-01
-2.173406610620330637e-01
-5.212957639276299959e-01
2.229316498266000202e-01
-1.594541243471213343e-02
6.188147405532021944e-02
5.325319757311429703e-01
2.110954675722703094e-02
-3.430218077597609327e-01
1.428006539444180434e-01
-3.188929132759555363e-01
-1.143361534943952429e-01
4.189812312812345174e-02
-5.593962496404224910e-02
2.168994639821725801e-01
4.574796725379549622e-01
-2.678556027094016745e-01
2.117098070148210054e-01
-8.445881395227118615e-02
2.040720805590780784e-01
5.633301732378063198e-01
3.753895596599194917e-01
-2.701980788332354333e-01
-6.640494348728016583e-01
-2.500899255232443830e-01
-1.828828686529526681e-01
-2.079542378382471385e-03
-8.102502139821725347e-02
-1.881169555614484179e-01
6.413859974964636335e-02
-4.089689067706771541e-01
3.432951573167409842e-01
-1.546770635777055813e-01
6.122279041663099969e-02
2.621048890842940793e-01
7.697387580817301178e-02
5.218669583154641467e-01
-1.615130289147334586e-01
-5.250793474354266133e-01
-7.041024277595477054e-02
3.014348720397190817e-01
8.510070188008476977e-02
1.619700779036344421e-02
2.492821760843554613e-01
-7.285493812559944438e-01
3.347309446621796747e-01
1.473137667077920876e-01
2.998029480809232816e-01
-7.144757040359203670e-02
9.622661573437318872e-02
5.287166136572081232e-01
3.404982018226070384e-01
2.418515351222452203e-01
2.880015932331578266e-01
-1.439239246047254728e-01
4.784843091922243163e-02
1.668501578130671681e-01
1.778746426473001574e-01
-2.037061697527974835e-01
3.286005374910933585e-01
-9.494455390729990285e-02
2.499371672283151602e-01
-7.335430228471386815e-01
2.775143767741949929e-01
-2.202690807095624981e-01
-1.383805714539746989e-01
1.753135786489312675e-01
-1.446862502924959326e-01
4.615080662799659478e-03
2.844328751942056810e-01
2.537186848637731917e-01
-4.525609363620468617e-01
5.588483894545839131e-02
-2.915041153423849618e-01
6.371178944240454833e-02
1.743467972617261108e-01
7.254785560297545566e-02
-2.587281598768036428e-01
-3.495732540981866254e-01
1.061451423278441386e-01
5.507380565374031534e-02
-7.224548467151822306e-01
3.302968096809585363e-01
-4.031467272824247883e-01
4.052928390572319017e-02
3.621490758865028581e-01
4.919409956197878103e-02
3.731440831223983845e-01
-6.631072165673942420e-01
-1.266654174812076872e-01
-6.767133290315922034e-01
-4.966613421687184893e-01
6.825232140972079531e-01
3.823276728594806606e-01
2.673492098602472944e-01
-2.037875543720889804e-01
5.203046606889749626e-01
1.094453444825265603e-02
-1.551266585763853567e-01
4.784832282622846211e-01
5.399652221500975124e-02
-2.596413751172528817e-01
-1.720609714875075968e-01
-2.874134598350124858e-01
1.159247116009932965e-01
-4.444157108508916543e-01
-4.260962304064946360e-01
1.763372972532027683e-01
-3.406300887228698726e-01
2.195188258283648775e-01
6.170446565741019018e-01
1.326291433001477171e-01
-2.604158445130500543e-01
-2.295368083079649124e-01
-5.907557299625632030e-01
-6.399963273483555426e-01
2.632972357984383546e-02
-4.920999772284317397e-01
-1.653039775052433935e-01
4.271567340318523920e-01
5.727844009536854353e-01
-5.909823489300911614e-01
-1.059515352950053946e-01
1.088120690160000043e-02
4.701780595517789374e-01
1.197841432488925828e-01
-1.394604041125345473e-01
6.321090623098318817e-02
-3.555806146530263723e-01
3.121414729478355632e-01
3.979924362776006141e-01
4.764226622301525049e-01
-5.426509982129574805e-01
-5.979085509024482242e-02
-1.486223516595321960e-02
-8.123649779157067485e-02
2.957927776492912386e-01
4.120815737014313362e-01
1.495772557332026020e-01
2.429202304610041940e-01
2.221222741427434644e-01
-2.541462020260850108e-01
-2.819705171377802078e-01
3.702251229925745957e-01
-6.873268991104406478e-01
-7.509342909382346609e-02
6.428232598085599492e-02
-1.840633181379347783e-01
-5.103465500663340038e-02
-2.137736317266427655e-01
5.634934037797048045e-01
3.909341203602423875e-01
2.636865629075949569e-01
2.027443177636904237e-01
3.629584498577205498e-02
-4.581744671757596032e-01
2.822707042228415897e-02
-2.285106035614119790e-01
5.010021146788770086e-01
-1.091075124585192679e-01
-2.126143197186269179e-02
5.126855900873372729e-01
5.685745072060965216e-02
-6.965789559801345288e-01
-1.547158684200762302e-01
3.861561629975335252e-01
8.663471109456484520e-02
-1.335843333810144695e-01
-8.440998126164737936e-02
-3.144556081637686629e-02
4.324096117571205600e-01
4.716446662109506915e-01
3.151302096179589007e-01
-2.424908196443280872e-01
-3.119367368378441960e-02
-3.519005282202983809e-01
-3.331056710650595609e-01
-1.180713490872358079e-01
5.937446124361030197e-02
-8.075001328421027580e-01
-2.776130652534646304e-01
-4.189880609017191948e-01
1.688617413615866314e-01
2.938780551258752816e-01
2.202283728978035593e-01
2.687704224765331551e-01
-3.260470834471460022e-01
-4.669264707382227431e-01
-5.427536815481645016e-01
5.445451894565035700e-02
-3.017890542248332642e-01
-1.921064220873239803e-01
-9.331545381043351850e-02
8.693763506934651386e-02
-3.165745663511368435e-01
-2.147159557665099527e-01
3.369441601440041345e-01
-2.327867952727007417e-01
6.201585627926402278e-02
4.205083840620161273e-01
-4.363146760437744409e-01
-5.105970650405229350e-01
-2.464219672284239104e-01
-1.158973793561369758e-01
-4.532472409272892966e-01
2.985388520190819239e-01
-4.518553818416261580e-01
9.985688243440919709e-02
6.222755603243885353e-02
2.795840711222178365e-01
-2.371093842463882495e-01
2.272610386502956631e-02
5.312554794920151813e-02
-1.409334007525119559e-01
-5.005288796770519105e-02
-6.554305090107453990e-01
-1.015733846703099214e-02
3.129979839111388801e-02
-3.799680670535355853e-01
5.616503364846539004e-01
1.974298715881515065e-01
2.062557461274092951e-01
-1.211380589215177161e-01
3.380511679354314403e-02
8.122590801737052113e-02
-3.351797235431966948e-01
-1.628030932149097110e-01
2.076398453552265599e-01
5.065735539583098301e-01
-4.054944808196552786e-01
5.166592003886870677e-01
3.045142213776415030e-01
1.733221403559272455e-01
2.560778535164722203e-01
1.698897043421713493e-01
-1.459747661727758272e-01
-5.128490171774422457e-01
-6.518465249351505786e-02
5.705624153211313193e-02
-1.160685998937892038e-01
1.665978907323165809e-02
-4.083847658894095012e-02
7.652815765870136788e-01
5.637818436424992807e-01
-5.343182526990432057e-01
-2.825132989363268177e-01
3.675850862041579042e-02
3.120168706849157231e-02
1.375615106726006676e-01
1.446454580552379854e-01
4.286022526343070127e-01
-1.171723840889046381e-01
-4.749061810996100808e-01
-2.629395178792873211e-01
1.228593334181113106e-01
2.591299382692345832e-01
-4.441313016496735155e-01
-3.534453008622039927e-01
-1.320875318456952718e-01
-2.941055412323884122e-02
-5.434420490098968992e-01
-7.719920894749222606e-01
6.445772038152730588e-01
7.493967166628504040e-02
-2.633231222574609204e-02
-3.721887759001762386e-01
2.988413069681046808e-01
-3.464203580159244678e-02
2.875687369893220602e-01
-3.652065431846739929e-01
2.249061898898590262e-01
-1.860653792025416253e-01
4.283481987680236580e-01
-1.398973124824825220e-01
6.322593456335057205e-02
6.391628406538244489e-01
-1.202023077082988167e-01
-2.387024800186194617e-01
4.287042436904210940e-01
5.061463513071811082e-01
-5.904537179972697836e-02
-2.580734936378039079e-01
-1.607515101913583322e-01
3.582562265433286153e-01
-5.120699013426275314e-01
1.528069474877661871e-01
-6.961937624132611413e-01
-5.591389425526365198e-01
-1.418808700966493475e-01
1.863631088598147190e-01
-8.322682830510642893e-02
-1.707821372727784393e-01
-1.484585641392943689e-01
-1.760196950693199702e-01
2.941902083823235703e-01
-5.238866422380928922e-01
2.364024974259011300e-02
-1.011784248354834492e-01
-7.135960022649819046e-02
-1.886413826653021153e-01
5.555160990366425633e-01
1.495450877160626468e-01
-1.094940418171879981e-01
2.677038103316160822e-02
3.600990693976226509e-01
-2.927737860826270522e-01
-3.906678164844278323e-01
-5.593757579370516042e-02
1.422795281717111893e-01
-6.340789516028753070e-01
7.424638601612693067e-01
2.303809743681191347e-01
1.106611444203830785e-01
8.554563671974091399e-02
2.390004429111047823e-01
6.163302150278966440e-01
-2.082334031128380697e-02
-1.132075861238541481e-01
4.404136639599320335e-01
1.780569122578486430e-01
-1.993327999430900832e-01
1.607197061306418068e-02
7.373679217558451460e-02
1.553466285494852495e-01
3.761101104170092579e-01
2.392226877781604977e-01
-7.446446062181665271e-01
1.689960523240068291e-01
-5.614143180693774715e-01
-2.174068256664457577e-02
4.236583391597469883e-01
-7.996131526363889352e-02
-1.317679343798569269e-01
-1.770917650102759033e-01
-6.056882911120358565e-02
-4.801294038311441081e-01
4.419717328369948128e-01
-1.090432401662833062e-01
-4.508552767636319070e-01
3.082021830796432549e-01
5.161858074539496521e-02
4.740860990201395397e-01
5.496392188644667193e-02
-7.562240298581522635e-02
3.306667904368566502e-01
-1.965880685140492523e-01
-4.330101458740931997e-01
1.010508107207049033e-01
2.297378947242655900e-01
-1.074476412079831689e-01
6.120158277320121298e-01
-4.969745296517623645e-01
4.260031841333758451e-01
-4.146025187053609812e-03
1.288008914887221745e-01
-7.740398330373390000e-03
1.774779493682331066e-01
-1.669254591158272349e-01
4.609930515702321818e-01
-2.478321619896802497e-01
3.357806515179518336e-01
-5.395799175948088333e-01
-2.692282230495729456e-01
5.092864812900251836e-01
1.813488508824317724e-01
-1.314277297645285308e-02
2.118595861636148048e-01
4.664228467566041147e-01
-5.881211180044028097e-01
7.175109246937791396e-02
-7.267644308653026242e-02
-3.191393625541353307e-01
2.375639429950038017e-01
6.829502344474562836e-01
4.155259207565304425e-01
-6.641010104336428910e-01
1.048191486243776060e-01
6.013040238051166331e-02
1.012035794310636172e-01
3.458902238091459136e-01
3.377921987658250025e-01
-1.643785582685629854e-01
3.147173117022342703e-01
1.311842479142856788e-01
-2.979334339274525290e-01
3.047973021937327651e-02
2.480677103176902043e-01
2.687189290436118316e-01
-1.724401200026420833e-01
-4.146773741491376342e-01
-3.186176025696325909e-02
-5.153988090596753335e-02
-7.087086403945300761e-01
1.228275335413951536e-01
-1.204486223606353462e-01
2.865775650991069651e-02
5.423643098132534535e-01
-2.279244292535510252e-01
5.287356418471789166e-01
2.607893130706510632e-01
-1.263113616600519684e-01
-9.755799611455595252e-03
-2.788962164503390184e-01
-2.217425974291028501e-01
-2.372628079237968854e-02
2.952090865792812435e-01
-3.620202559935021824e-01
4.291012389106219072e-01
-3.263784108960539054e-01
-7.635317072551591755e-01
-7.857560665847650450e-01
3.268475824137492824e-01
-3.050833267778249036e-01
-1.418566949052574300e-02
1.647918644028817658e-01
-6.082425374616196034e-01
3.806620283944673888e-01
-5.406263819980279273e-01
-2.263348627233482263e-02
-7.416907669317353013e-01
2.842842289009734347e-01
-3.067023282767841197e-01
3.433782831043604572e-02
5.029961911922524731e-01
9.296828876642651562e-02
9.324223247522663016e-02
-2.761644490310542488e-01
1.162547485155232957e-01
1.491477329031335175e-01
-1.591582331713219112e-01
3.032609676294491935e-02
3.643739382632421031e-01
5.463672489834328072e-01
3.213644135912377409e-02
1.639968304085994213e-02
4.896938139834682013e-03
3.274359321501770226e-01
-1.175301836013207951e-01
5.340442245286155520e-01
4.107757218045308134e-01
3.285065787910671498e-01
2.865916147767444966e-01
-1.420602061657151305e-01
-1.792388286272894940e-03
4.616853378049093903e-01
3.801891052458230558e-01
3.736714695632995520e-01
5.376581466988693547e-01
8.234383224340807717e-01
-5.124037790343883847e-01
1.893723798723344690e-02
6.932229872434920726e-01
4.404024869394650987e-01
-6.408951505230309209e-01
2.067200813011237925e-01
3.806372922945180370e-01
8.236896688126370270e-02
8.423609886812850889e-02
-2.006011444990663667e-02
-3.265913000661724297e-01
-1.094726002363868717e-01
-3.494562439063117476e-02
3.983914340094308892e-01
1.979180597785338280e-01
3.011879105192136197e-01
-2.352800807374159642e-01
6.718758981910351036e-01
-2.087377525793362998e-01
2.203410240545618515e-01
7.538416128678147032e-01
-2.641164921341547789e-01
3.555694766890418745e-01
-1.104242081078903454e-01
3.282089573083304956e-01
-6.491747504326288165e-03
-5.212431255318524664e-02
2.889043066985132469e-01
-4.596082696309523596e-01
-4.537122673455302180e-01
-4.605371549822298016e-01
-1.705190746712216543e-02
-3.727195278227959374e-01
-1.763437112037909149e-02
-1.731785924426295087e-01
2.275364212369455630e-01
-2.462054375692658281e-01
-4.862196223447330379e-01
1.061397201707190568e-01
-7.732494741854931686e-01
1.389967253701201721e-01
-3.983714364888598092e-01
1.596275842778944187e-01
3.118264338859187967e-01
-3.521419640315003319e-01
3.841106602474862464e-01
3.553331696932130468e-01
1.663147985610606561e-01
-6.007674016686255850e-03
1.770462254248805212e-01
8.898692974507987907e-02
1.736333978333877773e-02
-1.747817491441624738e-01
5.614191625503201638e-02
-3.617428708239865398e-01
2.470617516696200500e-01
1.906863102127369369e-01
-3.832305760183743470e-02
-2.371251415637968818e-01
2.652409781797354822e-05
2.229734124668793227e-01
3.514656852812913512e-01
1.109242640990346640e-01
-4.744664367761324275e-01
1.283250730738021705e-01
2.512762786270207327e-01
3.129074456866401954e-01
-2.131669043213552106e-01
-1.079697056694658847e-01
4.907136890159201625e-01
3.172191836143707366e-01
4.069266628290309218e-02
-1.880883262730446703e-01
-6.691053650508925754e-01
5.425094846957720929e-01
-2.959961444472991032e-01
-2.356691659055572541e-01
-5.660686034649226039e-01
-7.698276989013621563e-01
1.206865023128589065e-01
-1.594642991047175440e-01
3.245183641418005749e-01
1.998870579834401973e-01
-3.519210197597603673e-01
2.425650754914964458e-01
6.470303054301124179e-01
3.143340611118929928e-01
-2.141704776003897082e-01
-3.495661781864807804e-01
-5.008610688022684110e-02
-7.234207017787548655e-03
3.797813283537376239e-01
1.312569974883463775e-01
-3.130609743686677549e-01
-2.210930270318520532e-02
-2.186704094424228584e-01
-4.037272022265424587e-01
9.252423487088939913e-02
-2.664011031661585038e-01
6.655307224137251287e-01
2.115446345992307020e-01
1.800465270511968641e-01
-3.150266814184293218e-01
-3.339626318044244258e-01
-1.416141336193926792e-01
1.144529687757859515e-01
-4.423259418878203730e-01
-8.105320213503169891e-02
2.303098161340244310e-01
-4.504320559458579454e-01
-3.995197765932240186e-01
9.421460744643203600e-02
-2.630104215661263622e-02
-2.401260211786697130e-01
5.116006136914820202e-01
1.050830104785119151e-01
-5.038441442292230787e-01
-1.941799818082426965e-01
-3.847671254125563101e-01
1.774161242904837010e-01
-8.780357541792768727e-02
-2.041648962411087009e-01
-1.741125953627666589e-01
-4.479801105024589503e-01
5.040851512057364231e-02
-6.817437483966459766e-01
-2.125539677342725906e-02
-1.839622922345382494e-01
-7.409842972709212994e-02
-1.551363881901251240e-01
4.182489164763540934e-01
1.317460425601574975e-02
-3.659519015952695797e-01
1.377571008954588984e-02
2.598113590485038871e-01
-6.794924987394676541e-02
-5.004288921318171823e-01
4.781404987501809423e-01
-3.855717359919059312e-02
-2.288360163553368742e-01
1.641065404930892868e-01
3.557605807757702743e-01
6.322234966576811832e-01
8.545749742946248673e-02
-1.233201400573429724e-01
-1.598230941942402894e-01
8.166724574537853609e-02
3.788094428787394663e-01
-4.984590642966476581e-01
1.824779066428353635e-01
-5.517214254069893187e-01
6.822829758888393492e-02
-1.494816864076227263e-02
7.125064502189575044e-02
-3.877941412169856883e-01
-1.866695893400850959e-01
1.936791650404171006e-01
-3.006217075623827117e-01
1.461886481676310245e-01
4.929417662078670048e-01
2.667292483920698926e-02
-2.330517395924837365e-01
-6.466350501007398499e-01
2.853623372267590774e-01
6.172034701065450824e-01
-8.624391393436847686e-02
-5.180104162724487038e-01
-1.179452231077118274e-01
-1.809908245147759387e-01
3.407017040474668024e-01
1.048577925184878412e-01
-2.196029433844006173e-01
2.764294877329684375e-01
-2.068214361628143427e-01
-6.739917911174608811e-02
3.001711616314272080e-01
5.148750600751108575e-01
4.179300430638803188e-01
5.618741022481819058e-01
4.451838512405391080e-01
-3.822329991492283696e-01
1.073128402853800682e-03
5.034778256974542510e-01
-8.670150908114533650e-02
1.101601375719656606e-01
2.082699667192869086e-01
7.069884843708428013e-02
-5.605345047867424935e-01
-2.766549204153079811e-01
6.330316343787036060e-02
6.404967842927352661e-01
4.368047736401057812e-01
-1.096048688331428544e-01
-5.848118340754714373e-01
-3.623440480060166613e-02
1.286049612518280205e-01
-3.669509545163373021e-01
3.500961202939271155e-01
-2.878283749554534365e-01
-1.325643045926603314e-01
-5.978122139765219556e-01
-3.596326893319652940e-01
-5.475290890596583582e-01
1.044174327987225231e-01
3.105779160614386969e-01
-1.825584741270465661e-01
-2.985346556280301655e-01
-1.395070616270230879e-01
5.051151610287456517e-01
9.615281113521968737e-02
-3.514086153534651952e-02
1.776405436438295293e-01
2.024411118296314815e-01
1.038540561411315094e-01
-5.853095244931297847e-01
3.327080722183272665e-01
-1.713395683678049786e-01
-5.168902808705888585e-01
2.665605747784600688e-01
-2.523725990843116995e-01
-1.437378366206424063e-01
-7.281605405713167944e-02
4.098216882318384546e-01
3.744903716795358606e-01
1.152523254032249422e-01
2.811185171846190822e-02
-2.655069828376793728e-02
4.560861896975479945e-01
-5.453764166113790335e-01
-1.921435969483733242e-01
-2.087008529855620409e-01
-1.129213752484223149e-01
-4.466410957229114409e-01
-1.589885243672399529e-02
-1.261225754874361060e-01
-5.090376113645148082e-02
-4.512195489550537009e-02
2.226876678971115853e-01
5.280698240963752621e-01
-2.684942057804442506e-01
-2.957933127891936298e-01
-1.700398830317139121e-01
3.008876177764436832e-01
-5.816993839499722263e-01
2.765620865215714375e-01
5.070481416769809790e-01
-1.355740828900162953e-01
-3.620623400056002250e-01
5.770872878190415334e-02
-6.525204646285578947e-02
-2.017306379489965940e-01
-4.690288090864810355e-01
-1.155050613964601069e-01
-5.407102600099950029e-01
6.900361358139017742e-02
-3.215300796450092369e-01
8.886555659138128949e-02
2.436158740132310652e-01
-4.913073414958306073e-01
3.337651599334595098e-01
2.102484554359335678e-01
1.711676297432195015e-01
6.739062673141994753e-02
8.562601571771433218e-02
2.863853419682301227e-01
3.372673744214457203e-01
1.277336033278320404e-01
1.325973517740642316e-01
1.007341269830969305e-01
4.252193451811654007e-02
-3.529901664487868351e-01
7.103780389024356989e-02
-2.320395469996431315e-01
-4.384664634071315237e-01
-4.236880209539634623e-01
-2.568815729619005062e-01
1.455022161721838403e-01
-1.385709327313066064e-01
-1.844966511710319779e-01
7.245878547101171352e-02
2.772216060099237933e-01
-7.922364567635938881e-01
-5.376274761824027804e-03
6.165581666734092359e-01
-4.055974677296965702e-01
-1.654339622502353779e-01
3.897422198494057688e-01
2.567283389996425150e-02
2.728847063637754866e-01
1.022059897862368227e-01
-4.225731207068984113e-02
-1.171840801250431524e-01
4.024015791802169062e-01
3.106036457204138235e-01
3.437928804346609413e-01
4.135297991596281753e-01
-6.602630631388308746e-01
-8.016170164151879829e-02
4.945127401199965189e-01
-2.533963680095208115e-01
-3.027713182647677748e-01
-9.569306727990620209e-02
1.261926163113407939e-01
-5.668624328311022004e-02
-2.582142590945415428e-01
4.736908488228810388e-01
3.167856038075544944e-01
-1.537489499931257164e-01
-1.572142135713516520e-01
-5.575667200461754680e-01
-4.061048464483753284e-02
-2.294038747519008548e-01
-2.056845994661388177e-02
-1.980004336866569570e-01
5.427274713468690504e-01
-2.455712483519323364e-01
2.826705629543662668e-01
7.404104271971360118e-01
1.703793992574871019e-01
5.502478369005493475e-01
-4.054872481991447786e-01
3.050164763454275008e-01
-6.196363830376420134e-01
6.607651406396624072e-01
1.901229651718673933e-02
-2.803927642155476518e-01
-4.250752367847699942e-01
2.138779384077579837e-01
4.063282699051713465e-01
-1.936421709279877446e-01
4.410799404667546941e-01
-4.388665898248430008e-01
-2.894014086361869076e-01
2.173564400781780731e-02
-2.970043538866191102e-01
1.770856997713404490e-01
3.617568297653548925e-01
3.887670998926430754e-01
6.146775604857733777e-01
1.951578285321172168e-01
-3.819616844143596812e-01
3.048146993709103802e-01
-1.920165969611757062e-01
-3.189331107309429370e-01
1.722068192945145626e-01
-1.222050871312596459e-01
4.069763638005251538e-01
2.979264970790511113e-01
-4.170705916844505978e-01
3.416770365033620915e-02
-1.619193558247520315e-01
-3.609258747265511325e-01
4.850218649245760516e-02
1.765327233044932109e-01
-1.737957213223200736e-01
-5.524503618884193945e-02
-7.966384013341783199e-02
-3.664380551920350115e-02
2.117336080251919772e-01
-7.927113566133746347e-02
-5.879887631156831551e-01
4.436424173417738981e-01
2.851420931788988672e-02
-2.824914762199953189e-01
2.798764629242669541e-02
1.806570009579489822e-01
-5.703227407121252285e-02
2.121980351683915023e-01
-4.364326145188126560e-01
-2.746698107944221534e-01
-2.399830849389691378e-01
5.451218856193535967e-01
-1.937294927101953362e-02
-9.950580190336938413e-02
-4.401751604228548720e-01
-5.697109879359989471e-01
2.391723578704679776e-03
3.113405992692610535e-01
6.091745923868812085e-01
-2.496774180195160675e-01
1.043103413379638245e-01
1.662564642498219614e-01
2.065697077950716387e-01
-2.484255370882007818e-01
-3.432851583584551891e-01
6.298858924360016820e-01
-2.815761515212402907e-02
-6.310574517908397463e-02
2.790886197437134619e-01
-1.135370522724450104e-01
-6.914004767905983506e-01
-4.580580449315505009e-01
-2.248852589790727996e-01
3.411153742582687109e-01
2.203358176174880223e-01
1.244596618357815543e-02
-3.549675422686012216e-01
2.401665034210259120e-01
1.335978519287052690e-01
2.457760963017197042e-01
-6.268723543148549404e-02
-2.811262743537551456e-01
-3.086904842979710240e-01
1.646602021033448660e-01
6.978477385431720859e-02
-1.902622045142703111e-01
-6.501175137374533008e-01
-5.895785986704731030e-02
-2.294406365162945938e-01
6.240915383899335589e-02
-2.278986458396977666e-01
1.231680372489775410e-01
1.170920567147485380e-01
1.503276943685257216e-01
4.318138102053838967e-01
1.025481001852478757e-01
-1.771027206583854763e-01
1.701190369351663623e-01
5.134968759300151397e-02
-3.851372631213121345e-01
2.301078434516727611e-01
-1.020299472091533849e-01
-3.623324506192314443e-02
-4.178430496212389711e-01
9.825110462831453118e-02
-3.809971499725922084e-01
-4.201150824826701408e-02
-2.274276757834777507e-01
6.865815785832056761e-01
3.131067081462627355e-01
2.731942444395231151e-01
2.656421572250618479e-01
2.989730496334051524e-01
-2.364395309524424948e-01
-2.184685774407118530e-01
7.195625833143959316e-02
-6.839071929828679508e-01
-2.150526203716662532e-01
4.466667808088111147e-01
2.179281051677280923e-01
4.507216642090823844e-01
-2.804792749274194197e-01
-4.111425824863540468e-04
4.554312914934618983e-02
-2.435439842420760170e-01
2.659429490313879318e-01
-1.572273948138565025e-01
5.696671485781370503e-01
6.050070232185589258e-02
-3.120227384575728902e-01
-3.713280631482024918e-01
-1.842018485458893073e-01
1.341527201119531998e-01
-2.632839950048596611e-01
4.308962863055123549e-01
3.237624153482316913e-01
-1.561628938175227688e-01
-5.552851693622107287e-02
6.319827772432703439e-01
-1.366423421898976254e-01
3.994380024313145539e-01
4.049942213488282733e-02
-1.367396503201409041e-01
-1.790826599037709244e-01
2.946245714947295924e-02
3.488589974576907782e-01
-5.554583880389405426e-01
1.788026728687570621e-01
3.430042063397901742e-01
-5.974258254742446095e-01
6.995207357022931172e-02
-3.684381715723745176e-01
3.945522864642185823e-01
-6.283452103903938712e-02
-1.337787506490794587e-01
-7.053675673044802752e-02
-4.734079786773727205e-01
-2.015233773536941053e-01
2.812690452165089727e-01
2.132493435651986943e-02
-3.429199891501590047e-02
5.085352270351899406e-01
-6.986210819198650224e-02
4.076501681713482275e-03
4.409508141478741400e-03
-4.574190404213404060e-01
-2.666545028467903061e-02
5.483589885436436218e-01
2.314307751181782224e-01
-2.474997537174426498e-01
-2.191774825709368879e-01
-1.174833238919176931e-01
-9.060447632886353686e-02
2.449623592786980275e-01
-3.972559208641435885e-02
-3.134884866389786584e-01
-3.103906472769645264e-01
3.140386958665237205e-01
1.880665994146035191e-01
4.285521640514206587e-01
2.081603772186006729e-01
9.162946503431872169e-02
-2.053772719743022224e-01
6.203154130329748828e-01
2.022329260834233866e-01
7.978289927118500935e-02
-2.306116173127007452e-01
-6.252116053454862543e-01
3.349748163771225085e-01
9.504103105664907236e-02
6.315631940543207090e-01
-2.707895436842477910e-02
-2.434097920650203362e-01
1.541147485468411515e-01
-4.942994759084166079e-01
-2.031438085114462347e-02
2.115407441186294424e-01
-5.470211057368574992e-02
-4.596662477105654954e-02
3.401614579696768947e-01
-4.077084269729918109e-01
-1.644195044646681314e-01
1.981861312476726478e-01
-2.603661486667273040e-01
3.325249171665551895e-01
3.577277583177901343e-01
4.844847026354079933e-01
-4.851850666791666100e-01
3.252528878838790716e-01
7.909104960686205166e-01
4.019237259712669930e-02
-3.373282597173770103e-01
9.983983386279787764e-02
-1.278968437914829726e-01
-2.127274285003315502e-01
1.135266548858900743e-02
-6.940872521603356216e-01
1.537671904418015378e-01
-1.913696266350509712e-01
-2.520017992542338270e-01
7.392072615310610328e-02
4.751114407563830633e-01
-3.084407470962393163e-02
2.183152620760720475e-01
2.292805863565713365e-01
-3.421602750238354473e-01
1.013251833684638559e-01
-3.279893474729136948e-01
-5.997869448122690184e-01
-9.599770019503617302e-02
-4.573624334211621734e-01
6.514015227009285758e-02
1.955373484626854175e-01
-1.492603168106892697e-01
1.457888616347243760e-01
-3.055250692525757761e-01
-1.605414121841315933e-01
-2.171666498806231471e-01
-2.200053481578939096e-01
-5.088052066599741963e-01
-2.677467623813464814e-01
-1.470200883474289122e-01
-4.106332822624819689e-02
-8.062926015512791866e-02
4.364694625794109939e-01
1.455190708149017853e-01
4.252053918048576825e-02
2.580908812775218331e-01
9.365329222874420323e-02
-1.036100139493504879e-01
3.287038036481770287e-01
-2.416443921486795821e-01
-2.949868977647260304e-01
-9.275396202400658374e-02
-4.800634160001538420e-01
5.330678443314057491e-01
-2.139078987344801286e-01
-1.584885206695268722e-01
1.754085899373288293e-01
5.657137154624956032e-01
-5.520178473239989447e-01
2.294299940831798501e-01
-1.508682480163600348e-01
-7.655694208705829396e-02
-5.174656473723611150e-01
-1.911723774203977488e-01
1.523939616516936102e-01
5.357827506946333251e-01
2.048036782464930927e-01
-2.742979414769385338e-01
1.026142341990184392e-01
-2.016205059690159562e-01
2.515545846880507530e-01
3.483660779155381415e-01
-3.108168100902738429e-01
-4.576400582043547716e-01
3.685091886124686189e-01
2.087200394510858870e-02
-1.036201027572826727e-01
1.240417538266776198e-01
-1.930200151300840716e-01
4.341994050979171571e-01
5.731262053717826183e-02
2.600820891171145011e-01
5.111759530419159869e-01
-6.485487238792934928e-02
-4.121692061581136990e-01
-1.145619783099903477e-01
9.184976258013093087e-02
-1.760821533186179150e-02
6.475892752864896573e-02
-1.878806090767979053e-01
-3.219492256549735254e-01
-1.674100835699992434e-02
-4.833266161355019852e-01
-2.015066082982225337e-01
-1.185364839929718000e-01
3.885058897584864335e-04
-6.211909306004106957e-02
3.291214695450370709e-01
-6.908581892683652859e-01
-4.911982654189316067e-02
3.530485006441031470e-01
-1.304376570670364166e-01
1.438876258768307936e-01
7.238335705255274921e-02
-2.228686319423001938e-01
1.706153670696540225e-01
3.219864019527527432e-01
-3.689988750054426503e-01
-5.729920306453595291e-02
2.599830463051332474e-01
-8.200798768992240140e-02
6.367267184924894075e-01
7.154692234718346144e-05
2.020606530186250527e-01
4.906078681224980420e-04
-8.708668065450413109e-02
5.589892603492765399e-01
-2.934308786891402510e-01
-5.378318474352077050e-02
3.087171339963266092e-01
-8.789938709132844204e-04
5.798605453482799099e-01
-2.507817708188062600e-01
1.124266263386414083e-01
-1.024286469080777084e-01
1.723046170404221589e-01
2.811737238219641846e-02
4.179447121997555969e-01
-2.204422383140900443e-01
-7.147523955137793927e-02
-2.188686700406525243e-02
-4.880335005512639879e-02
2.187434824043457404e-01
1.058556244456406031e-01
-3.189539239845619045e-01
1.129857589827841513e-01
4.115346625950801474e-01
3.180864877048443784e-01
2.035483123855503507e-01
-1.286991645417518149e-01
9.080156328413714339e-01
3.164457719282092185e-01
-1.371756973111589936e-02
-2.041559733987186598e-01
2.914386509342606901e-01
1.688423654272117047e-01
1.899292343273991102e-01
-1.529690282906772114e-01
-4.115893755583375779e-01
-1.198660178918832947e-01
-1.107652443729540415e-01
4.395554475242663406e-01
-5.298652452043375316e-01
-3.479600494258093812e-01
1.519064924063521504e-01
1.375183327677201583e-01
-1.170727480301655271e-01
-1.135017860971033465e-01
3.892616063258747677e-02
2.609785432605488120e-01
-3.160031326222493275e-01
7.387100747349750751e-02
4.363829512030566460e-01
3.135270343365461065e-01
-4.067789388790079008e-01
-4.408216903489636795e-02
9.642405033619074264e-03
3.524337229376053870e-01
-3.357961983532832262e-01
-2.968792918553395666e-01
-1.889007421798543640e-01
-3.564941546750834966e-01
-5.148702276565753078e-01
1.840236088233763168e-01
-6.633505933407359834e-01
-3.826213682894538670e-02
5.548991176809836556e-01
-2.664341256678382508e-01
7.320235409418508754e-02
-3.584380601476493400e-01
3.127466835677680246e-01
-2.461438111083073532e-01
-3.344816686304628861e-02
4.911141750343052670e-01
2.699154357353619749e-01
-2.956864977852319276e-01
1.740205333383840203e-01
-2.441816337256755287e-01
2.503238781838446614e-01
-4.128289419293493800e-01
-4.267038761652794943e-01
1.039270489043877671e-01
-4.418806620744278324e-01
-5.477872400629630462e-02
7.045970950540942912e-01
-5.608180129891369159e-01
-6.106008573222363456e-01
4.104125404225851259e-01
-2.940612264280185739e-01
2.028070129989832937e-01
-4.862943430219029972e-01
3.192828600159096641e-01
2.618102348475987440e-01
3.215458672398723294e-01
1.878671172692459868e-01
-5.781446644999930357e-02
-2.556824392946265290e-01
5.017969785992394405e-01
2.950881172076194048e-01
8.653744780933476932e-02
-6.585200958586659437e-02
2.641029749992377523e-02
-1.927696206529304068e-01
2.363075739607812809e-01
1.558117715908720335e-01
3.702242838119208512e-01
2.244534863384498313e-01
8.725726993643628804e-02
-4.306547642642610807e-01
5.125239080908703393e-01
1.476587464848080622e-01
-9.038298106760664363e-02
-7.369803428102222886e-01
4.183962181609945374e-01
-2.600329399352369619e-01
-1.767012630186720057e-01
1.758076729655254078e-01
6.259518274125580595e-02
4.028698736243530032e-01
-4.595015449135850805e-01
-1.274608743439470948e-01
-2.936074579704592291e-01
-4.488213855590949541e-01
4.164119539380606305e-01
1.592013072028128085e-01
-7.283804013558384804e-01
-3.399105963919210049e-01
-4.735868656655498610e-01
2.407416110214503913e-01
3.340501760346600291e-01
-4.961620516475789833e-02
-5.396362484297995143e-01
-5.793457913958748318e-01
-3.118507839398986792e-01
-3.747079495299094898e-01
-3.061209502747650468e-01
-1.026174852716202901e-01
1.056093367122653420e-01
-1.988992849165762133e-01
-8.117562703292201254e-02
-3.468381889468322710e-01
-4.217503202341111312e-01
4.123835520705202984e-01
-1.061823833628112584e-01
2.813543642109539999e-01
1.682600369966292531e-01
-3.293124556277108456e-02
5.547043299618801271e-01
-3.769957691487411666e-01
3.937292514655854614e-02
2.714037678948109655e-01
1.887751912262220985e-02
-1.060243252112553769e-01
6.358460046239736152e-02
-4.351994394880431827e-01
-1.430554512330398931e-01
1.952682109023593515e-01
1.734135310592018198e-01
-2.273674015119910574e-01
-5.301856814820605779e-01
-3.083821927770360460e-01
-5.566506919585000046e-02
-4.330245125727000266e-02
1.051322152067688809e-01
-1.703648715883529785e-01
-1.654607786655024337e-01
-2.172363409796207179e-01
1.998294334896270064e-01
-3.413501459204498767e-01
1.947575666940258576e-01
-1.147584967696695657e-01
1.656960792016146100e-01
1.867470782337237178e-01
4.183536251644158765e-01
3.038614424898645194e-01
-4.205099242342138360e-02
-8.369927503407212366e-02
-3.325447064547577131e-02
2.417153694008863096e-01
-4.369483373088988154e-01
-4.485393567395137837e-01
-5.194689446457027848e-02
-7.764261694562608618e-01
2.739013069320265226e-01
7.821514991304018283e-02
1.063189267149885209e-01
-5.437166886079018990e-01
-6.100637736730054606e-01
8.465411550273550800e-02
1.302340696749344773e-01
1.080564159293061904e-02
-7.995806172599445594e-02
-1.896399679837539598e-01
-2.706654690279396980e-01
-1.731710057139121961e-01
4.970828746517207825e-02
-3.656091261971395889e-01
8.215275137633337721e-02
-2.823053517291298498e-01
-4.093720769828251144e-02
2.985658827960576689e-01
1.963370117501346893e-02
-8.809891282213168362e-02
-9.944496213623871261e-02
-4.151084119531256444e-01
2.564938531791005616e-01
6.799744238349769709e-02
-4.571671587946440907e-02
6.039280646590345913e-01
-1.195439325749901305e-01
1.926529637280887108e-01
-3.239606412804005298e-01
-3.079131557686740073e-02
2.090928056251845357e-01
9.278871719206736868e-02
4.356649979167707132e-01
-5.522630843216174562e-02
-1.206774107608537538e-01
2.057375323339771245e-01
-6.399813271573890905e-01
-3.861504559220737542e-01
3.928787800581041156e-01
-3.291340176580718202e-01
-3.415869421918913407e-01
1.860180080740514719e-01
3.361643462558195350e-01
5.408926167310141864e-01
-2.292032183599163608e-01
-9.711147390979145422e-02
-9.878657034127774628e-02
-4.978516920001098134e-01
4.595461431207962799e-01
-4.903619376819395859e-01
-6.216560592594632118e-01
-3.065539664431871439e-03
1.500338826330018249e-01
-2.098234720699259093e-01
-1.200509761582412883e-02
3.032108879975272120e-01
-6.685466056918319966e-01
-2.285771667271283003e-01
1.318667874902215709e-01
4.479773447491774974e-01
2.120401757511816143e-01
1.191749007800315813e-01
6.227570930413978134e-01
1.443334338648257775e-01
-5.979483603566115857e-01
-3.129848741180483486e-03
5.110412611557763052e-01
4.358838565406526477e-01
4.081146798155725897e-01
-1.552239751746350982e-02
-5.522207108080519067e-01
2.478404617798309895e-01
-7.914873438059830124e-02
5.139856361163321896e-01
5.822840310867377633e-01
5.374025327070532931e-01
-3.878526143550761196e-01
1.731759582766356498e-01
2.500662520823322410e-01
6.394938408708641941e-02
-2.177637617348475718e-01
4.990202684255476973e-01
4.983345567047099411e-01
1.019029085028827220e-01
2.028171218237390383e-01
6.116558898981756531e-01
-2.611120663216640603e-01
1.289587945475044739e-01
3.872151448969154419e-01
1.475933138649368204e-01
5.702965139170994568e-01
2.027597905194911815e-02
8.239840934615758061e-03
-2.030419668011904655e-01
4.234778906445724189e-02
-3.019260068552789833e-02
-1.877240133964310290e-02
1.719218457013586276e-01
-8.230101885281421170e-02
4.134186727382731241e-02
2.853078105008763909e-01
-5.363990331438382997e-01
5.230387913621927787e-01
2.765432758762410015e-01
-2.562155302729621775e-01
1.544768777152707717e-01
4.805918360228874087e-01
-6.244611490856037950e-01
-5.391910493349983957e-01
-2.461550756625675573e-01
3.229256797169169912e-01
1.051144490598954484e-01
-7.751266937524564637e-01
1.074018896257791789e-01
5.744040797413629829e-01
-6.631890958716917250e-01
1.179062021677953903e-01
2.974679425187967130e-01
4.386401470356421362e-01
1.800743527031752889e-01
1.177225791347479567e-01
-1.077596605273200697e-01
-5.199456853979339543e-01
-1.104336852297678057e-01
-5.528307515969959063e-01
2.238252211042907336e-01
-1.976003856872326006e-02
1.328834877640218681e-01
-3.735189057069641244e-02
-2.426471888138442279e-01
2.695524637227319706e-02
6.237238693115555455e-01
2.559275337894115210e-01
-2.899513274826747700e-01
-1.056016944766317855e-01
-1.710181502537055365e-01
-3.682389766410575360e-01
1.976640456622688335e-01
3.847956942065890451e-01
1.245830681646576815e-01
2.373142848451652021e-01
-6.571464388012859814e-02
2.065499297156569991e-01
4.168541563992185228e-01
2.900834449601080167e-01
2.924752183398623417e-01
1.251015961492487477e-02
-2.590530185271475161e-01
2.922621122106996427e-01
1.737370471618922829e-01
9.177912918429484423e-02
2.943619583929518724e-01
2.557651861250385128e-01
6.898732296067986401e-03
-1.771224413299711808e-01
-2.250704924998741530e-01
-1.109521341970792496e-01
3.748134587754996527e-01
-6.180197499386409082e-02
4.837429899166804936e-02
-2.384657158200939042e-01
3.149502736665770741e-01
1.797650424862810847e-01
-4.527021362208513006e-02
-2.266604590634042557e-02
5.704324826535001058e-02
-4.441080535777051641e-01
-2.093262368235335180e-01
1.542596051735845297e-01
4.716208094490841884e-01
-2.751603347199871319e-01
-6.658944953483243445e-01
-3.123692258460439852e-01
3.066722839616541352e-01
-4.997162531824240750e-01
4.600603829482509122e-01
-2.442900447538299408e-02
2.833342051526013816e-01
3.151102137758656774e-01
8.947800681520348687e-02
-2.133462496377105944e-01
-2.605520639913899705e-01
-2.913342754943505364e-01
7.753524223172053587e-02
-1.118006468279106602e-01
-4.952884531978111182e-01
1.847386214433262286e-01
-2.160217556648594273e-01
-3.571363149542575721e-01
5.911078876573046259e-02
-6.905842263948172577e-02
6.714784064930072460e-02
8.063552998156420237e-02
2.121857869440102184e-01
-2.630540229589147239e-01
-2.146139987990670905e-02
1.488775399584808534e-01
5.975046087265903361e-02
5.702682217696345909e-03
-2.025310011701849100e-01
-2.958471044201524958e-01
-1.614231780229784252e-01
3.309261221310868528e-01
-6.005415220960932388e-01
5.090928429419614432e-01
6.186279839899042621e-01
2.348772276730615172e-01
-6.010744391430480338e-01
1.699467688304986679e-01
3.141795578541070610e-01
1.740656053233601563e-01
-1.096426423673787648e-01
-2.530242620289976929e-01
2.692982052282667099e-02
5.577387193918064145e-01
4.931841865671680869e-02
-1.154245063506983693e-01
5.678128883748158051e-01
-3.598750878659164876e-01
-1.792482647829607423e-02
-5.293128510611168069e-01
1.875867504710067024e-01
1.272473654380135988e-01
1.816508243823043989e-01
1.377032678062580784e-01
-2.199358760501075594e-01
3.981896327639385946e-01
1.969045794548355544e-01
-3.562385416584645248e-01
-3.834709396293943251e-01
2.828544325448628660e-01
8.168963340645143401e-01
-1.099146133277702775e-01
5.767737898088499265e-02
2.137699018673169804e-01
1.426688023585503950e-01
2.588672485989984562e-02
5.879244591471988191e-01
2.467631633202388985e-01
2.485326071888664667e-01
-1.042744022451879415e-01
-2.047207762452043500e-01
1.399132126748825478e-01
-1.027948946802028363e-01
4.062805871669948887e-01
3.377007948398030868e-01
-5.989215241733453210e-01
3.268749033098389822e-01
3.944111579598292838e-01
4.148994604622442406e-01
2.887266211502537150e-01
2.144584475867041817e-01
-3.072768341097772277e-02
3.700826133656344163e-01
1.221991509871762360e-01
6.827504498256732612e-02
4.028170350475318573e-01
-2.583295412166104477e-01
4.658298238493837617e-01
-1.386256430309315002e-01
-2.490633202449455408e-01
-1.932485574568047065e-02
1.015067083508651713e-01
-8.787944163322745916e-02
3.862379489753813844e-01
-2.375597384716256477e-01
-3.409851778775463971e-01
6.281090240898452581e-01
-3.430541997726767045e-01
7.464078819456149150e-01
-3.913183335845968891e-01
-1.580203997611680233e-01
-2.333514271628111814e-01
3.494826840310022442e-01
4.010121641362617284e-01
2.087825582763959686e-01
1.330980937071295778e-01
-1.742771330831615062e-01
3.393085952106975056e-01
1.342340912644283957e-01
2.565370542640235119e-01
5.892510802251211821e-01
3.713950272295449273e-01
3.803661442963237119e-03
-2.713087736405889183e-01
6.227068773741071400e-02
-7.083094946273755382e-03
-4.516540282509682869e-01
-4.232428576432461509e-01
2.227824552140726944e-01
-2.682725835769754763e-01
2.001348838265941954e-01
-3.163360936490328124e-02
1.302183451962827532e-01
-4.949075529460397055e-02
5.550650790399094259e-01
-2.124348888991955259e-02
4.452430854397417259e-01
-4.491802298344814703e-01
-2.815600370685458209e-01
8.733836709385045527e-02
2.317292351573936871e-01
-2.127371278561813323e-02
-2.012551788766323568e-01
7.661177674439992313e-02
-3.588526595299604272e-01
-2.788508610573866564e-01
3.159162154052526650e-01
2.705574455862512773e-01
-2.182369812928481589e-01
-3.131777928562705093e-01
-9.889134076234210730e-03
-6.823617169400597593e-01
-1.609963726868173656e-02
-2.856932646557842626e-01
-1.660177606121576721e-01
5.299628005517320606e-01
6.158859567141752311e-01
3.454144640228159480e-01
4.384088063442048155e-01
1.604107670952156228e-01
5.055253604037321935e-01
1.128290518980399615e-01
-4.798657473777557803e-01
1.613095076711255627e-01
2.047455480980566248e-02
-8.260934866069159499e-01
1.632668312259462629e-01
-7.064114368207363714e-02
1.763050020121980088e-01
-8.337739499088092643e-02
-5.078898604797141836e-01
1.222015332045995606e-01
1.842002743091271377e-01
5.396183960465648077e-01
3.707020695912039976e-01
1.885112863232967229e-01
6.366683268909941740e-01
2.428285070290391312e-01
-2.157484921479937978e-01
1.299643815004611902e-01
6.426250657209239825e-02
-6.076822475647046806e-01
5.995289253004958407e-01
-2.238545139502352288e-01
-4.194871316724654853e-01
-1.637375963089556657e-02
6.315937341587758713e-03
-2.432844264262394862e-01
3.245924394554113718e-02
3.399253442156496829e-01
7.245077799291622656e-01
-5.547831428102307783e-01
-2.942000460743521284e-01
-3.427995079203101092e-01
-1.641550691999170142e-01
-4.068508439523735309e-02
2.918825757542349297e-01
-3.398764086208597712e-01
2.855438009623725293e-01
3.576588500336719822e-01
-1.239210019357994408e-01
1.888597205085958408e-01
7.053604133523618813e-01
2.715158813729863230e-01
3.950432717147555998e-03
1.478451408021971558e-01
-1.793631388460671938e-01
-3.770711478965398100e-02
-8.555867095538632894e-02
-1.185302290646247786e-01
6.468570776030548031e-02
8.217287559031309641e-02
-1.594004657908098394e-02
1.630939137683832807e-01
8.168523176617277226e-01
-6.233642595527354169e-02
1.163011367789504591e-01
-1.257720543208567798e-01
1.632872702258986453e-01
-1.290700404877684615e-01
4.598855925465090144e-01
-2.432298537161801111e-01
4.768527530916072954e-01
-5.022227223621233971e-01
-4.075345678526401394e-01
9.524583659895748122e-02
3.327475211049210069e-01
-1.350142245357975057e-01
8.303376014767632762e-02
-4.909752602767319431e-03
-7.184408032116058607e-01
1.678598270878964571e-01
3.942728468205264347e-01
1.135726007956873174e-01
-4.178385606549848696e-01
2.981519634035563193e-01
1.940231268105002405e-01
2.286119729343361884e-01
1.800794288901491069e-01
2.410713498630759899e-01
2.664876742987818958e-01
2.335308024917824854e-01
2.048769317034361270e-01
-1.026505975159836270e-01
-4.193523061499395133e-01
2.278358206026636357e-01
