6.958957319595968638e-01
-8.167417398852583332e-02
5.539140215717769378e-01
6.434119262665580763e-01
-6.008725547201069217e-01
-4.945924940701150463e-02
9.506000058182435819e-02
-6.066123266058381924e-01
6.632151302703755968e-01
1.719396321320413312e-01
-1.712383736025138159e-01
-1.901145210097965679e-02
-4.049776052773342849e-01
9.979098533149213801e-02
-4.857099997562364102e-02
8.459233542509493609e-02
-5.216032849990005493e-01
1.518580975129201760e-01
-5.310506172969922667e-02
-2.737330858553342350e-01
-3.437251348878794244e-01
-3.804783102273423534e-01
-2.892821961979685774e-01
6.286673340715298597e-01
8.992947473084386134e-01
5.390454594524149989e-01
4.360030825540545107e-02
2.726801990858005939e-02
-6.905316909462486663e-01
4.719451592966371622e-01
-2.385410056340093177e-01
-4.223870405579152609e-01
-1.351425093489510565e-01
-6.979383572905313304e-01
5.477674955238218679e-01
-6.445414837903613581e-01
-7.100163454179948819e-02
-3.006751246831749769e-01
3.847961360620104632e-01
5.816442222967694864e-01
2.108713970552623940e-01
-5.078240889962832849e-01
-2.767047872167374689e-02
5.019789157564207294e-01
9.721623234441384431e-02
-4.665969863167463982e-01
1.196536327997251847e-01
5.348585337221778424e-01
-1.013572267059889009e+00
-2.285571518751580156e-01
-1.444667312181497076e-01
1.013242231829057927e+00
-3.230677256157183930e-01
3.357484072389689267e-01
-1.415209428852027829e-01
-5.579186404287557188e-01
-6.328750554400563999e-01
-3.721043231283038266e-01
6.517215948319580177e-01
5.653869767268471236e-01
5.711831294584984037e-02
4.578299765284632450e-01
4.664271123443607947e-01
2.018484418645994927e-01
-1.260033128456341522e-01
-5.983784834946209719e-01
-3.902680700986409512e-01
4.484356675856968066e-01
6.685652400937361906e-01
7.086938243665249493e-01
-3.702371351123442400e-01
5.139412649518639853e-01
-2.872015737132657121e-01
2.913827356365076837e-01
5.619992348654569980e-01
-1.243767677404128136e-01
-2.500443020333391053e-01
-1.090322915234291368e-01
1.522191888703583462e-02
-1.401889312765799422e-01
-3.029334627026344373e-01
-6.263243534480846808e-01
5.167899536549357409e-01
3.427616475387900707e-01
-5.561993327083922939e-02
5.364590674877324217e-01
5.469192259882920543e-02
-8.154454585623537310e-01
9.471411200932946528e-01
-8.441662863412757734e-01
3.011529655115578741e-02
1.589270300998503471e-01
1.487350260246476097e-01
-6.252497044217286692e-01
2.161945583351573275e-01
-2.855815373527593737e-01
7.285153577017496884e-01
2.789800834490363535e-01
-6.186148945869816007e-01
3.883528997078879996e-01
1.338348500275518549e-01
-2.347790114006726436e-01
-3.893036701202686745e-01
-3.854310755729970506e-01
1.000704051060619770e+00
-5.401257454724323059e-01
-5.925802431915899726e-03
7.053349925595767123e-02
5.363534234574286463e-01
5.414420492534786078e-01
-5.614112231525161256e-01
-1.281379461581932389e-01
-7.177191835059846259e-01
5.965572238778629188e-01
8.149732367117412668e-02
7.580224997210036619e-01
-2.172693219969127620e-01
-2.157952143516056742e-01
1.103097608851578038e+00
1.253212133816065943e-02
3.652405107521716765e-01
2.765579687255034780e-01
-2.305485478241167951e-01
-8.285874647908022528e-01
-8.693370068277496143e-01
-3.050598373798102947e-01
-5.839148742931637992e-01
7.296524627631744142e-01
1.096555510324731308e+00
5.955256356218717739e-01
-5.448885337739541868e-01
-2.211716068072624441e-01
4.811726210258661651e-01
-9.383001402895935206e-02
-1.740052329898487682e-01
-8.234230698376650004e-01
9.205401001764449420e-01
-8.811129435150678590e-01
-4.856335680117490061e-01
-7.413359779299991126e-02
1.650484818044931357e-01
-8.282611825452783627e-01
2.755229403876602867e-01
2.220760745523671087e-01
6.804329933459170032e-01
3.891045980288139194e-01
6.428001289104670612e-02
4.340368787751333612e-02
-3.076645780512611283e-01
-2.728077143343502486e-01
-5.920323554332896920e-01
7.435428661442123888e-01
-3.655840382910938158e-02
-8.183108453376014557e-01
1.477699521765554191e-01
-7.984136216838897404e-01
-5.636345676727919085e-02
-3.020041932369882942e-01
-1.716892579415113251e-01
-1.826300528472307172e-01
-7.641538896274187032e-01
-8.846163148855838987e-01
6.595151390179198048e-01
1.270171556245314193e-03
-9.907174809429108997e-02
4.429307393233449797e-01
-4.913377920223792605e-01
-4.681172735686193187e-01
3.647700770898800737e-01
-5.474319079197451643e-01
8.657859837389275670e-01
-1.883405734695563494e-01
-2.131478923077981813e-01
2.761830815777158166e-02
8.221087272710305704e-01
1.579035469035300343e-01
1.154006361623319599e+00
-4.952994784614809243e-01
-1.247666742119679650e-03
3.192598727594358476e-01
-4.798417534754628178e-01
-6.101396276390169682e-03
-2.888484426148614226e-01
-3.907942136770400920e-02
5.320868931914857214e-01
9.044151286903003850e-01
-5.976510138285786589e-01
2.840423067163566073e-01
-2.673936279171033048e-01
9.683101739079169601e-01
3.618157489426207518e-01
1.907047574605691409e-01
4.766763455165751728e-01
5.002980189799671740e-01
5.546958766157434884e-01
-2.342752052631493498e-01
-5.876401768083667765e-01
4.114519508839509232e-03
2.045114812209082311e-01
-3.976651657878863544e-01
-4.218473489609783633e-01
1.622868241534315414e-01
-5.057705932474576560e-01
7.881419255596694429e-02
2.746541714480186802e-01
-4.088420058589202766e-01
3.745208153120856975e-01
3.012408060120052022e-01
-1.544765073802750466e-01
-9.484364213370687358e-01
1.640819449048611101e-01
-1.993162462604308738e-02
-1.151330711926810274e-01
1.982847115862704235e-01
1.560970080878412714e-01
6.712307650842816442e-02
-7.981234982748384166e-01
-3.395479083827752098e-01
-5.395374883073880135e-01
-8.561283647951102305e-01
7.490484422886611870e-01
1.087470718557438931e-01
-6.045065790810372208e-01
-4.966737541283503532e-01
-3.413386579390521591e-01
3.433298771245028580e-01
1.030974909187782618e-01
5.407797895658491560e-01
-4.684361334666116428e-02
-4.262490777543267439e-01
7.094897887541365966e-01
4.572053680181413227e-01
1.136693866439698053e-01
1.213988574105096252e-01
-4.396809639744510556e-01
-6.704827770494147243e-01
6.373266196768809788e-01
-9.307676520721510638e-01
-5.354269013589315618e-01
-9.375828333304183637e-01
8.499367809007073449e-01
3.536622215281056136e-01
2.040259461158155929e-02
3.255177525440861031e-01
5.109166331032315433e-01
6.828747027008604809e-01
7.333878284404858894e-01
9.240350756675261290e-02
-4.765174355573574272e-01
1.974696719402233569e-01
1.196358986345914255e-01
4.449465512074446405e-02
6.371347410267771405e-01
-6.342978653313774418e-02
-7.382447395178306504e-01
3.563606668311473102e-01
4.017466418117550120e-01
-3.064367053434374766e-01
-6.174645926460669010e-01
-4.977206960922629375e-01
2.863766682716288869e-01
1.353771681903875590e-01
-5.898270395100515540e-01
2.595717158803735325e-01
1.476118805601618067e-01
