-3.375294304989630012e-01
-6.276433277081807649e-01
5.236727216660502782e-01
-5.879390886316059328e-01
-2.913952150878687183e-02
1.287423345538996067e-02
1.808295491058521109e-01
-4.327817752291239772e-01
-6.898889996163501959e-01
6.237904081170178028e-01
9.631214184441580506e-02
-1.678014585928074287e-01
7.420300447664376353e-01
-4.016745966030582649e-01
-9.469788339842004354e-02
2.756997155619889672e-01
-2.394262982095811676e-01
5.522012417021548991e-01
-7.709271469955948364e-01
-7.223686922928670429e-01
-5.494517573422255108e-01
-3.101178248641240365e-01
3.595005980145897229e-01
-2.338739075351628505e-01
-5.142923485763034597e-01
7.152159143266205721e-01
-1.715397047344719428e-01
2.084375321586247887e-01
2.201619917016432726e-01
4.008453219210711405e-01
-5.151760787888800541e-01
-5.597347383531579013e-01
2.003528218918051440e-01
6.038079035091532543e-01
2.408249159947381535e-02
-5.206423384786582620e-01
1.909237739136719070e-01
-2.407714318464726222e-01
5.621186711319028362e-01
3.064222286547161889e-01
-7.306056027924128227e-01
8.525606825089968588e-01
6.076332553071529530e-01
-6.736104554628504770e-01
-3.334359557490957360e-01
8.802177618581770169e-01
-2.278636740791586401e-01
-6.792714872488896383e-01
3.522283856530956103e-01
-1.897314053235081843e-01
4.956768120948830125e-01
1.459866454572421313e-01
-6.493453501569311781e-01
1.698768093133648516e-01
4.592026522336022376e-01
5.864894173284194157e-01
-1.997796709638727797e-01
1.167646690731796166e-01
3.853383633196734714e-01
7.665485640260018274e-02
3.689070559445971342e-02
-5.252233238662370463e-01
-1.319791226442037502e-01
4.629953486630565829e-01
-1.696018226295911424e-01
4.444744336342157931e-01
-5.570051628802823451e-01
5.812842588811932831e-01
5.560518896736466044e-01
2.212630335056584852e-01
-3.223011711403206969e-01
6.174180089464742505e-01
-4.849051208336642160e-01
-3.010601608654366323e-01
-5.028098074130179507e-01
-2.768109781023623817e-01
-3.651190841826938982e-01
5.768471757085844587e-01
2.852845037062323175e-01
5.535181266971399561e-01
-1.228319352867360548e-01
-6.145083369972974552e-01
7.496287219915486189e-01
-6.249157925027974680e-02
-1.156380935877316662e-01
-3.133867872465495030e-01
4.445258365906241682e-01
4.753809464068564639e-01
3.443269036398802774e-01
2.153003139731821669e-01
3.776206582542369072e-01
4.166957183898578054e-01
9.580513299922950310e-01
5.800173273351354464e-01
5.539152263138502619e-01
4.583322706953030234e-01
-5.853959852607880654e-01
5.156427024972126683e-02
1.491283899261451051e-01
-9.804352302952539233e-01
2.716208764559088218e-01
-5.161256513672162205e-01
6.055114733969496621e-01
6.894779125555278165e-01
-2.593039667559913775e-01
-2.235371362297496056e-01
-4.092204103881470489e-01
8.593439611476945128e-01
-4.719936679024245435e-02
-8.229380675930404454e-01
7.987369445276610858e-01
-1.109254189564690962e-01
-5.578914637442286550e-02
1.015943147014216896e-01
-3.220091359464324898e-02
2.735889577270128603e-01
4.719786743991566391e-02
6.142657067604702370e-02
4.169799730587014364e-01
-1.105885708446436438e-01
9.004018809419540581e-01
8.002711063459394536e-01
-4.538419035625387843e-01
-5.105962791457220318e-01
-8.346063434417110294e-01
-8.395141978452029530e-02
-5.193051849974026357e-01
2.167502120534031962e-01
-1.765422619607099342e-01
-9.028653969427998804e-01
6.803342379914139038e-01
2.131020263568075279e-01
5.516946567198319218e-02
3.121808997879885889e-02
-2.739696027176596882e-01
2.438903223721947122e-01
-7.684581508878418621e-02
7.016249471546246452e-01
-1.840084815421670905e-01
4.121133546218870292e-01
-2.195164733085562259e-01
-5.129296239420140235e-01
3.834183293917219348e-01
2.126573291867549231e-01
-7.759813312144726583e-01
1.055473198094707410e-01
-9.320379154305544200e-03
-5.424612086512996534e-01
-3.387374285251679162e-01
9.103270309135372274e-02
-2.093548674916876073e-01
-1.158165623865227249e-02
1.439138822840109189e-01
-5.692233867262541658e-02
-3.706449369942425576e-01
-7.638496837075089418e-01
-4.051376243679213895e-01
4.508297274866829296e-01
-8.645734805866265305e-01
-5.145908114886461188e-02
4.107394694599993401e-01
7.036987114945999489e-01
4.538681469376564248e-01
2.570398052875706441e-01
7.009709783942724703e-01
-9.196923622245456453e-02
2.885081103882808917e-01
-6.090954224057366639e-01
-2.970010178428859060e-01
-4.709674851794841688e-01
-2.716739443768365625e-01
4.688417183044212289e-01
3.305954245767492861e-01
1.230675700631032321e-01
2.479766062883722866e-01
8.191875002877653522e-02
4.940346493095706948e-01
4.761178669620008130e-01
3.818154426277940994e-01
-6.571414275299322649e-02
-6.972408670205403336e-01
1.645512675899971078e-01
5.923683226724092421e-01
2.706466617376745987e-01
1.007100568154641329e-01
-5.979926430478321731e-01
6.251409206356686732e-02
6.925840621093475313e-01
-2.766652577614816533e-01
2.552209592668538973e-01
-6.241782833210161030e-01
7.271505062281291565e-01
8.097403918449191940e-02
2.621423391215680354e-01
-1.155937983728629603e-01
7.252378639317018649e-01
5.828273085774960949e-01
-1.709571692592114778e-01
9.010106084677017568e-01
2.726144093868550500e-01
6.035636928405589963e-01
3.298852001048352411e-01
1.707885395191778566e-01
-9.093079028899235805e-01
1.861083676575313595e-01
2.797970952870281747e-01
1.573598995686773527e-01
4.176036696784657942e-01
3.808541646019780180e-01
3.132316927731876866e-01
1.444542151723768320e-02
9.313153657489245951e-01
-6.852129898535149755e-01
2.409901547549723466e-01
6.333144747076828451e-02
2.189756301167400665e-01
-1.925738341966853617e-01
8.041281369078429053e-01
-4.932959951026075762e-01
-5.583933366407138887e-01
-2.061157986140021159e-01
-6.506042503760309792e-01
1.707103886041440588e-01
-7.257006306805373619e-01
4.036229333894073013e-02
-3.553175295342358431e-01
1.421455030478390724e-01
-1.546937855000439788e-01
5.170738239586217810e-01
-7.029896080758274435e-02
1.259804101345852745e-01
6.172255173774845449e-01
5.405683944889875248e-01
-4.309408096195617710e-01
-1.529743337588511665e-01
-5.910787716673828740e-01
7.935203224619212792e-01
-1.028501419447713783e+00
-6.265354123123005881e-01
-2.250729039547541555e-01
4.003049171371229620e-01
2.042397855677243468e-01
-3.056705341182399116e-01
-4.869379013896338870e-01
-6.170122547694456561e-01
6.561341093943056091e-01
1.474763003357465463e-01
-2.800695174916288666e-02
9.670413412629069727e-01
1.400094317028136581e-01
-7.668855619243184485e-01
6.802816221069227787e-01
8.537527763527936742e-01
2.955119444658838579e-01
3.778611407646431108e-01
8.232487369309102188e-02
1.087641571748273611e-01
-5.603962007087910646e-02
-2.083112513046759817e-01
-2.264959073981691051e-01
-4.517656935892065406e-01
-6.839995479756890706e-01
5.381831058028263559e-01
1.602092393798737469e-02
9.394407706246835077e-02
