3.203656761267894559e-01
4.784405505658698154e-01
3.310457332247288553e-01
2.487506415864034759e-01
-2.777978639935976268e-01
7.538976983621893391e-01
2.259072418399961923e-01
-5.799841346803670250e-01
6.591087190834279963e-02
5.541804837613120149e-01
6.698168282407538365e-01
-6.116988588020401130e-01
-1.700946931487298253e-01
2.665474582440802154e-01
-9.781076291318474558e-02
6.495677300620366079e-01
1.165439276215680386e-01
6.501992135648998472e-01
1.020002548011810006e+00
-3.913072409199854218e-01
-2.895752341747883651e-01
-5.757617799176387163e-02
6.781831798632070862e-02
-5.144846737521027169e-01
1.417254053474943654e-02
-6.287942978430521856e-03
2.625142631977794849e-01
-9.062634778746243569e-01
2.346349988906723527e-01
7.532137607837962046e-01
4.781620769614867705e-01
7.606784719495818248e-01
-2.261557640189613139e-01
1.394721191184959408e-01
5.614846070418655355e-01
3.686974624831739211e-01
5.348242644664981116e-01
3.997921621004971171e-01
-3.363844449690640559e-01
7.412179407802772513e-01
-3.705712470336737230e-01
3.805715710265474283e-01
-7.672919247585933133e-01
-5.371813613253785258e-01
-8.396506858392200900e-01
-5.015639796786730553e-01
8.554225247699223100e-01
3.230918014622731482e-02
-4.040436040130526707e-01
-4.951495820592577424e-01
1.340240037136785078e-01
6.050352839013614092e-01
1.998650559547468508e-03
3.836365587432628566e-01
4.063834732898883306e-01
-2.599632052227136003e-01
-2.104907311400147085e-01
-3.666490455590848963e-01
-4.426514453524645343e-01
-4.205903583152946767e-01
1.689229289298715408e-01
-6.224183707665785492e-02
7.883295204425706526e-01
2.090134372893546477e-01
-6.877831347340925827e-01
2.053623128022143973e-01
3.625218556783313395e-01
1.209219765728237528e+00
3.356588109487564919e-01
-3.408927680259692117e-02
-6.914102073384125191e-01
-9.097816331359481756e-02
4.175622409816563407e-01
6.182408665540526371e-01
2.501584555060161197e-01
5.591683500188125988e-01
6.380444791273320870e-01
-4.050863109564794007e-01
1.112173959765404008e-01
-7.424091774203221694e-02
2.914150064769095438e-01
-4.069524487529694312e-01
4.660601546790618110e-01
2.085053692324774777e-01
3.804899472273881589e-02
3.260980056259020210e-01
3.522480284386169114e-01
2.540679249938033735e-01
2.763208501829100827e-01
6.104811670779111132e-01
-3.241993185612669359e-01
-5.526104581463004983e-01
2.909594956039135982e-01
-7.183970469391589564e-01
4.536021340479544639e-01
-4.244388779402844536e-01
-1.381036481061175825e-01
-2.164267060538491161e-01
-4.166307112960948023e-01
5.474725552583452615e-01
-3.135517539645284457e-01
4.719175001375301992e-01
5.421871788717899099e-01
-2.293741614046730104e-01
-8.357090097558164121e-01
-1.259803885999518369e-01
7.575622884867289075e-02
5.531309341554042636e-01
-8.822799607838347491e-01
-4.393926687731488090e-01
-7.076257960708016714e-01
-1.119035266071214840e+00
-3.395549604296299040e-01
-5.261440310792836472e-01
-7.598878694367688924e-01
3.219258763423668013e-01
-2.361296953504358198e-01
1.938940048540090944e-01
-1.733599586591015873e-01
6.019174963659118527e-02
-1.904877222226641076e-01
7.399034019697962039e-01
2.844139566914742900e-01
-2.475835334471369054e-01
3.619846466240899119e-01
1.594620739195821701e-01
3.907240709110227361e-01
-1.127126479985454122e+00
3.457446003968368542e-01
-6.014351456677499153e-01
-6.790936909881094274e-02
-4.928470103092413845e-01
9.486723553663038710e-02
5.789893872356687288e-01
-7.016519143903219291e-01
-1.050978109022973894e-01
-1.892201961151566136e-01
-4.593633264225560620e-01
-2.782177123912991101e-01
5.827533462180346513e-01
-1.436669228449632962e-02
2.045947205904775912e-01
4.622077122294602214e-01
4.370451558983718954e-01
4.750236299061597611e-01
-7.962407008935643571e-01
1.748032597087478823e-01
-5.815287144029042121e-01
-4.944387499167540723e-01
1.327436807035689281e-01
-1.185919911855502357e-01
-7.013264825760539001e-01
5.790239955951774764e-01
4.454004377960051331e-01
-8.277363835627132849e-03
5.078346107419902111e-01
-3.089358163516230937e-01
-7.963924784361745002e-02
6.387833119310255547e-01
-3.779180891441613621e-01
5.786968883027781008e-01
5.918427208031531439e-01
2.737972247678696069e-01
1.205280898421094982e-01
4.732548348064526955e-01
-6.660057668190108582e-02
2.022832760582647382e-01
4.324219490677097544e-01
-3.379133162760961095e-01
-3.489948019314825789e-02
-5.562669324100342205e-01
-8.296140401231089090e-01
-1.387923936378772094e-01
-1.148860359211777149e-02
1.469001303714146389e-01
-3.920258197547991930e-02
-1.497682403224123715e-01
-2.216257995188781194e-01
1.014758816057451662e-01
1.903779241139395145e-02
-1.066058754946326959e+00
-6.379864006459942671e-02
-4.889373974952733182e-01
-2.121468237832062620e-01
2.481867383367619695e-01
-5.262330826010372942e-01
-1.610503796210310534e-01
3.000418910240809089e-01
3.311877272279022399e-01
-8.789744738360930620e-01
4.610707609477472935e-01
6.311410377381149184e-02
-8.779146994195865528e-01
-1.743305034724893510e-01
-6.368945096104693393e-01
4.191733267864371226e-02
1.426251558660836943e-02
8.094721241951458035e-01
-1.323349990963448297e-01
4.606292142277731427e-01
8.434922608683828038e-01
-3.956320662822345735e-01
-1.338071076294682638e-01
3.849878013888563544e-01
3.033361707503210436e-01
9.323727936924328108e-02
-9.745344244077357443e-01
1.592865788271170535e-01
-2.510051439197396594e-01
1.177896215355536347e+00
-3.084347118476375993e-01
3.393624591542575564e-01
-1.559224932668782093e-01
1.022035267230644973e+00
-5.112243223249615109e-01
-3.553408142020544891e-02
2.731405106747364919e-01
6.065853464651351779e-01
-5.987346466696807923e-01
2.116891349443495440e-01
-3.377782285961949960e-02
-5.779296802388541598e-01
-3.282309356729349314e-01
3.948471671172752717e-02
4.367325446939583911e-01
-1.450583365714013251e-01
-5.320838003752016432e-01
-3.566232007061873599e-01
6.438654147487971047e-01
-2.058266653617931152e-01
8.040468111234833071e-01
4.247997613940424633e-01
1.238150336795286466e-01
2.235623078707204836e-01
4.792540335376543892e-01
-6.040228520531022438e-01
3.158347716728741872e-02
-6.870284893304422491e-01
-8.027684288478599550e-02
1.700106616453987696e-01
-6.327522454466748547e-01
1.431402030590797070e-01
-8.108175234728837166e-01
1.831783153441392531e-01
-4.677524042342610100e-01
1.092463458737453347e-01
-4.366851575811538932e-01
-6.302672422470287916e-01
7.628849773985352245e-01
4.820175452507565739e-01
2.728707936188567995e-01
-2.094432360708902707e-01
5.131045961214349971e-01
-6.975528337109851984e-01
5.171910301364854856e-01
9.232186160402692243e-01
-1.057644605399603588e+00
-4.569149773733785502e-01
-1.578901685810211453e-01
8.407366293696481030e-01
-3.294667569466216417e-01
4.405024304583108896e-01
1.394207952869817024e-01
1.619227469489880056e-01
4.096873908956689680e-01
