6.280000000000033822e+01 0.000000000000000000e+00
7.840000000000020464e+01 0.000000000000000000e+00
3.280000000000026716e+01 0.000000000000000000e+00
7.720000000000021600e+01 0.000000000000000000e+00
7.660000000000022169e+01 0.000000000000000000e+00
8.380000000000015348e+01 0.000000000000000000e+00
6.220000000000034390e+01 0.000000000000000000e+00
8.440000000000014779e+01 0.000000000000000000e+00
6.820000000000030127e+01 0.000000000000000000e+00
8.380000000000015348e+01 0.000000000000000000e+00
