9.222977617928680427e-01
6.824621802841757123e-01
-2.197230785609434189e-01
-8.516428893103579201e-01
-1.481040594282019507e+00
-2.675648198633610031e-01
4.243093717428652600e-01
-3.739004338738737276e-01
1.632430817764509712e-01
-1.374966950452249370e-01
-7.565973808130560530e-01
3.734307842933129451e-02
-6.751962111564920876e-01
8.375245203920034243e-01
-9.678053465492033602e-01
-3.241611581929323416e-01
-8.365578246954402664e-01
-7.716915646020666708e-02
-1.192760119274830777e-01
6.576883688759163071e-01
-1.150064601673206344e+00
-1.861594626106166939e-01
-3.300377637487660887e-01
3.256055017003813834e-01
7.938159883505565562e-01
7.232914843315013664e-01
-7.355633448586171852e-01
-1.917326229361185075e-01
6.835988826148126085e-02
-2.845620640182490446e-02
5.230261297196826531e-01
1.673711233822380018e-01
2.350914586501163250e-01
2.464164245599820835e-01
-5.685648173828101726e-01
2.373559554833391538e-01
-1.891949487323912882e+00
-1.407171450628827092e+00
5.280535549896233638e-01
-4.314722726719158463e-02
-3.662064842093551986e-01
-4.549750048691108550e-01
-5.596960352777593517e-01
-3.932075904743194683e-01
9.738756611485793746e-04
6.836662837000798132e-02
9.425910254599467741e-01
5.789577081146806137e-01
-1.635926022866740270e+00
1.435687834226062165e+00
-1.859370663161451220e-01
2.086615179164265643e-01
5.992928003293871431e-01
-7.714018803852992212e-01
3.502847347339200779e-01
6.551441676587886898e-01
-3.444624816789691457e-01
-5.156257574184999748e-02
-1.252965891285433342e+00
-6.150786024415969000e-02
7.151895273611024173e-01
7.499665509245279083e-01
-5.963474641301083068e-01
5.082023584909498570e-01
-1.826245306584295958e-01
3.175761301929083125e-01
2.797722408026170893e-01
-9.082129695024449001e-01
2.636009080152418860e-01
8.268427148144130712e-02
-7.633491142207409208e-01
-9.844906868733391825e-01
5.384232234125687633e-01
-1.607956603826158348e-01
-1.616496396688701931e-01
-1.004316207315273601e+00
-1.527815025493039380e+00
-7.862869798428023804e-01
4.014692195416701970e-01
-6.576803301208306030e-01
6.741302032142575396e-01
3.146709133512449741e-01
-2.274303505246440538e-01
1.831980147189531394e-01
7.351081911060914909e-01
-1.483631324094167203e+00
-8.132800171389862331e-01
1.936997438850967257e-01
-3.226235013190962841e-01
4.161266871724415561e-01
-5.666458526976281274e-02
-1.326270280315337835e-03
5.924829620070652947e-01
-2.651551492224320850e+00
-6.409519156829013298e-01
4.054171937235263590e-01
-6.129145684907158498e-02
3.838743312724120504e-01
-3.034704934877613947e-01
-9.289029748107090201e-02
-6.876543511194210812e-04
3.129756152992790308e-01
6.041755805254827028e-01
3.444777548709655468e-01
4.112971348606735411e-01
-4.573877131362742987e-01
-3.355986367564851858e-02
-2.447079522261027817e-01
4.715028108429381026e-01
-9.275970912368152188e-01
5.462865602593092174e-01
1.084997993822276463e+00
-3.863020027141133017e-01
7.049676745252428933e-01
-7.255740444179850646e-02
-5.624941290865270727e-01
2.192145258115159034e-01
-2.936940149596468652e-01
5.710506016435510368e-01
3.768692241071471827e-01
-5.841042127135882556e-01
7.576816690268075583e-01
-6.935373171904377632e-01
1.451849158474726176e-01
-1.415791734236120814e+00
5.992271530208687080e-01
-7.879628116532605420e-01
6.844194894040585009e-01
1.277306521401645245e+00
-7.229217183534802915e-01
7.455014145970917383e-02
1.192911417560118398e-01
9.256072478696589223e-02
-3.343876161725748419e-01
4.185428410721612202e-01
6.138527516059610889e-01
-3.309251281813035961e-01
-3.620224067450583116e-01
2.395430044751092336e-01
-1.067350987260942130e+00
-5.111656276603990801e-01
-1.696426105305240739e+00
2.868024309730806132e-01
7.041932552148569835e-01
-4.611763684602548929e-01
-9.946784930679158920e-01
7.478868191786777198e-01
3.257756343127125032e-01
-9.151015928998447180e-01
-1.208078951353549757e-01
-4.942423458521362223e-01
-2.711530786802032189e-01
-4.808488893413282450e-01
-2.406885921278546503e-01
-1.990449909270582407e-01
1.238376157527564025e+00
-1.737079372351081341e-01
5.876954013933249898e-01
-3.907055116025818231e-01
2.936148948152589311e-01
5.905544099938943026e-01
7.519237521773941557e-02
-2.339102975896034664e-01
4.755012087037605584e-01
-7.052197966913016369e-01
-7.681327350052541414e-01
-6.064287754203903091e-01
3.424162460594099011e-01
9.491972595787224742e-01
-5.168595695641812204e-01
8.892387873739296955e-01
-4.853483535974940644e-01
3.585338347637057055e-02
-3.817331375358467560e-01
2.259022342858734156e-01
2.959875230569323223e-01
-3.018005439083533137e-01
1.057659887662737441e+00
-2.132234496357413023e-01
-3.079787527871004627e-01
-9.825708232537480602e-02
-8.640230532173387434e-01
-1.732352067293993769e-01
7.621222071537810117e-02
4.906830262480536831e-02
6.880362397734450797e-01
-3.360299315903075845e-01
-4.088768157237483436e-01
2.091861325497407914e-02
-5.386422199861420346e-01
1.456651825441868109e+00
-4.653199705742790959e-01
-2.605518502688122240e-01
3.984317357231474399e-01
-1.774661642005802842e-01
5.069643588663773626e-01
5.117118935527294188e-02
-3.703511755753975399e-01
-1.142397031680839614e+00
1.333032996475857157e+00
1.953357335183444898e-02
5.571604838926613734e-01
-9.197384539557342809e-01
4.356809924240571119e-01
-7.914368658908766951e-01
-8.460737773643369763e-01
5.845272582382483872e-02
3.950520659968824178e-01
9.931941134095775836e-02
-5.331250045903715984e-01
-1.309851130399693475e-01
4.438963707203280595e-01
2.896593154523660618e-01
6.588449933076870879e-01
-5.194053071396893539e-01
-7.482267056392065685e-01
-1.728805572836839277e-01
9.286596754562163047e-01
-3.760068613257326331e-01
-3.966821735906270185e-02
-2.146021594135554544e-01
-6.654219633026843272e-01
2.019907366953845873e-01
2.385597852347888237e-01
-2.306550188037513882e-01
2.958386163529109769e-01
-7.505776218239634812e-01
1.634412888841161982e+00
7.662778316342795659e-02
-1.301582281101597016e-01
-7.081920264149184074e-01
-1.063444267984322122e+00
-1.086524698133506106e-01
-1.394852436177407840e-01
9.275565176320886840e-01
-4.098894630681988449e-01
1.178696005958547594e-01
3.117417257729779290e-02
-1.103014812420319180e+00
-9.000954955382943767e-01
7.204668251771816356e-01
-1.030218493049517292e+00
8.718878919458792343e-01
1.548288694445659752e-02
-4.500513144698972123e-01
2.055808431645154144e+00
1.869806438944249805e-01
8.644915036231090033e-01
5.799803327135306663e-01
8.563733813359432068e-01
7.192487057975898157e-01
-3.215666155258992687e-01
-4.862744475684961376e-01
-9.877841823445915326e-01
1.132935913497708086e-01
6.830608693590335678e-02
3.689168738661662839e-01
-5.693490448217731759e-01
-2.695383669177407460e-01
8.580420699291763098e-02
2.846974776023991627e-01
-9.902797618784672795e-02
5.732780429604316108e-01
9.984845229708771974e-01
1.234314601992923643e+00
