9.575154817837858157e-02
3.468706668249175173e-01
-8.083338628475458254e-01
-5.377089355131492443e-01
5.906623792854228672e-01
-4.445981022901734914e-01
5.911238848233866250e-01
-4.101229299365933834e-01
-1.973719066980966497e-01
-3.105158931231990493e-01
-1.873709656357167297e-01
-8.986202013467900485e-02
9.266368637321098500e-02
-6.822438411453424223e-01
-1.648822736261920940e-01
-3.647325628416749344e-01
-2.924913057572132158e-01
-6.813929211959057763e-03
-4.979672147489786482e-01
5.404253367639859640e-01
-3.641385839388325274e-02
5.450140740695887942e-01
-8.041438326350762722e-01
2.009909218164295519e-01
3.640014399676443357e-01
-5.438187038636540516e-01
7.765801927320005182e-01
-1.234353680915079576e-01
1.822571186213650385e-01
-2.310559321570346270e-01
3.898504803089226645e-01
-1.124871380036713830e+00
1.866554008921126884e-01
-5.774896424831750252e-01
-2.014879032339336740e-02
-4.372096187594606276e-01
4.976497379060716986e-01
1.088824171943407082e+00
5.305230386731216718e-01
3.862422715174143595e-01
4.387895688755538703e-01
5.029151639294625331e-02
2.106310155018994990e-01
-6.112700396876065145e-01
-7.216836257904349905e-01
-2.773791150749999046e-01
2.571814332678796777e-01
4.067362126880070816e-01
-8.449545862423140097e-01
9.870369169819240840e-01
4.707713724969770919e-01
-1.140862006952940932e+00
-4.963971549411528850e-01
5.189609034242032015e-01
8.312890314252067148e-01
-4.136286372893333702e-02
-3.363112295458327017e-01
-4.285965360530584189e-01
3.448760207114475174e-01
6.990134026966541292e-01
4.134217362617503277e-01
-1.787491626101444797e-01
4.208766045446458715e-01
3.844490278691458651e-01
6.752397854969352520e-03
-1.233440994627396509e-01
1.058113168566207074e-01
-6.073211172558909965e-01
-6.859639078561015069e-01
-8.016849139904507204e-01
3.454427877287437054e-01
-8.028148088317601516e-01
8.185552701008383392e-02
-3.252220321806034153e-01
-7.818645614112327280e-01
4.352062804978277383e-02
-5.809098753350421251e-01
-5.980324981175124677e-01
-2.312224228551861549e-01
-2.228281334330778074e-01
2.079148504937906039e-01
4.543384530042197667e-01
3.439341875490398853e-02
-3.796591239588955058e-01
6.931100022355833890e-01
-2.564138150026714635e-01
-9.910247066944321004e-01
-3.723019281027001859e-01
8.800563640261298282e-02
1.133976143533370617e+00
-1.024267514618811603e+00
-1.537259446904539473e-01
-2.473517747608982575e-01
-4.229616012516552725e-01
6.110591025580622282e-02
-6.472131108835884605e-01
-5.840962072750062184e-01
-4.694420010110036956e-01
3.199317198011804586e-01
6.071681637011051846e-02
2.843479590998027606e-01
-7.623450241066169752e-01
1.155067643666990163e-01
5.089255649714243823e-01
-4.875305637281041049e-01
-3.261503301368758323e-01
3.214428686681953251e-01
3.689965394096154927e-02
3.226194220767123477e-01
-9.821320313878927344e-01
-4.842245922049713269e-01
-4.420103767094979430e-01
3.666403031785746558e-01
-9.006338910540824250e-01
9.751527823594904887e-02
-8.047355675760248239e-01
-1.982704311454984714e-01
-1.269250787797714108e-01
3.061112392104650137e-01
2.335826731703480874e-01
2.810364519666976313e-01
-7.663501658255982285e-01
1.293840118032898723e-01
1.836479312133795783e-01
5.767008133966564642e-01
-6.956819267151963249e-03
-8.636734863212355839e-02
-3.454457969307116183e-02
-1.629579562300893736e+00
-4.285182230674799975e-01
2.113780375799746425e-01
8.127374094361786705e-01
-4.210256715658771687e-01
7.451634608273152716e-02
7.236523939080510281e-01
1.329228360553016686e-01
1.531227041240043052e-01
7.471187543729228553e-01
-1.252257662897724444e-01
4.234759078037322322e-01
7.463592560762393191e-01
-2.912664397171548791e-01
-9.629546737325559436e-01
6.692751029379485905e-02
-1.340529081513814336e-01
2.823996894359173671e-01
-1.171253523549243766e-02
6.091575299854885550e-01
-1.516906994735988529e-02
4.274352194009541916e-01
5.766869359287628977e-02
-9.520021569931188532e-01
-1.441429029031215947e-03
-4.625379784082109813e-01
-4.025409850498921083e-01
2.745357335146879352e-02
1.040410915986150348e-01
-6.470160844937934419e-01
6.531132302760801478e-01
7.158161906931741481e-01
-7.455650215670769354e-01
-3.072252701021348509e-01
2.876784702013395201e-01
-6.167517063648357833e-01
-1.169510928941985828e+00
-4.479438379695849237e-01
1.062107081244026974e+00
9.029194364708339471e-01
-7.149513958028296257e-01
3.335369521398748871e-01
-3.252635556175380582e-01
3.575091190477722725e-01
-3.003517809561486174e-01
-2.726797572326747354e-02
-9.906837206418301900e-01
-2.893694470892341775e-01
-5.863844878276916472e-02
-6.405421831490651363e-02
-4.389703766652577333e-01
7.133726598316636469e-02
1.104220534147114241e-02
3.887760882784517258e-01
-8.635373415956998366e-01
-6.235176739827973103e-02
-4.650617296076817175e-01
-5.712757101975610707e-01
-1.255245638520119389e-01
-1.595603194720147111e-01
6.696403068830164562e-02
1.684004333010293564e-01
2.693554737348911599e-01
4.350199647394744629e-01
-2.604117677189362046e-01
1.441285592973702012e-01
-6.645662354174975972e-01
9.368412356631224125e-02
-9.921865356043333417e-01
-2.761856287876417460e-01
1.287656247073674542e+00
-2.627034414215204672e-01
7.179205358854950925e-01
-2.493729110101114421e-01
8.719587406533255702e-01
2.601276357742366430e-01
2.012044807341809016e-01
-2.075330403920649935e-02
4.287974172916253490e-02
-2.357428034809557205e-01
1.443603252512671631e+00
-5.090676949882717572e-01
-7.258207490635223413e-01
-8.802701407366481101e-02
7.345575553807963676e-01
5.512304091298336761e-01
4.083998516910182508e-02
2.891986130989711579e-01
1.365750538206017550e-01
3.206925399034198376e-01
-5.512946328276968622e-01
-2.615655727295289057e-01
-4.010575997530615999e-01
-4.815191186530117795e-01
2.200535264625267939e-01
4.190651048336541118e-01
1.365077872674759496e-01
2.967263066984307529e-02
-3.033939479589988775e-01
-2.366667414916975298e-01
6.422375084343652230e-01
7.551905157248520739e-01
-4.826617069635472657e-01
-1.191280293190718043e+00
2.853253715315386407e-01
4.477784173232125520e-01
4.401735550352034454e-01
2.011129226904513623e-01
9.660966474621295041e-02
-9.128567195714556437e-01
8.049420190442987399e-01
2.197405920316905792e-01
5.671114823762807289e-01
1.019015057223753434e-01
-1.038110569125610949e-01
1.046553993130056925e+00
-1.210452398418881137e-01
-2.330176817875548312e-02
7.953886256282153289e-01
3.675832849547228665e-01
7.685833039830759494e-01
1.693228676677850819e+00
6.211013842289004883e-01
2.786545914899735132e-01
-8.537702233660368067e-01
5.743965814466281961e-01
-1.345601392742318270e-01
4.378730691980610157e-01
2.296788357156158145e-01
-2.085251216203313773e-01
6.671651342681502728e-01
-6.901539977638807000e-02
1.102641574508523292e-01
-4.565443627834225859e-01
9.323399848958088265e-01
6.234914786169933887e-01
3.054717027753331982e-01
