1.520528171559816233e-01
1.075311294927749461e+00
2.717972515055279425e-02
-7.773981936937597315e-01
8.689277316762661352e-02
-1.714409715314268723e-01
-2.236781807444666315e-01
4.509603666655346288e-01
-5.427455501886174760e-01
1.306356824335779820e-01
1.572356231845291608e-01
1.052207587322018467e+00
-2.158977320971529335e-01
-7.600005990490554808e-01
6.224497670762582091e-01
5.306277877823172284e-01
-3.645456070635660906e-01
3.439589159734189883e-01
-2.183661047947892120e-03
4.824104347727786735e-01
-3.392566873300617569e-01
-4.570575962709322315e-01
-5.008483895384607809e-01
1.516226851981146151e-01
-2.733631120174736528e-01
-2.618085083243189559e-01
-1.599823446748977473e-01
-5.855612745966106564e-02
6.374946822187963491e-01
-1.486087820112051983e-01
5.535429828349208714e-01
-6.019429679211842910e-01
-2.053583869967585129e-01
-7.834536212579013004e-01
-1.056942390230907858e+00
-2.903155936966218542e-01
-9.861430294489842430e-01
8.822030153467239622e-01
9.248222286745820808e-01
-5.550167846916165271e-01
-2.580771218354505070e-01
-5.938455385791167052e-01
-7.175442427857835204e-02
1.127057539532840824e-01
1.224810417350820912e-01
4.512173599948851033e-01
-5.774889675040272286e-01
3.828631843069136842e-01
-5.479394041156749884e-01
2.460570186730893505e-01
-2.057859338935307258e-01
-2.936753966641478808e-01
-5.688423055641712855e-02
-4.509762839994091999e-01
-1.796033382011506807e-02
9.509554969953781800e-02
7.898240421986347792e-01
-3.535856691588850076e-01
-5.903558510718893981e-02
6.747352004477789045e-01
1.567971715609974837e-01
6.723332332189496663e-01
-7.418013139185217208e-02
-1.282249761282756584e-01
4.098539186242651788e-01
-1.160086757215807035e-01
8.500353017079381734e-01
1.854107098876995319e-01
1.760728608643338799e-01
4.299725073238597206e-01
-8.819352533712663256e-01
3.105503042873716812e-01
-6.958415156847861383e-01
-3.000085941702498871e-02
2.600618108317014898e-01
4.693523210746010088e-01
1.535419239417120107e-01
5.588068048938485965e-01
-1.226103084384018438e-01
6.267077253862545216e-01
-3.317644537263038651e-01
-3.228110695151826248e-01
-8.388786159548218546e-02
7.099586724569304508e-01
-5.636758649506005137e-01
1.328586136309889976e-01
-6.201792471939100021e-02
5.782422225271640626e-01
-3.078985778570266230e-01
-1.253562430500871905e-01
-7.530426735385538084e-01
-5.823372110046803884e-01
-1.338097219060995213e-01
5.286019609597464308e-01
-1.163584549971826254e+00
8.361441387637386091e-01
-7.966119906256862171e-01
-6.401124711170104176e-01
6.940286813127790611e-01
-1.898712141261341135e-01
3.123352104169438426e-01
6.222375515456541883e-01
-2.752456575057521393e-01
9.629249143232757602e-01
-3.870762538650911466e-01
2.184424188818089030e-01
3.053132149218354963e-01
-6.005474057575129615e-02
-1.228361214201906526e-01
-1.838637568959133883e-03
-6.086043516939946274e-01
-1.229889403763181344e-01
-1.076564959331486604e-01
-3.847974569802527917e-02
-2.696203316213252044e-01
-5.016361827251406558e-01
2.819079637650501180e-01
3.011927188660242227e-01
3.222484678064767294e-02
6.580753538791381807e-01
3.700305473012832636e-01
-6.476393198731180689e-01
-3.485213943394972480e-01
-4.978278998143838008e-01
5.275547796987523075e-03
-4.162417877805289490e-01
6.611505751745124781e-01
-6.906315808513358023e-01
1.477015076347809042e-01
-4.615369556536590423e-01
4.972172227963504443e-01
-3.152548427939260156e-01
1.941450509597857366e-01
-8.238553637854589828e-02
7.256237835386853963e-01
-2.442766099613213893e-01
-2.842708697999430378e-01
3.595397294321704962e-01
-5.403898312981592067e-01
-1.078514419574344574e+00
-6.234764802173917847e-02
-8.871955331692453761e-01
-2.007173280016054107e-01
-5.655739510397597147e-01
-8.097127241736657988e-01
-1.510421523779961195e-01
-2.134481050547337722e-01
-9.079419702883758658e-01
1.760461163566940379e-01
3.947702951453092579e-01
-4.030330591202549995e-01
3.027515450423960419e-01
-1.476960633178266424e-01
-2.460215516289832316e-01
2.635451841635785275e-01
5.665514056227773931e-01
4.331541106900121396e-01
-3.326167120113393549e-01
3.707168709552662311e-01
-3.827685201277449267e-01
2.663633081036280714e-01
-3.189427732060801657e-01
8.599399907558202827e-02
1.680800643892449708e-01
3.187162597945432108e-01
3.524569289889254997e-01
-1.194272844448205140e+00
5.026495351063556827e-01
-3.456945565666492692e-01
3.202798544705762196e-01
1.580178846119335012e-01
2.512990786744135896e-01
5.011516640536384931e-03
1.085726401528618601e-01
3.402844665148666015e-01
2.102955357624720634e-01
2.332079210874949127e-01
-2.044798482301218856e-01
-3.602927557897773747e-01
-1.035494147684959509e+00
3.600971091786131506e-01
-1.158258216400191443e-01
-4.063937724452916234e-01
-3.207968928312840418e-01
1.273450337950227662e-01
1.198566112544744877e+00
3.507563065074126296e-01
3.382596669657765842e-01
-2.820670929318357389e-01
5.131229935804528797e-01
-2.855802058103899532e-01
-5.663887607091370180e-01
-5.776353705018123508e-01
-2.710804694166353557e-03
-1.079463205817450699e+00
-3.492404204541024737e-01
-4.374561696919278542e-01
-6.455933492040254462e-01
6.291659389958635940e-01
2.115927315546375365e-01
-3.813282842100004233e-01
1.005124392824374435e-01
9.987953202513384365e-01
-3.551990700063025197e-01
-2.573316418084283796e-01
-8.775121079806533220e-03
2.658296805276943453e-01
-1.275658868336026486e-01
-1.989710820370350353e-01
-1.245718827926309280e-01
-3.119032587327902339e-01
-3.780738533992229478e-01
4.196123657590369871e-01
2.376605689410251077e-01
-8.313544930040593917e-01
-4.131342699657952755e-04
-6.112449672664251876e-01
-2.170910834999013050e-01
-2.126250804147223339e-01
3.266594972022826004e-01
-2.439395232822235415e-01
9.050555609221684616e-02
-5.527541278124369351e-01
-4.867910051804919536e-01
7.785665658030886949e-01
-1.273751342997637981e-01
2.716776458705580932e-01
1.242134266821771638e-01
1.126742158157306495e+00
-4.001982480357288985e-01
3.603630253344876633e-01
-2.268128023380742986e-01
-4.277500755243168751e-01
-9.213436596875828055e-01
4.987128882873241853e-01
-6.872430901459819497e-02
-8.441929536428255387e-02
-1.259778983722766865e-01
5.805061589152148427e-01
5.087372296879923983e-01
5.206357991764734017e-01
-3.469888544226130689e-01
2.450629034868125611e-01
-1.266923701951307768e+00
-6.901495192094074804e-01
-1.970182365727823903e-02
-1.727901493233123809e-01
6.141009309775309344e-01
5.919356528473018741e-01
-4.040290439861476401e-01
6.425245402187123034e-01
9.925386065832075833e-02
1.431253512131962224e-01
1.296694754195138577e+00
7.688897470708289106e-01
-5.549565838965312414e-01
-1.278663157855621124e+00
3.160820411673928576e-01
-3.846681554889010424e-01
7.542666951614979132e-02
8.181647783894965276e-01
1.340950055836639121e-01
-1.355839421864178662e-01
5.722051196599159395e-01
-8.973664904345387550e-01
1.771766539971127430e-01
-3.651117900002731620e-01
-4.893055291924679473e-01
1.081600390333077977e+00
3.917053277590641924e-01
4.085386397929391955e-01
-2.061297534587603342e-01
-3.919595931252550791e-01
4.928311447444467808e-01
4.166811143527591743e-01
-4.028105006919124875e-01
2.148592994622307017e-01
4.556390062266539309e-01
5.201060392285943301e-01
2.869085677735196960e-01
-9.483394928090081999e-01
-3.355853905923206204e-01
-1.084368522614827662e-01
5.725267408303640337e-01
1.631712636636311053e-01
1.826939442415888570e-01
-5.656999937468071282e-01
5.781144949076609529e-02
-3.194064698729939256e-01
2.113377019409393986e-01
6.894733217236704848e-01
-2.312307488414239998e-01
1.492191609140726960e-01
5.780801289279297039e-02
4.053265261775929051e-01
-1.575910506276439749e-01
3.266827319792329209e-01
8.367163859644596302e-01
1.295757257280800157e-01
5.608359945625271403e-02
-1.005769829819116445e-01
-2.545875219454163396e-01
-6.959277037451861991e-01
-3.043867016166281192e-01
6.146489290949597173e-01
1.448998218905966917e-01
2.850565877104649926e-01
1.913380493113761849e-01
1.285714194883782913e+00
-2.632904641006578172e-01
-5.130200087823921784e-01
-4.395671047529173814e-01
-2.907747392137898790e-01
-8.336354997209346473e-01
-7.878079059355622693e-01
2.092896545338944758e-01
-5.410373245527834163e-01
4.797051614154114185e-01
3.710701573615693416e-05
4.741527155457112008e-01
-1.210850511213334285e-01
-9.644549991494278940e-01
-6.404838994207380232e-01
-6.367581589530630914e-01
1.223079035887689320e-01
-2.553021701465190141e-01
4.513222252509052623e-02
-7.175792886828691319e-01
8.876120473458543048e-01
4.699604125652200870e-01
2.406588503294303794e-01
5.040291538269413563e-01
-4.257117326650959876e-01
6.130886094769018302e-02
-4.858987625265305255e-01
1.006235149952016683e-01
-6.212856915585245332e-01
-1.967944841168402514e-01
8.623839626345555232e-01
3.756742354362831438e-01
2.204255990435543544e-01
-8.053260366246259849e-01
1.854936810067970565e-01
-1.218638472260890199e-01
-7.926950378799715868e-03
-8.808117322327840837e-01
-1.817443952931303286e-01
2.607553205269632635e-01
-6.362007198453072387e-01
-7.261602701787270298e-02
-1.765908470260382779e-01
-9.583307694648317554e-01
-6.795493817850964957e-01
1.000236669252943855e+00
-1.581351236910161218e-02
-3.923901301280250387e-01
-4.088340155305358881e-01
3.633529504893154294e-01
-5.855652442393014523e-01
-3.697916047428391195e-01
-3.864261332261943460e-01
2.816777508257974350e-01
-9.399539140303072582e-01
-7.361604347122760461e-02
4.395810890283396999e-02
-2.798604472415301969e-01
-2.665347894917218241e-01
8.944499983426018597e-01
-1.537305951267489146e-01
6.452637605527831166e-01
2.043980019051302999e-02
2.000392163025987990e-02
-2.852044278358731311e-01
-4.709537963704243935e-01
-3.675036202796890805e-01
3.568611582668023141e-01
5.976260752885115268e-01
2.599112258789463281e-01
-3.477485777337334105e-01
-1.409709249783614587e-02
-7.487700041869185252e-01
2.526239610517037049e-01
2.510640322682184955e-01
-6.195618906305624396e-01
4.788321534345419961e-01
2.177261382082120722e-01
-1.455435536912278449e-01
-7.545455769746696184e-01
7.596650166437499685e-01
-3.861254735139073579e-01
4.741318596637669192e-01
-3.978855200099400483e-03
2.940297687878727362e-01
3.302156284421235710e-02
-4.811529836903827295e-01
6.500455654078096668e-01
1.016566425756386005e+00
3.657701101295588453e-01
8.847814085954961438e-01
-3.677014899940463377e-01
8.630932887898737360e-02
-9.282172674572276849e-02
5.329477394427634129e-02
4.725903110453194556e-01
2.598838379189279402e-01
-2.916559621983420003e-01
-3.687085909164212194e-01
5.034312799450233467e-01
2.094269747254177694e-01
-4.040151586262007433e-01
1.293016719108009971e+00
-1.228978958973022451e+00
7.451397558195670123e-02
1.794263264188333540e-01
-1.508533250488335309e-01
-1.491142271932809071e-01
-4.341935071529136048e-01
-4.274789263032928721e-01
2.924939410466519119e-02
-6.690509596701860184e-02
-3.483942366955267156e-02
8.325970279979220956e-02
-8.424896345001489650e-02
-8.028255740277913111e-01
-6.722632248772478780e-01
-3.489901652977687729e-01
1.591250281687693890e-01
2.666250289533989015e-03
-5.654426587217473710e-01
-3.755327575384772021e-01
-9.331674035173298520e-02
7.221845163510971499e-01
2.860846189524868244e-01
3.603907697936774568e-01
3.080123153312961937e-01
-3.993231213049892592e-01
7.515815756477026710e-01
-1.870696399843461144e-01
-5.460244694473639360e-01
-1.783982714080670218e-01
1.259076315766172183e-01
-1.231967759600795242e-01
-2.854131670959028089e-01
-5.625117852320443701e-01
1.560678212573294033e-01
-5.036861534528647155e-02
-2.730406625777060392e-01
1.671036453164495006e-01
-2.645559894876132190e-01
-3.842196128936334332e-01
2.638376474624176127e-01
-9.149867716397891426e-01
-2.584805705358289574e-01
1.121380787851203320e-02
3.374987990613551037e-01
-1.548781229647632485e-01
8.551362504749918658e-01
1.083280865965686734e+00
-2.476247193659617540e-01
1.158755998770810702e-01
3.296356366165339447e-01
-2.558320768369959364e-01
-8.772839700159488219e-01
-4.931210848997104046e-01
-2.539076710239900059e-02
7.979631454748305208e-02
3.471229642161444140e-01
-6.706939303040069245e-01
-9.482832239094771687e-01
-2.487034270395305224e-01
-3.069120737552064049e-01
-5.237478257337001564e-01
6.425388212275859323e-02
3.427635521377253580e-01
-3.976408386931616912e-01
1.374703290195905536e-02
1.082379450327587644e+00
-8.597910798393935128e-01
7.004702526117773109e-01
-1.666037667503147968e-01
1.032847528210411175e-01
-5.586315168070294934e-01
-6.856754375508904154e-02
4.136955867709918300e-01
-1.462645421154906145e-01
-3.086059427589988857e-01
7.158788604772289288e-01
5.059698037578592711e-01
-7.888441885043377955e-01
-1.109213488903173284e+00
-6.504434700751978715e-01
-4.190312416106953819e-01
6.200607103384672136e-01
-8.407979450804775601e-01
-1.651223412887358188e-01
3.170200905045803541e-01
-1.717917519271812965e-01
1.298458167695664689e-01
-1.178882785522564342e-01
8.246461340498442705e-02
6.774829230108340150e-01
-7.128879255166256645e-02
-1.029926361663547452e+00
7.222985890457735980e-01
-3.336332408466697874e-01
8.847018827828009302e-01
9.745767223016180703e-01
-8.818845258722628477e-01
1.862853872095380781e-01
2.891876702299270296e-02
4.528922314152789563e-01
-4.008526176095615901e-01
-7.489585643324864206e-02
3.528761860240761661e-01
-5.143675390471612319e-02
1.151586276616888699e-01
-6.106927795722760788e-01
-1.266741527793488364e+00
-3.579248899469320566e-01
4.031509765364883480e-01
3.398113399208520513e-01
-7.018762459673152376e-01
9.402649018690567573e-01
2.032879224984337485e-01
-1.001807158986476098e+00
-3.637875349180425544e-01
-9.690401831066036697e-02
-2.808438705603168994e-01
7.469050591996435895e-02
6.396165069990422669e-01
4.247847975832211298e-02
4.901393484197138495e-01
-1.029242473572796190e-01
-1.570233271979710521e+00
-1.772079881196706452e-01
-3.069387692571918791e-01
1.393768944379537578e-01
-1.301956084874484332e-01
-2.113609985218916909e-01
-2.601173928177783479e-01
-5.162049298057161950e-01
3.050864979772515140e-01
-7.571491106126576609e-02
4.724431355309454128e-01
6.111795170052594650e-02
6.207918778726950748e-02
-3.446761432111680179e-01
5.577385349015158145e-01
8.096871100014310096e-01
-5.476151855552735537e-01
-6.425483676812551170e-01
4.288608419833334073e-01
2.492152909675073857e-01
-4.329544246235184635e-01
4.983512436283926150e-01
-5.964208750427405503e-01
5.318737723181556909e-01
6.668663343582118541e-01
-8.091198366982620405e-01
2.493441862914064500e-01
2.448882768185832448e-01
8.941955576951809981e-01
2.254843039274497807e-01
-3.136755872913663534e-01
1.724571346085706017e-02
1.327561654747509090e+00
1.759924024895693773e-01
1.717368151921147557e-01
-2.620163701747416085e-01
1.922503684314144090e-01
-1.330995852908516963e-01
7.268852901331056271e-02
3.313159034306291384e-02
-7.813492452857517812e-01
-5.965708425748434962e-01
-4.139235398543700817e-01
-7.738932319101028412e-01
-1.172555992453382656e-01
2.261211870831487947e-02
2.382370211871684684e-01
-3.979322049912785153e-01
1.704449692501625035e-01
3.483041212992494806e-01
3.626091068620664881e-01
-3.134846126564656554e-01
4.378313409816683016e-02
-7.098971257061262308e-02
-4.268718237524314896e-01
-9.258774638971860316e-02
-5.086362369915287118e-01
1.164097081494812169e+00
1.705256578658783662e-01
-8.717934129590826364e-02
-3.989663275924214547e-01
-2.492195881396125634e-01
4.754025656930587207e-01
-3.055796192339572115e-01
8.241074277020897787e-01
3.301511810405091674e-01
5.243959978205928740e-01
6.530902087529144584e-02
1.104607451687512065e-01
-5.568265631982398656e-01
5.735439849171699578e-01
2.205675386301074181e-01
-3.355192483572483342e-02
-1.485841803996449106e-01
4.226853118793699182e-01
3.569939166209269432e-01
1.011157697355033802e+00
-9.525117454455872545e-01
7.440756992853135854e-01
2.855076379373975848e-01
-5.475038395496968358e-01
-4.763895069745826549e-01
1.690195651905863350e-01
-8.303518689767161454e-02
2.255675512450711073e-01
-2.604812836141344734e-01
-3.582155679957033101e-01
1.969234042414277908e-01
-4.844380505839717133e-01
5.211299397872978245e-01
1.882206717098267590e-01
6.965053009145424356e-01
7.715973978194802518e-02
2.380769336457662644e-01
8.007438330129069692e-01
4.915008715778343973e-01
-5.977275058633503280e-01
-3.258951117639794504e-01
1.005856099400893322e-01
-1.366730301611447929e-01
9.089673235986159838e-01
8.117948051941377141e-01
2.153514329009825756e-01
-1.573629458484056554e-01
2.141158597307026290e-01
1.467348124429414258e-01
-1.905273093768759529e-01
-3.491701448860253243e-01
1.976928034492773378e-01
-1.184885127996599063e+00
1.171112726376071000e+00
-1.790240805363166321e-01
2.402973720972072791e-01
1.838910927968756270e-01
-1.082477651422407927e+00
1.294022660589627671e-02
-5.105616181476675397e-01
1.325552477749395441e-01
2.854606965864837087e-01
-1.777548031665569239e-01
2.144739221214198022e-01
-5.070091353287614622e-01
4.009199668417577633e-02
-6.589421344260155688e-01
-4.415981620113598183e-01
6.633627096492406006e-01
1.444242049949265028e-01
-4.086991065208159246e-01
2.107725701615278391e-01
3.145675004304558375e-01
1.356889311843559875e-01
-4.130552348414422981e-01
7.204610447994391764e-01
-3.819770939855649527e-01
3.564249237626540001e-01
-6.113280251012940258e-01
-1.468606957612098862e-01
-4.790700341662659789e-01
5.023782693231898522e-01
1.085936642452138418e-01
3.611873659175847129e-01
1.197199487666071871e-01
-2.703723453154854850e-01
1.317905448411662572e-01
-2.253672811219683825e-01
-4.080697837870503331e-02
-1.069901250861345077e-02
2.047939166318870907e-01
1.458967668974359977e-01
8.167709133061476501e-02
-1.009649328991741424e+00
-1.196984784872442642e+00
-7.025233276144414729e-01
-5.877963400962850082e-01
-6.890222110653838883e-02
-4.226601925522740499e-01
4.774408873944023524e-02
6.356260836883638188e-01
3.038872712728009073e-01
4.157968890237077053e-01
-9.573583239441157966e-02
1.284203932281567928e-01
-4.716791815598089244e-01
5.378501519724439017e-01
-6.339196866922174323e-01
-1.214138975612817778e-01
-1.305641584683517320e-02
-4.236478553316899709e-02
4.622898645380877358e-01
-1.484451047876095275e-01
5.075696915267737808e-01
2.575761230729717299e-01
3.328367431450750535e-01
-7.995020303178985710e-01
7.692386318455578242e-02
-5.305301353254834318e-01
5.310053715537818020e-01
9.991763854452527793e-01
6.501803301389085243e-01
-4.781257195582642727e-01
4.502949964746728040e-01
-6.485728070744796181e-01
8.138296033799951035e-01
3.131793647357109522e-01
1.111902597231349432e+00
5.703681642884058656e-01
-5.771938538258817308e-01
-3.953370488310374853e-01
1.142639268297469535e+00
-1.458400786010109473e-01
-8.887571130910507100e-02
-5.609103959552007579e-01
3.900959762180281620e-01
8.291345854241173596e-02
-8.779644072245240682e-01
-1.245546742718922628e+00
-3.231962914701627110e-01
1.289852532039748034e+00
-3.790225218447478839e-01
2.564794854853045258e-01
-3.963508326930624270e-01
-2.108974790264735721e-01
2.636202945503029471e-01
-5.314549709278371808e-02
1.250060683191096811e-01
1.346043411690933889e+00
-3.944390857278506357e-01
4.067846261070034997e-02
4.858003116604172611e-01
7.021191867521628382e-02
5.185268536141439677e-01
-6.358689682806986099e-01
2.530231049691028522e-01
4.121093035813657712e-01
3.175026611298343293e-01
4.195606486441212368e-01
-8.582837535315164523e-02
-5.387108087421453861e-01
-2.320467375249469222e-01
-5.948189788171903691e-01
2.911593196916948401e-01
-2.348654711735557454e-01
4.490961405292345221e-01
3.615721234732712230e-01
-3.720391821029624402e-01
-3.427778509515972405e-01
-2.059187525892963028e-02
-6.153917709990802676e-01
5.190589559659627983e-02
-3.134866504481567673e-01
-9.568332360417769467e-02
-1.704894838804769663e-01
-4.680084025632282319e-01
2.169004833596535897e-01
-5.171669143470583041e-01
2.470824627967178888e-01
4.701922178300975141e-01
5.179475156842893169e-01
1.091575333426794553e-01
-5.095968105913535329e-01
-6.894238342995678837e-02
-2.596181411339552603e-01
-1.325858279554252839e-01
3.923599698630411137e-01
-1.809328681071438460e-01
3.152555297032982873e-01
-7.168496665359011533e-02
2.505478084388230720e-01
3.886308385746359978e-04
-5.048848859150070201e-01
-1.791619373058411790e-03
-5.283517624378841759e-02
-2.524412829222404397e-01
1.426741421688672462e+00
-6.679600240371066366e-01
6.471218920961704368e-01
-4.401835544604776329e-02
-2.249113718762550396e-01
1.245890839137292483e-01
-5.506401393508459918e-01
-4.732477205773929496e-01
1.002312109391761075e+00
2.792200550186859642e-01
1.376486380729492753e-01
5.014648097606980159e-02
-8.517108749521112854e-01
5.022337271460364239e-01
1.872021961217819053e-01
-5.294515341689852717e-01
3.493129634607146095e-01
6.408802894328469169e-02
-9.570072479108322483e-01
5.013819430108125141e-01
3.817100676659979097e-02
-6.017748324922658210e-01
-3.636693372174452099e-01
-1.493006124344942523e-02
-2.253244225983565552e-01
-2.642713702834240674e-01
-9.461251135969541703e-01
3.599386309892985691e-01
1.076811777013506388e+00
-2.496661026944263506e-01
3.355085821897830778e-01
5.387539196953786691e-01
2.242238202816926040e-01
-5.276904759240993448e-01
-7.503979528712161340e-01
-4.564015484612501394e-01
2.935401997383482176e-01
-3.685317082259825794e-01
-4.970833888790308075e-01
2.129064599207711184e-01
-2.273225815354620316e-01
2.305551622447710447e-01
3.218625819398791832e-02
-5.865889943372896154e-01
2.761239248754007169e-01
-3.675001255261132194e-01
3.336711684634491304e-01
1.493081885910889417e+00
5.646031152166604006e-01
1.191727610612726806e+00
-1.888960531243925600e-01
-3.534139795374933168e-01
1.981415909785388951e-02
1.676036059081867369e-02
-4.082090989606584897e-01
7.680500450778413590e-01
1.323540042909642778e-01
1.436520469777525788e-01
-6.708492862020504210e-01
-1.007435462143774441e+00
3.727712416089491443e-01
-2.518575055739312729e-01
8.687435674157678589e-01
7.486372408365467024e-01
-4.496214669140013998e-01
4.910262063791396847e-01
6.310106846607124731e-02
-4.636627674184103098e-02
-6.982803621022076745e-01
-1.108297570369950052e-01
-9.060651644815229666e-01
-4.838459093468042704e-01
-3.716101160228881817e-01
9.299575952370838783e-01
1.146964156485983932e-01
6.682344556626043097e-01
2.447335402942257265e-01
8.563572943074398980e-01
-5.035415981649709050e-01
-3.314341279657371242e-01
3.131512163604461829e-01
-5.752527282071385750e-01
5.747249538983917327e-01
1.119291287810017799e-01
2.864273404248519617e-01
3.512324148456499873e-02
-2.652062105817206139e-01
6.214034598590425507e-01
2.228126542443555069e-01
8.549602678335479489e-01
-2.201787727674425765e-02
-8.317622856131655362e-02
-7.046858568194711014e-02
-3.148731064538960456e-01
1.664369852024623953e+00
-7.104847390140862640e-01
9.224484538110350185e-01
-2.524708606791777887e-01
2.888103834713849905e-01
-5.781309166032930769e-01
-9.754777464453970870e-01
6.595480307716203305e-02
-4.533040311943425937e-01
4.732452922298438502e-02
-2.856856365990059210e-01
6.847307083815741269e-01
6.846353157000663325e-02
-5.040600521825590041e-01
-1.401847984692421001e+00
-2.513617908181253746e-01
1.356261531857814728e-01
-5.348888483978209152e-01
-9.795133968912941858e-02
3.953477646468881446e-01
-3.503619033697911722e-01
-6.398043024978263826e-01
-6.004513487196622146e-02
5.309820421479288788e-01
9.801895397888709116e-01
-1.706446802102489502e-01
-2.930092771913608285e-01
3.543017695198565353e-01
1.151943881853238066e-01
-5.633122106157615328e-01
-2.503174116958447604e-01
9.026588817419857191e-01
3.371738812113307393e-01
-5.216512829918944494e-01
3.668159588958155304e-01
6.407558845787471036e-01
2.821275918865397969e-01
-9.996057888967621596e-02
5.160123152248068390e-01
-2.553007531665248964e-01
-7.558635948885075173e-01
-2.209223003626063497e-01
3.510596222331272553e-01
-3.040905906585474883e-01
3.792882850817261287e-01
-5.556214191999604424e-01
2.719526677269966664e-01
-2.780530697895379211e-01
-7.700724912652584520e-02
4.333039309222102564e-01
1.119320207687971580e-01
-5.113340960088251785e-01
-3.619350663480659369e-01
5.840752318912324492e-01
1.131997503686642120e-01
8.597735097700298645e-01
-6.856253028119834170e-01
-1.221142841650960209e+00
-2.091169614434231216e-01
-4.580099800378077957e-01
-1.576211013107552850e+00
7.405733074655146408e-02
-7.067461893538833362e-01
8.366506301788653732e-02
-1.569357102029347861e-01
-6.509547730090975426e-02
-3.037640427484249450e-01
-2.971907915716967552e-01
-8.362301940678495971e-02
-4.444982049538269697e-01
-7.513360214690818495e-01
-3.381761500103098728e-01
-1.081372913054357843e-01
-3.752800791927536350e-01
-1.196724853809801870e-01
-4.171816776448171726e-01
3.792909948538567555e-01
-3.665553178459041161e-01
-2.791225952362867968e-01
8.957652053050088603e-03
5.629150050830182828e-01
-6.192703930070941887e-01
1.206010598825888874e-01
-1.739763518733501990e-01
5.075067477663153248e-01
-3.140340186611927098e-02
2.174527876624920142e-01
-2.363450046752837430e-01
-9.323067169970604695e-01
5.643913618429665657e-01
-2.364219900870636049e-01
-8.132430283896162626e-01
-3.369308660652821086e-01
7.657820872357512521e-02
8.169157692660832248e-01
-9.474368873806520153e-01
1.340503468072226645e-01
4.190235035459082269e-01
8.213905666754751644e-01
-6.495624324562144780e-01
1.008563392801422598e-01
2.330012865412127987e-01
3.638335569343693066e-01
-3.921625876736625216e-01
1.212818439677570831e-01
-3.021689052516426388e-01
8.444469313556551837e-01
1.159655398777834634e+00
-2.175564295487388833e-01
-3.367548290550422818e-01
-9.092403926819098148e-02
5.343412876411219870e-01
-1.152581423436779828e-01
-6.984411106716256201e-01
-2.033742873539831353e-01
-1.694754745669908164e-02
-9.216622339307330991e-01
7.233365681789146739e-01
-1.119086126548892279e+00
-2.180263314976239042e-01
2.681292417379487758e-01
-2.107396621283466609e-01
8.913736253701983747e-01
2.765078819762359363e-01
-5.729342981161016368e-01
2.245618048435007175e-01
-4.127154922058332009e-01
9.294307655108282606e-01
-7.266138727313475876e-02
1.486392779383702289e-01
1.944862568930070534e-01
2.712409674154642181e-01
-1.291872190844000068e-01
-6.900905624340722966e-01
5.451362412294038506e-01
3.264358945862054773e-01
6.142356936278815516e-01
4.563966531856684106e-01
9.449032224798931123e-02
4.569114840125806376e-01
-4.603389308492424892e-01
4.146134723174131897e-01
-4.697934761823845951e-01
-1.660692675901095927e-02
-8.359342693613538433e-01
5.974291035292715879e-01
-5.094686039550253565e-01
5.826530877847541090e-01
1.598156191747722277e+00
-5.231558028149587702e-01
-2.298193190604405634e-02
3.965741388104823684e-01
1.110822242831647877e+00
-5.061053912254459552e-02
3.606458627445799370e-01
-4.182466623200719047e-01
-4.651312166583408958e-01
-5.099546347402310609e-01
-6.068677834825056960e-01
2.718550179188277127e-01
-2.140137595515001490e-01
-2.018125380552495129e-01
1.509590265630740280e-01
4.212638662726814753e-01
-7.503604834384303146e-01
-4.671272730174826360e-01
-4.117768280554055527e-01
1.544151791003408047e-01
3.711045655624453099e-01
-8.624392242523888641e-02
9.113008663884685223e-01
-3.045171473389783889e-01
6.436294415078926967e-01
5.349373733687640131e-01
-7.893857505691720400e-01
-1.996437862003805908e-01
1.121865701314561425e+00
-4.511200483256634919e-01
1.232036036357976594e-01
7.962667443794491096e-01
7.574008963423549678e-01
-1.414044454209500978e+00
3.628517859278834051e-02
2.019822442182956923e-01
6.447916139763714138e-01
5.092427280081804897e-01
-1.942509790224321020e-01
-7.275685440125510828e-02
-1.658533233682608909e-01
1.356735608108443403e+00
-5.714608524573558945e-01
-1.101888812372927157e-01
5.962565553980148092e-01
-6.137877711262288427e-01
1.532658118868926445e-02
9.702867150884326719e-01
1.958916441543609444e-01
-2.288622272529078627e-01
4.419582153360759325e-01
-6.946036732106152245e-01
3.161639349344125827e-01
3.025969274174953316e-01
-1.539167215267445155e-02
-6.906722875735499256e-01
1.540437480590857999e-01
1.431457913344292843e-01
-1.043801940937699735e-01
8.419363269773901814e-01
-1.697830630540106411e-01
-1.398998756884933248e-01
2.791485913034221777e-01
-5.015508562865751419e-01
-1.876451693939809318e-01
1.530765316839731938e+00
-1.892958381613801255e-01
1.549854377815177431e-01
-6.484779522082674275e-01
-7.886330117071930212e-01
1.180372176298596643e-01
-1.360031729753883867e-01
-2.158542082607129708e-01
2.248764454389223233e-01
7.902020467672693504e-01
2.876738616659872960e-01
-1.671997874059372169e-01
3.017693889297637933e-01
-1.059043254620849916e+00
-3.417161404159399507e-02
3.784355040544039595e-01
6.734678895302426138e-02
2.823968510923672293e-01
-3.875332276227652639e-02
-8.078551067361960936e-01
2.851623220577205187e-01
-4.756006569116709715e-01
-3.222095376486808216e-01
1.713929823757758819e-01
1.482563476947077186e-01
2.393873254842946996e-01
-2.605298483524229880e-01
-1.951858886549023286e-01
-2.494948819670835261e-01
-5.722130611836269143e-01
-9.933980195987385242e-02
-8.020825623589602493e-01
-2.527968697792858932e-01
4.476619915281763173e-01
-6.929879098835173279e-02
1.433550189652446627e-01
-5.336027860797907252e-01
4.812904942180692980e-02
-4.585961264366545387e-01
-5.294957668808936146e-01
-8.022528547898094553e-01
-5.755089559270122335e-01
-5.475519091520816284e-01
-1.634134916247906855e-01
-5.370656198419937466e-01
-1.219946703275323618e-02
2.598968726092978909e-01
5.108688076328284922e-01
-2.879586339846084142e-01
-2.228474998139390872e-01
-6.508567578402014719e-01
4.221421005919556158e-01
-1.051038654347593304e-01
-2.761626697853372669e-01
-9.883107584752452990e-01
1.779348342830435747e-01
8.314198948774582931e-02
7.918666771989227859e-01
4.918708014982500210e-01
-1.621413071913828663e-01
-3.213933067970525248e-01
-2.185129295671503769e-01
-2.512343343899305081e-02
-2.239596229082977952e-01
1.239729286031186206e-01
-1.817432740114337808e-01
3.098957782334568756e-02
-5.324821225059329644e-01
-4.870695957280716804e-01
1.331703564374197901e+00
-1.422207625134658926e+00
-1.915519227986650086e-01
3.086624029703107785e-01
4.166865002469952728e-01
-1.804809270417770672e-01
-1.355238986698540926e-01
2.799409641392606729e-01
-4.727213143486050373e-01
4.089661238918868014e-01
-2.685378383260602631e-01
2.773041939945635748e-01
6.125163847062137235e-02
-4.901630110368981885e-01
-3.699137594468202561e-01
1.372623538584914205e-01
3.576168750378084238e-01
-2.843890879514761605e-01
3.209010973307021564e-01
-5.625165270489309588e-01
-7.239776903824884924e-02
1.109606480632601588e+00
1.051986378664655941e+00
-2.995013916577196067e-01
-4.431931009847953074e-01
-7.739006797762140177e-01
-3.047043203804252753e-01
1.349365258465904382e-01
2.094662163930038346e-01
8.324235952964195162e-01
-9.763820994348226812e-02
-2.477868287546313164e-01
3.783607111771896125e-01
6.136604589040268731e-01
9.944416290778792522e-01
-1.929246998100327126e-01
-1.469165955036348392e-01
-3.615029394686127828e-01
-1.775518394607513151e-01
3.160277166852037412e-01
-1.317020782184082917e-01
8.405683371714864904e-01
-6.016842181573738291e-01
-2.543085177476382408e-01
-1.536271633046478458e-01
-1.233477455798831501e+00
1.711954741918415568e-01
2.127661010888556303e-01
-2.095138133026460195e-02
-1.220849502621600857e+00
-1.336892191797946772e-01
-2.387245486532997563e-01
-3.662380909639799675e-01
5.532082076732930398e-01
2.512369612670913299e-01
8.458750072096599126e-02
-5.637946049877654714e-02
-4.711254820818477351e-01
-4.713862290681429534e-03
-1.053956791171838103e-01
9.176574334374548725e-01
-1.138946561805699864e-01
-7.379431351551533069e-01
2.700969256051543033e-01
4.381752968355752675e-01
-5.830559183778886156e-01
-5.852907594941181291e-01
2.656148475977086476e-01
2.469163644847024441e-01
-6.101210355539077312e-01
-4.398700499542450570e-01
-4.233119852372609349e-01
5.398858532752605077e-01
1.851121594884639066e-01
-3.738124117191242157e-01
2.102554869184342090e-02
-1.024602597590612424e-01
-2.097987623084852371e-01
-4.617312343947373443e-01
-1.044637937554127871e-01
-3.280103931338602119e-01
-2.750690228074497146e-01
5.911194178484223682e-01
2.867743506670378251e-01
-4.484199474060057700e-01
-5.344315034896662819e-01
7.356179605684094458e-01
1.589150694009135167e-01
7.045688206022595601e-01
-8.155189764703669741e-01
2.435145726172733283e-01
-1.042539455253421066e+00
-1.979876638093623076e-01
2.318677919326539161e-01
-3.980648755903534730e-01
-6.571210269125552506e-01
-2.547201939464224241e-01
1.016107931074373916e+00
-1.975621178417830137e-02
5.695716912013982780e-01
2.141329353966152094e-01
-1.000455866786748443e-01
6.727345294295199452e-01
1.814644565454574532e-01
-1.662802960432468447e-01
7.950609994245452783e-02
3.884793952059442113e-01
-2.106351903862972996e-01
-1.781465717906736967e-01
-3.327998622515067062e-01
-5.954681007607740550e-01
1.071770038438358386e+00
2.837272840791515982e-01
-5.610436613648805970e-01
-5.600353270016483753e-02
1.506972122048179652e-01
-3.204078790021945289e-01
9.273615745500167484e-02
-4.705726382651247430e-01
-7.256967509408656092e-01
2.182615609188717498e-01
-2.029481924877195587e-01
6.628677899288999420e-01
-6.625466452638670289e-02
5.481471654797413079e-02
4.220040302647825592e-01
-3.217938338996915171e-01
5.787446009621026732e-01
-1.072842806327128501e-01
1.707604688536314141e-01
1.873769644644521226e-01
-3.293963305850654971e-02
-3.010443190146918635e-01
-4.074069251132868552e-01
7.354482046794142969e-01
-2.009537635143335277e-02
3.973620595334073635e-01
7.676274385635090125e-03
4.484202298453020541e-01
3.262876992407269805e-01
-3.933018298672150692e-01
-7.066725409889117460e-01
1.062453985691424352e+00
3.346243823145139684e-01
-7.805269218098286055e-02
4.869888199303594734e-01
7.578382732101922592e-01
2.811354044245890083e-01
-4.345470350258312520e-03
-2.046484126185696417e-02
-4.177569385117940737e-01
-5.698560190071441101e-01
-2.197274046513752188e-01
-5.691100784728431172e-01
6.008281257376739681e-01
-1.838159269698111109e-01
-1.412270914284142476e-01
4.302662709833022375e-02
-5.771509938295178721e-02
-6.908043045347914690e-01
-3.971888967538930171e-01
-4.982313662434399715e-02
3.309043175192335484e-01
4.983765143811471621e-01
4.218703013619199416e-01
8.418147240922527197e-02
2.031129274018496633e-01
8.460640631220329722e-01
6.107840060134595017e-01
-4.943373531016074240e-01
-1.172693118076589824e+00
4.947919364251091578e-01
8.125229677452538990e-01
2.770730671865898609e-01
-7.416287437670160410e-01
-4.839615360049259740e-01
2.446876228060266278e-01
-1.701899429457103818e-01
-4.034915810299664618e-01
3.932258507130694664e-02
-1.887129982423308427e-01
7.436526872742759142e-01
-8.384120016561073807e-02
1.125494736177104826e+00
2.198520336743755299e-01
2.103368543961616488e-01
2.933253745883760422e-01
7.295973363039256476e-01
-4.134769237673394660e-01
2.186779047398352827e-01
2.474630181039434995e-01
-7.166728888953751708e-01
1.017591385989558006e-01
-1.083604483436905880e-01
1.406215179819476080e-01
1.668251654453914989e-01
1.992075456367314035e-01
2.996081578578960736e-01
6.131219059563924878e-01
5.500173618686309274e-01
3.796737895383885952e-01
4.717231716734034963e-01
4.076358363603777568e-01
-2.666737272967916184e-01
2.245093056320755787e-02
-9.818404859807947083e-02
-3.449023265695132512e-01
9.180555402087300920e-02
-1.028577713950879907e-01
-2.933061433870018386e-02
1.483162809595842124e-01
-2.778020200896786362e-01
-3.702136159182153885e-02
-3.965788611349949644e-01
-6.334532145891679233e-01
2.240425031690546076e-02
-8.985631538584358813e-01
-2.174791340529753925e-01
2.275375876401402597e-01
1.094227090118462975e+00
1.118268017840035045e+00
2.777392987340889241e-01
-1.364705695372992578e+00
-5.025975934829959302e-01
-6.130976525480569261e-01
-4.878436914077132758e-01
5.478997134087425502e-01
9.016694856663778346e-01
-1.628438684633382927e+00
3.946903506391587491e-01
2.133031970181544501e-01
-1.874647291004507832e-01
9.069661098440345848e-02
-2.188381196999349965e-01
-3.978555211143587900e-01
-1.065753133812723741e+00
-1.540759119845532543e-01
-4.594133727957139257e-01
-4.568337672337557942e-01
3.251897285606109023e-02
-1.104480524855172216e-02
7.767886916867091651e-01
-2.001284944754846973e-01
-8.106021943764218918e-01
4.519102575402995647e-01
-7.592158930862833444e-01
2.157451201899469040e-01
-4.539259071314754035e-01
7.032755920868676291e-01
-8.362716149124200804e-01
-4.127671059735072978e-01
7.481635745241045354e-01
-7.211936907638346606e-01
2.282794049249757817e-01
-2.686141636183820292e-01
1.525275995747252256e-01
-1.435518778811048501e-01
1.799028145574370074e-01
7.112539964700967943e-01
3.437661587847352096e-01
-5.088015068264592489e-02
-8.161211321985520906e-01
3.450554741662605895e-01
-7.414088529180324905e-01
5.679511743010496883e-01
-3.766348249599869580e-01
-2.124537361745402753e-01
-3.163622261200241814e-01
-5.088789074772942511e-01
1.261547058291725976e-01
-3.054164826760809026e-01
-1.296994577279867666e+00
3.220178302542171522e-01
4.957382081526179318e-02
6.342827132725350481e-01
9.978982621377472384e-01
-8.837648121126332468e-01
-1.066784134173959508e-01
-5.989955581113201033e-01
-8.554553554669072635e-02
-1.727237124115967859e-01
-5.897618075330036264e-02
5.741140280686853892e-01
4.178562717575828173e-02
-2.426830169845616281e-01
-3.971251684604953924e-01
-2.882119400029262146e-02
4.809844389035880519e-02
-1.920028972921020705e-01
-7.531216697516341929e-01
2.546091900655388929e-01
-1.530854121919522914e-01
-1.009965895685121406e+00
-1.181114931270258239e+00
8.310914092217569493e-02
-1.975859835072386606e-01
7.339755100378754227e-01
-2.683127570661209549e-01
-4.342023530080139915e-02
1.465271881634911511e+00
3.653448861376793477e-01
-2.430975696058531033e-01
-1.586496424931296279e-01
3.714363590381781766e-01
-7.711791328680495106e-01
-4.211112586662166257e-01
-1.309348771322108584e-01
8.594363645300517884e-02
1.082589183167239621e+00
1.043129407612194692e-01
1.405731499621915237e+00
-3.440362129850882966e-01
-1.164368364664689348e-01
1.396878200136484338e-01
6.766205294579497043e-01
1.824704710534073571e-01
-1.848773701525887603e-01
-5.115821059336118637e-01
8.713105419597970691e-01
-8.970623951703057264e-01
-4.698520555574350333e-01
-5.190218936908580494e-01
-9.263289272782494477e-01
6.743227436869728697e-01
4.935716494154032130e-01
6.424513905609421371e-01
4.131194990860735938e-01
-3.437298863426586637e-01
5.330306103654073313e-01
-4.943088025755660864e-01
1.629532774157264885e-01
2.795047887046164248e-01
5.281195219131927798e-01
-3.326755976732882480e-01
3.004144777729058080e-01
1.911542131427415026e-01
-3.795912252192824576e-01
-2.025986431780961439e-01
-2.568134431849865007e-01
3.703915822204971731e-01
7.910436661506756728e-01
2.476739981336681384e-02
1.683405513112383178e-01
-1.035234953560463467e+00
4.343489875289023305e-01
6.622842198928510782e-02
-4.773066046974026033e-01
3.246787894361669730e-02
5.112134256960974010e-01
-6.267677883546719508e-01
-1.519449028648363620e-01
5.720258205074175706e-01
-1.509733748790994812e-01
-4.305923578525530093e-01
-6.902949569104419592e-01
3.285579117638824931e-01
1.476076727688928614e-01
6.716113646551798988e-01
8.424256526070887652e-02
2.429031504352333615e-01
-6.375803212497470618e-01
-2.663570263514903891e-01
-7.720577709384072174e-01
-2.677440869295076853e-01
-2.454022679336113899e-01
-1.468433858915999257e-01
-6.438984289452887033e-01
7.724828973552805289e-02
-3.821279790130502896e-01
6.739267850244509694e-02
4.305720642665087361e-01
6.941288237402392092e-01
-3.785579851052670586e-01
4.468930061001344378e-01
-3.771391683044353349e-01
5.315475586397706564e-01
-8.864757744522725469e-01
-9.274467982391285670e-01
-7.347594878982504074e-01
3.056090584802324817e-02
-2.328014784763238754e-01
6.615577472123763680e-01
5.267279309945588350e-01
-4.083815634480274515e-01
7.779797672587360768e-01
-4.425766613528802074e-01
6.666265541985325616e-01
-7.279824755101631517e-01
-1.840323250842020031e-02
-3.358327106710137233e-01
-6.519416572719283209e-01
2.159152998571320925e-01
-2.406880399843938090e-01
-4.196243453770173160e-01
5.025144053916740239e-01
1.759784808965033642e-01
5.527968167165668856e-01
8.933081394082373894e-01
6.599693790630744017e-01
-4.294348970422282585e-01
-1.807399854155504748e-01
-6.136563897239742660e-02
4.428791646062654186e-01
7.159944211444124740e-01
-9.725846873500175738e-01
-9.408351353136954476e-01
8.180289061346476820e-02
4.850489974570117435e-01
5.506829521130933713e-01
-1.861814541753087915e-01
-6.447416410456452418e-02
4.503119115901438874e-01
-1.194630697954861542e+00
1.425710293055228450e-01
-5.375345068335218857e-02
-7.337443545467101647e-01
7.321616514621338834e-02
-2.790094103467432030e-01
-2.639369508302433776e-01
4.712516549560069601e-01
8.578597257368796303e-01
-3.193241282563619166e-01
5.025064796370753983e-01
-3.792280566016361099e-01
7.776097695767793250e-02
-8.555729374404030807e-02
-4.004630583690471646e-01
-3.230824542100558805e-01
-1.978349077174711146e-02
4.073296858641441837e-02
1.521714229218573688e-01
1.110099626276640494e+00
-2.628643711838412056e-01
-2.180529056653781605e-01
4.901920888263172627e-01
1.192189987469322698e+00
3.051636014156700050e-01
-3.238914190400269399e-01
5.220544945708094353e-01
6.479918294653449484e-01
7.350433738904817993e-01
3.878109836915054620e-01
-3.668448822533274534e-01
-5.081328424217430584e-01
-1.507431849097612131e-01
3.698462773316111840e-01
3.172409120925958614e-01
1.948913872566849226e-01
2.294633126188379002e-01
2.255908048686105505e-01
7.301628209193215813e-02
2.071863529381258451e-02
-1.570379743239505577e-01
3.967538849104585430e-01
1.674351866094911656e-01
4.761557532191986603e-02
5.216157554964935272e-01
3.671923210141944116e-01
-1.338558570114082302e-01
-4.765222964764763147e-01
-3.471156565101687352e-01
8.058198708988211223e-01
-1.095675117913114338e+00
7.691944087088132820e-01
5.912847737617207278e-01
4.176720972493415673e-01
-2.538524383474287105e-01
-6.648833681755236813e-02
3.927149211044945187e-01
-6.733982733289011202e-01
-2.335107451371014609e-01
2.188308479282900232e-01
8.568553979733350978e-01
-7.501161636992637050e-02
-2.249348597185248377e-01
5.407624247681316332e-01
-4.183780117892057504e-01
1.781484368892138626e-01
4.451935854638475742e-01
5.783192573585940188e-01
5.222216147390953411e-01
3.182446015756300040e-01
-6.446735002567904882e-02
-5.605543066945195552e-01
-1.480548520151974135e-01
-7.686797465008541330e-01
-4.550387110161586146e-01
-9.031768779987702223e-01
1.613920976250486916e-01
-8.933993098977981440e-01
-3.224199013682197412e-01
2.043278206536853769e-01
-3.198721566588962339e-01
9.469712402706981225e-01
9.053060076366048481e-01
-6.428762484006069755e-01
-1.477101962961446247e-01
3.299380168050703999e-01
-3.077336971159319035e-01
-3.712746443462709989e-01
6.821519464713708680e-02
-1.107071333496150584e-01
-1.109094230338975029e-03
-1.214136486516937730e+00
2.608773249780720893e-01
5.614735546753367723e-01
6.048547743559417045e-01
5.708177974294198487e-02
-8.786421181752157583e-03
2.045877247091057449e-03
7.724438959717247477e-02
-2.270247829009393314e-02
-3.144805388448397854e-01
-8.659425408084396592e-02
-2.486972739984431857e-01
-1.213361610109672695e+00
4.518450606960953131e-01
4.431004129855686258e-01
-1.620456273497600519e-01
2.365972500024423608e-01
7.452003675464339283e-01
1.555566812111168318e+00
2.566341620119241274e-01
2.069003245394687718e-01
-5.842689708785370195e-01
-4.724473223672547850e-01
1.031242482075274580e+00
-1.859755906163778824e-02
1.883106793835611081e-01
-3.247952890975146500e-01
2.003064709109850239e-02
-8.756186145756654771e-01
-8.838027931197216525e-01
3.632881690431342681e-01
4.904354286837220855e-01
-7.786104400410716053e-01
-2.207149065504893648e-01
7.744546998697295903e-01
1.028378205992465766e+00
-1.979946254183820864e-01
7.053217439670498301e-01
-6.133822270446015468e-02
4.489288042638259757e-01
1.408150189275550468e-02
8.100051938425154030e-03
9.872705293878906163e-01
-3.181583138642612996e-02
2.282553484721679682e-01
2.082344877298130947e-01
-5.706774431051194751e-01
-8.276634457357107122e-02
-5.003965926186346724e-01
1.069105295020947866e+00
-1.754554959018088445e+00
-1.682106167870984215e-01
4.259829021344683220e-01
-3.260953815327870542e-01
-6.715285105858820325e-01
-2.461415514971254659e-01
3.473306148169989505e-01
4.148558059425400124e-01
1.320980254706063672e-01
-1.616546977897426185e-02
-1.648534863832151753e-03
-2.485091624431183255e-01
4.328251400557828754e-01
9.560275099313446656e-01
5.699951945087695648e-01
1.127911086371101573e-01
1.972819750726259591e-02
-2.199495218032893606e-01
-1.432185458342460083e-01
5.515437251971299082e-01
-1.302333177691186172e+00
-2.969007865507136135e-01
7.207251856701784032e-01
-6.690653187156345716e-01
5.312558239760937218e-01
-4.507516631705830168e-01
-4.152053546453731148e-01
1.231975384113761784e-01
-5.425791685757883620e-01
1.052178425986538990e+00
-1.834556980357356371e-01
4.480048098154449931e-01
9.588362197501015816e-02
-9.844834647319945786e-02
1.656163667471638179e-01
4.509614237027033123e-01
3.051913438012650304e-02
-1.092474643551067520e-01
6.093608287160644510e-01
1.760260670290222651e-01
-4.631178147378779975e-01
2.174748588892436718e-01
3.001246297952040454e-01
-1.661796947948847303e-01
4.571813263717343645e-01
-3.326588015757300787e-01
8.463511101531199232e-01
-1.953223053251347263e-01
5.002969878593603870e-01
-2.203991021276749951e-01
-6.148813905001128399e-02
1.983895023578693961e-01
9.208720163769815725e-01
-1.675527045338099097e-01
-3.336381351145194518e-01
6.299274764675724114e-01
2.870341912927235617e-01
4.892259067196800260e-01
-4.983947583305041729e-01
-2.267789651193717892e-01
-6.696907711937928331e-01
-1.607565651811830032e-01
-2.435117580716180674e-01
3.729258107322406812e-01
-1.181034120979555180e+00
-1.921655856229196324e-01
-1.735179784443162954e-01
-1.253931189353318376e-01
-1.141892722253911030e-01
-2.416622990885383404e-01
-3.198781097761677072e-01
5.774678650541300584e-01
-1.844803188124458093e-01
-9.603536184185705871e-01
-5.872154305419183262e-02
-5.862151485912135973e-01
4.177906746597868093e-01
-6.825993467486605182e-01
-4.501029000711214700e-01
1.706878144909482475e-01
-2.426069282795537685e-01
-5.699093601348487192e-02
-2.254265244486099995e-01
1.624758631958256316e-01
-3.742686554798192733e-02
-4.071043477394342691e-01
-4.737506071028066423e-01
2.069132543382421266e-02
-3.686865146212072730e-01
6.852183740896928832e-01
-1.786189244955047883e-01
1.876465358060964150e-01
1.279696911582272126e-02
2.369010185949615988e-02
-5.577721971954844316e-01
4.323989496762993268e-01
-2.145368786963772478e-01
6.054219937460325607e-01
-1.190371178502260679e-03
-3.682681881906010868e-01
6.351056884821183468e-01
2.123656429932598566e-01
7.743660262072191713e-01
6.164012378174994478e-01
5.901042134274547823e-01
8.095924800171979685e-01
-1.038101147343184927e+00
9.348204282423347444e-02
-1.805853269250015103e-01
-5.741313286684611716e-01
3.857713577254172355e-02
2.540408950741778193e-01
4.985579258896828403e-01
-1.798731337736783065e-01
-2.252487385019884547e-01
1.146356282047189534e-02
1.128696691040647071e+00
1.927027882236196088e-01
-4.582712898564159643e-01
2.932637751357676237e-01
3.634103592509218411e-02
-9.853347512588833679e-02
-7.315914352733148274e-01
-6.307308946859604415e-01
-5.530736836139874546e-01
-5.576109891514909878e-01
-4.843456589909014287e-01
5.914394351238900782e-01
5.681146532271054150e-01
-1.307130182490651160e-02
1.063594180745453643e+00
3.098083668008346780e-01
-6.842334154220551801e-01
-1.891875505635886467e+00
-1.079826123905212043e-01
3.926914898059196135e-01
-2.030766706589327009e-01
-1.345189667000837308e-01
9.855015568151821448e-01
-6.609435507304635138e-01
2.879623856435800100e-01
-3.218892118121399193e-01
-2.284221154513849661e-01
-2.212144023785665992e-01
-3.715475297629011187e-01
6.609578267535922702e-01
-6.056401645953818358e-01
-2.336971913448742111e-01
3.616607684482989887e-02
5.093196763007790118e-03
8.008278166973800127e-01
-6.558387849034461592e-01
6.418057474418709107e-02
9.297128565954905499e-02
-2.123814872949742472e-01
3.386074377085775966e-01
1.144982584404603820e-01
-1.049785093091444521e+00
3.916266502118494197e-03
-5.902717953304800202e-01
-5.367939396959692244e-01
3.762454449303583859e-01
-6.869196327945774616e-01
1.877292031379321768e-01
-4.219924058898006924e-01
4.329772273464421728e-01
-3.860793473388289820e-01
-2.944000192506215363e-01
-9.557130089779202198e-01
-7.352018366343016087e-02
-1.825732985748765302e-01
-4.164675204920928464e-01
-7.781328898197430455e-01
-1.748048188459308261e-01
-1.104138921682122979e-02
-3.738099045021737732e-01
6.768356537036378240e-02
-4.743274312642568047e-01
-1.991081859440635426e-01
-1.168882536015503959e+00
-5.848729027334816921e-01
8.578923540201234266e-01
-2.446981595265978471e-01
5.781988663069990153e-01
4.006153072084812222e-02
1.702486978288964004e-01
6.118537222917427298e-01
6.799869378248772633e-02
1.389835244935341829e-01
-1.245420041114231879e-01
1.919946480454499116e-01
-2.534300670771577613e-01
-1.061875340648323895e+00
-8.219311876708448317e-01
2.071271326165546878e-01
1.313118444787312100e+00
-6.915207945466999018e-01
-4.064437800571221171e-01
-7.957647234268585557e-01
3.989312105036420530e-01
2.704131054653024502e-01
1.263852934291955221e-01
2.324957263864800283e-01
2.180424781092762943e-01
-1.421712432622074695e+00
-2.717309698678643248e-01
4.906631378576365998e-01
-4.029656899304502327e-01
-6.143131427863020022e-01
-4.255441553554221157e-01
-5.682099605235849671e-01
1.327688924060383691e-01
-2.100083325853276395e-01
1.817782521399991247e-01
-4.006051091769051720e-01
7.436542753027324260e-01
6.089084515995283331e-01
3.337505117383471331e-01
-7.184546045960088501e-02
2.824218532064996512e-01
-2.158204193832593265e-01
7.861736068025384494e-01
4.305136169221748799e-01
2.594493916364057351e-03
-4.758934625247763228e-01
-1.737529039339365533e-01
2.165842956122453200e-01
1.414921802822783903e-01
-2.205055061652015924e-01
1.811743095171917395e-01
-5.093055659394973844e-01
4.426541395310834570e-01
2.543515885018488021e-01
-4.104824842513756789e-01
-1.032989577980727436e+00
5.844962186537054905e-01
1.023975360266844437e+00
-2.207717489554288370e-01
-7.493090465927680910e-01
2.168159562190750678e-01
-7.763016692988704281e-02
4.426523459674687189e-01
8.889544249747416416e-01
1.028430125687099239e-01
-6.979195669225124465e-01
-2.755420447654732263e-01
-2.328348265415399743e-01
2.811532259898613662e-01
-1.974308486798965478e-01
-3.391794751718909540e-01
-1.039772165233532109e+00
4.040295166839994456e-01
-2.634017882449734560e-01
-1.637137976433221231e+00
5.120897306299145857e-01
-4.144476938495874063e-01
-7.995770284924521576e-01
3.041321924299068558e-01
-2.525545996040362562e-01
-5.988678221403791468e-01
-5.728792162382361219e-01
-4.827426391723280141e-02
4.651586347055043369e-01
7.561408468839540820e-02
-6.196400757039512985e-01
9.298762531268007780e-01
9.610341029265471180e-01
-5.757399715026101372e-01
-8.348422352339783803e-01
9.810628149671868359e-02
-1.603930290378994539e-01
-5.363789561652342330e-01
2.958506036460823996e-01
6.257660129183448827e-01
-9.581448168609948413e-01
3.626776657083923688e-03
-1.957265222432256202e-01
1.031584167324720025e-01
4.858094308096579383e-01
-1.204971085990322210e+00
4.298736132128327392e-01
2.944986428385539257e-01
-2.805030008015128029e-01
3.730741198959451888e-01
4.131118208630176203e-01
5.835567179157976625e-01
-1.251621511085177496e-01
7.511355358825961837e-01
-6.208204954711178392e-01
4.139601968521360864e-01
1.391815777156010792e-02
-2.504422548306859952e-01
-5.938069081098779067e-01
-1.940368579565456553e-01
-1.239323304725958308e-01
2.868195052794185185e-01
-9.522606951965130184e-01
-6.296193526745380575e-01
-8.167077385770549203e-01
3.117439773643503886e-01
4.570521739024077656e-01
-2.934279868614551035e-01
4.531724489154190239e-01
-6.712982641331602940e-01
-8.813031344567248682e-02
2.826352412547268877e-01
-7.140833774350097141e-02
-2.544345737773625604e-01
-6.127061654663272794e-01
6.802599453786571937e-01
4.448987886800648828e-01
1.961665676890129162e-01
2.759117340287539633e-01
-7.531175380095620486e-01
-4.367334637503173522e-01
-7.435427287812901298e-01
1.072910945269346161e+00
2.512847078401814205e-02
3.846005820164857258e-01
-3.758354259180921031e-02
7.602300864121366297e-01
7.098265324732893067e-01
2.783077656305296133e-01
7.858867466879909669e-01
6.342295056514679619e-02
7.557357631636596462e-01
-3.189981873138109103e-01
-4.156790112371450685e-01
-5.244916128290175727e-01
-3.056266109325714853e-01
5.118377325105540054e-02
-4.532130612319188456e-01
4.990292808966589888e-01
7.649424478327495613e-01
6.961630617975466118e-01
5.863540100213201489e-01
6.303456653014445354e-01
4.690099661497754702e-01
8.983010093761188697e-02
-1.122550496271965126e-01
-3.608750595792238336e-01
2.166009927902322330e-02
3.249440282117097567e-01
2.045169436198892854e-01
1.528710526411367621e-01
-6.800946607013174106e-01
-6.710516759824133315e-01
-1.293714891474028406e+00
1.065245916880955962e-01
-1.027788674243846012e+00
1.893010955957193375e-01
-1.376636922579413391e-02
-1.421968409161478819e+00
1.078344234062921903e+00
-6.696143076007348149e-01
4.900619337441989853e-01
1.671777288509834203e-01
-3.857928137389117496e-02
8.458920804207110677e-01
1.347323476896559180e+00
2.059161024397514472e-01
-6.445835957932319338e-02
1.968718732362669255e-01
-8.707415848557462090e-02
6.986781429742718874e-01
8.035826620368102802e-01
-6.952466560174189736e-01
-9.680737025548971086e-01
-8.739029056571659959e-01
-8.105924601750215119e-01
1.420397669688405196e-01
-8.633822281649411456e-03
-9.350700287024513724e-01
1.019467863958903431e+00
-3.413737433678011302e-01
8.793781587447082604e-01
-4.088405465183596044e-01
3.178551287987196883e-02
1.248902003730429922e-01
-1.105412214054651565e-01
-2.630160167174703245e-01
6.413173110766189344e-01
3.629104765496112828e-01
4.464855928215644143e-02
6.348298740660692774e-01
1.424949277068296716e-01
6.971441348991602727e-01
7.194434236757102363e-01
-1.446731888100410979e-02
1.730900374439059419e-02
-1.454428903775775439e-01
1.733508261021897423e-01
1.400366813645391728e-01
6.005385839169559148e-01
5.072381203343866440e-01
-6.780867124509202259e-01
-1.335158561284170986e-01
-7.280344316592349818e-01
-1.337611686638685848e-01
-4.315565785884117878e-02
4.592697589286307558e-01
-4.153607964945899567e-01
1.202225743076491549e+00
-7.169444043092463303e-01
-6.512073696050710847e-01
-3.239759389591769789e-01
1.078575403682961120e+00
-6.122782654663345703e-01
-4.280679230782650224e-01
1.687384360436430808e-03
-1.264020264381877645e-01
-7.275988666018598505e-02
-7.295215779674769918e-02
2.730165018131807120e-01
-4.667278074402660959e-01
-1.810652863417462344e-01
1.137969501968728869e-02
-6.265636574251574886e-02
-9.155001354502863009e-01
7.736725009599041414e-01
2.467205307913544476e-01
-5.136984447281385535e-02
-8.673847051550566400e-02
-5.730263009519376283e-01
1.154167812358555700e+00
3.239784090459946198e-01
1.476201754465951421e-01
-3.129700281275250573e-01
2.327708201304533042e-01
4.008894071542314780e-02
8.860321324629244488e-03
-3.714902435114508239e-01
-2.690881373363225859e-01
-9.689973742857752037e-02
6.744119837481633573e-01
1.075428236907494561e+00
-7.945643313822831066e-01
-1.900662784893110135e-01
-3.472122224319219019e-01
-1.568363535619214377e-01
-4.490226453182759037e-01
-9.060497486118911370e-01
7.191742007784959201e-01
-6.781480384389686478e-01
3.935541948539695856e-01
-1.240498558250518052e-01
-3.647803612895622605e-01
-1.445197573674663338e-01
1.254755738866382975e-01
-5.001432099795044550e-01
-1.626118711010152706e-01
3.310950459931395473e-01
-1.515274302971715004e-01
4.430361725466677725e-01
6.733801868788624745e-02
1.369551802143261221e-01
4.004526613394561174e-01
3.286959708646828848e-01
1.007601208376282420e+00
-2.919988444218050705e-01
-8.210825755456938602e-01
-4.422434928803656851e-01
-1.691963723525708174e-01
-4.374070714200044563e-01
6.928403784257654019e-01
5.591767982726857378e-01
3.976554937303274917e-01
2.948592245653421373e-01
1.067705450142324430e+00
-7.099369560269089829e-01
-5.051112475569252691e-01
-6.250377258984174400e-01
-1.012061671554548292e+00
4.252786414977466900e-01
-5.546211040872459641e-01
-3.642480604661534060e-02
-2.396375289217548415e-02
3.961245643320443488e-02
-3.650099798954317687e-02
-1.571054907083326846e-01
-2.132189958145100719e-02
-1.143863732430411978e-02
-2.377597289852271256e-01
4.106311582770681978e-01
-9.109449409070745629e-01
3.816168997836075216e-02
-9.744593522486874049e-01
-2.904300918451646618e-02
-6.814516687384821747e-01
5.258064013071794829e-01
-4.865170552758258382e-01
2.933078253165494198e-01
9.661214593995813837e-01
-2.640752420235991660e-01
-7.913736274238319934e-02
5.638196961836493548e-01
-3.303101585471707180e-01
-7.788015544623660968e-02
-2.985555958003829891e-02
-7.323711396410014229e-01
-1.463381754587287364e-01
8.610943956685199185e-02
5.734464237477066018e-01
-1.766208674460528760e-01
4.675699773867157405e-01
-3.028954184235677083e-01
-3.905634081563642557e-01
-1.025110863597546718e-01
-3.595127178364839748e-01
1.447863688039703334e-01
2.729870291271737082e-01
-2.412899568084214408e-01
1.395363276399837482e-01
1.597000120591168804e-01
9.670620240737182183e-02
7.054746209352377173e-01
-4.749723971535775302e-01
-5.311276626464990214e-01
-3.582588631211931496e-01
9.899250711934206581e-01
1.002706729021321408e+00
5.524262716903408643e-01
-3.109176229968567684e-01
2.954248906043337453e-01
4.586277403349277026e-01
2.620339043885519525e-01
2.438029472812267284e-01
4.560021120250833809e-02
4.266817086012308913e-02
-5.818434230421997144e-01
3.894753893534483868e-01
-4.039704290086381655e-01
-5.383618978899226692e-02
2.551808390632999690e-01
3.302858028962109005e-01
-4.653047860903476995e-01
2.705921242077120037e-01
-6.599914549471002090e-01
8.843875251632360435e-02
2.670781390672956612e-01
7.456289535238057320e-02
-3.550743405582199030e-01
4.309943714058477315e-01
-6.440598012917126969e-01
-4.144663372877094298e-01
1.181514307694911725e+00
-7.583949594894974222e-01
-4.338003795396241924e-02
-4.325775654808036719e-01
3.242237781997240886e-01
9.770260572659372755e-02
2.639963451385340942e-01
5.097332656754101077e-01
-1.058698491814576009e-01
-6.646033102139972670e-02
-1.245799603243825382e-01
-1.171032171449828962e-01
7.392391682678037812e-01
-3.263845640373477797e-01
3.428546697740803562e-01
-2.281184709417931056e-01
-1.133615344074944409e-01
7.508469470778520449e-01
-2.627969099900767103e-01
-5.192370949753553067e-01
5.163481511140832064e-03
-2.714195487769679449e-01
-2.426567225511001846e-01
6.307576565506576305e-01
1.171151559985631252e+00
1.359562388824080981e-01
-1.245219374906480825e+00
1.056256129368140062e+00
6.802854026789995068e-01
2.876256943574655445e-01
5.686593814156633980e-02
-7.870354540028461354e-01
2.508759318982085595e-01
5.153607562221668159e-01
-1.268637689521061318e-01
-1.381803744510601006e-01
1.239704186414656295e-01
1.451341220240664476e-01
1.776623588091152062e+00
2.472336347739446660e-01
-8.856508828247648957e-01
-3.967531082948232424e-01
-1.350515525501972292e+00
-2.297934229772695403e-02
3.781582243425202217e-01
4.223322581016650951e-02
-1.171407414205641428e+00
-8.395258764035903321e-01
2.218247604846673160e-01
-6.479834272084724622e-01
2.166266850986606762e-01
-7.312176351650422068e-02
4.833751773545637564e-01
-3.952253849761065418e-01
7.322046258553924214e-02
1.939071232618425067e-01
-2.046338358490731035e-01
-2.754255735831750984e-01
8.349093801036122642e-01
2.235509309443239334e-01
7.288750004868981003e-02
-4.123390450025318787e-01
7.399443440426237695e-01
-1.479086777095186545e-01
5.241568068531339275e-01
4.531809472144911477e-01
3.573461713824076236e-02
-2.385241891824540494e-01
1.410357205645682566e-01
-4.032591350085875104e-01
6.247780534333119418e-01
-8.365082253195936790e-01
-1.030150443384915404e-01
2.066986131592080944e-01
-4.301979921179612809e-01
-2.007225196919907861e-01
6.597340775045689165e-01
8.281044706274313105e-01
-3.108699944065880238e-01
-7.601411618447651009e-01
-9.650687724659168243e-02
3.583656111813809941e-01
1.718006116297128849e-01
-3.256411340838203938e-01
-7.281634844643556370e-01
-6.006232697677972299e-01
-2.231669072545555965e-01
3.858017718661642670e-01
-1.940071525649621487e-01
-1.419256621219694869e+00
7.692543407452145932e-01
-2.997192469968496531e-01
1.504852358698168246e-01
-2.566816736459434090e-01
-2.490210852837071165e-01
1.101859747078731827e-01
-3.601626362708004736e-02
1.035335444974190555e-01
-1.163436295627084671e-01
9.048636142960189699e-02
-8.325554843607058109e-01
3.107507158716442675e-01
-7.930730156815278542e-02
-3.364202747973120133e-01
4.236388319896419175e-01
-8.593060350133978342e-02
-1.617095871739517299e-01
9.935360391883736320e-01
5.729734097149672412e-01
3.365178683339432042e-01
5.949269145565212746e-03
1.221838843695847165e-01
2.237245228589042623e-01
-2.914698746161344944e-01
-3.019471200379949746e-03
5.615568356149207574e-01
1.283149168126995754e-05
-5.525780096897567883e-01
5.902410933700025231e-01
9.494559657271639530e-02
-4.277515040990936268e-01
-3.809378886766690564e-01
-1.054754806973692727e+00
-1.658902466898587447e-01
-1.709403691143785153e-01
-4.396872002246930977e-01
7.415434757947528821e-01
-7.767837750159998222e-01
9.073572074686248046e-02
-3.124089982998898840e-01
-2.216516861440160080e-01
1.276957356141888544e+00
1.951691170385436713e-01
1.681292238258767502e-01
7.187629278218874429e-01
-3.868064591079129477e-01
-7.560962798185114631e-01
-1.717517203252190428e-02
-7.467498657007314300e-01
-3.107147237088034308e-01
-1.664544225745422379e-01
-7.257575231464654664e-01
-3.135586417392127179e-01
1.084286566018484166e+00
-7.431240815103730135e-01
-3.863174024240287330e-02
-2.026763491232908276e-01
8.258866863064725505e-01
4.045968065822498905e-01
5.607020192453332497e-01
-8.458482387424065552e-02
1.016606374288960168e+00
4.336429164481689913e-01
6.051978270988322972e-01
-3.441884742680567655e-01
4.414333350288446867e-01
-5.579081256906849307e-01
-2.923832224357221787e-01
2.869878069451249347e-01
-5.606593386657830053e-02
2.712969193764276365e-01
3.972799488275867708e-01
-1.738933182376888598e-01
-9.002755207766598156e-02
-3.080371371700487693e-01
-4.381525709971225147e-01
3.371189885749475978e-01
8.466556445772456252e-01
-7.253721190906139427e-01
9.748499969425787892e-01
-5.783330580637595641e-01
-1.273177537081953803e+00
5.158857374634068238e-01
1.069204319133904013e+00
-5.311097265812571022e-01
-9.116772172536169450e-02
9.635133091537698147e-02
2.949407944696471051e-01
-2.082471856632002738e-01
8.558970775145565701e-01
-1.970060859802173214e-01
1.188515104626508695e-01
-3.280645197746785979e-01
-5.486366829682179924e-01
-5.301457140332767048e-01
4.098462069201805336e-02
-1.458755682469475845e-01
-3.441242334204098752e-01
-5.575245906186301337e-01
-5.268961076886631290e-01
-1.390317186192442600e+00
5.787065304614626982e-01
-5.473821237981651988e-01
9.188537505792818139e-02
2.280322149507580942e-01
-1.724320272487997741e-01
-3.574789162578322910e-01
1.491335175962789084e-01
-1.422812126349362327e-01
1.945595892411248473e-01
4.978456399495873042e-01
-1.414686608619918351e-01
-1.796434556597807097e-01
3.961053961941445323e-01
7.583894212543637048e-01
-9.833677491782988334e-02
2.741398153240433566e-01
4.352033586906412510e-01
-1.290085329402383962e-01
1.038907625625521830e-01
-3.075965299118487567e-02
6.992026335502503631e-01
1.872157239367671921e-01
-9.188813870739664935e-02
-3.891359405651245718e-01
2.108581654921745652e-01
3.133613108473795039e-01
4.279612369569212316e-01
-3.342612256887068645e-01
3.637403541060635348e-01
-6.731994310266898873e-01
9.200341775199032124e-02
1.103599299468180694e+00
-5.246101701989207555e-01
1.116951468780340156e-01
-1.917903887626194737e-01
-4.130530427657240211e-01
3.173589524915217397e-01
1.254357190330391836e+00
6.446312081389233839e-01
1.024958277709188570e+00
3.345228499129938027e-01
-5.397828100907228199e-01
-4.139981664993556132e-01
-4.020113645302650918e-01
-4.246653896352226010e-01
-4.715289639539667066e-01
1.900733894119838729e-01
1.631721720481170146e-01
8.240984075918604823e-01
-2.072455080674975580e-01
-6.632297008835954522e-01
2.663411744838379835e-01
3.214208215276876390e-01
2.202082722811591065e-01
-4.772397765975881084e-03
2.167048776378391328e-01
-8.068866613575994551e-01
1.440750985855507038e-01
7.308587661061403118e-01
4.828159230402750968e-03
2.956488610464566014e-01
-2.195034885366161648e-01
-2.159743271404812870e-01
3.973250818565239595e-02
-5.250640653827858273e-01
3.408407541742140001e-01
-4.472045128189846563e-01
1.567118521086916738e+00
-3.932295086616176272e-02
5.635927842674804955e-01
-2.492205742588201323e-01
-9.705410128167717143e-02
-1.905505400542111261e-01
-8.632125845336005021e-01
3.368153927073028187e-03
3.142507513462662883e-01
-2.129679965390824381e-01
-7.140583659406555261e-01
4.997175390155136898e-01
-1.155650301654996603e+00
-2.026550605310383779e-01
5.174447886681360353e-01
4.190108592947016097e-01
6.029452567302976407e-01
3.298174185972608252e-01
-2.811762538932850997e-01
1.246470191323325871e-01
-6.095566486755772395e-01
-4.987520019058402226e-02
5.528999160222376474e-01
2.323017419958185448e-01
2.603396703299472037e-01
6.726757178226057399e-02
6.252514302771310373e-01
7.285812684980425002e-01
9.652409317151441348e-01
2.192818648386482550e-01
-6.179784066517363117e-01
5.390777899795400341e-01
-7.210320960604092999e-01
2.998220530486603863e-01
-6.605642880365599767e-01
-5.141989399313204867e-01
-9.530440803750650502e-03
3.824198335675302318e-01
2.538945386376316449e-02
5.320274355193594928e-01
1.103048453757079356e-01
8.478838140755176056e-01
-4.035143470309763281e-01
1.274042477354313807e-01
-6.495546877212914350e-01
6.572612727769805430e-01
-8.663779949584852202e-01
-1.704880186950048504e-01
-1.173447791756310421e+00
-3.911498271909427116e-01
7.442118633320892185e-01
-3.655258496637036059e-01
4.705840732195289977e-01
3.164032595524329805e-01
7.401842288434640205e-01
5.611235190365040926e-02
8.851925448116457762e-01
-1.026155270393736219e+00
-1.707933627946318922e-01
-8.804701213600494292e-01
-8.360698391826617559e-01
-2.728570034597648797e-01
-7.298740870824357851e-02
1.522755947238390029e-01
-3.064438282968803273e-01
4.527375474419736423e-01
8.488958559324328856e-01
4.741179649622101477e-01
3.632564148611948651e-01
1.841549151434698772e-02
-1.749676772421570881e-01
6.023606106187251452e-01
-8.315288835848012872e-03
2.615836062788277627e-01
4.087420825837749239e-01
1.678684955380799426e+00
-5.864371620948662933e-01
-5.575706967118047030e-01
-1.285733239405308370e-01
9.016219948898562819e-05
7.581612664868984108e-01
-6.001337835120050812e-01
1.997205307350399806e-01
-6.024444502855778039e-01
1.642830267219014262e-02
-8.562186466958197073e-01
1.218254809807313571e-01
