-4.287741772998650003e-01
-2.706170960745929999e-01
-5.906906648675935845e-02
-6.305561494842946146e-01
-5.764147304358910873e-01
1.085066566547279621e+00
6.099707776420069116e-01
3.403567664364983703e-01
-2.885722228799366684e-01
-2.157637755015403558e-01
1.418716551430043993e-01
3.168395429504030636e-01
1.041858270029865779e-01
-9.116449544071681954e-01
-7.334922389560336597e-01
2.651723668505269194e-01
-1.063962434729980866e-01
-2.030697217861612558e-01
1.335415559908482486e+00
3.380395431803742690e-01
5.547193079059420384e-01
-3.414936476336000171e-01
3.062872963651765978e-01
-1.427811792216974740e-01
-5.370152140099710980e-01
-1.267731763771591524e-01
1.231649793263363435e+00
1.449688668127295132e+00
-4.276044613460062149e-01
1.051168342285852209e+00
-5.549796736885118653e-01
7.390480402184238518e-01
6.767928525344011348e-01
-5.083822063687498671e-01
2.315031433758970580e-01
3.450773790574207522e-02
-3.313376928326168258e-01
4.461797882834219742e-01
1.066180239753561798e+00
-6.894288849860166213e-01
3.480595443756347440e-01
5.569908568504695207e-02
-9.665911768756572098e-01
1.060744920197732144e+00
-3.834890772100313372e-01
8.111639001420105632e-01
-6.009210594376811487e-01
7.474460328860964564e-01
6.571720742735759346e-02
3.219270964863031326e-01
3.285641007035053351e-01
1.521672266880127744e-01
6.901356331989750847e-01
1.113226079704065230e-01
2.645943045802012783e-01
8.493470961900588811e-01
-4.916594994656717232e-01
5.550698720854014834e-01
1.193412493141575437e-01
-7.319609775186134426e-01
9.902448672108974392e-01
6.023628608325601319e-03
6.905275395927877868e-01
1.232609747627074342e-01
-9.008242610094939762e-01
-3.029926719225962684e-01
7.500869271932681936e-01
3.375623467358347396e-01
-1.723501671446205918e-01
-1.140382496525041311e+00
4.203377722832939978e-01
4.459828522035048093e-01
4.351849180863148758e-01
-1.280469383636950453e-01
3.758055194468588045e-01
-4.756504104157985857e-01
6.313087432711773639e-01
5.204748733097250835e-01
1.247645451791108695e-01
-5.323635715434742455e-01
-3.676049808245140937e-01
6.587736071003102989e-01
-8.408383856257653499e-02
8.487396046513219217e-01
-7.765041738330145937e-02
-8.098648551071599977e-01
7.093952458519188209e-01
-5.374863414787821314e-02
-1.641135670799420687e-02
-3.628688383036062226e-01
-3.160619338025674047e-02
-1.142356809152495600e+00
5.125344767409790725e-01
-6.772367499158388204e-01
3.712223692760577287e-01
-5.703113713880436642e-02
-4.574919546725796371e-01
-3.170146678022330300e-01
7.712650501096928179e-01
1.314558717090853701e+00
-8.017567883354101976e-01
9.765063787351504487e-01
1.615550122691942425e+00
-3.171793146781402561e-01
-1.470749775928975045e-01
7.527626487335206673e-02
4.717445110306381917e-01
-3.143003494859255009e-01
5.829440460185788542e-01
-5.953441255908114016e-01
-1.223801741202258375e+00
-2.159161391489763382e-01
-9.598143615556498087e-01
-1.652062417913775783e-02
-9.783180294948018441e-01
7.050308639287691803e-02
-4.020507742338607082e-01
-6.536340845494689744e-02
-3.057966410872240970e-01
-3.427205428993252978e-01
1.172704792669209573e+00
2.444246018138898080e-01
3.413861160343888979e-01
-8.392618429014688797e-01
1.782425334309686304e-01
9.790803152373294127e-01
-4.962935388938657377e-01
-1.237151465704433434e-01
6.882705275070200024e-01
9.802161143644338992e-01
-4.020067736871988373e-01
6.223820769020406152e-01
8.437278514397295037e-01
-1.165654442036624827e+00
5.137044967953473540e-01
7.416902169892745089e-01
2.918494643538736000e-01
-2.106120481310526371e-02
3.483812695017198813e-01
-1.146609755690019661e+00
3.097154353560870321e-01
-4.852382610455831247e-02
5.866765745350059902e-01
4.231518113314783891e-01
8.846094220391151897e-01
-6.375063221425497639e-01
3.787645933634523621e-01
5.892955045450211093e-01
-1.087410807476292263e+00
-8.454043703911041929e-02
4.931629019735644937e-02
-4.152392192300520812e-01
7.870291021646103058e-03
1.273047016411787691e-01
1.221764263072530721e+00
-2.999007572860298287e-01
1.668833258716587720e-01
4.333415120296726375e-01
-6.025656800041736538e-01
8.275602626482844171e-01
2.474599861787192545e-01
-5.708056888332163625e-01
-6.408092690764439769e-01
-1.158242781136681554e+00
-1.077522329873451812e-01
-5.873181076336576600e-01
-2.846471430096416122e-01
2.398786168482164582e-01
-2.575932590700902858e-01
2.712214010734160241e-01
-2.878411551784069711e-01
-1.665422042044019391e-02
6.870844973318156468e-01
1.208151719451007883e-01
-9.725676583410114429e-01
6.777428719016633796e-01
4.006621227879630376e-01
5.762627590161394364e-01
-2.801593157863540018e-01
-5.424017482074663943e-02
8.924290843308022581e-01
-7.541613922835670447e-01
-2.032614840603216289e-01
-6.564473174972839109e-01
-6.877408025780761269e-01
-1.391941340277171646e+00
1.227916223973336551e-01
2.466236839634924349e-01
1.194774566118004699e+00
-1.827718420088149776e+00
2.042428437274836361e-01
3.821070918177914000e-01
4.772056356095829011e-01
-5.567352046118166642e-02
-1.061689336619684898e+00
1.116560593114016786e+00
1.293991933905476177e+00
-4.246645904634250290e-01
-6.354110291678266575e-01
8.428751755436183490e-01
-3.767902691400676352e-01
-9.964683412110109106e-02
-1.641460838413016099e-01
-3.761563333335414261e-01
-1.019460720195001224e-01
1.701376803849838359e-03
-3.532052971179223677e-01
9.310971561367351601e-01
9.974799991749679906e-01
1.386663594860684690e+00
5.635396347382337634e-01
1.280330460255776626e-01
8.136954033140484377e-01
-1.164110863882110991e-01
2.005398253960107291e-01
4.115538597088182204e-02
1.104315509441232468e+00
-1.694563612132433394e-01
-1.255527536892169505e-01
5.458473432552822802e-01
9.674790105119608352e-01
5.063817786285507161e-03
3.348977833176527974e-01
1.439683316808933466e-01
-6.142739351023527306e-01
-2.859665762516084286e-01
7.984671306683160941e-01
3.749946271872287018e-01
8.107063921867021516e-01
1.901304104924997351e-01
-3.908414840700427662e-01
-7.364644143098703077e-02
6.811716805926121276e-01
6.250236316505870804e-02
-5.641179535025826475e-01
2.626347101610247980e-01
3.153560858648318255e-01
-8.764048881017148795e-02
4.633259209592211492e-01
3.432299798314625977e-02
-6.436134779424504959e-01
-1.546922943997792732e-01
3.096053017569775911e-01
-1.925695167923225926e-01
-3.796840505466902438e-01
-1.815357864274492194e-01
-5.769533885862353495e-01
-9.273191872778879796e-01
-1.019003359345634463e+00
-3.549813332461184689e-01
2.363431770574453139e-01
-1.333069792456790803e-01
3.280426227890228530e-01
7.751231907332736260e-01
-1.898636990064087038e-02
-1.261931964680403639e-01
-3.600719442768176015e-01
-2.502912069296019393e-01
4.660740300686215809e-01
-1.056431290536276046e+00
4.167738869174606453e-01
3.795328069074570543e-01
-4.567309098951701229e-01
8.742627828391419387e-02
3.984768861471347234e-01
2.163208866626475241e-02
-1.940571876702328891e-01
1.991421450413633221e-01
-8.153162026997908818e-01
7.438209899134518022e-03
-4.652430042765514639e-01
-4.375147839452339094e-01
2.431403596158574487e-01
-2.925570014895941262e-01
2.572026630401113012e-01
-3.171874433719787945e-01
-1.349386057099311864e-01
-4.752924542280294595e-01
-6.597432330699882774e-01
-6.750291426154404473e-01
-7.637418062159558041e-02
9.377824209709975656e-02
-7.706365991872409227e-01
-7.851498451155922709e-01
-1.035801065752165462e+00
4.343357104006826397e-01
3.710720709479641277e-01
1.009578307256785296e-01
1.187378252540223889e+00
-1.027981077072954996e-01
3.045220391095197487e-01
-2.614070489685094700e-01
1.006456292429914967e+00
-2.757692184836512128e-01
1.144802259599377203e+00
-1.078722401417816501e-01
4.281285416914841213e-01
1.585115999716413260e-01
-3.358596969165430490e-01
-8.971828507832516619e-01
8.054630222104730564e-03
-7.882180183519547911e-02
1.027277375383206071e+00
-8.395156237741417948e-01
-3.816880276824166640e-01
5.398760259480500645e-01
-4.467712168695997521e-01
7.492974387342141718e-01
4.680011132434950816e-01
-8.480778197147971209e-01
3.474669702518825565e-01
-5.030231325669206610e-01
-2.507844963964194762e-01
5.804194784989578082e-01
-3.089691456444254580e-01
-2.432896205328274608e-01
2.692960568663355092e-01
-1.825583895599054429e-01
-6.781098088462899076e-01
2.843477962907437484e-01
4.923342372082228913e-02
-4.468147766163809154e-01
6.391862003685640226e-02
8.943661806383057522e-01
9.670705359398942824e-02
-2.985530006410737069e-01
-7.397670754462255527e-01
8.780324252359857917e-01
-2.444364897973292372e-01
7.847678350497963029e-01
1.052104273340816465e-01
5.945770578874358669e-01
7.994806178282072295e-01
5.070265671354674542e-01
-2.665702719260409914e-01
2.943151065155080737e-02
6.930744090493961007e-01
-2.245553979694206448e-01
4.112616375399038432e-02
-2.275466739692550977e-01
1.366371689431559178e+00
-3.530279719885298650e-01
-6.094984825138720641e-01
1.229448024100580072e+00
-2.427180932820632506e-02
5.694206853515979549e-01
1.043828862523425549e+00
5.767822587677808865e-01
3.933067598630239636e-02
-3.123089533565220899e-01
1.133692642346718626e+00
-1.118037855427496535e-01
5.841996610915564103e-01
5.056010106108573821e-01
1.263020843783529079e+00
2.413726544910380634e-01
-8.074526382354492160e-01
-1.228336936043350480e-02
1.058941734026127846e-01
2.220698128950050476e-01
6.772727663789712693e-01
-4.479260671158663554e-01
-9.288927750837806807e-02
9.154975737133805302e-02
-1.219699683775060661e+00
9.289848049395481311e-02
6.030908117751961894e-01
-1.254312112486889230e+00
7.931746138962533221e-01
2.733607564426197012e-01
-1.636309235871903633e-02
-4.464700765885562528e-01
-1.577408430211037493e-01
1.113535377430727502e+00
-1.310660493607485488e+00
-2.291123188749951134e-01
-7.688297542204345358e-01
1.594638652329056994e+00
6.587442903816836948e-01
-7.502810726831158350e-01
-1.997231800907601496e-01
-4.388873421213327353e-01
-1.993056753017400373e-01
5.960317724727094701e-02
-4.303551798940808970e-01
1.709559857918342696e-01
1.782179036269038730e-01
-3.946097853297579339e-01
-6.472427308844612703e-01
-4.973825367669770792e-01
-1.641790703797844225e-02
-8.529606781685193928e-01
-7.195139699884629536e-01
-4.539637593003185700e-01
9.350466776770041122e-01
-6.259371484840702271e-01
5.246506223655147960e-03
-2.587706958883868036e-01
-1.174204055684900244e-01
-4.225308403573418969e-01
-1.075502921989498928e+00
-1.791708628247833390e-01
7.952557415956176268e-01
-8.098099044185675943e-01
1.195352136595613679e+00
-1.413863847511850902e-02
-2.775545902947774146e-01
-5.160575355014790366e-02
-5.357441279204231410e-01
1.659795800229995344e-01
-1.258035670995785837e+00
1.242375113962553707e-01
-9.692000864723789855e-01
-1.819365527642146096e-01
1.228717844907776247e-01
3.772375368561536879e-01
9.194699073879740725e-01
-5.719658061619545819e-01
3.248853431023767113e-01
1.854565505344532017e-01
6.677763604080284576e-01
7.100547170843589662e-01
4.906830076311288202e-01
-5.740884904059407878e-01
-4.066133362371805449e-01
6.265139566966333451e-01
6.389470144948217190e-01
9.579036591937439837e-01
6.246814355852067235e-01
-4.914879773872579127e-01
-4.655398575661658933e-01
-3.231918680264141974e-01
2.017982460997843064e-01
-5.963379704022709893e-01
-7.783025668866036528e-02
5.053994216195076827e-01
-3.771146121210633417e-01
-1.406728864666666912e+00
9.174777309829977856e-01
6.351231516856405968e-01
6.562052771572054466e-01
9.326267381925367195e-01
2.526730831090354124e-01
1.147659692412068999e+00
-1.236616974878268049e+00
4.211869505448376794e-01
-1.610720163687456297e-01
-2.025404972288631367e+00
-5.816647705638556404e-02
-6.471622249982343922e-01
2.154695075444028884e-01
1.736618710270421140e-02
3.452920460310601736e-01
-1.303658999529000440e-01
2.735692072256222240e-01
-4.270600067487274609e-01
7.016645161516787965e-01
7.861250911342814174e-01
-1.165614048182648521e-01
-7.644703035161685145e-01
-5.976460650045014589e-01
-5.307386877526241165e-01
-8.878593041168328370e-02
3.582014796951256685e-01
-3.031244916070742201e-01
8.362483558653634186e-02
-1.649610143529469108e-01
-9.510900089852502015e-01
1.058446125099037072e-01
3.827693882283284554e-01
-1.091578334163778585e+00
-1.057784316110660511e-01
-8.058003136414497725e-01
-3.982064182501317551e-01
-2.910447925030313354e-01
4.160857529855961356e-01
-2.280910815877745246e-01
-2.837660901427760951e-01
3.291109202346825802e-01
-4.211196980173528837e-02
-6.664663604371310335e-01
-6.114245687577413157e-01
3.566193541880107731e-01
-3.781804756322409422e-01
5.040296228450914517e-01
2.237162614328870036e-01
-3.444511379264353912e-01
-9.612846775258651610e-02
-1.245609103545963103e+00
-2.443182960657565017e-01
5.130499086206434800e-01
-4.088699913768139571e-01
1.679545752503563139e-01
-1.854874130754997630e-01
1.218510980799126120e+00
6.817584695037152143e-01
-8.208178667807115581e-01
-3.298970675310047285e-01
-1.991649473296010775e-01
-4.312917898391966931e-01
6.825659366963788832e-01
2.878812533422960840e-01
-9.260639752682436887e-02
5.503934022870515808e-01
-8.104581097675741530e-01
6.500688077659902420e-02
-8.255667625512279617e-01
-3.866446601340915445e-01
6.471920458997737491e-01
5.856081678422339620e-02
4.481502030049221430e-01
3.131360713530727535e-01
5.846732148138268359e-01
-5.789280546172532738e-01
-1.725098429852522097e-01
-6.182805528370258763e-01
-7.870852848572859606e-02
-2.092936502099327911e-01
1.551887188441818166e+00
-5.305662161589376202e-01
1.928139797255366272e-01
4.168465293371460545e-01
6.083341797024988118e-01
-8.834088333976671814e-01
1.111918484831058707e-01
-1.427183753992958604e+00
2.148137739159486359e-01
8.019389845340748613e-01
3.344414198909779756e-01
5.675775820106084835e-01
6.324441706701149080e-02
8.439214969395005816e-01
1.275993315360087532e+00
4.366054992786183031e-01
-8.480586264887292058e-01
4.549971890624165405e-01
-4.839939416025594854e-01
3.550237156475473665e-01
1.132641287226888033e-01
-4.688214038290655084e-01
9.505927472280327750e-01
-7.442548387654936148e-03
-4.931756368262908419e-01
-6.320698010045048276e-01
8.966028208925557186e-01
-6.369729430851237550e-01
-3.362238100685044362e-01
6.674978029595077800e-01
6.443412139605745326e-01
-6.190537991435056675e-01
-3.056136759780416767e-01
-9.976514617936622920e-02
-2.413337694053940274e-01
-3.574393236481610003e-01
7.580528963586868896e-01
2.845213789580873232e-01
6.854310919896836052e-02
-7.387637513188619609e-01
-8.073269299187784132e-01
-1.495811227605353122e-01
-1.585524887752504664e-01
-8.500010818811898350e-01
9.204920264039420652e-02
-1.363212703337958742e-01
-2.826269463131335646e-01
-4.277380053409870486e-01
-4.231257623118800937e-01
1.018881074272182941e-01
9.318946660884447342e-02
-5.371269403116845087e-01
1.515636168692330310e-01
1.747434450059855982e-01
5.894875699832976546e-01
-2.003484885713054942e-01
1.751909159069861555e-01
9.521998601167941390e-02
-5.518985041806432346e-01
-1.957545285235888222e-01
4.119454435963965100e-01
-4.974013334715404744e-01
-1.273166624063202246e-01
-1.003000652732362497e+00
-8.373801731272403903e-02
-4.664133490173036911e-01
-7.697018509317787860e-01
-1.793746765571170854e-01
7.819897770817832439e-02
2.937282151042155953e-01
-6.751359178199284328e-01
-4.250064394070319218e-01
-7.036022011067416537e-01
9.151123849641608077e-01
-4.278180711682105231e-01
-4.059983910829855769e-01
6.379877117595582625e-01
2.048508718420790076e-01
-4.494948407948378688e-01
4.169749405651622109e-01
9.808506224672969287e-01
-5.061555999371568637e-01
4.603544328484509007e-01
1.851003035262353269e-01
4.612714399984865210e-01
3.632590410982265983e-01
1.062133684115635635e-01
-7.019621027373665889e-01
-6.647957345977391075e-01
-5.270943356458421825e-01
-7.657394263537699031e-01
2.890038254010579566e-01
5.898363585298205258e-01
-2.274255472751984530e-01
2.743834983421363782e-01
-6.574650151754923844e-02
-9.184478479110984583e-01
-3.884824031182131376e-01
-4.496103139075212640e-01
-4.678371344061896808e-01
4.315824215812020248e-01
-5.945117707682050501e-01
6.813153028357016305e-02
-9.874250692362264159e-01
-2.931499404587136204e-01
-3.856102435364529013e-01
-1.382121370072378674e+00
-1.258399817146664823e+00
-7.340867720090433757e-01
-1.202327032088673864e+00
-9.283594775509705910e-01
-5.369571187866023498e-01
-3.511645985816678195e-01
-2.797042460776991701e-01
3.491770061216343257e-01
-1.336219207945044951e-01
1.454719387795604668e-01
-2.157031199851495717e-01
1.017982339424037264e+00
3.930736547167444916e-01
2.850102241314833584e-01
-1.252132725435257665e+00
-8.141462726464493427e-01
6.720240239801901216e-01
-1.233054542361991635e+00
-9.710843231802815390e-02
-3.749987892593642513e-01
-8.258907400545208166e-02
-2.987440348305653304e-01
-3.665422081516686026e-01
8.802623823720368001e-01
4.632482167124619965e-02
-2.804811053741263493e-01
-5.594402705883347870e-01
-4.006688970130487526e-01
-1.052554893469074937e+00
-1.599079668254494102e+00
-4.442339679474607839e-02
-7.706929384954116502e-01
-1.574548436556753583e-01
3.165440227068124779e-01
-2.654091508515992182e-01
-1.889240752230088027e-01
-5.019143792010114513e-01
6.295374361962526866e-01
-8.604932500335669143e-01
-2.367102646052351433e-01
-6.047059115703232735e-01
-4.071406866672638292e-01
3.750342466990271295e-01
1.139637938456902422e+00
-1.041736126685257335e-01
-7.699124094713416522e-01
-4.534001327156023109e-01
-5.816264317123649441e-01
-1.548106795681315262e+00
-9.934166365195282733e-01
-7.128601391740298221e-02
-6.043407186247272689e-01
-1.016597564038973917e-01
1.014047237211224139e-01
3.426921129903426899e-01
1.229584203579396684e+00
-2.051824788129545940e-01
4.939889658165325659e-01
4.028449323728887643e-01
-5.111053761226372893e-01
-8.258573844730647817e-01
-9.103758502317195189e-01
-5.939624659551718810e-01
-8.249612337010183705e-01
3.266258168466754652e-01
3.057347960323817393e-01
3.271419822073360351e-01
-4.611014046749007389e-01
-7.816238300727906818e-01
8.515398079281569776e-01
-6.356784807827789985e-01
3.138364129972462946e-01
-5.327647735850760125e-01
-3.150421213098958395e-01
-6.951039118601813893e-01
-8.276000555934763803e-01
3.410336228712972928e-01
9.459078030671994597e-01
6.930909112215756507e-02
5.517457570676619349e-01
2.162684907209450336e-01
-1.666101917097985996e-01
6.406318530753738472e-01
-3.218773919000829098e-01
-4.264480318423621852e-02
1.384612975169514870e+00
-4.830322970046155295e-01
-2.117179871792223278e-01
1.054604556046359054e+00
-1.881661708514998921e-01
1.588993334832749793e-01
1.507819017567958886e+00
5.104261085787175078e-01
2.417079551691373174e-01
-2.193908737613290416e-01
-3.030166856179511981e-01
4.218061169082979456e-01
-1.146389354859188137e+00
4.664309814800141063e-01
7.822033350547933361e-01
-1.383746515420747891e-01
6.807489253438891996e-02
3.917055979245466224e-01
2.173195777532115347e-01
2.790060657101241515e-01
2.339878915507912771e-01
-5.132954960360245344e-01
1.629834946264937745e+00
5.667138030353217060e-01
8.187729318789074284e-01
6.324201887790105170e-01
-1.586888803352887456e-01
-5.246920032928030775e-01
-7.484365492393183494e-01
-3.159351852487134460e-01
-5.480767641282392466e-01
1.069555747376137012e+00
-1.139956011280791048e-01
6.716859489510188519e-01
8.500872855916550286e-01
5.573317670994885065e-01
4.136885602075250357e-01
7.317981433733770080e-01
3.087307040352448295e-01
-1.412536227097951347e-01
1.086648469501277081e-01
1.737222200434894170e-01
-2.966793200499250327e-01
3.512450605656253222e-01
3.487556910986281400e-01
-1.109905384567586445e-01
4.117686330369560999e-01
6.810918905573017934e-01
-6.144531588125017318e-01
-1.879932301275139828e-01
-6.898262243453237019e-01
-2.425402633623851001e-01
-6.944214591718382845e-01
4.353495862909237957e-01
1.248877267312908934e+00
-1.286504232760570521e-01
-2.751257906818908028e-01
-8.182850436463495747e-01
4.055094269866748036e-01
-1.956278796972990008e-01
-1.905873459518157842e-01
-9.133654616239031965e-01
-2.441242652273885871e-01
1.699997595373334003e-01
-1.193581998689657864e+00
3.572581738607203405e-01
1.080401011630318875e+00
-3.607090593244203225e-01
7.846480681457852491e-01
-7.245599477005899569e-01
-3.002918852142855144e-01
9.924874887390839895e-01
-3.392186664261667706e-01
-1.482178142078157401e-01
-3.464420695883280166e-01
-4.224082268500840842e-02
1.020068945680423278e+00
-1.134144066339653617e-01
2.183168864400063525e-01
-1.661688934142884766e-01
7.957507101413063832e-01
6.396379282329840432e-01
1.207079452526985952e-01
-1.125593580875904332e-01
-3.080654538157296951e-01
-5.922815295267766511e-02
5.969939566089559335e-01
7.707949452341168461e-01
2.975039230521688838e-01
-2.621352000496440238e-01
-1.503077738817934494e-02
-1.810992641661622882e-01
8.336687312640280734e-01
1.751372346000164559e-01
1.322197842551066316e+00
1.258833029016433347e+00
-9.578550646832417748e-02
1.291592396907613072e+00
-1.152772719516383937e-01
-7.446449226337955585e-01
9.221824729223648820e-01
1.000976221527392740e+00
3.198980981260549084e-01
2.044785316818458765e-01
-8.667895521105312140e-01
2.563739962324576571e-02
6.735836518765930814e-01
2.647583721770750964e-01
2.336881011070717495e-01
1.651802217003027207e-01
-8.161061872422224750e-02
7.757543512869264912e-01
-1.047041527777101022e+00
3.611464705196814617e-01
-6.202569307203964488e-01
-5.174303194271123729e-01
-3.258484812755313431e-02
-3.843715525195326999e-01
-2.071511229716362923e-01
-3.370989375502048691e-01
1.295234931513417065e+00
-9.862690126518025568e-02
-6.450532202782206515e-01
3.398170954772004038e-01
-1.916606183575083056e-01
-1.960512798994237804e-02
8.123390659264497771e-01
3.802985677254540342e-02
-4.582791795265189760e-02
6.232046201393921514e-01
7.997121882363308343e-01
-2.333176854379631071e-01
1.738748575256587325e-01
1.307145089436424046e+00
6.614423118673913304e-01
-3.805733933809440361e-01
-2.693546777527245362e-01
5.737171172612978154e-01
-5.646941321351298809e-02
2.110050345498820090e-01
3.796609799590344725e-01
5.914865214695634865e-01
-1.164712113454182463e+00
1.041863574094373801e-01
7.787689036793044028e-01
7.863132403070045573e-01
4.699572991883103068e-01
-9.404263707060206423e-01
2.569347706541702525e-02
-1.711566200514215152e-01
-1.665900577464333732e-01
2.201818475753914567e-02
-3.851237666631623924e-01
-7.754355549478951781e-01
3.921565576968011335e-02
-2.294956024342849621e-01
2.594921333746717518e-01
-6.430850564838946903e-01
-7.799863901052213055e-01
-5.027389103522924563e-01
-1.361455377556770152e+00
6.930979478997796317e-01
8.446759324738137842e-01
4.924129326572815324e-02
2.109946272307059445e-01
-6.027878631180878521e-01
8.145692518903755452e-01
-1.020866510112300896e+00
-6.606391006400599286e-01
4.370915683515970152e-01
-1.683698153910223871e-01
4.899164582050449801e-01
1.803503776023930583e-01
5.803167660969442698e-01
3.738560737576114845e-01
8.877234050194732218e-02
-1.451196008860261566e-03
-1.214830152109162675e+00
-5.361383722957888676e-01
4.347606151654270223e-01
-8.770506484922787616e-01
6.212524279986596926e-02
-9.832399580196207189e-01
1.609190033285598231e-01
2.955594440071232509e-01
2.888730067601579243e-01
-4.628679419297921926e-01
-1.845250979239901612e-01
5.105158181555162766e-01
1.873998473399497655e+00
-1.069839542067461957e-01
9.724926997637073356e-02
-1.050871568343927920e-02
2.733804072799300711e-02
1.307773637824405810e+00
-1.466404437440638475e-01
-5.009587484698559967e-01
-5.768003789421538574e-01
2.939746718372528433e-01
9.761001951370594509e-02
2.080546048293179240e-01
-2.682420882338662493e-01
-6.430213346172122257e-01
-4.652024026737441864e-01
-8.898248625328184502e-01
8.057886610937785576e-01
-1.535174250470306700e-01
4.145131775707509014e-01
-1.173665211483301052e+00
-5.518598294444095886e-01
6.398076297708340521e-01
5.308042392566258982e-01
-8.782597761102396428e-01
-1.208280165339661316e+00
-9.453755361915976152e-02
-9.692636895961775911e-02
-4.714758882743846913e-01
3.604071526297271677e-01
9.187368354380003321e-01
4.378846366128291701e-01
6.171529976625692582e-01
3.181610825828078970e-01
-8.187888229600521761e-01
-2.906270381310023174e-02
-1.511528978796085054e-01
5.762425790333822739e-01
9.491834739535639498e-01
3.617798368262196279e-02
8.000373035756853934e-04
-2.651834387438921636e-01
-5.027216492525790059e-01
-3.919134055866247968e-01
4.479132892379166231e-01
6.572357610553827834e-02
4.665187573323544834e-01
1.763638041915490673e-01
-3.728217017112131493e-01
-7.278201704841258390e-01
-8.892924409480768011e-01
-1.045247699670793229e-01
-1.011442441068071352e+00
1.716518505973751441e-01
5.529502558266510270e-01
3.386838641501630498e-01
-2.960144305709195289e-01
-3.809290311679410235e-01
-1.404417546434107100e+00
5.443885903775657065e-01
1.166243418835289480e+00
6.299865192912790235e-02
-1.500341151816201979e+00
-7.284760301161443685e-01
-6.184382988957976002e-01
-1.387493539965174660e+00
1.322749408588178022e-01
5.103422964684856122e-01
7.825278678628289075e-01
8.367667836920661406e-01
-1.118056814746012095e-01
-3.798615599624036721e-01
-3.662916378810594509e-01
7.677128394751886464e-01
-5.030462216558699851e-01
-3.676150723606516624e-01
-1.271147930779385371e+00
-2.000368303581865348e-01
2.273055513712261833e-01
-7.935565148565100202e-01
-1.818699995106876910e-01
3.129162949315917874e-01
-3.341040542574815753e-01
4.524429742038575952e-01
7.530947233106528582e-01
9.706168495214316794e-01
4.942603603107482702e-01
4.583795744239278491e-01
3.179514458971081092e-01
-9.579872982642703150e-01
3.734426946789201063e-01
-3.585732245369290250e-01
-9.352153732003685160e-01
9.468149380553920746e-01
2.478422960703353939e-02
-2.343621581201204840e-01
-3.712898392749525711e-01
2.950076604427253057e-01
-7.899974671373632962e-01
-8.300853948947684025e-01
-6.694692728457973807e-02
-3.173395946136841617e-01
1.275576170088945638e+00
2.264066096212908330e-01
-1.270126107699224960e+00
1.626450476721856553e-01
9.639477356633205929e-01
4.398492352903087821e-01
-1.042622765879489766e+00
-8.918522136018335322e-01
7.463255036448697144e-01
-1.345290924580150038e-01
2.831407022546845176e-01
3.758686059281280967e-01
-4.602070679733701319e-01
4.169500787001911846e-01
-4.635163594559614797e-01
2.608076005462733882e-01
3.237765446746416753e-01
-9.588602575806780548e-01
2.893425244205308222e-01
-4.113379163815907846e-01
-1.390176960980019083e-01
1.813601801261356394e-01
4.100782788830297232e-01
-6.348940559558982621e-02
4.797417916040256358e-01
3.939663145137809463e-01
4.762446612397162882e-02
-7.241254213263245143e-01
6.139292681688913733e-01
-1.670957047507854176e-01
6.723188174329188804e-01
8.417279628817622150e-01
-3.008664423712192337e-01
-5.950686702234055936e-01
-1.409527292961949119e+00
8.078723784360666849e-02
2.484301387050829590e-01
-1.482589960597756329e-02
3.471654178266386226e-01
3.160401772654841124e-01
7.246539474328393959e-01
8.971543907666983397e-01
1.248630570769146741e+00
2.361564633099437760e-01
-2.059840862611728163e-02
5.934836398599196983e-02
4.152431136002807666e-01
7.054230865802205153e-02
-1.057028756751335008e+00
2.035591051675218199e-01
-1.170516770519095945e-01
-2.041619752930289300e-01
1.190441695736325745e+00
-1.963278514155864518e-01
4.956744519535073445e-01
9.534793814478358387e-01
-6.387115485308450524e-02
-8.742948963940976315e-01
-9.665561737712263790e-01
-1.059666904560440326e+00
-2.566870967602637443e-01
-6.047233182249023287e-01
-3.045538601949707713e-01
-8.897984664950697731e-02
4.966419002886984790e-01
7.047286133973369449e-01
-3.027487743808622289e-01
8.955902780304683120e-01
1.324447285455405687e-01
5.864377975502103046e-01
-1.185087174429692580e-01
-1.165372008271300830e+00
-3.263792034722696744e-01
-3.176500622168790949e-02
1.803557493584770355e-01
-2.784702018200699847e-01
-2.072603769335212009e-01
-4.172787579647545264e-02
3.559477564095138158e-01
-2.006400540109058717e-01
-6.388760978195969775e-01
3.797190866129109832e-01
-8.233628402486711240e-01
-1.741558321182168911e-01
-2.249671665493888084e-02
-5.600890222002992413e-02
-3.334919079230042049e-01
-7.498107740919496278e-01
7.465698354437224626e-01
-4.198404420592976027e-01
-8.473859478094457331e-02
-1.389722718546382296e-01
-6.653468611271950994e-01
7.354314354231522577e-01
4.008156204511221787e-01
6.861620849117737730e-01
-1.250483274542769641e+00
6.471927051125182517e-01
-1.006562713292972755e-01
5.397454910182978294e-01
-5.611898564371969877e-01
-5.016566694705578699e-01
4.011415696231794836e-01
1.642678644849998593e-01
-1.394164832461365910e-01
5.923157511877080728e-01
-2.276067073017698228e-01
-1.023479146024295794e+00
2.668920241691940531e-01
-6.472256435271223074e-01
-1.689134541782447152e-01
4.167423841788278072e-01
-1.137778089825282501e+00
5.294963854745659004e-01
6.745438752930900117e-01
-1.211400853057695154e-01
-6.583110992453131693e-01
-1.065530550164639212e-01
2.051807821898338560e-04
-8.310914007756676769e-01
7.285294036739742296e-02
2.659995722527214168e-01
5.878700021957129485e-01
1.518424857523551275e+00
-6.290861479744783713e-01
-3.391325916689579834e-01
-8.133974223777515888e-01
7.282667653064802682e-01
7.280050540543701043e-01
1.985307422548021894e-01
-4.601860724028003502e-04
-6.954814199730542379e-01
-5.218677624146149385e-03
-5.433770657768455248e-01
4.380825129464367695e-02
3.924176659949857870e-01
-3.176449234773488506e-01
-1.642311715857307231e-01
-1.371425259769592508e-01
-5.745172005076314842e-02
4.412663958569310041e-01
1.276907333287245372e+00
-4.323528526146107609e-01
1.303753224851594283e-01
7.458091002632322164e-01
5.448290977980072558e-01
8.346960367838657247e-02
8.681176042384269875e-01
8.208376031754278657e-01
-1.658775223736272730e+00
-1.481953282041471587e-01
8.848375129891404844e-01
-7.850437664992073739e-01
-1.164256806118412424e+00
8.090999792397959300e-01
6.046843445758534052e-01
-1.916683219034580055e-01
4.001796842381977193e-02
-9.625126475685193833e-03
-1.670601915852878983e-01
-3.095047036805946838e-01
7.183640174249049659e-01
-4.634527195255109255e-01
2.863617000163951043e-01
5.243322740309300789e-01
5.368746376409393450e-01
6.977852651680535034e-01
2.334820093297031440e-01
-4.352475989707392523e-02
2.658404958175999977e-01
-6.830195872028917148e-02
5.694395912784477876e-01
6.833673329989939926e-01
-6.283452711148979075e-01
-3.542671680820944635e-01
1.545528063890471426e-01
-1.795231023937675363e-01
1.014523574024144725e+00
-1.104154389461156904e-01
-2.873577308130101926e-01
1.083618412798005026e-01
1.407296407887615453e-01
-3.097678039128479166e-01
-5.281632571814093291e-01
-1.086139807864518747e-01
4.580558459642656843e-01
8.419231859689130237e-02
8.311002801801659068e-01
-7.330626964883363295e-02
4.633586750362630458e-01
-3.081561232477829648e-01
-4.568351844382760318e-01
1.823371977470127636e-01
6.482943587695583210e-01
1.278940542422192683e+00
9.987882654893366352e-01
6.626159456326554675e-01
-3.450891302714074182e-01
-2.565524657640646522e-01
-3.720969010417388700e-01
-3.994717590707769911e-02
8.963623158167108862e-01
-2.109504147880345015e-01
1.563575483849254599e+00
1.512409629529330335e+00
4.868335102795898206e-01
-3.468012129485063544e-01
4.651120969104412251e-02
-1.107064417684902879e-01
8.035812078798008073e-01
-1.314004492563163873e-01
-5.810622381524159774e-01
1.990697289320063623e-01
6.689165685843935227e-01
-4.228713347480465012e-01
-7.896513663646902437e-01
1.038329763101834002e+00
-4.076409810530253752e-01
-5.854877561153353227e-01
-8.661738117204186294e-01
3.399369995023421298e-01
9.547494017228613794e-01
-1.367847778914085044e+00
2.475585107225602433e-01
-4.888042444771899253e-02
-7.233786578422704561e-02
1.277049192687733370e-01
-4.105120163265093547e-01
-4.772870730508503856e-01
-3.267526681492798346e-01
2.240948955597110992e-01
-9.015553289918671886e-01
-9.113037262113724557e-01
1.939686641411888235e-01
5.232419186475761874e-01
-9.100291426203258593e-01
-6.060800734069784479e-01
-4.796872710219284297e-01
2.762739085594405619e-01
6.416685339572594238e-01
3.347921860560215679e-01
-8.454894478636840738e-01
-5.819049127376142438e-01
2.822157944049666911e-01
4.678598937363682153e-01
2.121877898202743085e-01
-3.732301763703255726e-01
-5.814458453907047630e-01
7.006967561242178899e-01
2.319571363789309226e-01
1.504186377222544724e-01
1.351672836229460828e-01
-4.475217316165608361e-01
8.262107165920021812e-01
8.528787428029147577e-01
-4.207749073435349541e-01
-4.709520876677343870e-01
7.191715373769080877e-02
-3.801145308666789568e-01
6.852342153756949550e-01
-5.670193565660507362e-01
3.300496402206066215e-01
-1.601244853734433482e+00
7.116801633146359052e-01
4.380502440482444415e-01
1.607031280492678682e-01
2.739511575896476647e-01
-2.687472798726040502e-01
-3.328558208452547240e-01
6.440703911238705448e-01
-4.278287379023726911e-01
5.763007032001977309e-02
-4.177653133431448729e-01
6.249423661147809339e-01
-3.629574759110679727e-01
1.809142134071297092e-01
-7.571713902066123936e-02
-2.094787304848572673e-01
5.609196670776571692e-01
-6.763624924455362564e-01
-8.962401945971560924e-01
2.799370168700511252e-01
-3.948258231455120670e-01
9.253116301531642829e-02
-2.051539601948655367e-01
9.888389376565229760e-01
-5.628269442484429286e-02
-1.053142613233924163e-01
-2.245386284540653032e-01
-6.651442939692384648e-01
6.066922000665811998e-01
7.121533797424699497e-01
-1.195002146091433404e-01
1.799441197815657145e-01
3.242218015545098586e-01
4.789670103649993349e-01
2.419916776519300816e-01
6.465716762149613661e-01
-3.481750082010309222e-01
-1.028797149352238760e+00
3.868378768757682051e-01
1.210274740279448702e+00
5.831603783701557742e-01
-7.997520054324823713e-01
-2.658288924470006420e-01
2.136609558055417857e-01
-8.066502272081392810e-01
-6.503995486698349593e-02
-1.021342577300214938e+00
1.427422020370298750e+00
1.900298050283920348e-01
-4.329878990238729131e-01
-3.373821587565704605e-01
-5.743761945278025305e-01
2.102426594745102073e-01
1.094219052015574567e+00
-2.653974436275566284e-01
-4.263511579514043387e-02
4.438389778332853530e-01
-8.218523424920269882e-01
6.578537944637043999e-01
-8.858297146998996840e-01
5.551604591138832312e-01
1.478917645720488450e+00
-3.714507675483198490e-01
8.455913938855998957e-01
-2.147461172426344822e-01
2.955073549690110379e-01
-5.281380253402151448e-02
3.375226491909744109e-01
9.976762180244570510e-01
-1.078960709853901134e-01
-6.101780872971853675e-01
-1.424644151558278060e-01
1.153082885766425481e-01
-1.321044651595739694e-01
6.468559692654867188e-01
-4.167343958327512227e-02
-1.638302145426957512e-01
-8.699467851489182113e-01
-3.631134942442415525e-02
-5.469851449348380745e-01
-3.437137626955386049e-01
1.198899986078708624e+00
6.410521145494884054e-01
-5.238257262412926440e-01
-2.540949768696804112e-01
-2.040330914497150705e-01
-4.364640472483560796e-01
1.725981701315160155e-01
-1.437687369047751240e-01
3.697776439728800990e-01
-3.753007010442436231e-01
-1.228243329899963154e-01
-7.952921714278450571e-02
-4.282991342811942603e-01
5.237615132217132013e-02
7.186828336262336414e-01
7.090091030594460886e-01
3.455078594923961521e-01
-6.089874623908416718e-01
6.407457768728074265e-01
-4.031164414173706856e-01
2.746762412904037443e-01
1.610820155095643580e-01
-5.730716503892842040e-01
-2.970755174417193389e-01
3.781986299002438323e-01
-3.116607362703260886e-01
4.801866469434686868e-01
-8.297893396838242064e-02
2.419639355246700485e-01
2.385454031268450792e-01
5.384338736815122428e-02
-1.529158279857628644e+00
8.682570144858863248e-01
8.068531344587530629e-01
-3.400197630117373082e-01
4.731087995195956686e-01
-8.269533459560975130e-02
7.249253782730058493e-03
-3.808426106625210639e-01
5.220520827581107692e-01
-3.861835339757530017e-01
7.119687316392286913e-01
-5.017095314274053197e-02
2.056830936537052679e-01
-1.005126375452312315e+00
-4.063400657366014190e-01
4.996100804515842819e-01
-4.043105102443636523e-01
1.268947654160881955e+00
-9.570589252285629511e-01
6.743486410175383305e-01
1.180354281465102240e+00
-6.053523623442220725e-01
2.982375202447046236e-02
-6.664951627050179350e-02
-2.158106006878746652e-01
-7.366219584500917072e-01
4.364871119100313113e-01
9.000331599316905296e-01
-1.502228303397677711e-01
-8.961200637976748373e-01
3.464127093497398890e-02
6.194262539211261576e-01
5.082440008612407745e-01
-8.378775373157613116e-01
7.474002099392946796e-01
1.590413026940361851e-01
1.029366334810903005e+00
-6.289108398025974322e-01
1.139014361896669714e+00
-9.614794514653929314e-01
3.033574380812516236e-02
-7.068036110020283758e-01
1.322732140632981057e+00
4.838321560020353851e-01
8.627607582600952396e-01
7.392899423478731524e-01
-4.724682570150468552e-01
2.545791656552657822e-01
8.467190769649307613e-02
5.776870282772329501e-01
1.482445042675816782e-01
-2.447248105152605435e-01
6.282005896664450972e-01
3.036001358161981301e-02
-8.532096133552801165e-01
5.447975269979644652e-01
-9.373630214806832894e-02
-2.125269785415431656e+00
1.019299776751586839e-01
-6.741512631388362209e-01
3.773942183228131131e-01
-1.240791887720950892e-01
-7.011644300438210631e-02
-4.571312476475690445e-02
-2.353512507537230958e-01
-5.364467842753359861e-01
5.162184339178408354e-01
-4.516064397033012212e-02
-6.490278304387708808e-01
9.176839665146938607e-01
3.337379807032272439e-01
4.505370838233224706e-02
9.946180772852442065e-01
-1.631837218174925219e-01
1.033893267024049045e+00
-8.786733452997883553e-01
8.354941420270933783e-02
4.791374100393199775e-01
7.380336235912758891e-01
3.588665692885491532e-01
5.114634551515386679e-02
1.643403313898136597e-01
-2.060034122328820438e-01
3.656242107487413517e-01
9.511250854193316340e-02
9.075419004937063105e-02
3.742077327482147830e-01
-2.436462051205173229e-01
-3.175708811447826019e-01
-7.444094071011733149e-01
-2.361569421016777859e-03
-6.497323226478718405e-01
-1.113579542846367954e+00
-5.869286493062867427e-01
4.127674575388848854e-01
-4.760176578188590399e-03
6.219250708778440995e-01
-1.284147868955918703e+00
-2.869035011066786156e-01
-1.894332285776472613e+00
7.569452692442914243e-02
7.074083431077153872e-01
-7.050351430043821921e-01
-1.563733645857855459e-01
5.813838570242920722e-01
6.497507490888817516e-01
-2.372022609744802724e-01
5.621187819991294576e-01
1.455570813393986668e-02
2.151582410633585130e-01
-3.311525425273867396e-01
7.704821656374033489e-01
-8.192347233336974011e-01
-4.687614638397941125e-01
7.730865378781716368e-02
-5.967242377654738417e-03
5.354633201378107277e-01
1.078864190272967649e+00
4.971469329924190217e-01
-5.668888477836917517e-01
-3.370951323703157976e-01
-4.802836311563427607e-01
9.611917818559927440e-01
7.415984081743288714e-01
-6.366268977821100128e-01
1.239790514808312982e-01
-9.320555997689663474e-01
3.614431993672483912e-01
1.254299521849995269e-01
-5.222860933029668806e-02
-6.458048516376652115e-01
6.624142493992101199e-01
-6.601295660893223838e-01
-1.079131224305897474e+00
-1.352594517679623354e-01
-6.152876308479874323e-01
-3.980747242076545511e-01
8.649052858354978612e-01
6.722676735431660777e-01
6.150113806106083381e-01
4.639329643144445847e-01
3.480919773362183278e-01
3.876701986431251301e-01
4.773974566468136560e-01
-2.955217477162526141e-01
-5.678331062647484079e-02
9.454144780726994046e-01
-6.896095801542343473e-01
-4.121812176349382573e-01
1.304483470660038336e-01
-2.716241968665104034e-01
4.894311181351110318e-01
1.592047537324957629e-01
-8.162505834971927055e-01
-3.339628631254462632e-01
8.111272412185944747e-01
-2.010464427782113761e-01
4.024607798277028692e-02
-3.156545115979827454e-01
3.319781224149723764e-01
1.486931295358372651e+00
3.651606435855778710e-01
-1.160306536810969125e-01
-5.065334519186172058e-01
5.777363967484400176e-01
6.890187797939769654e-01
-1.941437357999542812e-01
3.961915904226287477e-01
-6.634784645812485948e-02
2.806660416284360027e-01
3.723062843621703366e-01
2.345605127961958580e-01
5.119801813474214036e-01
6.362663187264943065e-01
-4.913587712064967916e-02
1.740382552480838618e-01
1.822154799940384762e-01
5.629485878865647663e-01
5.402636887492957563e-01
6.775494352479907167e-01
-1.029219595193501702e+00
-4.086668018011970771e-01
-1.579986167920271356e+00
3.855036035619525681e-01
-2.836140705665722295e-01
-4.199462059817501425e-01
-1.155399282437863384e-02
8.488245293683932546e-01
2.439571340537315391e-01
-6.054232442947115045e-01
3.398068293727379285e-01
-7.897846789177049853e-01
-4.125897624430381883e-01
4.102690884410177263e-01
4.700786600582285701e-01
-8.248743057987806271e-01
-2.966486334817712844e-01
3.655563773241850001e-01
-9.836637338526458274e-01
-6.700968470681090139e-02
-3.383269396601159551e-01
1.489304754718563106e-01
-1.401279571228844500e-01
-5.149407965925436592e-01
-5.815448436047996328e-01
-9.725690247183340631e-01
1.764196125683986094e-01
-9.463844270387128388e-02
-1.158635198099021046e+00
2.209740244348730731e-01
8.593217081288781478e-02
5.333353663099708042e-01
-3.778221180384949140e-01
-4.517523939557734763e-02
-3.817402553697452072e-01
1.159532478538403549e-01
4.988640633840856764e-01
4.217107269233162370e-01
-7.811164242463257690e-01
8.011334922902989542e-01
2.309178715477473720e-02
8.731205423516759101e-01
-6.916862382284795219e-01
-2.115678986803178341e-01
-1.043062852231018689e-01
-9.380608586573377372e-02
-1.264962818113988252e-01
5.873986631260277314e-01
5.201619740668335101e-01
-3.740284932950336400e-02
4.654277645949894682e-01
-8.374774054150166402e-02
-6.379976674916866264e-01
3.586072621544273975e-01
3.854353278183603182e-01
6.551526185176370642e-02
-6.795077444529047384e-01
2.785514104568272975e-01
-1.228075118247742986e-01
-5.127279893622771478e-04
1.503302188883384460e-01
1.099705670240722188e+00
1.521905594136704121e+00
-3.146672583599810502e-02
3.268936765109614617e-01
3.599679768107735822e-02
-6.277528069516239428e-01
-7.486762599515615069e-01
-5.440145764720155652e-01
-4.823046737635304781e-01
-7.215559076171279562e-01
9.921275146504290876e-02
4.576941518544927479e-01
5.669832791128546212e-01
9.325445471179678592e-01
1.579033467341839636e-01
-4.743887459960586805e-01
1.626523433827221643e-01
1.359283970630433380e+00
3.282180994094276438e-01
1.531199881184302780e-01
-2.168564945849112691e-01
1.027050010795058199e+00
-3.143453686595774066e-01
-4.871374867555974819e-01
-2.900499456405868370e-01
-4.723302241518081424e-01
-6.098530380991838973e-01
-8.950072116761580432e-01
7.855783207864510675e-01
-1.961478314093281494e-01
6.107742352733203095e-02
-5.978940088581823353e-01
5.953689028468750477e-01
2.997663125034567000e-01
-6.220461956200555864e-01
6.922868025490155341e-01
4.041650183751021447e-02
1.140926465016447233e+00
1.460129993805081572e-01
-1.826968510430195147e+00
-6.870172339297053732e-02
-1.819498222623354977e-01
3.016857136278218166e-01
8.407300158189627837e-01
-1.547777107453551348e+00
-2.908522638213199007e-01
-1.089717574205130157e-01
1.122526743674889804e+00
-4.774962314085854365e-01
5.176727794870013000e-01
-1.500686573561205717e-01
6.158418339819553555e-01
1.670386091171731716e-02
3.682729701063141015e-01
4.148091358384938254e-01
-2.037012529956018780e-01
-8.204412296601482080e-01
7.133028535259169911e-02
-1.035154976674649563e-01
1.965362216013848973e-01
3.998004842493068506e-02
-2.862651553074881811e-02
3.943726024026634747e-01
7.427336032031869872e-02
-2.080921064039462920e-01
-7.467465584934125378e-01
1.644521071396922163e-01
-5.961614464359193954e-03
1.225461002541785027e-01
2.422438845738245083e-01
4.586765271265336730e-01
5.830888592433139950e-01
-3.369149312164713139e-01
-8.045682414404906058e-02
4.514316709914911185e-01
-9.812610899262004527e-02
-3.046738903175756907e-01
-4.617589022696449996e-01
2.394766427667676945e-01
-7.532454574609447340e-01
-5.338560810812403856e-01
5.335393842557984989e-01
-6.059175057684836885e-01
4.970385582075996789e-01
-4.101882184308309198e-01
-8.241528041785168845e-01
6.452801687531872776e-01
-8.819695749183059652e-01
7.443821467399300840e-01
-5.348409242645557615e-01
5.722647268866271064e-01
-8.631309135237027474e-01
6.519783196970208028e-01
-1.069895806406480965e+00
-6.058707645572811717e-01
-1.131855366201875324e+00
-6.604612004976458950e-01
1.997417634852092783e-01
7.996733688642102544e-01
7.242229664177260440e-02
-3.861639096022655981e-01
-9.581970725234303377e-01
2.600380593376451777e-01
5.404521924892841112e-01
7.662044642791900895e-01
-5.267656582611857097e-01
-1.291271162329302169e-01
1.302805509996660449e+00
-5.835811290699091103e-01
3.075881858593824680e-01
6.204686551103502090e-01
8.398519595071887722e-02
-7.036611580095492036e-01
1.129641185926253177e+00
-7.253032546325770547e-01
6.727558301494449555e-01
-8.570027230438694854e-01
-4.474481640264839077e-01
-3.143566759790652337e-02
-6.143824587764631362e-01
8.211046964975640128e-01
5.685039614412393250e-02
-5.971244695656630075e-03
6.827023500298998737e-01
-2.390508330187076091e-01
-6.094253500003564417e-02
4.716169022480901085e-01
-4.304346069176968048e-01
-1.055764862506997526e+00
-5.663952378981134128e-01
8.710765457639002562e-01
-4.505028252775217790e-01
-8.564038815924204240e-01
-4.937371840274412671e-01
2.082978907144171499e-02
-1.089569381337585768e-01
-5.564119113259053950e-01
5.298396660027596683e-01
-5.362915756710652238e-01
3.343712313468008568e-02
2.201050992826340258e-01
3.654791189860531198e-01
6.691942598087181615e-01
3.319566732844016488e-01
6.508006168631090826e-01
-3.527641480957915410e-01
3.407303568221276002e-03
3.318516756049635918e-01
-1.476642935249188882e-01
-7.406030985948397483e-01
-5.981562072241299877e-01
3.901203616057981605e-01
-4.356415566853661381e-01
4.354630210053989092e-01
2.953339098091153359e-01
1.627207879937755675e-01
-4.256920847792107221e-01
-2.878600044329577279e-01
-3.469436200900218870e-01
-2.047369536054153283e-01
1.147770912308773567e-01
-7.060262493563294051e-01
1.059988862394451448e-01
8.703855513804963362e-01
-4.608913622509905883e-01
1.136061754932352064e-02
-2.662238830933417733e-01
-7.571156852650027247e-01
-1.248256783827773386e+00
5.322082242686683173e-01
-3.361958032745776537e-01
3.652016737870107388e-01
-5.000967750493039432e-01
9.614241225560421489e-01
1.307294064576471626e-01
6.059123973618577574e-01
1.833539461987035157e-01
2.201829316092194233e-01
6.444603427129496076e-01
7.211562678696097350e-01
2.162129847638580293e-01
2.349766312967160875e-02
2.049231976483886775e-01
-1.750940805304909420e-01
-8.893232146179665953e-01
2.774978168032939951e-01
9.825453869689606545e-01
-9.638743664757712937e-01
7.232531160314218388e-01
7.004670651772018086e-01
1.687641581841299587e-01
-1.434068837851175393e-01
-6.227164588997665673e-01
-2.961901877810403372e-01
1.198164909048899718e+00
-9.037266750021080153e-01
2.559802924219551912e-01
7.741203046535058974e-01
-4.462023737111021071e-01
5.467607186944385411e-01
4.064486027670155543e-01
-1.267727465531956754e-01
-4.920086115794649606e-01
1.244077444219049561e-01
7.234916307613321884e-02
-5.420129538113208634e-01
3.906916807683159798e-03
-1.764608834261959802e-01
2.537503696615368565e-01
-1.750931798811518059e-01
-1.269781770871522220e+00
-9.420746790117929814e-01
-1.121953008163178778e+00
-3.208237933698346867e-01
-2.460325687295394359e-01
-3.609853754738396869e-01
1.915208800657009491e-01
5.628875510861385267e-01
1.003884354419101399e+00
-1.801035348122491664e-01
-1.089441271154349522e+00
1.601630048747057222e-01
2.099323743621132887e-02
-2.078374658448759738e-01
7.501183227752019622e-01
-5.882694596434457912e-01
-5.008847033619583389e-01
2.913649440017527237e-01
-8.163874359902351108e-02
4.658822285980734890e-02
2.194871933367599226e-01
-6.276896293267749671e-01
-4.408124008189869825e-01
-1.231043945268523343e+00
1.206356229256277945e-01
2.956543697141051918e-01
-5.248946526735001061e-01
-5.803910136062072622e-01
6.959708679522661479e-01
4.411001376696412901e-01
5.970136830565980074e-02
2.899146201784773974e-02
1.085818997583961831e+00
-7.839092287483350185e-01
6.379710942271966945e-02
-1.007280385669137246e+00
-7.330996059247476548e-01
-3.497921662959201372e-01
6.060807403725777531e-01
-8.904272968215724837e-02
-7.266458843359980824e-01
2.824773274652472299e-01
-1.214522884995486329e+00
1.581735415111419907e-01
1.256519755606945177e+00
2.599528024663387837e-01
2.491868086759773671e-01
5.986627211934637538e-01
7.091944108580328088e-01
3.428996605154703836e-01
-9.735966393607481395e-02
4.584909836421321994e-01
-1.237556879016871447e-01
1.066936302344621973e-01
6.847095012727152374e-01
1.196664124692851772e+00
-3.094866231963888659e-01
7.829137327975544958e-01
6.205322964441660760e-01
-8.571772848927990962e-01
4.845833893270289905e-01
1.608371325026847765e-01
-1.280955373971922051e-01
-1.324823494072817631e-01
-2.607663057204639423e-01
-4.335192623549637414e-01
-2.951364050940258332e-01
1.254600850556301550e+00
2.562061302095398063e-01
4.365814905577524163e-01
-2.929861799370955255e-01
9.608752597629624526e-02
9.058924723129215817e-01
5.037037567031956709e-01
1.080161187446536886e+00
-4.247927343270593292e-01
-2.604524338366049907e-01
-1.196906516110491259e+00
-4.366409254943900975e-01
6.456900804278201678e-01
-2.282712433548873820e-02
-7.102330482827876046e-02
-2.933426313435216204e-01
-2.341939296133233595e-01
1.477915661150125182e+00
2.086340407032940825e-01
3.565541922420960019e-01
7.196974608716760757e-01
-4.541924926801503837e-01
3.943474686766201831e-01
-3.616019841487081998e-01
-1.319187762487866733e-01
1.672468530691416932e-01
-5.116840356492715625e-01
-6.233095129327455020e-01
-1.953983945502216213e-01
-6.821908675063911853e-02
1.018085477670889333e-01
-9.368216437318931111e-02
8.158149540323365034e-01
9.182890104860802483e-02
-7.855690253122571409e-01
-3.715910474058718993e-01
-1.463570870354967246e+00
-8.309191660150844205e-03
-3.352450493204272575e-01
-4.913789510225406998e-01
-1.420740046242699173e-01
2.593649313175167004e-01
-1.280868293475084796e-02
1.182453690517416833e-02
-2.540150050741831755e-01
-4.172535190009412087e-01
-1.401884482957933109e+00
9.777925585853260992e-01
-4.397130838606410630e-01
-1.431018689406529099e-01
-1.274012420631833509e+00
-2.051780376652745652e-01
-2.886936200647974293e-01
1.246794122297739671e-02
6.328988403093085413e-01
1.165133623438080246e+00
3.705687855447062917e-01
1.590243183933433557e-01
-7.047742879155918239e-01
8.614211935188824665e-01
9.205194956920873528e-01
1.062193584174939698e+00
-8.328844893295321850e-01
4.512608636739681711e-02
1.076190915143868110e-01
-3.077689817686087015e-02
-6.224668659186685660e-02
-7.788360203940964954e-01
-1.740482519107608983e-01
-3.488826317618086148e-01
7.462166165446646460e-01
8.406437127789974095e-01
-9.566373137449563080e-01
5.017240870186501223e-02
-2.227227663587589002e-01
-1.906379226720494868e-01
-1.666751270403846186e-01
-2.145617505289728888e-01
-5.838057679681296630e-01
2.054960305903447693e-01
6.672615034156347269e-01
2.409641672208094054e-01
-7.105015836549042341e-01
1.126621363201603110e-01
1.506266118794666653e+00
-3.880004728019825766e-01
6.036204573637439230e-01
-5.307441396959791113e-01
-8.586439194162580613e-01
-1.028883846610525454e+00
-8.148029490507698036e-02
1.656838211832090679e-01
3.258486307362032930e-01
2.271821794721188281e-01
-8.480551597778636097e-01
5.977609759984726934e-02
1.784052599429306052e-02
-7.222398830812566672e-02
-6.205068182668206367e-01
-1.888697175874783918e-01
-3.169133668393896430e-01
2.681833770928382932e-01
-5.458077172475208627e-01
-4.453212301704537190e-01
-5.631503615952135888e-01
1.336185712697588457e-01
-2.584140837294350845e-01
-4.732644246331200177e-01
6.514251150127112200e-02
-1.064111534611322352e+00
-2.279792055175288157e-01
-1.858275438898710608e+00
-2.985327066238450677e-01
-2.340019186815653351e-02
4.361520014533452061e-01
3.238783741810344896e-01
8.599954961022600042e-01
-2.512895622739615975e-01
2.438113301154241352e-01
-5.304189267524810070e-02
-7.035000486676222797e-01
1.993132869216872327e-02
-7.185767573193715396e-01
1.222678663929512854e+00
-3.323201681518220263e-01
-4.743564252362433287e-01
-5.503692110317897068e-01
-9.460722216925440686e-02
1.911023303064868784e-01
7.042099557140772959e-01
-4.544711256314090120e-01
-6.618830185419104506e-01
-3.222933315593591308e-01
-6.157699981948819845e-01
-2.442151919129683657e-01
-3.005026456292412065e-02
-1.206415567030734715e-01
-2.432728753315784309e-01
-1.041184284593067888e+00
-4.167886762135668277e-02
9.418014206157289125e-01
-5.636374217896941152e-01
8.199551854552270536e-01
-7.839121734303512445e-01
9.097704316760484022e-03
-6.198749096929605518e-01
-1.404279124029460313e+00
2.211708436863279725e-01
1.611497347690667714e-01
-2.987152623826253017e-01
5.652667526271695220e-01
7.630447432813214359e-03
-1.571790770577441432e-01
3.722115323742821169e-01
-7.890009531297642598e-01
8.847747466175132081e-01
-8.369887386547298913e-01
-5.078553917033268306e-01
-3.187905106982086290e-01
-8.949495575262478297e-02
-9.905921245246445128e-01
1.244800251868117602e+00
-3.623190159667061955e-02
8.432604904585008221e-01
-1.419381882086084290e-01
1.129261962544113318e-01
-1.266383963632237819e+00
1.387758728355037441e-01
2.689823235494782638e-01
7.234866396601004057e-01
-2.679991964684131922e-01
-1.099164161992745581e-01
4.451818076843118144e-01
-3.183784715593249159e-02
-6.222878239661618904e-01
8.491190554294699711e-01
7.545848100461867158e-01
7.033417720090755221e-02
-9.545874824957856219e-01
2.124711985320051899e-01
1.517106845631713274e-02
-3.563758461754318319e-02
9.876194647509062285e-02
-4.738742663198432514e-01
6.073602322120584540e-03
5.451904477362186086e-01
-3.078330067617180421e-01
9.762795030631044035e-01
3.497817834460286157e-01
-7.727347207203061341e-02
-3.199713243824289233e-01
6.467084457032412637e-01
5.655935528605149365e-01
5.071930974354363908e-01
2.981373353760186085e-02
5.374062032965684077e-01
2.036624477014855883e-01
-7.887464597874466188e-01
-5.990153213767891449e-01
-1.002002652067831345e+00
-6.444944903161117233e-01
-1.424920627132884587e-01
1.748686119854612753e-01
7.480365164682784007e-03
-2.286774378981655531e-01
9.834372106669863056e-01
6.367946314039817368e-01
3.655375286452268169e-01
-3.459765716681421632e-01
3.392493226033650999e-01
3.289907807845323662e-01
-4.843222539905622792e-02
6.772660350436964238e-01
-6.532513603250779122e-01
4.459434615519858314e-01
3.632025213740313063e-01
-3.796122797109447444e-01
5.522348409309097983e-01
-7.267234194268220593e-01
4.027619028418530367e-01
-5.698188601360906214e-01
2.968982725514445753e-01
1.950071566720104066e-01
-2.088796263833367362e-01
1.219188944350096948e-02
-2.467149096849474144e-01
7.131351161615185896e-01
5.761324662575459943e-01
-4.974866686468619736e-01
6.910623652014482587e-01
-4.550796571884010433e-01
1.437747820810064692e-01
-2.038861283581838157e-01
9.516789394254154821e-02
-1.695394911809326721e-01
9.943922359125908494e-01
-1.182894407062765746e-01
1.185173958011164069e-01
-1.393582026478056957e+00
-5.168733031364518560e-01
-1.424965367835958840e+00
-8.842648728711318684e-01
6.507356537253010664e-01
2.275195624918615045e-01
-9.431537995907270933e-01
-8.162026465444980339e-01
1.066631535811385090e-01
-6.571273531377817001e-01
-1.893476101348126328e-01
4.982525389817628603e-01
-7.404102664194382732e-03
-1.180312915798299306e-01
-9.481534662925608647e-02
-1.539620973418907024e-01
-2.375622785740229004e-01
4.011169540750770257e-01
9.842193834922959017e-02
-7.143981614966089522e-01
-1.505756402660292925e-01
-4.794922040896030802e-01
1.223524413758075857e-01
-8.878370345461009117e-02
-4.039498300293839494e-01
5.434310474204636643e-01
3.528961737676271082e-01
6.498821091518081072e-01
-2.780309249911119829e-01
-1.438040817589518114e-02
1.211522986032656235e-01
4.338416421040427462e-01
-3.789698400069957396e-01
-2.222424437150520016e-01
-1.080798668589845413e+00
4.490285408416260227e-01
-1.492096861521351736e-01
1.199322927028059760e-02
-7.367798614687610659e-01
5.404168893316054767e-01
1.081083118258893555e-01
-1.265646061505057762e+00
-3.641689209447162567e-01
4.802614898019250678e-01
-9.250907510085770724e-02
4.470922920636046238e-01
-4.111510843014513639e-01
-4.445682970906113529e-01
4.222208935183644485e-01
-6.301975872988673233e-01
-1.156824428355718526e+00
-2.746723906932808656e-01
2.535124654773621700e-01
3.797269533405321640e-02
5.309245636695482107e-01
1.148041212625456220e+00
5.308281854413826606e-01
-9.284494902693361806e-02
-7.526831672946994178e-01
4.885879413646503910e-01
-1.956299749363316631e-01
1.380729133934031072e-01
8.563724358196792563e-01
4.840859855976470949e-01
-6.025481989361154422e-01
-1.600107679368553693e-02
-5.147849294284846389e-01
2.646288672223985339e-01
1.630185605950683347e-02
5.114511248794759157e-02
1.554268383400053133e-01
4.177825286014041212e-02
-4.519810691825255633e-01
6.850995070437109202e-01
-2.994549287847466656e-01
3.954142309620878315e-01
-1.930135655759748214e-01
-3.837216750296901790e-01
-8.816945805918597889e-01
3.070704092518476980e-01
1.205180626533956856e+00
9.371369610731528077e-02
2.477019505956556400e-01
-1.325127400387010879e-01
-1.723153377780333173e-01
1.669653687668182229e-01
-7.977304282552830639e-01
3.667127085513584017e-01
-7.430174205799413567e-01
1.196236706390208848e+00
-3.311725536554994687e-01
-1.275489328738423467e+00
6.125122950614273615e-02
7.808992460486348097e-01
9.348115535210497207e-01
2.779370356955472854e-01
1.444058277835106319e-01
3.478499999736291981e-01
4.831727202471695071e-01
9.276740067033196757e-01
3.311872459002462299e-01
-1.830232654349162602e-01
6.096374449927083328e-02
2.247726706014879228e-01
2.559737724325754638e-01
-3.151569613272563464e-01
1.045201710138815021e-01
2.125574335832782491e-01
-6.632259778658976535e-01
5.929399183585004618e-02
-3.062115780687271194e-01
-2.658589756272969340e-01
3.763623359777095168e-01
-8.536237798675169741e-02
6.390438040826385002e-01
3.263022915962594528e-01
-8.857271172597765974e-01
-1.652435857076156867e-01
-1.126610343760691135e-01
3.151190200429203059e-01
4.646592935631368992e-01
1.893318659142440574e-01
4.203282790922819867e-01
-3.224991507519252010e-01
-3.697466575981088743e-01
-1.629506152901220861e-01
-3.367142232653871359e-01
6.320564459260540335e-01
-2.448305858987191441e-01
-6.918628583441692736e-01
6.933908399473759365e-01
9.082113975490038182e-01
-4.876071579610284645e-02
1.842792875653940232e-01
-1.181783020695270636e-02
-2.838311099932189774e-01
1.595838928320892636e-01
6.515775942269366183e-01
1.850039821274651053e-01
6.992349928724072017e-01
-4.656754381709823920e-01
2.957543895352764407e-01
3.226731638863312157e-01
-1.907670345531260747e-02
7.404845517897109541e-01
3.975892628949483365e-01
-3.729224176037451155e-01
1.665169256865585701e-01
3.025814483453631021e-01
-2.933837555106287298e-01
-1.556440139125595812e-01
3.320513541355589460e-02
2.527913457333796354e-01
-2.551102321918456983e-01
-8.169081612246448243e-01
-2.289230621250507580e-01
3.908070265035466506e-01
-3.755382338438857937e-01
7.772253687224990604e-02
-4.244013998557424339e-01
7.455822302331684970e-01
2.252511171546770219e-01
-4.351510663929081812e-01
1.821894439897810691e-01
7.761933343469870628e-02
-6.387236586823707984e-01
4.870576895226591541e-01
-4.563382103105102783e-02
-2.686448394762601666e-01
3.795515124961365561e-02
-1.557887962749186228e-01
-3.813837300620966375e-01
-4.033543102143194448e-01
-2.132281623685331751e-01
-1.187703937547819333e-01
-3.892307824179109255e-01
-5.226472763849505654e-01
1.060563425568672585e-01
5.337908018796652110e-01
-2.897401023974187084e-01
-6.707810779888373487e-02
-5.326529926733498677e-01
4.893283819078028118e-01
4.859514837999091841e-02
-5.103162607964090158e-01
6.451892928861689691e-03
1.945374632064130610e-02
1.843905074516708764e-01
1.980159370084414727e-01
-6.664544706404836039e-02
-1.306390969681236192e-01
-2.702265640507197086e-01
-1.441541013879404698e+00
-3.754645827833820171e-01
9.862865742170698891e-01
7.351600780094591503e-01
4.620369654565050221e-01
4.036293517112679030e-01
1.238552652668889253e+00
-3.387540474969103488e-01
-3.063080903517003128e-01
3.667750711549991882e-01
3.123529185551818799e-01
3.779005122943669415e-01
-4.188563014820503860e-01
1.067865731633821230e-01
8.663067310392724707e-02
1.141586390084146363e-01
-3.930957427894784528e-01
-5.440762000296929246e-01
2.672746632893676089e-01
1.069217824071263978e+00
-1.026779952915149036e-01
-5.592758478544450629e-01
2.774149398473815809e-01
8.080110711710760674e-01
2.767167263177571640e-02
1.633379951902447225e-01
-1.899455825916543106e-01
3.086930137370779703e-01
-1.195564896635056051e+00
-2.828330183997975755e-01
-1.551865617848635082e-01
5.309550255925137019e-02
1.504734437365076172e-01
-1.811555792297716294e-01
1.832216665354114427e-01
7.166438891348092532e-01
1.799653927693672939e-01
-8.387022592006138089e-02
-2.601678816710595865e-01
1.964982782550549756e-01
-1.925858579770049761e-01
4.888851032830774379e-01
-1.597799449907749025e+00
-2.672934042051875458e-01
5.072171610308484624e-01
-6.341039045119629680e-01
2.463448130438874450e-01
-8.338275851901373326e-01
1.248737422732697777e-01
4.184868607730391488e-01
3.538620038167938908e-01
-6.036336483013078347e-01
1.014792845799374010e+00
-1.470679964749192603e+00
1.115581748513919669e-01
-9.406402847028469405e-02
1.111760681185656047e-01
8.177621303379422057e-01
-6.063036323067476641e-01
-5.739637319742180166e-01
1.359918889404834741e-01
-8.136684857399364423e-01
-2.604608150061563654e-01
-4.729412647495226940e-01
-3.740411235117784838e-01
-9.642235020804589690e-03
-2.204253422081526026e-01
-5.056082049404416745e-01
8.007963135688030976e-01
2.571604769783545352e-01
-2.730988638246830691e-01
1.865026684825532577e-01
-1.351666430892010662e-01
-1.049912780928413947e-01
5.511642956375002456e-01
-4.763905557700824911e-01
2.017423961658113829e-01
8.379239440302169717e-01
-1.579435189329390574e-02
5.020483193964713209e-01
8.118310248296619624e-01
-4.287920198915519676e-01
9.802203661207401497e-01
-3.644413997882436917e-01
-6.218946702812481186e-01
-2.498758445030423436e-01
-8.834745506758586719e-01
9.571579884403313976e-01
-1.066170537330002888e-01
-1.247408677344748196e-03
1.454148922193221338e+00
3.627939369570077899e-01
-1.584834821451273634e-01
7.436760253586545133e-01
5.707241174887951463e-01
5.894474031067713504e-01
1.639893956034598421e+00
6.497097822019533009e-01
-6.717710619134775740e-01
9.918824607792650627e-02
4.156411297844924135e-01
3.836353967859372771e-01
-4.988183622833073372e-01
5.004590786627635124e-01
1.256617918514883803e+00
-5.551758042772060309e-01
3.409837425607730177e-01
4.056736474650926016e-01
1.201699300106052470e-01
1.146587114158246212e+00
-7.603601952843823675e-01
4.724639839685780274e-01
1.110752572459327708e-01
5.368109700423702169e-01
3.103116765452856307e-01
-6.729469088878643479e-01
5.433137470316248274e-01
3.336253969267393149e-01
-1.468874699556274699e+00
1.454054093070816567e+00
1.071117405923762145e-01
-5.015677065580308458e-01
1.687178289548985077e-01
-9.924585403658736649e-02
-2.485499724251291898e-01
-5.309019503370256132e-02
-1.040430080472599939e-02
5.576316284742134366e-01
-7.266728621795858212e-01
-3.200000782240292607e-01
3.981894283765670117e-01
6.760967786363428766e-01
7.044890649519627290e-01
-4.388635808554135487e-01
5.751334907987014633e-01
2.001472349496598024e-01
2.232095983345164514e-01
9.244899033134048594e-01
2.078132651097145955e-01
3.642644737853499848e-01
-4.893790435705154263e-01
6.146098060778399930e-01
4.130773267490183143e-01
2.322699628093397584e-01
-2.930293317330587843e-01
1.449971855806700405e-01
-3.693177222250308978e-01
1.033089558538724528e+00
-2.754739328412073029e-02
1.687393435313043200e-01
-1.010771936037052898e-01
6.694817446596833255e-02
9.005754795452054484e-01
1.997496085361451512e-01
1.783253440916060528e-01
8.278175200965753877e-01
1.968548276552214427e-01
-4.359608525888469810e-01
-1.288081913193940498e+00
2.235974833763365310e-01
8.183197683289493707e-01
2.998275847534868088e-01
-5.993441459860143761e-01
9.753031937594495993e-02
1.765317241674142057e+00
3.297682600966710953e-01
-3.225288690009737169e-01
-4.053078102913520442e-01
-4.287004339994361368e-01
-5.299041032810590801e-01
4.759919825031225793e-01
1.669574822267716474e-01
1.794722505206618746e-01
-3.066176424349953411e-01
6.772402943548325727e-01
-2.002274587741829925e-02
2.640582222541244528e-01
-4.878629475563262541e-01
1.211378126847972858e+00
6.281240607685412147e-01
9.989780732800004892e-02
-2.362253870578900905e-01
9.812632887977560392e-01
6.971789291645860143e-01
8.904151477852475516e-01
2.343032423047081980e-01
-1.086388719280771964e+00
2.829685501017463745e-01
4.831033158526292226e-01
3.023093862616305083e-01
-1.722598840311306140e-02
-3.838850708117959032e-01
-3.394007883733785591e-01
-6.531649952024499717e-01
-4.969437154850601668e-01
1.136960013405033942e-01
5.063359248332455209e-02
-1.573425955782584984e-01
-1.550265132631540865e-01
2.494967446372527153e-01
-1.193799759569952601e-01
-1.627512799664411203e-01
-1.291581888132641853e-01
3.053213428225256543e-01
-3.751852744634318060e-01
3.615573281298180008e-01
9.071943856797364258e-01
1.457008036673606566e-01
7.101682510825607642e-02
-3.522850957681888384e-01
-3.136837308788572032e-01
2.912042486311821610e-01
-2.899872410098267572e-01
-3.073560988251915482e-01
4.292426225220899449e-01
1.141552866149305290e+00
-3.901670167137201717e-01
4.287983980483938140e-01
-9.635720777818620464e-01
-1.952767199810518384e-01
1.318536885697906835e-01
-1.229510332189496014e+00
-6.868585891757400530e-02
-5.165715887646773474e-01
-8.975088077933288666e-01
1.068268849771168705e-02
4.217627185055498051e-01
-1.874763409434655248e+00
2.081097962741842999e-02
3.635753033845485760e-01
4.411108024472742972e-01
-3.668437039363920960e-01
5.772806924836930698e-01
1.138321012246109598e+00
6.588468334951320671e-01
-7.319011828923540630e-01
-7.816216883415207095e-02
9.717515844805424408e-01
2.348060399657083130e-01
2.051365721607092407e-01
1.373030213408602540e-01
5.774190580976782394e-01
4.368080242436257477e-01
1.061756169210972933e+00
-1.402300223703290827e-01
-3.744696799175742385e-02
3.610870995152329344e-01
-4.284986579864910605e-02
-5.769967378174194195e-02
6.329432084931014835e-01
-5.759540445339984549e-01
-5.911771911368750576e-01
1.788477692733909941e-01
3.142060096457705010e-01
-9.860736071890705556e-01
1.938584003181285098e-01
-5.064796985543845720e-01
1.180235512983978108e+00
-8.240059547465029555e-01
-1.051224996206946871e+00
-7.449772534278401026e-02
-7.923119696939554535e-01
4.123812720044811031e-01
1.161433070484081176e+00
1.235340100670535346e+00
5.298058524633583177e-01
-1.548333357805557475e-01
2.863455039084112363e-01
5.172118058501342652e-01
1.756631193366999522e-01
1.166623884348358120e-01
-4.135259403267582679e-02
-1.066928754512789512e-01
1.379101756692294456e-01
-1.294074547792608554e-01
-1.948465562280490282e-01
-4.598811270946085994e-01
2.077899420013542067e-02
-1.015328277388157563e+00
-3.465159411837878678e-01
-3.108637657304604007e-03
6.245122017064508313e-03
-6.874696563515184100e-02
