-3.179824783710963332e-01
1.185841910564630480e-01
-6.206958193580669469e-01
-1.047026694623989923e-01
-8.586119998475256754e-01
-1.007309959919661102e-02
-8.748143624273780894e-01
-4.060899999092870694e-03
-3.331170113061662219e-01
-3.017580059924151459e-01
-2.093046075775275294e-01
6.337338244606470772e-01
6.502347445608376297e-01
-7.468608119946962276e-02
-5.370590007982123382e-01
3.967461409830449481e-01
4.343590762578420361e-01
-1.384763658985838641e-01
3.709539546904513374e-01
4.886898344844936570e-01
9.925593000847526826e-02
-6.953827408956605449e-01
1.517519296710888310e-01
1.241824094401735579e+00
-1.453195902813790297e-01
-9.090955147049560869e-01
9.029819901015295747e-02
2.641201833540751664e-01
-1.176628970068566982e-01
7.652038724697363126e-01
-8.762933477566943186e-01
3.105174247400524501e-01
9.309475078328016684e-02
-6.370381525993422667e-01
-7.270199371988389503e-02
2.444959178454417514e-01
-2.124562638058966613e-01
-8.531740804620664420e-01
1.057860797310909845e-01
-3.733092620773335590e-01
-2.121091109693692967e-02
-1.527438424433107123e-02
3.638256470399218179e-01
5.400854666279018002e-01
-3.848851267540914223e-01
-2.593558314685773247e-01
9.101411308650693144e-01
7.840546327010162742e-01
4.096860652750405896e-01
5.057282390144213213e-02
4.003721593963644465e-01
-4.768755653828026797e-01
3.398393441392171255e-01
9.115662629244255521e-01
4.402269654608259586e-01
2.962223017282818449e-01
2.965498985032704593e-01
1.311605645491385475e-01
1.464288631674488084e+00
-2.364497103476053685e-01
-5.065216346162958461e-01
3.117675389749948733e-01
-3.980668995693074086e-01
2.556989824618181029e-01
5.956130229609417348e-02
-2.197873664249434533e-01
1.502131642886780916e-01
-2.696593450149173399e-01
3.935965554008481471e-01
1.264636645483523947e-01
1.934323182190169632e-01
-6.714091196594572653e-01
3.194570824100909645e-01
3.992059784696041502e-01
3.387372318448753084e-01
-2.285435039200138518e-02
1.843009324549969574e-01
-3.471933148965869464e-02
2.190694382029011178e-01
-2.324524493634627098e-01
2.053519590651896598e-01
5.880174380186544564e-02
3.446027054292181147e-01
-1.865655518108489397e-01
-7.298134606043567008e-01
1.411187831561793726e-01
7.306508229634424145e-01
9.343192665181394851e-02
-1.101860675793676081e-01
7.980647227067062532e-01
-2.687010701850049976e-01
-6.554629647027993000e-01
2.572196288530120278e-01
2.208467491414350115e-01
2.089173119017832814e-02
-1.883598440137226326e-01
-2.201926383401766885e-01
-3.362769727324520230e-02
9.962137877340399017e-02
4.447968985568179767e-01
4.179980818531913167e-01
6.090582170799749839e-01
5.456911809903279842e-01
5.294345544250246283e-01
3.182269580968046796e-01
4.651285600718201851e-01
2.083669212065548948e-01
5.182501116431819099e-01
4.103249815796345956e-01
-4.163772274937028728e-01
-3.059316151733271760e-01
3.508004867788822034e-02
-9.945712229785138581e-01
-8.253413062094404617e-01
7.333403496181453707e-02
-1.819545620998973545e-01
-3.490713217460575946e-01
2.226295509244328730e-01
6.748909950617181241e-01
-5.596368523167274400e-01
-5.333900526780831208e-02
7.527546873650359238e-02
-7.019686577614010492e-01
-2.361127825753536469e-01
-1.692953500118499210e-03
5.780402956055376018e-01
-4.217669265313940818e-01
9.381234007253252960e-01
2.568940383202342193e-01
-1.574831447399454021e-01
-2.200491209959215544e-02
-5.693131267488167335e-01
-4.327396323783084253e-01
1.388810984696428261e-02
-4.832123523780637586e-01
-6.911206180322888581e-01
-1.324695546519298328e-01
-8.760072131586553457e-02
-1.716086407267577163e-01
-2.124731749040996986e-01
-2.804349026915838872e-01
-1.405623426768467799e-01
5.389600024774817699e-01
-8.636933237827817966e-02
-5.476816632238509786e-02
3.079952066450791781e-02
-1.586732573864796658e-01
-5.980789845717834341e-01
-3.387958916538901799e-01
5.854298857743296391e-01
-1.294018414939398287e+00
-4.731973464196410628e-01
2.215231586475787107e-01
-3.904131860153300382e-01
3.762471820909604192e-01
5.267572903820705310e-01
3.100553694557958151e-01
-4.402367757339794574e-01
-8.775125789141271504e-01
2.152265860928644914e-01
-1.531709795293605958e-01
-4.198804986473239076e-01
-4.032123964709430908e-01
-1.551594342033420781e-01
4.896925741194192438e-01
5.101389529490507613e-01
-2.172076140671684585e-01
5.131886376192420496e-01
5.452765062879908475e-01
3.639756875196992758e-01
-7.471796852066033834e-01
-3.461038188723542519e-01
3.147016488331077499e-01
-7.495308545455784399e-01
-1.723260723472177236e-01
-5.234265862575980810e-01
8.043259006840985936e-02
4.415049144820613058e-01
-9.154315758212616672e-01
-1.674110187906524827e-01
1.006432939968667090e-01
6.650092791414223825e-01
2.571397936006772911e-01
-2.568819176092632661e-01
-8.395354427495806127e-02
-5.259971454108717248e-01
1.607153829240446363e-01
1.606943041591001042e-01
2.322868270850793615e-01
6.148150322559819969e-01
-8.041073691294305936e-01
-5.944583558459589634e-01
-3.014787098513388997e-01
-2.236029715856867051e-01
7.872798871221273753e-01
4.146164746964663417e-01
-7.931533592741677463e-01
-6.008258083373807512e-01
-2.986473738971068270e-01
1.181003278214410424e+00
-3.718885274449659217e-01
7.375275645005437142e-02
-4.624319632259241697e-01
4.634759431724044809e-02
-5.666199342743019063e-01
1.366317790817134226e-02
-5.046538152601627303e-01
-4.488023735092085964e-01
1.465974328683187500e-01
3.665638722045634346e-01
2.956610690685454457e-01
1.300241265613882313e-01
3.832680777840600239e-01
-2.788642989705913955e-01
7.418086047812106898e-01
4.658119485064950993e-01
-3.023497970122600020e-01
9.969386354978992948e-01
-2.858466737893606835e-01
-3.468049928946057014e-01
-3.788075268338509383e-01
-3.563628261526801122e-01
-2.657583678676134764e-01
2.704078777778316511e-01
6.970347507742274962e-02
1.209422356926732833e+00
4.858667334634385049e-01
1.636229782462804427e-01
-2.103310434417537955e-01
-7.455596410379736194e-02
-1.023951494565802145e+00
6.241990872272973334e-01
2.874064592123136697e-01
8.094755238825596111e-02
1.000014386097966002e-01
1.946120402757021139e-01
1.760642703452061086e-01
-5.244088279046790202e-01
-5.465553369462158306e-01
-2.490118616983896804e-02
-2.164170573798664468e-02
3.988317153653679892e-01
-7.955257889733378107e-01
4.302616655525406952e-01
3.762483585538222153e-01
-9.485145368290496259e-01
-9.781787927311007547e-01
4.569245662809698905e-01
-6.166180673018721858e-01
-2.337443015002027003e-01
3.146004159126734590e-01
6.372789605890841202e-02
-2.926921142620707017e-01
-9.147715644012520686e-01
1.661976200447023710e-01
1.466730871875367992e-01
1.883918688333303115e-01
2.723568947248969918e-01
-7.501222737633639337e-01
6.191893033102133237e-02
-1.126870542240438755e-01
4.333860208884561249e-01
3.387586338285828447e-01
-4.499799775120849055e-01
-6.033532544153672461e-01
-7.731632772852456426e-02
1.961865859113170463e-01
-1.034353794345413968e-01
1.118324971881124563e+00
1.160105761519921175e-01
2.631216594244438489e-02
-3.270342336545523088e-01
-2.679797713803015458e-01
1.436884939749071832e-01
2.328601472867168343e-01
6.419255267735655274e-03
3.073720370269730773e-02
-3.035269515968867515e-01
5.119502948290451938e-01
1.521905143182047948e-02
8.071112692711411574e-02
-1.950300533388385771e-01
4.515310345222538491e-01
-2.748991639564104528e-01
1.608959153121927721e-01
-2.035593108522323336e-01
3.240931068631305312e-01
-9.939711595957119172e-01
1.908100088052803733e-01
6.991810853478504229e-02
1.365358091839909305e+00
-4.807007827463878891e-01
5.624730308758972841e-01
2.391109420767777161e-01
-5.773385835944361277e-02
-1.851253659743029023e-01
-6.695173720644120863e-01
-1.377502726688700996e+00
-7.316648455536292062e-01
1.657276351850557050e-01
8.391532599256451563e-01
-3.717179663002526668e-01
-7.723199357593917291e-01
-7.529262898013132643e-01
2.828011357872559639e-01
1.299928036518954999e-01
8.742270141436767616e-01
-7.342526930130410801e-01
-7.080156112239497368e-01
-3.313216118861000981e-01
4.273350051605704358e-01
-5.376354121542900044e-01
3.497485295836045838e-01
1.875543818503209448e-01
9.075129607768994688e-02
4.110741769008746660e-01
5.883085330863820073e-02
7.218832649377251998e-02
2.954927667229580446e-01
-6.285711096754093008e-01
2.339302262673755850e-01
-2.612302813580119620e-01
3.434979081557346103e-02
-5.349000858533484726e-01
4.101669331490057080e-01
-1.713656194383796627e-01
-7.641201788464039302e-01
-3.796800153372348885e-01
-8.278547762490727768e-01
6.651870608471354140e-01
2.658262098863140577e-01
1.487700139802187460e-01
9.345704000224394070e-01
-1.003755821785474178e-01
-1.743237178670696552e-01
7.205266226350117709e-01
-6.586896570421549857e-01
6.209379930131676550e-01
-5.432117585425472184e-02
-2.921655453861964902e-01
2.846403916165154424e-01
-6.895802181331101011e-01
7.616677575355705887e-01
-4.715324500880437308e-01
-9.468726550228289129e-01
2.437626988949371798e-01
-1.004216231455073771e+00
-1.110128420395615489e-01
5.032024915720222091e-02
5.316179953670427949e-01
-4.342209856266798229e-01
-4.591059109426761098e-01
1.032470728645348834e-02
-7.062965456318017754e-01
8.618651727240833615e-02
4.000668108857616256e-01
-3.924353663485831145e-01
-2.083946127097602297e-02
-1.354354842827048822e-01
-1.687789323624487026e-01
3.198002897678898782e-01
-5.247219231591191413e-01
-6.596417946977735092e-01
-2.076723679097483566e-01
-8.895561512419851713e-01
3.539483509661033311e-01
-1.983271728744768758e-01
3.125167659355967409e-01
2.630749172076390363e-01
-5.197712787035704829e-02
6.127093873024080928e-01
6.393668975058517390e-01
8.421601531043991784e-01
1.652411902637346830e-01
-6.864592221455620979e-01
9.388579995785061028e-02
-1.814932754570494633e-01
-5.942465436853376914e-01
-1.141874863879760227e+00
-8.347109079125676345e-01
-2.038960681043119338e-01
-2.368354942735773072e-02
-7.865348236272032278e-02
-1.015668064372199364e-01
-9.791162227090359493e-03
7.277176530000485366e-01
4.870026146229669006e-01
8.746109837792509500e-01
-2.139333149905480735e-01
-3.530872259644944333e-01
-7.148019287611229178e-01
-4.098457316434133135e-01
1.522183376256365239e-01
-2.869761009147253628e-02
-3.861951048758829330e-01
-5.400808918369827127e-01
5.139634053659715152e-01
3.707407986509279607e-01
-3.359883213801756474e-02
-2.185447616155039574e-01
-4.625288381932361470e-01
-3.902365372422723078e-01
-2.532558565743573409e-01
-1.160852490207046728e+00
1.070547829673887730e+00
1.067747563415998968e+00
-1.620722024427879715e-01
-6.707796108684133118e-02
-1.979778983256696434e-01
1.073004397253055353e-01
-3.587432025650652556e-01
1.427777057258340088e-01
-1.232165698517190822e-01
3.888005342162420552e-01
4.111143346992913727e-01
-7.631934538623423858e-01
-4.953389613986617368e-01
6.100353253606352055e-01
6.029496613093590085e-01
-6.499711827096289474e-01
5.602987266740757644e-01
1.781262004177129321e-01
4.373723063364639008e-01
5.100171783039091356e-01
2.261152456233031516e-02
-7.010649796426210445e-01
-5.786798333470177802e-03
6.323057325412630991e-01
-5.572967787662451433e-02
-8.511352788895785171e-01
3.728777267473142032e-02
-6.646059711311582685e-01
-1.993358519212886648e-01
1.004711874824430334e-01
-4.939338735302229999e-01
-2.569427859330943864e-01
-1.769526767879562590e-01
3.075468401882670566e-01
-4.222140600750443062e-02
-3.462808766535668270e-01
-5.397765699088398206e-01
3.520624418362026109e-01
-1.020307409500675666e+00
-2.426869172552910126e-01
5.363099037962761051e-02
-7.417270062227403482e-01
2.696378367749524552e-02
6.825117280756836102e-01
-7.380555439443149679e-02
9.394986993345384452e-01
1.548975523696180523e-01
4.732544163586671626e-01
2.744610630142316210e-01
-1.162393347547824973e+00
-6.097010222696537529e-02
-3.748853391024227211e-01
1.934338485775198013e-01
2.017143860190959426e-01
2.349957672012012999e-01
5.261370332185761889e-01
-2.980588114953917067e-01
-1.736471763990281858e-01
2.536536204410925754e-01
-5.874414651596333858e-02
-2.035616536946996402e-01
1.068195873690843400e-01
1.315972316449700863e-01
6.663110459907858885e-02
-7.925675356922641246e-01
5.106320696542822057e-01
4.644600242287933445e-01
8.351401577463304360e-01
-2.952379408894009183e-01
-5.379043883671349446e-01
3.289044128962897995e-01
-2.315308114626886127e-01
-8.835580197950954062e-02
6.109749737362946131e-01
-3.776931862510560234e-01
-3.155307704290630788e-01
1.037260114401629130e+00
8.238528561502619363e-01
-6.030339288804498210e-01
8.521799871358745060e-01
1.151326359739639482e+00
-3.365909713709083206e-01
-1.146418673034161895e+00
9.333171726750391084e-01
2.203434288451276701e-01
8.528369092231626869e-01
5.420519167046572440e-01
-3.949189538130995492e-02
1.514324289943861368e-01
2.456799255356822420e-01
-2.662814620264331023e-01
-2.475357830787524582e-01
2.836788085014751437e-01
-1.593966159798337889e-01
-4.617449626941486640e-01
6.032981331854162521e-01
6.978106902002361167e-01
-7.686682585378797894e-01
4.462243236848480454e-01
3.483575106717282655e-01
-3.072795435262567487e-01
-3.390472322162778052e-01
8.795241309004988572e-01
-7.207094172842234414e-01
-2.099063352477864575e-01
-2.675160660577295402e-01
-3.150775335222177342e-01
9.096319212694713441e-01
-8.899267484604389544e-01
5.554196491882572584e-01
-1.689223634949799102e-01
3.101790097121608358e-01
-6.852215927073282420e-02
5.143751102990239410e-01
4.290135259655494804e-01
3.399902566332034526e-02
-3.802390844205685849e-02
1.338533320027863738e-01
-3.307102277809546576e-01
-4.555731972850439182e-01
1.787129593513384074e-01
7.197860286525762374e-01
-1.001956038312232344e+00
-2.708213817480886743e-01
6.167988417819567637e-01
-1.754493862400423598e-01
3.333978195402682032e-01
2.892432581092382327e-01
-1.991461107337677561e-01
5.316037064988261562e-01
-7.898631862725346009e-01
-5.878770224285603252e-01
-2.649521316353653511e-01
-1.341958281882542348e-02
-3.265247645420319422e-01
9.870257954988954918e-02
-1.281710904872762624e-01
-3.325267749571952369e-01
-1.296068514446459541e-01
-7.792393862250621694e-01
-3.001120842571708414e-01
-9.941279826754084725e-02
-3.061584963384784142e-01
-1.378742355258916752e-01
2.776817984815360685e-01
-6.599357417399261960e-01
1.371286854508068087e-01
-4.479455599668780708e-01
4.820723595288046726e-01
-3.375725541926855588e-01
1.950816281740726243e-01
4.045397301539880308e-01
-2.771432389658637363e-01
6.690884104033856250e-02
-2.041751401117814502e-01
-3.621798726304148452e-01
-2.021910099178349796e-01
4.351480762850897244e-01
6.437152210022342169e-01
8.892360480243516330e-01
9.303914264655561983e-02
5.525829894279359333e-01
-3.689518563756192249e-01
-6.834857892341325569e-02
4.324353686240053340e-01
2.319627437575335627e-01
-9.264118660666853522e-01
-3.673657022711180886e-01
3.532969756975261610e-01
-3.846868513905727371e-01
2.358789648594162291e-01
-4.577398720126860665e-01
-2.228866257465892953e-01
9.426921184126771380e-02
-2.389978318866874674e-01
-2.411779528171663356e-01
1.092703501584071590e+00
-1.887596633222159981e-01
2.743971746334017414e-01
4.615995314235522007e-01
5.043204079007825857e-01
7.446993371663485073e-01
5.711548322066900552e-02
-5.930970645591898682e-02
3.966456843774841534e-01
5.018995993797850108e-01
8.520883491896747985e-01
-5.039354181519942744e-01
-4.360431501083729677e-01
3.239888122580032448e-01
1.372597426462667802e-01
-2.269584317711350607e-01
-1.418392687646571337e-01
-4.958644637463694438e-01
5.975994558308653781e-01
-6.364006693100862644e-02
-3.748190090107513250e-01
5.785364208896769389e-01
3.671716303127413317e-02
-3.671589292407484995e-01
1.463084716862400603e-01
3.789571847880173761e-01
-2.059942717066290119e-01
-1.304192280664916437e-01
9.139034124757063893e-01
-1.048880585925951126e+00
-4.792205789956214823e-01
-3.398965774356962899e-02
-3.505023821753669444e-01
2.297095151631334820e-01
-5.903358092399595414e-01
3.164559541213310956e-01
3.224207759221557335e-01
4.747442138566274616e-01
4.035992176918360430e-01
-7.746003124860825206e-01
-8.429348771328805112e-01
-5.497657890173551776e-02
2.673373877286442379e-01
-5.505193073989964603e-01
1.019836884680312750e+00
5.400681410730499843e-02
1.778937852274674047e-01
1.639841691455810602e-01
1.455450307813857536e-01
5.080202762789258752e-01
1.990506760204466541e-01
-3.877314984556780586e-01
-4.944275034986485295e-02
2.096861910768244019e-02
-9.285714995410572214e-01
-2.659507398768048980e-01
-2.510379788770570886e-01
-6.376924360404864767e-02
-1.893618407705706941e-01
-5.098540751810232141e-01
-8.448747356015416932e-01
-6.099513125006990055e-01
3.501478574352883122e-01
-5.192549339698290245e-01
-1.667455510459031065e-01
-3.338083069311925666e-02
1.181675432806253145e-01
1.860844486353177563e-01
-4.024157385754510430e-01
4.000987041324893245e-01
-7.077400583010760027e-01
1.208522821115668222e+00
-4.175973281887565558e-01
-2.518555460013756075e-01
1.735198580423604475e-01
4.360598332361000917e-01
-5.282568023116624573e-02
-1.467297858029747992e-01
1.937111226031545674e-01
1.228234173834613641e-01
5.053849550588171979e-01
5.075365607878782326e-01
-3.031048036663067102e-02
1.831183855681098871e-01
-8.035258604575103991e-01
-1.131703843632688278e+00
2.606828998816243873e-02
-1.265522986098206737e-02
4.495784618560688672e-02
1.229312981852553666e+00
-4.845262794164444387e-01
6.155774393002352157e-02
7.136340942297506595e-01
-4.251737265482041228e-01
3.376616068052291642e-01
1.019641400317150115e+00
2.051288161244737285e-01
-8.400132921439477096e-01
6.148588488229147497e-01
6.010459215134447142e-01
-3.471704672210043641e-01
-1.259667122511249904e-01
-6.991830867281698669e-01
-4.710297235172726249e-01
-3.118414688675127389e-01
9.284042630109987093e-02
4.703934253446855340e-01
1.334749517998830015e-01
-2.652144297302660991e-01
-1.222997112212397264e-01
7.729560606448180327e-01
6.816514583882897771e-01
-1.590812090628689335e-01
3.927254251734110108e-02
2.908986116401098831e-01
1.465298971772572290e-01
-9.443637501159313219e-03
-2.679393878314446642e-01
7.725382718591075615e-02
-9.976318980529283453e-02
-3.653214329549058226e-01
8.680490774482232941e-02
-6.227015135706726046e-01
1.138810278999947273e-01
-2.283678087010357349e-02
-1.232351202241066673e-01
-2.094268163164218211e-01
4.186215911155477531e-01
3.245184752783413784e-01
-5.576295077468698125e-01
-5.140188648773880153e-01
4.630321621941134724e-01
2.639122563003309940e-01
1.750134372914607661e-01
-7.658849492549825166e-01
5.058434782497237547e-01
-3.040515108861357452e-01
9.921545342345550189e-02
-3.389898760062707850e-01
1.405938202961072858e-01
-4.005345051310825188e-01
3.425374135603032610e-01
2.598645256357060007e-01
1.189047775800022300e-01
3.080190492144646575e-02
-5.257386382644404499e-01
3.453414402657248861e-01
3.238017013750577044e-02
-3.736826265807798031e-03
-1.928923322992310563e-01
-8.189811204716754833e-01
2.509453195234549461e-01
1.494652434127013985e-02
-4.592699108186565904e-01
-6.720508105659386833e-02
1.049483260123813405e-01
4.622937565481177180e-01
-5.281341227296495466e-01
2.399697372374818560e-01
2.549715462187088222e-01
1.859514996508120910e-01
-6.713975154377165022e-02
5.237945933425516287e-01
-4.040079961422151644e-01
1.413283467401419413e-01
5.846405810079167154e-01
8.767277820939249899e-01
2.571516507569480137e-01
-9.198936083371636041e-01
-4.519388576769828303e-02
4.844573770265820922e-01
-1.024700417170656130e-01
-1.305570252803966158e-01
2.034667399602558269e-01
3.247007332898104170e-01
5.867196219363235432e-01
-6.704977008035736263e-01
5.954760970263055508e-01
2.898805071402745792e-01
-1.008559812291401903e-01
-4.184587806659253451e-01
-6.048752633203156176e-02
1.554855020663320764e-01
-2.523793999378665665e-01
-2.689280253311989721e-01
-3.009832818383908482e-01
7.557482279084151156e-01
2.434417390530123904e-01
5.604940978193859724e-01
2.938748222422302159e-02
-4.126089672758624372e-01
6.858526620879812352e-01
-3.708848558273106222e-02
-9.058498930572353447e-02
5.442659003171818055e-01
-3.850654893197918427e-01
3.034854307405044360e-01
3.750223303776266670e-01
-3.861332834247593326e-01
6.388487398257258754e-03
-5.703709905342220221e-01
-8.563256015541476085e-02
-1.189886844886629991e+00
-4.497956580354279810e-01
7.101204362035842821e-02
1.698838658902305232e-01
1.020603785409841119e-01
-4.303742454091481762e-02
-4.719931822898834617e-01
3.118576738544335258e-01
-5.180587172315688216e-01
-2.430845256093849271e-01
3.879635212423641621e-01
4.226514576766436382e-01
1.982568274725662327e-01
-7.630075678268269934e-01
-4.330910656724444308e-01
-6.241181353302285295e-01
-7.132603364242390276e-01
-3.839395239633106582e-01
-1.093228007311481065e+00
9.201940126020757837e-02
-2.218949841270598800e-01
-1.530263046115699077e-01
-3.996211537874112540e-01
2.769558129639147770e-02
7.200721886552975404e-01
-2.430734119555873485e-01
-6.582121040642311405e-01
-6.723279597936495655e-01
2.314600714349674959e-01
5.693886650352710799e-01
-2.278792409331354962e-01
8.371000687584545519e-01
-9.558728829567246510e-02
-4.524201707846826626e-01
-3.900521695018245305e-01
2.566921911426029435e-01
-4.963949256722187120e-01
-1.030207710617503797e-01
5.430840496847436638e-01
1.779395633027762713e-01
1.405495576120867618e-01
-5.897443770329642287e-01
4.320334840244059449e-01
-3.136333670931529261e-02
1.003219178347462548e-01
4.991047060720313344e-02
3.509640655701041778e-01
8.373353224428856101e-02
4.211292647408331757e-01
-1.241322588279054395e+00
-9.501277823962187008e-02
1.882130480553568797e-01
3.205160650500555874e-01
-7.567029849482118098e-02
-4.444473128547918872e-01
8.113634739640248617e-01
6.126143451707910526e-01
5.121164327628499047e-01
-3.831332435689689953e-01
-1.170085796989807220e-01
-1.226573559196471874e-01
5.508206032861131529e-01
4.666758611189988915e-02
2.116928215860199303e-01
4.415314881367801009e-02
2.457827742635714796e-01
-2.425841310031680575e-01
-1.898805076869348740e-01
-9.857041455966782106e-02
-2.894881016737619883e-01
2.069732924362584214e-02
3.834455950084836307e-01
-4.359652428879799979e-01
-3.451815106553467460e-01
3.248489199612506484e-01
1.590792061558461978e-01
4.057236004359446313e-01
1.643081039179860592e-01
-3.889969594973928801e-01
6.343187908056172608e-01
-9.794816473659605227e-02
3.648798346470744636e-01
3.098114361818804507e-01
6.831215874217291817e-02
-7.833082094310523935e-01
-3.253491621632540465e-01
-6.039115319869460263e-01
-5.875364872009869455e-02
-1.698641814444442621e-01
1.254129065879652227e-01
-8.021533655009317476e-01
-3.999310468536475538e-01
9.502186053193970583e-01
-5.044425207562063251e-01
2.431297331561288466e-01
5.235870466358019115e-01
-6.949447553741016081e-01
-4.959945275968483114e-01
6.748971914413565143e-03
4.535969964029251678e-01
7.846999128019436220e-01
1.878580785488341842e-01
-4.024066610148306911e-01
4.125022661323604622e-01
4.801294779455585471e-01
-1.648830409517245688e-01
4.209073821414238137e-01
9.920947628325956780e-01
1.112801489523755682e+00
1.311326074296201294e-02
7.045626662344190994e-01
6.521109295062341715e-01
-2.084427073861266910e-02
8.620526884125287448e-02
5.660532993032582061e-01
-8.651078863004019182e-02
2.250517121391841791e-01
-5.366520879191364335e-01
-1.741468357614804272e-02
4.511734898147781725e-01
1.672969022228512903e-01
7.094651787238091811e-02
-6.107213375735811578e-01
2.377667977837600866e-01
1.498592642963846866e-01
8.161254178141240379e-02
1.283935157074094779e-01
5.187401177100028904e-02
-1.907495310792664545e-01
-2.582001698297136105e-01
-1.721350792593520085e-01
2.222718220286502289e-01
8.449863136713414713e-02
-4.197626325299337324e-01
4.811985230457360707e-01
5.453659632835153870e-01
-3.878987092216551469e-01
7.748940081414270598e-01
1.829304384995214527e-02
-1.086546365088901650e-01
-7.017751134449686790e-01
5.248680416736591914e-01
-4.173333572239703582e-01
-1.562959313053224192e-02
-7.105324885946138203e-01
-4.637711098230375417e-01
-4.398780312625900635e-01
-1.405924683921804252e-01
-2.463762788674817017e-02
-4.138094211935264832e-01
6.730035081305485445e-01
-1.178449067835577679e+00
5.012334628936699898e-01
7.943638574223168547e-01
2.896591067948368070e-01
4.003174187579273680e-01
3.798279357586701876e-01
4.485863882298543603e-01
5.737028874932910139e-01
1.402363734597129596e-01
6.929080311632320743e-01
3.675896345036894219e-02
5.423632370519974044e-01
-1.055993536208822414e-01
9.722687771338633933e-02
-3.580938635810201331e-01
5.466117343365896053e-01
-4.677238116218698782e-01
-3.374387544412650874e-01
-6.211320678898378800e-01
8.123439445673544257e-02
-3.576222518093833957e-01
2.949171689251821604e-01
2.899639134190082346e-01
-9.272306025789215367e-01
-6.798055532112592947e-02
7.606960282247859917e-02
3.155319646381383736e-01
-3.437527471874873286e-01
6.235409997272851890e-03
4.586306815319239893e-01
9.909353811384291610e-02
1.788820155135982248e-01
3.730307994450310360e-01
6.389853570814286732e-01
1.364974167392300486e-01
8.470220984799741171e-01
-2.321229943274221164e-01
-1.140745926961610202e-01
5.865560947856705842e-02
-2.425828560603258688e-01
-1.139583082920523349e-01
3.354750508838778567e-01
-2.944022427145980697e-02
4.124747853469964420e-01
-5.975616722155921989e-01
-5.275606322894270672e-01
1.352606304484497812e+00
-4.604070791431378318e-01
5.077086643564656665e-01
6.903526228585077362e-02
1.946819976667914232e-01
2.032832865790523691e-01
-1.389394430519206303e-01
2.088268903132678433e-01
-3.368652445488696245e-01
2.070454805573586077e-01
-2.908001232973929095e-01
1.362602951858318256e-01
8.778174360193596870e-03
3.762306326890663133e-01
-1.661172506012268402e-01
-2.479298725934901970e-01
3.990521489788659837e-01
-6.790589435661432693e-01
-4.482769705671604266e-01
3.953047354457162044e-02
2.412419600360096172e-01
-3.237525933949229606e-01
-2.632166207308775374e-01
4.222010844158468612e-01
-2.338177319365248308e-01
-4.570873784832211323e-02
-4.074692094436421219e-01
-4.226173079905234942e-03
8.775544324940676155e-01
2.150024455093028641e-01
6.040959220608765889e-03
3.501682903344297548e-01
5.767746622154899805e-02
8.818867296265429090e-01
-6.068069759294439924e-01
-4.381856281639129880e-01
5.510737633769554611e-01
4.824971387867664219e-01
-1.725909812746568295e-01
-5.615365163892220846e-01
-4.673953568871841435e-02
-3.474652067354405682e-01
1.266487749356071391e-01
-5.037455902656499118e-01
-4.362904533752998693e-01
-2.547320774928321652e-02
4.851783016991332298e-01
7.320306338589432915e-01
-7.887942751457552304e-02
-2.548651147887492918e-02
-2.542994790670935479e-02
-5.683574036311151989e-01
4.205960249601439771e-02
2.666956983641955992e-01
2.758108618404117029e-01
5.407424918175276485e-01
3.903863412916929732e-01
-5.007917522433910640e-02
-7.973398557952973698e-02
-6.965305535700583306e-02
-6.101388125619580105e-01
-1.530311529520603231e-02
4.256641009349193538e-01
-1.508227006352163002e-01
2.086431332556939189e-01
-9.483870436750837518e-01
-3.582953697428559181e-02
4.591619390181558291e-01
6.102274939758783878e-01
1.519813308580466871e-01
1.943562267019983969e-02
1.829913336151538783e-01
-1.256808529945432573e+00
-1.533046993603127683e-01
7.556538849937334268e-01
6.277051143122238663e-01
-7.334918522118512030e-01
3.607535721730264489e-01
4.477201300481302715e-01
6.592574178110487126e-02
7.297752814351504691e-01
5.809200947292183503e-01
2.522891853031680731e-01
1.012580309605171369e-01
2.470680569797376047e-01
3.684588435982109056e-01
-3.759138970684187259e-02
-3.325741702587503013e-01
-1.118210960797094478e+00
-1.703758665704278030e-01
3.313892160172560164e-01
9.284004781786019816e-03
1.785190763361430843e-01
-5.639430278586972101e-01
-4.974449866747212012e-01
5.717887699340788998e-01
-3.441689147373461766e-01
-5.819027916642989240e-01
-7.037506163878196053e-02
-1.997429937831526892e-02
-1.204509261315115376e-01
-3.184492727950193891e-01
9.665008353490003867e-02
-8.394330664004231446e-01
3.288302955482951262e-01
-6.399234263444419923e-02
7.002354954121188246e-01
3.222272677183279366e-01
-1.557635654228999578e-01
5.706226756906068731e-01
-9.456920408305264925e-01
-9.216663500917116059e-01
4.185188618937248362e-01
1.227285892375260534e+00
-5.975821982379822539e-02
-8.592321673845846330e-01
-3.919624228405611532e-01
7.968140685481397423e-01
2.128549126621092635e-01
-4.586277854249133368e-01
-7.710805294827344225e-01
-1.173676003642651622e-01
-1.625164789610695770e-01
-4.148426599415225291e-01
-4.013050517735257672e-01
3.492203715612042236e-01
3.763115180549099215e-01
2.805930839756642925e-01
-3.323238940202308256e-01
3.489060220629974091e-02
-6.150210467120348357e-02
-3.411099738385394708e-01
7.568199993314618235e-01
2.346181175264813734e-02
-4.161855472117514942e-01
2.356913182219470826e-01
-2.701950789518154927e-01
3.297286145977639249e-01
-4.582999020481518526e-01
7.812576322456603606e-01
-4.122103103175723260e-01
-2.620123552872570261e-01
-5.540823771998978353e-01
-2.208463303113431808e-01
-1.014613987803741901e+00
9.271182511420112959e-01
1.437403151715237748e-01
1.022937554667069593e+00
-1.632754535829187836e-01
-8.370119784087121095e-02
3.269961865837788806e-01
5.276559945383931804e-01
9.265969563439649392e-02
4.988050980027534664e-01
-9.929288190428708916e-02
-1.018742344461684324e+00
-2.465659498814273265e-01
8.004197855815603502e-01
-7.594352857038079163e-01
-2.837179987063643272e-01
-1.643261385002200980e-02
-3.876217135705289918e-01
8.443587896768143253e-01
-9.515273015488141528e-01
4.318655925633583803e-01
-1.009863575788038093e+00
-3.823973687251612796e-01
1.743146634591835331e-01
8.659089761386010164e-02
-7.086689742882589238e-01
1.766327590238203349e-01
-4.954619768492643517e-01
3.817458699582081116e-02
-8.015657277098837685e-01
3.620273461768173107e-01
6.731519674652064467e-01
-3.708864644311880565e-01
-3.742134403877373505e-01
-4.239752472627621449e-01
3.524813536755841969e-01
-4.471701652331671051e-01
-3.353622772288200604e-02
-1.712036345323529607e-01
4.960595607537955920e-01
5.189150808190710062e-01
-5.610481933106629127e-01
2.221488390374913025e-01
2.175283533122109314e-01
-9.524177786949459268e-01
-3.595161801403596868e-01
3.048044921597632406e-01
-1.868249019191757510e-01
3.005086511508859859e-01
1.061292653106004513e+00
-4.937173729834867242e-01
-1.084421215806713468e-01
-2.557368677299348136e-01
-4.372524831306050519e-01
3.935190996597341395e-01
-1.019063811278744458e+00
-2.716259318337749251e-01
8.071211565638519714e-01
4.043044952126760294e-01
-3.336419564107806490e-02
-5.768418229683662801e-01
5.063483921253373321e-01
-1.750545498453527360e-01
-1.119303762929870216e-01
-1.873972181222738620e-01
1.033941178613014406e-01
8.325714664807461196e-02
-5.566062437853838141e-01
-3.793451350180331305e-01
9.834023656939848423e-02
-2.116720879055620508e-01
-7.512614649069506711e-01
-6.528208741258939574e-02
9.005613957685449922e-01
4.590566166503505241e-01
-3.273349187146902817e-01
-1.778047707374345865e-01
-1.585338752065731938e-01
-1.010387369415291392e+00
7.639920344535366947e-01
-6.996204911440184748e-02
-1.819188412490419515e-01
5.379412599938103723e-01
-2.131805463978848070e-01
1.995571215441245549e-01
-3.049989138091017682e-01
-4.199675286474534031e-01
-5.827910736397248215e-01
-2.160573780930653831e-01
3.402650289286250906e-01
-9.942594763395751212e-02
5.368557450359078276e-01
2.899089415689739546e-01
5.560780718360227581e-01
-6.091620778418787019e-01
4.206968357494534350e-01
-2.369984242417654818e-01
-6.231785823358162446e-01
1.603635355013761088e-01
-8.166053260890548948e-02
-3.254013503344115321e-01
-3.504996122307902917e-01
8.980351227918074997e-02
-4.166990740885889721e-04
-1.113144781235218539e-01
1.553192324160939108e-01
-3.542920347587786289e-01
-3.292358456993441651e-01
-8.889801153146003054e-01
7.777058921131803082e-01
3.617985125951722614e-01
1.441273636815076920e+00
5.157386187577035763e-02
-2.204358772497445329e-01
-6.468481031764747313e-02
2.348548993088092340e-01
1.802056704091891670e-01
-1.565633091514667674e-01
-4.051374977185039361e-01
8.806234697943634560e-01
1.478541646220180583e-01
-2.629056086911563117e-02
2.657691049828798113e-01
3.970212258720035026e-02
-5.324340258198410891e-02
3.726564101060252376e-01
3.972159277797371879e-01
-6.888361747629513365e-01
2.939438027312275548e-01
1.953991878401800664e-02
-2.448075905898530746e-01
-8.545574484091589262e-01
8.727306629129373272e-01
-4.130205166389150917e-01
6.141570014906472252e-01
-7.640322106825416792e-01
-4.518568755245816471e-01
-3.818433839731366075e-01
-2.931117054329455962e-02
-3.385191204392502817e-02
4.832806964025116447e-01
7.034868538356414680e-02
2.142584876021600138e-01
8.875403925993302634e-02
-7.563475828120236333e-02
-4.128018089606143581e-01
3.373454464039321588e-02
5.413632271709029053e-01
-7.028167203053350409e-01
-2.514323126721668133e-02
-4.920582805814608385e-01
-2.324876917593539094e-01
-1.848726546563467243e-01
4.979614467501696229e-01
4.495896342394658518e-01
2.548895133186272755e-02
-3.473676905697318795e-01
3.368262208891871223e-01
1.074115671753483603e-01
3.488041351433222026e-01
5.219812790825666404e-01
8.822682233890906112e-01
-2.280449848219842368e-01
3.804091004957436684e-01
2.680385150443243547e-01
-7.874900424484410077e-02
-1.038269897652139839e-01
1.078332847795220539e+00
4.742015128291641735e-01
6.763491371175725519e-02
-8.381734219936427532e-01
1.167712222614650242e-01
-5.136498846771847537e-02
3.390474597319907968e-01
2.881646177382904961e-01
-4.759725064624705793e-01
1.332039699655484521e-01
5.235974671923515622e-01
2.256585718552489017e-01
-4.698728113225756897e-01
6.170902672579091641e-01
-3.702401017358294411e-01
4.865248606235372253e-01
-3.255970593783104050e-01
3.468130487134655215e-01
-8.678857422405539257e-03
3.502803249777682315e-01
-1.215219892857669626e-01
7.334287762536768618e-01
-3.603584389810604582e-01
-2.330584303849493055e-01
-1.016353247908091673e-02
-4.609992150285355805e-01
5.445228939061464990e-01
-1.308633075504844478e-01
4.304757553810632520e-01
-6.505600941088973688e-01
-1.053255926822932231e+00
5.504243664277614911e-01
6.619811920172908870e-01
-2.980438592306698387e-01
-9.678357460002766643e-01
-4.664853854516951559e-01
-4.497702767776351473e-02
3.143011728578373742e-02
2.644046854370764033e-01
4.513040239502477124e-01
1.611370373599837480e-01
-6.126634101287525835e-03
1.152446512240259846e+00
-8.598704038406170813e-01
7.971400203979754906e-01
3.944807766076138811e-01
8.987613649313437592e-02
7.331571550878190902e-01
-6.371959469792671804e-01
-4.838722836538841277e-01
-2.589068699680330266e-02
6.930743067834105320e-02
3.635741656074878425e-01
-3.440883132764232522e-01
2.952547138952770767e-01
2.677309317605988670e-02
1.844278879871343868e-01
-1.650693690605792296e-01
-1.252214747345648804e-01
-7.841063267917367519e-01
6.637425665227441041e-01
1.291588496956219134e-01
9.099013582277341028e-01
-2.318906918448915278e-02
-7.431395942800757271e-02
1.828727854349507242e-01
3.917571294077160093e-01
1.140480259829378673e-01
1.609394467836749443e-01
-1.484748428501450612e-01
-4.906351893388040120e-01
-3.415250518042018957e-01
1.744213709723456407e-01
6.277124229995877380e-01
-2.150442740095901972e-01
2.840666875835164973e-01
1.119568668437101733e-01
3.269827456652296127e-01
-4.700700113807465552e-03
2.454954895698520656e-01
-4.532194162871284182e-01
-4.603039019523523512e-02
1.760294465726152668e-01
6.404571365246669590e-02
-5.058006971592716727e-01
1.334684343912698468e-01
-4.158197121185835954e-02
8.199108565585511155e-02
-2.407851883192695108e-02
-2.927431823665610500e-01
2.546627179596142043e-01
-8.293499101995388534e-02
3.924071673759761403e-01
-3.706130453767836341e-01
-7.128822683898837498e-02
-3.707846297534707070e-01
1.043177214986289236e+00
-8.153587133221799066e-01
2.405517442799997574e-01
-3.653404575639670332e-02
-3.426434237032783825e-01
4.609274172069138809e-02
6.440306571127811797e-01
6.260818944884859460e-01
-2.144271354519996509e-01
-6.842910456706619016e-01
4.703936178137508861e-01
-2.715508525237356752e-01
1.588931000605387500e-01
-7.495473534303380703e-01
-2.718850190330942551e-01
9.868608220962268862e-02
-2.639867575261155008e-01
2.859727331363380309e-01
2.616547253075071633e-03
6.416471452405891895e-01
3.182164125935533772e-01
-1.531686243189212537e-01
8.828165315866376428e-02
-2.784558975472485320e-01
-1.425928166174940670e-01
-8.047356366448531473e-01
-3.952278358382997903e-01
5.379292647438904673e-01
9.863326775894543097e-02
-6.555101852993655553e-01
-1.156551491403674081e+00
-6.006539648272426479e-01
-4.181065303473119332e-02
5.119677473105872512e-01
1.706090446720525400e-01
5.295875473636443287e-01
-2.207680772359758015e-01
7.308928660659412824e-01
-1.244762342148238721e-01
-1.438459254806198802e-02
-2.108930325788262450e-01
-1.796916850070137128e-01
-1.574145116232090469e-01
9.418218464477759455e-02
7.141748418677178467e-01
3.611160627646505250e-01
-2.942721701211812868e-01
-3.294756488162389196e-01
3.107460152925607400e-01
1.343994698730009707e-01
-6.509325840382224060e-02
-1.865171395798224663e-01
-5.780006181872453519e-01
-5.213705705716920047e-01
-2.859791392189764414e-01
-2.188613801137463122e-01
-2.726039730924384452e-01
-2.395260848042855828e-02
-4.930946840735991321e-01
2.337338203567045636e-01
8.738022990428372383e-01
-4.935910797940731842e-02
6.463490806859284454e-02
1.054637235418466323e-01
-2.377038465661517330e-01
2.559666158853107776e-01
-1.070817809842525392e+00
-5.895697876640376700e-01
-1.025270250072287226e+00
1.949395001536749217e-01
-2.623373833376755893e-01
-3.459691962638318241e-01
4.525134569961926090e-01
-5.244133709164360280e-01
-4.896560892609514437e-01
-1.439919471780931326e-01
-2.067092145210365772e-01
-6.894658234738280100e-01
-8.603039265933254409e-03
-7.897152033023023543e-02
-5.928310176690335664e-01
-3.878086309954034139e-01
-8.774706287648688374e-02
9.873191667303767849e-01
3.864429492475788264e-01
-3.604484500588167606e-01
-4.647400627586379951e-01
-3.641858115971938759e-01
4.444788333862823571e-01
1.588241248091274427e-01
4.920309659484720655e-01
-4.421600092589061948e-01
5.192400800037971775e-02
-5.007102298941049634e-01
4.162808208447520142e-02
7.071258160491830091e-01
3.455567709577242463e-01
2.122517882227655805e-01
2.204696064588864968e-01
3.222317639459271188e-01
3.709930844144506135e-01
2.304435467787393499e-01
-1.292534749863455401e-02
-3.649466239434266401e-01
-2.969564840506512260e-01
-5.963573284974304362e-02
-4.452821036643437869e-01
7.366529960405924227e-01
-2.820126396946528446e-01
-5.648922528227922069e-01
1.840129770262597109e-01
4.192153671633060963e-01
-9.873374130140666338e-02
-1.717049701315680188e-01
-5.457353611874260491e-01
-7.653275875153831009e-01
-1.487107642355373072e-02
-2.997099339554051278e-01
6.709485898695803918e-01
4.381160317456878062e-01
-3.122118926707255770e-01
4.577704333297305528e-02
-3.483027592328534205e-01
-7.521955386105455554e-01
-5.674217583624305838e-01
-8.303957228966238890e-01
-5.307313334512488989e-01
1.098338183634244708e-01
1.992313590338604112e-01
6.229525471892780608e-01
1.095822134158779493e+00
3.734288866367637127e-01
-3.150106170207180867e-01
-4.423641794204427047e-01
3.744811973711559272e-01
1.640669473598946881e-01
4.214032709686440503e-01
2.992221478886320507e-01
2.938430492556316498e-01
2.549261337370179459e-01
1.213579043272515090e+00
3.552525742632276634e-02
4.509478994306243549e-01
6.795732691411626725e-02
-9.081732713446151462e-02
-1.133190539713026856e+00
4.422757157789425353e-01
-9.286979366321959084e-01
8.871986121339541231e-01
-8.874515350506079203e-02
4.215494249393868520e-01
-5.392000979539559591e-01
-1.813993986295150407e-01
4.045704572446430225e-01
-4.405430086164033865e-01
7.213024128811806879e-02
2.763084507765669606e-01
-3.790254384546501432e-01
-5.687914803544350528e-01
-2.858536554428056653e-02
-4.584414421012013019e-01
5.024245150253585646e-01
1.987895109340183653e-01
-6.387262260972024208e-01
-6.504159055622212859e-01
-7.110338836225458259e-01
-2.358862125906967533e-01
9.085427132398405936e-01
8.157240945120939335e-01
-2.272749608352073736e-01
1.629186528027574132e-01
-8.056929006939853033e-02
-3.846704022492926089e-01
6.252592027348010673e-01
-7.452636552809683845e-01
-6.536129581301701741e-01
5.624929569244510041e-01
-1.657293054349661676e-01
-9.530798933086671587e-01
2.033111315295426935e-01
-7.487096980513916478e-01
-3.584049809045459778e-01
-2.707860418456272122e-01
-5.283751296370733930e-02
-1.531420733539920476e-01
-8.853018154323660793e-02
-1.920795247582530729e-01
6.124663684883648873e-01
7.957595730886747598e-02
6.753918881460923007e-01
4.628584740844543521e-01
-4.685070151511061542e-02
-3.222046223768393336e-02
6.205063746505947719e-01
-6.296577040664587399e-03
-7.599512828501211459e-01
9.078236218332061402e-02
3.518196942545987610e-02
-3.347417818570218584e-01
-1.410137577263038122e-01
-6.308821414888081680e-01
-4.070475077858534130e-01
3.303935948995855298e-01
-2.733610090746866339e-01
8.788443814241514440e-03
-8.560296231220969332e-02
1.595521006836242428e-02
-6.425200266440778130e-02
-4.417045797425210862e-01
3.537526939477035337e-01
3.898475080600746767e-01
4.003833976161752517e-02
6.902633314289063904e-01
-2.274036427262376703e-01
-5.221689549293407895e-01
2.515400971513920281e-02
5.135194995643539428e-01
-1.952300176737038206e-01
4.365972707830280131e-01
8.662960907761320106e-01
-9.720843602144452200e-01
-1.564763767788294457e-01
3.606104160609238662e-01
-1.664242942975889261e-01
-2.308389221245537581e-01
-6.989901237976131609e-01
3.734243730713856513e-01
6.681171539499014544e-01
-7.895110435678420746e-02
1.525040422331661871e-01
2.014536570732859133e-01
1.457782201523033505e-01
6.410434385277843372e-01
4.816404422849284717e-01
-5.498663765757098032e-01
-7.570855052333251844e-01
5.264384863866099495e-01
1.593576399312540692e-02
-5.720059901472311914e-01
8.104414611455720840e-02
-3.549496670497288564e-01
-3.012828162500889029e-01
3.793396876198632528e-01
-8.144020262018234479e-01
4.912717360964619084e-01
7.442354074855132839e-02
5.829407844723868415e-01
-2.435210621771212169e-01
-5.361016586297818742e-01
-4.830190160987970355e-02
-5.656811703109911882e-01
8.210204924560691175e-01
-2.037257770961260206e-01
-1.584357386630791953e-01
2.480620770021596533e-02
-1.907455534189440860e-01
-1.304768121908383982e+00
4.463442847888564602e-01
-2.670087708697072570e-01
-6.372261264942705727e-01
5.036826548792017189e-01
-1.500065959268248872e-01
5.510975816801316762e-01
2.046808061086738684e-01
7.635396847818781696e-01
-9.288248877193814312e-01
-2.288912081513050090e-01
-7.201211373639904156e-01
4.403710640279212551e-02
1.069376333755926556e+00
-6.368147296754742559e-01
3.044085148250761375e-01
2.955392695379030488e-01
-3.538483174322712976e-01
-8.186723764339554066e-01
-6.979283829976781206e-01
-1.678228620325367126e-02
-4.217200310976532696e-01
-4.201859019008680196e-01
-2.262037833805238263e-01
4.407487256771631667e-01
4.261380939611247864e-01
-6.826715476826611395e-01
-2.953671379646854445e-01
2.444624672624210182e-01
-8.332174359482829029e-01
6.049630698402239659e-01
-3.860753757689847632e-01
6.352904069366605011e-01
5.310832207868974864e-02
1.591899160623361509e-01
3.371206132337901673e-01
6.463712487391884975e-01
-1.412819197726929432e-01
-5.853806836097076305e-01
-4.924193839410572204e-01
1.563770743511717631e-01
1.873762267836913686e-01
5.969666647220790434e-01
-3.908821400625206444e-03
-1.703120577072557429e-02
-1.209871682288025246e-01
-2.308675427838332572e-01
2.338982597554475351e-01
5.018292223300847565e-01
-6.519944531563282020e-01
-1.128417372560386767e+00
5.528187727776378013e-01
-4.719959559249642944e-01
5.443646512416457917e-01
-4.585054522210482708e-01
2.089417049061954579e-01
-4.940843943716193842e-01
2.088674735530456350e-01
-4.663611727401262286e-04
3.467575076355906560e-01
4.868382471295135683e-01
6.828927073930505243e-01
7.704983255566769662e-01
-1.925250518307946579e-01
8.230197256981394149e-01
3.486593142018785119e-01
-5.541868923257152746e-01
5.881816574623998095e-01
4.118330967278428512e-01
1.531382326748682299e-01
-2.531305718868865906e-01
8.501397604483524884e-01
3.913240982760212566e-02
4.035280494149338926e-02
1.745313329336264929e-02
-1.180846582133292799e-01
5.677981987692620747e-01
-3.143349060904775394e-01
-2.205450619960860198e-02
7.665544910840363935e-01
5.369002042937197627e-01
-4.323096635076908445e-01
2.201756957482806087e-01
2.100017847106697144e-01
2.585408513887058057e-01
-5.238395529261945238e-02
-3.527884996230913339e-01
4.071244199963550692e-01
-3.969945360908027632e-01
-4.630219310112779763e-01
1.080303189385031920e-01
6.608988276002372708e-02
-5.092126568196368996e-01
-3.621656667529138951e-01
-4.114645484166669087e-01
-4.046194576749946314e-01
1.445829469904915121e-01
4.871299941474023787e-01
4.558961311623863644e-01
3.723463292036847117e-01
1.755740241369574961e-01
-2.879312226483817794e-01
3.715960635774660514e-01
5.087726369381829761e-01
-5.953311513117566234e-01
5.126893269372274631e-01
-3.674942230923249897e-01
2.643514454184945350e-01
1.994258055434864896e-01
-1.132835493833156959e-01
-6.706576877536525316e-01
4.371794024888032149e-01
-1.222952671949389947e-02
-3.487240433016416952e-01
2.145251172238624160e-01
1.281307367346625758e-01
-6.863467988022028399e-01
-8.282557322855235160e-01
2.902723527020337202e-02
9.305611902562201943e-01
-5.740827130919938792e-01
-5.039172617030157619e-01
1.084020952170160923e+00
-3.462930843983485496e-01
-7.677054080648821888e-01
-5.344953775702774301e-01
4.893579197049511276e-01
-3.112946350790064542e-01
3.732719122904160081e-01
-1.599305018768243103e-01
1.038204486784248398e-01
-3.020879834970359723e-01
-5.146849747146664544e-01
-1.839179593885038599e-01
3.206067572636900342e-02
1.081383167137532020e+00
5.334912057091303339e-01
-4.913935177297730217e-01
-7.454239110906405452e-01
-2.050359644804515546e-02
7.277844600950500453e-01
-1.271314938090658542e-01
-7.660809560096578652e-01
1.274544729493047313e-01
-1.129710060572313157e-01
1.282887469589925944e+00
-2.011155784082524489e-01
-3.045736702287960007e-01
1.551542781901216472e-01
8.380173181995752563e-01
-2.234101962429253796e-01
1.189565276441023334e-01
5.001175385400856710e-01
1.755836148426615298e-02
3.268216097558656608e-01
-9.859810287599415357e-01
-1.473455541351111342e-01
-2.447605503711543506e-01
-4.117204245383662142e-01
-6.364752339384391333e-02
-4.673363847987633823e-01
-3.976821903077231157e-01
-2.028490886326134723e-01
-1.169010582269767867e-01
-5.496390312217727114e-01
-4.818741946148735744e-01
-1.340048245096354673e-01
1.609898332639136398e-01
-4.772253502849428952e-01
5.528637121449144765e-01
5.144452329872198360e-02
9.003427617990445997e-01
-3.889284889430411063e-01
-7.097144122904235353e-01
1.810387286674669249e-01
6.543170828850123355e-01
2.313999954219664867e-01
1.641589409580663378e-02
-2.068800059233051880e-01
7.055126500941232282e-01
2.138825148810460375e-01
1.054567018297336567e+00
-7.222618242810182609e-01
2.733690261372142549e-01
-3.339062797038254427e-02
-1.041623180624886014e-01
3.293409875518759633e-01
3.422602729922739617e-01
3.961879747724608714e-01
-3.287574169669137403e-01
1.539541092564682967e-01
-3.382249380506490710e-01
-1.816706031270256538e-01
-4.500441832403151987e-01
5.572567029911492664e-01
-1.314848024454606246e-01
8.924793892407605067e-02
9.921857480012692687e-02
-1.276435798886565998e-01
-8.390375878738226545e-01
-2.749244495255254161e-01
7.154891639706785211e-01
7.164851291950169454e-01
1.669652390514301046e-02
9.089586622328007515e-01
3.428432740538326917e-01
1.338106697429030517e-02
6.806765740951919996e-02
-1.626003841569572950e-01
-8.068734165281028770e-02
-6.021376027203378944e-01
4.695051550526151418e-01
-2.774438809345403101e-01
-9.222046091449194183e-01
4.314053353600828533e-01
6.204054297341887736e-03
1.428503365020919458e-01
3.472151387910877851e-01
2.680940373450800829e-01
-3.707482862644514432e-01
-2.582994491620483890e-01
2.464370228114814987e-01
-1.259100879180599653e-02
3.525570414587720913e-01
-3.284758326328710010e-01
9.180666311502062582e-01
5.536204472175405567e-01
4.947990631303456066e-01
1.915059916534899154e-01
-3.194380985581397603e-01
-4.407057523752541117e-01
-6.718534201574641873e-01
3.760914011093006160e-01
-2.476691706387451619e-03
3.875922461403068509e-01
2.311140308331491311e-01
-4.788501840283970745e-02
-4.305605277043674656e-02
-2.380270609242041147e-01
1.940657630705001080e-01
-4.763202595607111678e-01
4.575828211681238766e-01
3.652209351161244122e-01
-5.349298187499884616e-01
3.551592990776043790e-02
2.304769916249603812e-01
-3.428395844046597252e-02
2.420551474377443668e-01
-1.491871337162697930e-01
-3.820868807632979980e-01
-1.905741609687243709e-01
3.616209949107672406e-02
2.680601347463119066e-01
-5.760617834959933514e-01
-1.675567359871465295e-03
-2.075381697558021099e-01
-1.457592865271615523e-01
-3.008182531969701978e-01
6.222739164633345199e-02
-6.954715774793665539e-02
4.987750048625790855e-01
-7.230470692609131111e-01
9.499100228792194400e-01
-1.098037089584760206e+00
7.782261210443929267e-01
-4.608366237156263923e-01
5.149851267443794622e-02
9.899379653719287964e-01
3.419131500900726706e-01
9.300642912353881409e-01
-9.925145614688934970e-02
4.861371001449307228e-01
2.271675088305145362e-01
3.075009579253847880e-01
5.472859650669419374e-01
5.908113052074623894e-01
2.216482954477214384e-01
-6.648234053559806678e-02
4.409220943746003929e-01
9.568088215528050000e-01
-4.200114320100532539e-01
3.981263055288120079e-01
-4.849170352432069508e-02
-6.517579691159435251e-01
-3.787257688536609102e-02
1.874791011619579562e-01
2.695623569793137997e-01
-2.313729708262670659e-01
4.638736385652590666e-02
-2.939841764821706227e-01
-1.935368882022840964e-01
-3.269365102281792668e-01
-8.348794078793572160e-01
-4.464117122290913175e-01
3.692017592155630856e-01
3.861689711016611515e-01
-5.479892607851617470e-01
7.905870397582291931e-01
2.184764660109868584e-01
-9.700748394230934712e-02
-4.543147103827203104e-01
4.328408201687200529e-01
-6.505726729666311270e-01
-4.132494063355719449e-01
-2.500179362965043173e-01
2.064369230354377027e-01
3.023545379915685283e-01
-7.250901389274722053e-02
-4.128658630808111629e-02
4.092610187354921436e-01
1.991954978148193223e-01
2.053631856112118070e-01
-3.895786521591312335e-01
4.094004153532709855e-02
-7.912233388247911225e-01
-1.364294230774223959e-01
1.362985422263890412e-01
-2.015353654283623674e-01
5.693719603210894986e-02
2.038047534575815056e-01
7.430732227406916524e-02
2.959423978673566547e-01
-2.278024991530695487e-01
-5.474008009227973592e-02
1.594918208096667844e-01
3.092084175678365132e-01
5.805284711225361383e-01
-7.432364025936433194e-01
-9.707692492807920570e-02
2.890080631723815352e-02
-1.757711174134051479e-01
-5.154633791137224197e-01
-1.884465367074392717e-01
2.186304253235329953e-01
3.292180099460165765e-01
-5.564221184853661573e-01
-2.661149331008079155e-01
-2.360045206949833163e-01
5.099671003199371944e-01
5.013765575394193430e-01
8.168442593716088718e-01
-1.574826786261396272e-01
-4.292450619788580335e-01
-6.409024230716171555e-01
7.128741510158144168e-01
9.686559709419384490e-02
-1.456363452273239101e-01
-4.080184720194386938e-01
5.082950814334732392e-01
-1.381805771769375676e-03
1.025216426426092120e+00
2.387571129465250741e-01
-1.830623816080964028e-01
-3.252070161685011729e-01
-7.016372486594341096e-03
3.095146272267526588e-01
-8.681135732976177910e-02
6.047543683821514637e-01
-6.177256449493788715e-01
-3.482677316558798197e-01
4.340712155902564651e-01
3.605759201189550622e-01
5.817326269574030206e-01
-3.425194650573583077e-01
-1.549175128187252337e-01
1.247582098759672520e-02
-2.198462717297542945e-01
-1.712923401004781687e-01
-1.400217452218970038e-01
1.473214529545557316e-01
4.883770111952008275e-01
-8.626911895151181398e-01
8.859220003574160840e-01
-3.016496128596117265e-01
-2.117131682481936950e-01
-3.229282049411848488e-01
-9.437601883920500034e-01
8.988108187272339511e-02
-3.352031676596472498e-01
3.388354396036526162e-02
-5.308910898305457815e-01
8.331101904471455155e-02
5.977033590824866183e-01
-5.898131337984227063e-01
5.917081237138420713e-01
-1.704570906041771028e-01
-5.140213262570099140e-01
-4.789271137716971105e-01
-8.245566385531351017e-01
4.424947907760004573e-01
1.113937721216459620e+00
-3.370912387855628523e-01
6.384144141279173290e-01
-1.798302623937059197e-02
-4.261971307983170587e-01
3.239311931348444751e-01
2.415924760354914991e-01
-4.331654415363576094e-01
-3.106187751544606246e-01
-8.128081689369247576e-01
-1.541024469680165321e-01
-5.848124358837618608e-01
-5.597799088601177475e-01
-2.596204464560783465e-01
3.578369991609134382e-01
-2.849740620589904516e-01
3.026083239450759743e-01
2.421438747422674509e-02
-4.795561215292444834e-01
-6.000522242820758301e-01
4.418999945987739930e-01
4.719600050418331638e-01
-5.487057496941090129e-01
5.833085193055602691e-01
1.859903379051114636e-01
-9.291605776487810164e-02
-8.230748911492202780e-02
-6.740218046952874964e-01
-1.765511931138210311e-01
-4.015922309585399086e-01
2.610807532816553644e-01
-7.545778245410594831e-01
1.441386965004045340e-01
-9.225519626114460081e-01
2.885162843474237127e-01
3.696816145744297732e-01
-1.756294117566943869e-01
-1.128391487964760076e+00
-1.634572202330426272e-01
-2.028725666042661274e-02
4.535006108425337912e-01
-1.971021725468509733e-01
8.822430167122981282e-02
2.825750498818073442e-02
4.989021411522224225e-01
-9.664119741347369438e-03
7.771378467719983196e-03
-7.675074037730693632e-01
3.658061009928168517e-01
1.567879184379254442e-01
-1.674917184482002108e-01
-1.384645387552143059e-01
-3.785814365129729353e-01
6.453398180089103819e-01
-2.294097364946160456e-01
-1.541164753447706037e-01
-3.848975438509850688e-01
2.588636320734322149e-01
4.243703028364004259e-01
-7.399227493342849238e-01
-3.054189822812230365e-02
2.146778968818423006e-01
6.491718719984615471e-02
-2.240430779797672467e-01
9.700283468710628743e-01
3.772097705634372966e-01
2.373507441366651260e-02
-6.856300581199148425e-02
-7.085283746620516521e-01
5.721249339062038641e-02
-2.675672033385608772e-01
-4.398499192822177273e-01
-1.986820960273519843e-01
-3.552668457180622186e-01
-3.531439018123592732e-01
-4.849317237047618967e-01
3.943823566444670248e-01
-2.693832121364438947e-01
-2.769137054432160294e-01
8.080529925677366609e-01
1.131801069782984781e+00
-8.007220156953629431e-01
-8.441941296600571909e-02
-5.682009100430751580e-02
-8.035479825773343687e-02
3.428950075014701726e-01
-5.346294033903296050e-01
-2.962071889688250304e-01
4.718289298480186078e-01
7.496661761363755394e-01
-3.344876531473840453e-01
-6.317912139941277427e-01
1.785882339183925416e-01
3.370373198244724366e-01
3.354380326834008330e-01
-1.511065910266505552e-01
-5.198434018824668601e-02
-6.733449194735374732e-01
1.391131686013197255e-01
3.434172966627115769e-02
4.441452197000019808e-01
-4.530969512475994110e-01
-6.685218840617143665e-02
2.830998948103953250e-01
1.726348478489947713e-01
-7.040639137667854541e-01
3.367349190645513857e-01
4.285207847243183849e-02
-8.024900073241024723e-01
2.904872539774550066e-01
3.593091614952188539e-01
1.591772329803468056e-01
-3.383289758261838198e-01
4.188275711635407877e-02
-6.162427972614712424e-01
-1.773201523582436101e-01
-2.238778846532225031e-01
1.939879638775307558e-01
-6.292180622639035326e-01
-6.118446173565578183e-02
3.383114617651387102e-01
3.347996345855481781e-01
2.998880721955405337e-01
6.123413726158900561e-01
2.980983385436616895e-01
5.818389650898918575e-01
5.798017794535352820e-01
-2.462161472544941998e-01
-2.317641384696625395e-02
-1.256843320574176359e-01
5.419087131847546424e-01
-4.160105382883066971e-01
3.131166367882778911e-01
5.061046816082952482e-01
-5.261523288407998766e-01
2.234442636666457982e-01
3.486669429065499259e-01
1.407138734071557984e-01
-6.526527636107307684e-01
-2.164127904355610810e-01
-1.563240178339676267e-01
-2.163822705276126634e-01
6.859893579653674189e-01
-6.353500681097288272e-01
3.065861525265956011e-02
-1.042872336119137211e+00
-3.939340284097221923e-01
2.283193468142413751e-02
-6.684863682177045741e-01
5.024359868554635344e-01
-3.152117194068158601e-01
-5.868546577513901186e-01
1.954544209687673340e-01
-5.025605023012746919e-02
3.420143584476690313e-01
-9.948809280766350849e-01
-3.327853103738338536e-01
4.243722469517973717e-01
-1.602659589160048692e-01
7.952905915755298372e-02
-2.265532866857178640e-01
-2.012221700543476710e-01
1.648797324341498838e-01
1.892022986079963109e-01
1.646600064758000914e-01
-1.280839918801610189e+00
-5.525329380194773932e-02
2.776345975161287338e-01
4.149519317967652610e-01
-7.244322519031870522e-02
-3.023332440555678846e-01
6.510919043045795274e-01
4.300329365837266549e-01
4.569146374826970614e-01
1.694593228669067919e-01
-1.060859271623807887e+00
3.159385713365833181e-01
-6.714942924810135549e-01
6.339442664256219606e-01
8.857556910534590822e-01
-1.410576923781386438e-01
-2.240762897359465933e-01
2.898715787255572995e-01
3.967945052123307836e-01
4.317461890645596934e-01
-2.012416639496155957e-01
-7.610899939337398834e-01
6.915013365901434561e-01
-6.700412572714077308e-01
2.743183971865629234e-01
4.937065274353223954e-01
-1.565871664800402852e-01
-3.200312512196794579e-01
8.143112048905325473e-01
2.510864240665364733e-01
8.432642845361553174e-01
2.202574080764467535e-02
1.767771857638758271e-01
1.899345648371114637e-02
4.240592267693063522e-01
3.471180468247615503e-01
-5.612509875496871636e-01
-1.061599418553138552e+00
-1.509797460119109425e-01
1.981750134721013690e-01
-1.415235669393325457e-01
-8.981885236297896258e-01
4.368376702098593078e-01
1.478756837610891051e+00
-1.769139820288476717e-01
-1.570454863894580333e-01
9.958800449780904618e-01
-1.441942968912575118e-01
3.291013512733478308e-01
-5.193492552908546278e-03
-7.871565398325049978e-01
-6.561379928156341190e-02
7.278404969377743061e-01
-6.670920971698703905e-01
3.313744590689223779e-01
-3.219673576604850096e-01
-3.591555559549520216e-01
1.080479554128033204e-02
7.537127974269298702e-01
8.466706169773341450e-01
-2.582129124116391838e-01
-3.261907597404212211e-01
2.109610405098361063e-02
4.978712099558114668e-01
-5.055730663720124918e-01
3.951572556617388710e-02
-2.592706877493103357e-02
-5.029120825042470155e-01
6.926003221351875183e-01
3.128252065550066185e-01
-9.159499108488251551e-01
-2.172332186266652809e-01
-3.717116527786897828e-01
5.540248710069664018e-01
-4.872039706462635289e-01
3.860056479448736866e-02
3.187211688191945447e-01
2.777081470644519046e-01
5.652808621633933495e-01
-4.681543173654603152e-01
-4.821321916584451195e-01
-8.009583010948948534e-01
-4.676033735952271897e-01
1.978112311516678767e-01
-3.460458540205911815e-01
9.536195401436409202e-04
5.976366752359222323e-01
-5.943401828422993916e-01
-1.341434828956541703e-01
5.278877030099232703e-01
-1.903871475267187585e-01
3.089551518080171366e-01
1.345915388544369554e-02
-3.617141825739053074e-01
-9.299871499984675716e-02
-4.632320526663094018e-01
-8.396409922056645714e-01
1.204634793574456408e-01
-5.082260716758074670e-01
9.088809146259577143e-02
2.019893783085937311e-01
-9.066870287319344079e-01
-1.192686889351692592e-01
5.650546822430007055e-01
-2.523571717217072408e-01
-6.564709588612722690e-01
5.935405126359006855e-01
6.221900465772643996e-01
9.055791941066683448e-04
-8.971486487024905587e-01
-2.679682089389012756e-01
8.026829175790896054e-01
4.604875068957084983e-01
-8.551476601940414257e-01
-1.850675870136373469e-01
-3.323956636013030708e-01
1.048124305487573571e-01
2.435589940132372455e-01
4.338541136801503662e-01
2.770443702869371805e-01
4.612040809435092314e-01
5.883775030364640779e-01
7.254456364421493220e-01
-3.571376193432816010e-02
-4.868294206268112823e-01
-9.873879054155738633e-01
-9.508439824547131047e-02
8.611342661513622376e-01
-1.042955372555737226e-01
4.152212087799702633e-01
-3.984317939928306296e-01
-3.909642372481577088e-01
-8.197584038646148485e-01
-3.645327471681402143e-01
3.299685165545851451e-01
2.670348801172778286e-01
-7.762275678338772522e-01
-6.963232630197763173e-02
-4.386633910542471204e-01
1.861602188707806027e-01
-6.936908803890573516e-01
5.430745166129824497e-01
4.258881967869452834e-01
4.923635957370112726e-01
-6.849490169177587795e-01
1.634681915022511145e-01
1.060545183255177104e+00
4.882732679682846855e-01
2.795698672728368361e-01
-6.346159851425959841e-01
-6.937470036448261101e-01
3.923040227343526087e-01
6.702170138487144602e-01
-3.526819545638770759e-01
7.484066211272033531e-01
-1.265661026596237304e-01
1.148453566841764750e-01
4.309743617039045183e-01
-6.382708465788295982e-01
4.527501120218720976e-01
-1.013905769074015861e+00
-2.202117066375958720e-01
2.906672744409104503e-01
-2.446454334904237804e-01
-1.647478381810849324e-01
-6.059096874047520398e-02
-2.666254927898201732e-01
3.699851747265832103e-01
-1.785813828237469980e-01
-1.902417179805408476e-01
-5.310708899875776073e-02
-8.777819255860761505e-01
-1.957571976312058593e-01
-9.724202010225602155e-02
-6.216217093610998390e-01
9.296820881480840626e-01
-8.352213507362940548e-02
1.471429718910591544e-01
7.966988332529773009e-01
8.810948207110891328e-02
-5.574185278859684622e-01
-9.286154105102423229e-01
6.843498234161391469e-01
1.438010972215311989e-01
2.499645626485241801e-01
-3.023545765121260498e-03
1.469663945064884347e-01
1.081378984553824779e-01
3.280073918004958733e-01
-1.178877040617084815e-01
7.985262033584797914e-01
-3.525080544993545173e-01
4.937482596436404414e-01
-4.498813922342450589e-01
4.875741408935065913e-01
-1.567243856597906326e-01
-1.650259990074716965e-01
1.195663076472190389e-01
3.581620071003895900e-01
5.447863278373727969e-01
3.540518996080250225e-01
-3.011378077953219545e-01
7.539663410033813074e-02
-6.498338869274786767e-01
3.083381305602083677e-01
2.417877816535218272e-01
7.778029097867100727e-01
4.368922498549996369e-01
-2.657344248729597846e-01
1.428464890918147434e+00
4.034947742562135509e-01
-3.342864651474874993e-01
-3.839632306067413126e-01
2.249809369167558026e-01
-9.594033219354966557e-02
-4.093238065956484317e-01
1.334553603178483261e-01
6.094161462539299245e-01
-1.436642566446263425e-01
-5.677596975673653290e-01
4.618711913759009913e-01
-2.666194702978244013e-01
3.820406145491540562e-01
3.111384450759218101e-01
4.096190583247668604e-01
-9.267969612423179182e-01
-6.786987145427374468e-01
-7.837825785926301470e-02
-3.332890663286283139e-01
-6.536848086354094534e-01
-1.058853132366958327e+00
9.888587738766707602e-01
-2.704310405263863348e-01
3.387702457980281689e-01
-1.273391824984998477e-01
6.907658187531634519e-01
-8.462307557823633974e-01
5.035215084325972423e-01
7.145414666957411454e-01
5.146067495857276075e-01
-2.577866712342126165e-01
3.585539524310614179e-01
4.814697422580117570e-01
1.197101692351763891e+00
2.719594543713483303e-01
-2.615432113299644978e-01
3.121731127957068641e-01
-5.403086524765363108e-02
-3.374026464826183624e-01
-1.088727085323650534e-01
-6.420608571860976221e-01
-3.763485823991988971e-02
6.685198228417565947e-01
-1.754166559717804108e-02
8.090284902308755854e-02
1.043259187212141337e-01
3.249442774673912820e-02
6.820599356289503978e-01
-2.843774766121219544e-02
3.366946417885301468e-01
-2.220561603413702123e-01
-4.789212962329469914e-01
5.345756984337707296e-01
-1.226557163040214449e-01
4.797259209604396446e-01
1.223423974895280431e+00
-2.093478145666898549e-01
6.474995441671087537e-01
-5.517978849524332041e-01
8.751582610735647583e-01
9.056364832060137537e-01
2.324554235327654372e-01
-5.511249750501839850e-02
1.492642819619906525e-01
-7.210008064204662115e-02
6.209818276805662007e-01
5.154284911558988380e-01
-1.014573465588115120e+00
6.957292334098474917e-02
9.679159155981210683e-01
4.689154815143917743e-01
-3.161379187052655304e-01
-5.894338755995085499e-01
5.156708856243567007e-01
4.585602361661386683e-01
4.423155494199091931e-01
5.855877650093240794e-01
1.694521544637519472e-01
-3.554338056902950904e-01
1.667159121222073770e-01
-6.035608113694771459e-01
-1.386751882602278718e-01
-4.980932710158038068e-01
1.759724812458474674e-01
1.718644669606962383e-01
2.569717510441704156e-01
-3.036442417816405115e-01
7.157599574312962787e-01
3.727600649524028809e-01
-7.006624331867852273e-01
2.890133667866072176e-01
2.734300319047147099e-01
1.529022918313358709e-02
4.097326754811336791e-02
2.934564008904945176e-01
2.546160846678907630e-01
2.178039986416386575e-01
-1.135736898177419074e-01
3.052308613613607391e-01
-5.010452478296458789e-01
5.340332325172774119e-01
-2.003548154171701234e-01
-2.787116074437165913e-01
-4.652536946242006310e-01
3.191616427379714502e-04
-1.563842860115840228e-01
-3.928460857546012264e-01
-7.564667986206485839e-01
2.968825552731626516e-01
2.588379513060707349e-01
-5.002333959007403408e-01
5.447398539489028968e-01
7.925264089747781071e-01
1.590392130362306422e-01
4.561762540854132353e-01
4.849736037884366802e-01
1.038787206140248776e+00
-3.607632560342864947e-01
-5.015892737095428711e-01
-1.779772079654007577e-01
-5.290314109085937355e-01
-4.239845024143081842e-01
2.233908266193364855e-01
4.089029862786751068e-01
-8.143807611917514011e-01
2.054757789912114996e-02
2.945174627273213774e-01
1.996625844875197231e-01
3.294237595588874745e-01
7.996181510253626001e-01
3.249995176793447627e-01
4.120716926941124791e-01
1.137530815619913760e+00
-1.125016611334460070e-01
1.584365313969050559e+00
3.737340412543828094e-01
7.270516909856988841e-02
-2.120437737886768925e-01
-1.090625508871952087e+00
-4.983056301904231766e-01
-2.191606223230710415e-02
-5.969216686903546787e-01
-2.463841198954355438e-01
2.315482501835982865e-01
-8.415837541631139285e-01
5.718253342449096666e-01
-9.503128880947431245e-02
-4.841426931747903617e-01
8.444315696262318927e-01
-7.436287598574110591e-01
3.606260145691648766e-01
-1.352531812922859455e-01
4.428676449343329491e-01
-5.386188473439376123e-01
1.092772188437943354e-01
-6.291916383664553081e-03
1.130225115988630485e-01
-8.530603847103555015e-01
4.143230785744239641e-02
-7.590305909534045270e-02
-3.568911825149925776e-01
7.276097570176219553e-02
7.209038637906151070e-01
2.772068560651368974e-01
-2.934998182834507308e-01
7.332986341925555873e-01
5.709001377856637305e-01
-1.879347843127910853e-02
3.043427649572513771e-01
1.040164689558877420e+00
2.319569446798913359e-01
4.878018864821197509e-01
3.127673025623239900e-02
-2.678582836411038670e-01
5.497475234550468493e-01
-4.661170033201296747e-01
-2.193587411582215152e-01
-7.409223043982648971e-01
2.779673154578486960e-01
7.683018540952296638e-02
-5.625448213115575857e-01
8.788750179479627445e-01
-1.235921381329873503e+00
-2.795971238492666044e-01
-4.103803309356263695e-01
-5.044381471580567933e-01
-8.969764057336571117e-01
-8.121970822678160618e-01
-2.256061019867301731e-01
-3.157009060469659345e-01
1.745916508528551903e-01
5.624099403166255007e-01
4.319677832143307972e-02
9.116561480961418162e-01
-1.030316340486591431e-01
-1.262175430209901694e-01
2.108082351796280451e-01
3.331018401457445099e-01
