-1.499619430550956367e-01
-3.633095504445296164e-01
-6.561233820551648499e-01
8.107037358964203078e-03
1.778638059363464863e-01
1.120883441567557703e+00
-2.158193678924005265e-01
-4.948543432058243319e-01
-2.953851155559730213e-01
3.069845083237569550e-01
-4.057236689122546980e-01
4.136273344135421026e-01
1.595871869317327940e-01
-4.980925303779819568e-01
5.262509344958554713e-01
1.337144271256088257e-01
-4.704260690729653027e-01
7.896678830423400908e-02
-6.004036125972030957e-01
1.142366440294163427e-01
-4.235409476394284556e-01
1.148879488582795205e-01
3.196183766917322089e-01
2.348383176000586325e-01
-2.377301818289043189e-02
1.255275979391047847e-01
-5.087391405717503479e-02
1.989739287867317019e-01
-7.965053590079226309e-01
-6.868082554717133692e-02
4.797778474515543290e-01
-4.772365170840620063e-02
7.191992595161061930e-02
1.568264563744478368e-01
6.460860945029441027e-02
2.170743463006595264e-01
2.504358805522329812e-01
4.581499873770186193e-01
2.332059958154121537e-01
5.125868465231391002e-02
3.942737667319277106e-01
2.916450346527497128e-01
-5.482746115812997534e-02
2.175662830003160797e-01
2.359572205668572509e-01
-1.993775115622073435e-01
-5.346329658495123649e-01
2.738839327498395759e-01
-4.749217650848788219e-01
-6.488514919482364640e-02
-5.645529334787032782e-01
1.024998803876749492e-01
-1.746939636754400449e-01
1.769165670567399429e-01
7.954966284379676456e-01
-4.881380464196169444e-01
2.087408371203538782e-01
1.757354794274530174e-01
5.371936947936586382e-01
-4.135880296315094795e-01
-2.502061488999535177e-01
6.757515532584470463e-01
2.213124886171430050e-01
2.511937184499150044e-01
5.211110088660140249e-01
-6.692516175775121701e-01
3.771047760171590268e-01
-3.916449583626352982e-01
3.107926449326853802e-01
3.318970305322836434e-01
-6.043119651149152505e-01
2.145665250184129735e-01
1.248155312575732340e-01
5.690515050715754253e-01
-1.255151341333188286e-02
-2.328382424214879287e-01
3.590752276664095355e-01
-5.042379669477625725e-01
2.032776825638219764e-01
1.329031742331142352e-01
1.723105203948909758e-01
-3.207179886810168634e-01
1.384800734921996512e-01
-4.069812868233063652e-01
-6.376515148307484449e-01
3.348815850589230703e-01
1.701344106188927285e-01
2.552768389054539400e-01
2.702261036685021933e-01
-9.326032451404524248e-02
3.782362458716431730e-01
1.800489350256065935e-01
-6.347080014763991640e-01
5.948152511298553380e-01
2.585544002361314653e-02
-8.429899668190764528e-01
-1.454352680357445582e+00
-4.254147026449704994e-01
4.804379108322253678e-01
5.759744803834064841e-01
-3.680709290197262673e-01
3.692088233160809585e-01
-7.142731889841877901e-01
-2.574963239996193309e-02
-4.910928912053319495e-02
-3.391496303605008866e-01
-1.375712669872163341e-01
3.302630285088986040e-01
5.245990050372657532e-01
-2.316635298577449653e-01
-9.470103475455927955e-02
-7.372616100473000644e-01
-5.555528456392536674e-01
4.444595492945552784e-01
4.399356911733554032e-01
6.629125101420531019e-01
1.193048689928086492e-01
3.361456101841621136e-01
-6.069670556067233713e-01
-4.756467724744681269e-02
2.107272565069900905e-03
-4.997313758258231653e-01
-1.725813810665065978e-02
-4.105100111479738634e-01
2.575680596263246053e-02
-3.400866977578108630e-01
1.193008004167569053e-01
-4.165148304354303055e-01
-2.921736275893459522e-01
-3.583354362081057898e-02
1.028537555796275454e-01
-5.435501001589494452e-01
7.192221630299291957e-02
-1.091319525877437746e-02
-5.249538622039886526e-01
-1.023562287273241944e-01
1.329014199014862119e-01
-3.269352685223708699e-01
8.022852634150263729e-01
2.494465912711338329e-01
1.214206301322205972e-01
-4.908714281408503854e-01
1.543830504276420823e-02
1.018033839931262174e-01
-8.624319145391299291e-01
2.825514113902514168e-01
-2.705952430871707559e-01
1.356637663705535513e-01
1.089364628062371998e-01
4.984276896357798248e-01
2.183213152492254339e-01
-2.471585955578274874e-01
-2.335533888484756238e-01
-1.175437107286708971e-01
-8.436022231079990386e-01
1.812458199450283636e-01
-9.301427363309749952e-01
6.491338087292514158e-02
-4.736979837272797256e-01
1.378527950449260908e-01
1.490860360710236088e-01
-4.402147120425295435e-01
1.973139765701313886e-01
6.842711582411237226e-02
-8.426612101438756275e-01
-6.923621601361815148e-02
-1.929487065606327323e-01
-7.308547443597284143e-01
1.936517766356607995e-01
-1.876979492086748302e-01
4.371085993518326607e-01
1.976970343475175640e-01
-3.386351973557213957e-01
-1.018697276171709742e-01
-8.934935047760080851e-01
-3.072048966256298863e-01
-2.227717260226707019e-01
1.075465899255851676e+00
-5.627601075438304346e-02
2.413786444085304073e-01
6.169608352540054130e-02
5.219936252419223877e-01
-4.984676275601873652e-02
5.776357670649887588e-01
-1.621636763016239824e-01
-1.653195256022713111e-01
1.092290194181041008e+00
-5.133293404462115905e-01
1.572520490418438388e-01
2.793808723310163278e-01
6.095511526778200073e-01
-4.898517319274527104e-02
1.946667138768401473e-02
4.622595015423284215e-01
-8.574203561925406447e-01
8.972283728392752566e-01
-5.118724598505681733e-01
3.691910143516902720e-01
1.583888639702401568e-01
4.947175463564283948e-01
-3.949737364523064342e-01
-1.047135297390592523e+00
-2.569527784497778744e-01
1.262257859610443622e-01
-2.856826240389843952e-02
-1.875752479161100772e-01
-3.518773652883425140e-01
-4.118129784535113358e-01
-7.857434911881819861e-01
-1.887732242151634043e-01
2.388976822367465669e-01
4.888661350889342838e-01
-2.554581040940326342e-02
-1.974159753893682256e-01
-6.057826306460210031e-01
2.421344296570334120e-01
-4.393383119285957372e-01
5.765252449824225245e-01
-2.121803142725237623e-01
-9.623135400399879247e-01
-6.164329627524592348e-02
6.903833237241049914e-02
-5.003641067279579469e-01
2.559517325031559487e-01
4.065379109055440310e-01
1.152743458543935284e-02
-3.456712646143452750e-01
2.067418125760318581e-01
-1.944419186343600003e-01
9.139056360200852325e-01
-3.459716146562484829e-01
2.125213068165147240e-02
-2.063926835674559368e-01
3.715345713731807997e-01
-1.613508977282231971e-01
1.639221914993201357e-01
3.834094089318811349e-01
-2.714828149810851188e-01
-1.751882964175777713e-01
-3.450564750057780183e-01
7.716211888076794645e-02
2.109401240904274499e-01
9.304482460208986228e-02
-1.659937763238125141e-01
4.073196697425962021e-01
-6.009652186260159290e-01
-3.764056405633474101e-01
4.807756886131651086e-01
2.554532474278115028e-01
-2.530196187201544933e-01
-2.407057877286526010e-02
5.719331291335459921e-01
-4.395107367283210276e-01
4.041655631009408722e-01
4.826662677813405300e-01
-8.168366140257032892e-02
-5.319510103699346404e-01
7.206810516886826001e-03
4.534435181344929622e-01
-1.980949522188934497e-01
2.422731957800011715e-01
-4.530358588190727120e-01
5.889028701313627767e-01
-2.307974129169896027e-01
-2.386742076205015939e-01
5.391595359763400319e-01
5.254454148681776404e-01
1.288246337154058674e-02
4.685404455819144887e-01
-3.123692922251415371e-01
-3.866418956561500780e-02
3.313718988472481586e-01
9.401382970574501119e-02
-3.325396583472580714e-01
-1.344724841622744749e-01
8.043156864233572123e-02
-8.080380122240234941e-01
5.331709684279261063e-01
-1.181399754389089729e-02
5.958207610831052214e-01
2.625160391374237873e-02
-1.045401495058271846e-01
3.291190579716206654e-01
2.651904987840624228e-01
-5.742937962192394830e-01
1.222584237191568918e-01
3.552698586153196225e-01
-9.422550966466860523e-01
2.766355303003532606e-01
-3.183864606910544182e-01
-1.289073600809598874e+00
-1.014923442507340012e-02
2.414539694577519935e-01
-5.954533249749296431e-01
2.971241862228888864e-01
7.872342879373877000e-01
1.671855545687116473e-01
-1.805273414715120039e-01
6.058319184182507922e-01
3.855926006016747731e-01
6.544279465233933113e-01
-4.575898489721426654e-01
1.044336641033007246e-01
2.829617261620041013e-01
3.187495511409424442e-01
6.134376569973837290e-02
5.082816469625918154e-01
-5.502897432451336890e-02
-1.898238332202295542e-02
3.863542911734461904e-02
5.227747124836601422e-01
-1.665876105251554440e-01
-8.101697286959592681e-01
-2.493160190475097182e-01
-1.058790459281393898e-01
-5.934959940016655278e-01
-4.895985591427889361e-01
6.961644640397189887e-01
3.570662595561309161e-01
-8.530538783071174302e-01
-7.736516926222142265e-01
-1.618934432407813373e-02
-5.627899226955532797e-01
-2.665730492831529519e-01
-1.520588316495715131e-01
-4.441743000301826561e-01
7.238112695644808303e-01
-2.599679390010437019e-01
2.625103205814077745e-01
1.151953179490931845e-01
3.202549553852060971e-01
5.581050401415220685e-01
-6.202283587661983066e-01
4.916592123295878136e-01
7.854512214663433856e-02
-2.699883262377769100e-01
2.092003972434907100e-01
-8.368512748353509334e-01
3.116194321038608106e-02
2.997616729121794776e-01
3.681819871129141108e-01
-1.476337962378038438e-01
1.644073397753233468e-01
-6.718249601855960651e-02
-3.065509723868985459e-01
4.228840008187141342e-01
-2.507990173709908066e-01
1.087652757490699118e+00
-6.426576157072213524e-01
3.922086514617941777e-01
1.950891140218414255e-01
-4.294451072878248121e-01
3.325921340530229586e-01
-8.576522973892812540e-02
-2.632881694790406568e-01
-6.019576036646805406e-01
2.500450450642264233e-01
5.403324836218126315e-02
5.415266492323205227e-01
3.054634596753462716e-01
7.462716422821450424e-01
2.553367341737527996e-03
-4.061758612014385594e-01
-4.281350603466599347e-03
4.666101075568934164e-01
6.251146139342075303e-01
-1.483385466870240643e-01
3.856795580956122738e-01
-8.030233952484728821e-01
-1.506245175540888437e-01
-2.867582021541253967e-01
7.211938808281054270e-01
6.324415758551438227e-01
2.909869028868353191e-02
-2.621243932186961278e-01
-5.146026064767547092e-01
-6.069234637429817836e-01
-5.131475249482998491e-01
-4.513003965169915532e-01
-2.495901153457061317e-01
2.419155066934690901e-01
3.241324590033365927e-01
-3.840215892672924070e-02
1.968698532946144830e-02
8.308991401792628073e-01
-4.101941588803654226e-01
2.441486373442373348e-01
7.569786994160465632e-01
-7.330276260149020118e-01
-4.452655015864602772e-01
1.150065482462619304e+00
-1.408945217285242912e-02
-8.709576471531538244e-02
-1.166293453470516717e+00
-5.328303644952002704e-01
4.205290319758364093e-01
1.847016056063225942e-01
-6.048047421290354553e-01
-9.961453107987194855e-01
-1.363971804118991049e-01
1.221643267305297931e-01
4.438287776157641695e-01
9.141029173837922350e-02
2.036742944767673535e-01
-1.833492101410960640e-01
2.785008313330655239e-01
-1.674691903370937041e-01
-3.440286805510335277e-01
-2.823478241082826024e-02
-5.976210923457050406e-01
1.032208151566800514e-01
1.699393225126050733e-01
1.494856803934474787e-01
-1.965299269015712835e-01
4.603714016842949674e-02
5.385979614460187914e-01
-4.570018803130466156e-01
-1.598294996124206557e-01
-1.215733952271357554e-01
-1.410648968069407594e-01
-2.514459119816243593e-01
1.521384354615123446e-01
9.012479907386998779e-01
1.414701487705603888e+00
7.429505108642626698e-01
-1.000876550552639715e-01
4.049683984590581320e-01
3.779924321033267809e-01
7.304543811047228830e-02
-1.128698830276562287e-01
-2.463107544986347930e-01
-2.910676372668049017e-01
9.876915013045406422e-02
5.472485081266332818e-01
5.783971984181930370e-01
-8.694246172101850745e-02
-1.460956366378670657e-01
6.719951034838654857e-01
4.530053500746525352e-01
2.917246983496210033e-01
1.709792803486421819e-01
-7.711448916577509638e-02
-1.171913415674310094e-01
-1.840698945335838554e-01
-2.294583337025228598e-01
-4.605204136069838694e-01
-5.498054213103207299e-01
3.561864488523031058e-01
2.979594858985860628e-01
-7.219362013880287199e-02
5.399889858662778597e-01
-3.032683997474804882e-01
3.173881567984939700e-01
-3.077042588752711971e-01
6.135188792930927268e-04
-1.189922267320176613e-01
-5.925457509531961708e-01
6.590507438421446818e-01
-2.128949748515439611e-01
4.966176002585653837e-01
-9.568483417443210959e-01
-5.572355038779243097e-01
6.440735697926218695e-01
7.345766888586165999e-01
6.719956876352649322e-02
-7.597561043194309693e-01
-3.895826549422586327e-01
-6.572520210038801380e-01
4.518738402649653541e-01
-1.275299153512197692e-01
5.242970223374637806e-02
5.530381240959618416e-02
-4.126350591738311979e-01
-3.053368863120353716e-02
-2.298807897689395252e-01
-1.315042563222859340e-01
1.804732546005771709e-01
-3.753219030743566026e-03
6.788970114130674083e-02
5.903437118210099754e-01
-2.844391292760945489e-01
4.768544208552348285e-01
-5.449949839115244554e-01
8.622648714710605677e-01
-7.898238513811625672e-02
-3.269159672496448898e-01
-2.524694796990950563e-01
9.781191351704898729e-02
-7.943656258566939021e-01
-4.138177123338463992e-01
6.076207130839103576e-02
3.883577816898928226e-01
-9.975859603160228128e-02
-4.794844964409474275e-01
-1.292754322925798033e-02
7.308942396762037053e-01
-7.310573851336943374e-02
-3.392410775801560363e-01
-5.290046608653470317e-01
2.728661361244889560e-01
-2.384750713670940880e-01
-2.120707439914510939e-01
4.821623905312823199e-02
-9.425512405608364730e-02
-5.570440971005184982e-01
5.674471574814349273e-02
3.987031640129160004e-01
8.166749320953750613e-03
-3.818787205227408554e-03
4.213453060622025514e-01
3.686571135259547605e-01
8.035040097195333963e-01
-4.677913430539976103e-02
-9.426027784117801955e-02
-2.486928240904288934e-01
8.176012525602629477e-01
-6.711799838644816329e-01
1.614887138786477438e-01
2.454344249182837945e-01
-7.427600433076552155e-01
-6.831592328084497012e-01
-6.652752417415371822e-01
4.326202620785722375e-01
4.305704936827443596e-01
-5.052286696426573354e-01
-2.098050711008315750e-01
6.672699219194717646e-01
3.635303707643925963e-01
1.521766813984200273e-01
8.425406109329809379e-01
8.758677716517646039e-02
-4.570138333231664740e-01
4.081523956127221520e-01
7.060470082414080362e-02
1.065779105574671953e-02
-8.848190471159338433e-01
4.824986575509295772e-01
-1.561083935770873898e-01
2.271766170316348865e-01
6.276332022842551206e-01
4.310365379771251559e-01
2.695355313077366088e-01
5.607315801889389828e-01
2.909743395444455150e-01
5.021757643711404206e-01
-8.687608790073048093e-02
-7.608492188068377571e-02
4.617309060078652605e-01
-2.400684249794250991e-01
6.882085018208583538e-04
-2.719449613145962230e-01
-5.212125416323420968e-01
-7.247899928509059231e-02
2.307324896154234750e-01
-7.018630875110724032e-01
4.462925534309848397e-01
-1.360580931589072673e-01
-3.063124907755826465e-01
2.401835856031638294e-01
7.269479623534597090e-02
-1.030501793196078597e-02
7.364954597478029497e-01
-1.397137982020044411e-01
6.417189528149402911e-02
6.040758488561165374e-02
-7.817189275679489735e-02
3.293807638906149360e-01
-2.802589059540519512e-01
-2.275436329471566543e-01
2.829565947002116166e-01
7.610885340439597080e-01
2.285278736727356930e-01
-6.668382133670210932e-01
6.548240745835970378e-01
-5.937658597920604242e-01
1.788327541483835381e-01
6.472957518758990503e-01
-2.182179999009352389e-01
3.707966461581500839e-02
-1.242475595197251037e-01
7.848561190732956661e-01
4.808005204952667810e-01
-8.915053376722389955e-02
5.819505594318741259e-01
-7.691177177944796828e-01
2.202500278711473081e-01
2.589622297946673202e-01
-1.238551416807892880e-01
-8.726532779693634279e-01
2.811656312055127449e-01
-1.060117625190849233e-01
1.840927479682773760e-01
7.354555942841115024e-02
2.818524512672030968e-01
4.190917685085467775e-02
-7.583158405622436593e-01
1.119623920892390129e-01
-3.492043084605034875e-01
1.690214632160693120e-01
7.810366133250234988e-01
-3.687651987119266450e-01
3.172441810551397956e-01
8.259096552407871328e-02
5.441385592798414494e-01
1.125200647798382469e+00
4.621889072953214161e-01
-5.128949882561169293e-02
-7.195438084268543921e-01
3.241779340043108859e-01
1.539022535724303697e-01
3.290927143570602231e-01
2.970058203970870059e-01
2.914459213938255799e-01
7.671614008731802992e-02
6.076885292039631292e-02
-3.231951165272107795e-01
4.200310415630797989e-01
3.245044410133460233e-01
3.634864495405635276e-01
-7.140640235408792780e-01
-3.408679251509912911e-01
-4.936457623847623766e-01
1.828337810661499752e-02
-1.022595991916864094e-01
1.075614389436820029e-01
-1.021522541259475003e-01
-6.397909278271389777e-01
-8.192788249594318284e-02
-4.905491083720848744e-01
7.109758295955939111e-01
-4.930788588166498121e-01
-1.996561112650304670e-01
4.307678041122314783e-01
2.091647752406355365e-01
-5.049883921014195476e-01
-5.197253775196151171e-01
-4.353720512239902529e-01
6.441642972729783034e-02
-5.738496632566132405e-01
6.862163955894980960e-01
2.884089782916913203e-01
-1.161767864332370614e-01
-5.977013078100119614e-01
-6.770436525491213553e-02
3.275153232221295063e-01
2.567891688682655271e-01
1.569409254176127866e-01
-6.241311327862600900e-01
-1.597498450683637605e-01
-2.947151140234693933e-03
-3.493351898513701315e-01
-2.056459758310626995e-01
-2.985569231617137276e-01
3.611549352609872421e-01
3.053463151979233237e-01
2.975289071658758777e-01
8.405898331765693232e-02
9.184173649786459004e-01
-2.586743228530816729e-01
4.840927793656892020e-03
-1.496769451859056299e-01
3.312462996375687974e-01
5.078334267932866908e-01
4.347023793434814376e-01
-3.652546748068470350e-01
-8.993203027160463492e-01
7.070012095964903209e-02
-6.281102638781816960e-01
-4.261447233628435360e-01
-1.510755386515165721e-01
1.530621369084556316e-01
-2.527908029237248000e-01
-5.723528288299501998e-01
8.740072913983543135e-02
-7.019111566168756422e-01
1.554036718543015394e-01
4.766908081304581102e-01
-7.829679673655187688e-02
3.691633380007413034e-01
7.124608572403154372e-02
3.330686342269962852e-01
4.663242072031033025e-01
1.874552353992594567e-01
-5.496631746648972250e-01
3.869905474660195743e-01
-6.176218917139270070e-02
3.094368682495953204e-01
-4.645780028347210600e-01
-5.257413690255352545e-01
-8.361369710192537164e-03
9.279952770133506612e-03
7.208954805046909886e-01
-2.145707674915126872e-01
5.927138467621840823e-01
-3.188498211043688801e-01
-5.675304360160334793e-01
3.811693959591808678e-01
7.264491798440072534e-01
7.509000796264257982e-01
1.753491046571808432e-01
-4.330271625650297662e-01
-3.345972610258336477e-01
-3.719803952263381341e-01
2.558987627528981901e-01
-6.571408198473451812e-01
3.000559524991457394e-01
-5.569075454220584476e-02
2.622754784220383550e-01
2.772867122840316223e-01
-5.643387919651973172e-01
-4.964579501447366483e-01
2.742354709624686970e-01
8.929988789909768521e-01
6.059740278840464178e-01
-1.191218756035038601e-01
5.448574087790578613e-01
-4.223554597220307016e-01
3.373362668370734063e-01
-4.174678422485829654e-01
2.552603034581711894e-01
-1.040922656866525520e+00
-7.372561399409719440e-01
2.003817682359365082e-01
-5.134985209829108221e-01
9.895942921167154294e-02
-3.253839594650001499e-01
2.769684555752049970e-03
-2.737660671285784275e-01
-4.582949570549449958e-01
9.718920448983997540e-01
3.009678339452946938e-01
2.759276727413680352e-01
-2.640602575842967981e-01
-9.246873770652355162e-01
2.984511779755408822e-01
-2.416784257625190224e-01
2.529946423691937785e-01
-4.654621313603718447e-02
-2.013870090636796784e-01
1.491729723758157267e-01
2.946697643248666898e-01
6.252964378960138014e-02
-8.215090446374559430e-02
-1.058717732728441108e-01
-5.484421187791057584e-01
-5.903571394313590626e-02
3.917999048476016322e-01
-2.147318017127275158e-01
-3.198351632300396319e-01
3.782933589745122172e-01
-8.998519907255177197e-02
4.377030601733678528e-01
-4.425899277782345265e-01
-5.801972952567857611e-01
-5.729758331741514610e-01
-1.781427245990563901e-01
-4.240672977447699776e-01
5.845026945770087634e-02
-2.164975524143014640e-01
5.934047111314602607e-02
-6.975754082592973138e-01
5.618703587708855779e-02
-2.977249217808703441e-01
-3.753764915973170635e-02
3.760867279515656691e-01
1.856050009984406834e-01
-3.639431758854860810e-01
-4.526832408188674606e-01
3.827319936513077225e-01
2.244245546175008543e-01
-5.317963231435620663e-01
5.462315008169562613e-01
6.205352904289916649e-02
2.575698214318529744e-01
-2.085458666853697851e-01
-6.970236144633450426e-01
-4.657592619638046827e-01
6.411466146979974967e-01
6.520462652335387022e-01
2.341038757516275548e-01
2.868207769852985090e-01
5.532064320016910619e-01
1.713551650860201947e-01
-4.578382051810354902e-02
-4.869370388921375747e-01
5.215463794716578283e-01
-3.562511542825982369e-01
-3.941660418798378362e-01
-5.416327142588834853e-01
2.191912423756008921e-01
3.077855109654500376e-01
-7.827725116534008931e-01
-3.203108153470428654e-01
-2.963626900450988533e-01
-2.872521784887960283e-01
-2.087066681089795317e-01
2.425743774499523053e-01
-1.183215818073860115e+00
5.002005188974181227e-01
2.719600580894384056e-01
2.795486912383309264e-01
-7.366756004921545253e-01
-1.493638667052159252e-01
-2.351388375971808775e-01
-1.201824380694703098e+00
7.405471381150000587e-01
6.750093919974932133e-01
6.937516224153182920e-01
-6.426934816013417651e-01
9.571531434158079277e-01
-2.541923322073707525e-01
3.491541040985821631e-01
-4.646228212409868608e-01
-2.985646560162897312e-01
-6.736925219521580077e-01
-7.582603524695694652e-01
-6.074303887171504934e-01
-2.098785345111857659e-01
1.565319962478099458e-01
5.683905711538027594e-01
-9.924585100143482053e-02
-5.774089832602552486e-03
-3.180384899664089327e-01
-3.503822124890099698e-01
2.204198906646180900e-01
2.685153118072722278e-02
-4.804076737944907305e-01
9.383155268162553242e-02
2.451635057846188737e-01
-1.707227145806107516e-01
-2.126678843586746748e-01
-2.577418116135431897e-02
-6.137643575010794939e-01
1.306849565983017603e-02
6.475565190698111540e-01
-1.758369651895159702e-01
3.161319103279262022e-01
3.363671417296504318e-01
1.689284363266803091e-01
8.802957694817321599e-01
-1.484683552962330622e-01
1.405906529994531418e-01
3.806243038995346106e-01
9.092105209636067720e-01
-7.133002107946048165e-01
3.176375462790578807e-02
3.592890284306864968e-01
1.134208815584272223e-01
5.970008268666671114e-01
-2.468716908650089581e-01
-6.320769514785090637e-01
-6.336710997597764239e-01
2.899629222296429831e-01
3.551775062689996876e-01
-1.825965763155361632e-01
1.555809789417823552e-01
-4.709415470585603947e-01
5.948886610590622404e-01
-7.098305379678837568e-01
-3.400914708750696347e-01
4.454150249336280565e-01
3.716428787794520683e-01
-8.096418353346070962e-01
7.223875732287020346e-02
-3.250980468432290160e-01
-1.963644923114110930e-01
-6.168361965488645682e-01
-6.600733786099798051e-02
2.449366049614608021e-01
-1.362798261248515663e+00
-4.301522085783762162e-01
-2.713200763979412566e-01
-6.242711008687069907e-03
-5.310470200090450232e-01
3.382224972675329511e-01
-8.776701765326841986e-01
6.591992136965865168e-01
4.541528701960358960e-01
5.859368275331984233e-01
2.894031367510136940e-02
-2.788487528777097157e-01
1.721729771158972966e-01
-6.619678502176684631e-02
-3.607602431918235375e-01
-5.261596643589786515e-01
1.389868526264053106e-01
-3.117533873005144951e-01
1.569241198424196904e-02
-7.760313696469144373e-01
5.437647266877665420e-01
5.007326511856283746e-01
-5.541785540012649225e-01
-1.916773827992915569e-01
5.280852997532469173e-01
-8.063545731060603461e-02
-2.208116738554950220e-01
-1.819109615857235074e-01
-2.190362419263020277e-01
5.199606721040104240e-01
2.026634960533019725e-01
-3.799737598377705972e-02
-2.999866915281738100e-01
-5.956032754261324502e-01
-1.893024146278341202e-01
-8.863100103351858605e-01
2.842890990885971192e-01
-1.460916115717520725e-01
6.996129399116284286e-01
-1.383285370939526804e-01
-8.612767385963399080e-02
1.265059326721838517e-01
2.096289255753079617e-01
-5.373515745948522770e-01
-1.042369461166270939e-01
-2.457908045172363387e-01
3.084223660139583378e-01
-6.391800402559396632e-01
-2.115852205300898237e-01
-8.074105735708794751e-02
-1.558875994921700148e-01
1.211498190984218598e-01
9.405668963797746140e-02
-5.828599692815216171e-01
5.915211572619043512e-01
-4.142619958017541015e-01
3.157819545157364294e-02
-6.302054811347317376e-01
-2.446033515647190459e-01
-4.270203257394323271e-01
3.204229546927534478e-01
-3.797334684103474967e-01
-2.981935247044245618e-02
5.051939561625896635e-01
4.289283822971896032e-01
1.028122822908710265e-01
1.071540770019131283e+00
-2.870494269346633431e-01
-2.522032412651360467e-01
3.972451067376394640e-01
-3.738983197469090691e-01
6.056823736794743063e-01
-6.840243777025802885e-01
7.138016783626209838e-01
9.080476796454271804e-02
-1.042434431054631294e-02
3.433077748852626787e-02
-1.409498102780430417e-01
-5.267660450649067072e-02
-9.518478416686640964e-01
-7.607915357945195245e-01
-3.975445655803975797e-01
1.397785183397640685e-01
1.964331149781471664e-01
-4.915196516850274533e-02
-1.084302119149867655e-01
1.175129449236074763e-01
-3.880700254404825800e-02
-6.455913356426319361e-01
-1.426652753346266678e-01
-5.954550989784175297e-01
9.660532622886611742e-01
-1.504361626329575596e-01
6.541320751282513057e-02
8.393510699649171791e-03
-3.762277671988361605e-01
6.664640528349348170e-01
-6.880416303100631570e-01
-2.770658928839670465e-01
1.663439462709710992e-01
2.056586398550479255e-01
7.457291995379075056e-01
7.465000956018101874e-01
8.091251952042967377e-02
-4.719448336889628948e-01
-3.130001584297404382e-01
1.517093923383283083e-01
5.874509186937214578e-01
-5.765966716834285410e-01
-6.963528196822872385e-01
3.837121451678644490e-01
4.714454741926744630e-01
-8.068383266623208039e-02
3.284882357478839388e-01
2.650823848704336738e-01
3.663902426260066125e-01
9.058431072217429381e-02
1.350638886726323040e-01
-9.127632087511090841e-02
4.194832791092301116e-01
7.170460453636231524e-01
-4.037959540291543581e-01
-3.147685157249769383e-01
3.108699280490385131e-01
1.311297503820726407e-01
6.944332549968937895e-01
8.807190347687465781e-02
2.519097591540961356e-01
4.099452211979089378e-01
6.996908022502489333e-01
2.083878112830633844e-01
9.175092288389098336e-03
3.032529530975976995e-01
-2.308545775464670435e-01
6.200647208681558942e-01
-2.214817060074994459e-01
-3.710356775409265340e-02
6.181764391071045694e-02
-3.987500859028506595e-01
-4.091526220743078868e-02
4.682149955614806069e-01
2.897237608443678503e-01
4.605176744187978177e-01
1.180107793959669499e-01
-4.887864812941598580e-01
-2.953205982536653007e-01
1.502723037582975041e-01
1.400736005957995411e-01
-7.534302762219126093e-01
-1.017685606419965194e-01
1.015572636857080768e+00
-4.319884043770829130e-01
-2.812531030266477994e-01
-1.256107513241088713e-01
-2.322172972912677769e-01
-5.562483123985524358e-01
8.073695525179506172e-01
-3.507675653230423185e-01
-1.827159633932237681e-01
1.446145148993347729e-01
-7.107749248936037767e-02
1.345011206175004415e-01
-1.238840694356415639e-01
-1.123543386540988842e-01
-5.801092539946273163e-02
4.336122700833100474e-01
1.683472577832480499e-01
1.185611224914540074e-01
-1.860275496272724427e-01
-4.986679258345713128e-01
-1.126738412626864388e-01
1.833422154432393925e-01
-3.769497641610848326e-01
-9.508185665642837625e-02
-8.016492150082280554e-01
-3.090985123467379636e-02
4.685795722920413908e-01
-1.106427768520615307e-01
3.600821822260850680e-01
3.195609992855945602e-01
5.447013669822262649e-01
5.401696242162924433e-01
-2.661322305440284031e-01
-1.184136491000252756e-01
3.980018375393124530e-01
-4.147016093619756427e-01
-4.987794632356894464e-01
-2.081981205648170685e-01
1.477194677623283048e-01
4.597143547066950831e-01
-2.944132691900889776e-01
3.455098464175688777e-01
3.978018296637048090e-01
1.743438305148872214e-01
6.499373487107947822e-01
-7.709895084412602406e-01
-1.944418861188020597e-01
3.646921116997456913e-01
-3.362015489115452449e-01
-1.925461602036236397e-01
-1.394491055607186003e-01
1.090205570256137790e-02
-1.216181751400826488e-02
-2.763404403120645059e-02
-2.747594728469007763e-01
-5.190533077007130069e-01
2.353237134361572114e-01
-3.512625608552046308e-01
-5.999053453598983399e-02
-5.518275078904417708e-01
-3.711923894080413899e-01
1.064547975832804833e-01
4.724830943410228412e-02
6.528133807325136040e-01
1.477199669805602245e-01
-3.944812280137689753e-02
-6.704244224494136928e-01
-3.993471163348710773e-01
-7.911753628801223570e-01
3.728905801245194218e-01
2.377997753709973072e-01
4.177936025369399786e-01
-3.497817177848391856e-01
-1.071992812041326903e+00
-4.380095462843741072e-01
-9.733005364490406042e-02
-2.868193993599253699e-02
-3.593203486825605197e-01
-1.692114589533100788e-01
-5.755146712454521918e-01
3.657592348528375115e-01
1.411749516347748645e-01
-6.832849158734602968e-01
-6.391135014624371724e-01
3.963631275548765709e-01
-4.532618767860084330e-01
1.849773589248022987e-01
-2.578831580483018082e-02
2.992639380198073296e-01
1.656594914658957585e-01
-4.378567930135833786e-01
2.568516655669262350e-01
-1.070572894870641389e-01
-3.934836424384304809e-01
2.426087664138900368e-01
-8.205585952990714915e-01
4.011320164338911809e-01
8.884420320869832466e-01
-5.329874690772228307e-01
-7.728503473999800977e-02
1.067909600387050295e-01
-9.498688842105998398e-02
2.216070992897752889e-01
-3.496171876704476378e-01
-3.805630842926609470e-01
5.044666938104509502e-01
-1.745776358485969237e-01
-3.420528620796690622e-01
5.870450409800026526e-01
-1.933726143307710199e-01
-2.238357959301284783e-01
-1.967227393861860629e-01
3.744118818564798890e-01
3.559596386822124203e-01
-3.038228110680847860e-01
-3.663903918984252606e-01
1.888061331938231391e-01
1.420544145741164388e-01
1.532730779150325295e-01
4.231807755285339478e-01
-2.845019625863992596e-01
6.267266424694772908e-01
-4.504555722149150565e-01
4.265652995823414062e-01
-3.835362794578000001e-01
-3.829391957335551155e-02
-5.686058743166788609e-01
2.826072133065262171e-01
4.372452062914982118e-01
1.072159737985147882e-01
-2.465617699860131184e-01
-5.015193160575318609e-01
-2.080507422802212736e-01
8.257807939766477201e-01
-1.734032312402344900e-02
-1.855508779136248454e-01
-2.619943679321978802e-01
2.648581954836356708e-02
-1.121526973323158649e-01
3.341159013463285699e-01
1.365925588310989980e-01
-4.285068592040759405e-01
-4.302888409768967914e-02
5.900258931231798787e-01
-2.538702019421247846e-01
3.306342673321549519e-01
-1.146121987288788308e-01
3.103549321023211238e-01
-1.144524920620140912e-01
3.739918173895829812e-01
6.710044092478737454e-01
3.258772851607181775e-01
-2.575472652126282735e-01
1.510435162890754190e-01
-7.425455755992468876e-02
-2.109105496910405608e-01
-2.998947667119631899e-01
9.329991788152786070e-01
5.209677997226924706e-01
2.442107508913854419e-03
-5.175718175805046339e-01
1.797547347498396342e-01
-2.772857610303841591e-02
4.717113060729780649e-01
-2.592108065109295367e-01
-2.129950586354932007e-01
-3.559442332980555096e-02
-1.378311295316580198e-01
-7.679610148120299407e-01
8.479531110894000800e-04
-5.456678277749038575e-01
-2.347748379661376839e-01
-2.890693227632482043e-01
6.478064421467648604e-01
-6.311232008316963737e-02
1.332332733095354937e-01
-2.014797789868923439e-01
1.991491338085352725e-01
6.486750658338804598e-01
-8.324538433587631570e-01
3.193434015675283288e-01
6.188473768468163438e-01
1.274818421902688403e-01
3.123118400425773378e-01
-2.323415599422175293e-01
1.300521298589927266e-01
-4.078578652270805627e-01
4.191483169893033267e-01
2.652439347944390291e-01
-6.184636609545601793e-01
4.511620449525247656e-01
3.614908838897780419e-02
3.288001652485660342e-01
1.072937387580604973e+00
3.908945349836500105e-01
6.627033397659104486e-02
4.500943952090625255e-01
-1.194506630724270074e-01
3.151454014835618489e-01
1.427337171066862809e-02
7.834458573459605057e-01
5.372773084783749598e-02
-2.544772767867303775e-01
4.442240080282944259e-01
-7.147114685507688359e-02
1.090559146626068898e-01
2.196299616922424980e-01
5.877175881703176064e-01
-1.502956649699978275e-01
-4.576916201585197741e-01
-4.132918910288650438e-01
2.012293845002408321e-01
-2.725289617370107997e-01
4.799795017971586475e-01
5.792980807170396984e-01
8.306354170815646309e-01
-5.343699662934042749e-01
-8.787138575694301013e-01
-6.823592100153565987e-01
-2.106913751652690625e-01
-8.717520574383917920e-01
-1.550245693215928644e-01
-2.119855413247270781e-02
4.112607380313016425e-01
-1.701285818288589546e-01
-6.825563709308609672e-01
2.623756998981807143e-01
8.245084427337955046e-02
3.067777597525362387e-01
4.117695780144027817e-01
3.125745388939594194e-01
9.275206768558999504e-02
6.618044259770240467e-01
-1.046012090205310913e-01
5.125915032833231466e-01
-1.990003509171638929e-01
7.580708949283465614e-01
5.531850703859640950e-01
-2.941321139569141874e-01
-7.371685770994050868e-01
1.035123108292333449e-01
-6.321098305757036906e-01
-2.160991297476905215e-01
-5.554211190867442971e-01
2.936141530942288913e-01
-3.084913201951914874e-01
2.902001688477873764e-01
2.156707323544822252e-02
-1.233443310457387199e-01
-4.061105338543594817e-02
-4.220615068998519459e-01
2.101018976317592379e-03
-4.491372245554992593e-01
-3.833847087457001312e-03
-2.272994935279345208e-01
-1.241894931868937846e+00
1.771813006052044837e-01
3.692624469308508073e-01
2.387463558601786162e-01
-1.642411387779376120e-01
-5.714418998395892624e-01
-4.312134616116927166e-01
2.685567275315577929e-01
-5.738163858473156465e-01
-5.517460164901594188e-02
-5.725243389896402801e-01
-1.331500795244985103e+00
1.381737040158344809e-01
-5.598085035911984364e-04
-3.922607190928598109e-01
-3.232822834905092757e-02
4.188668799760177364e-01
3.144871044707804875e-01
1.427954012922881544e-01
5.903960715303457896e-01
-4.162050861740040353e-01
2.540401619417662071e-02
-8.309299500105102876e-01
-2.410241599382925357e-02
-3.726802166237295766e-01
3.498301447126972441e-01
-4.139308794098040672e-02
5.868561886293702790e-01
7.437979854962226689e-01
1.039873676230377020e-01
-1.011933411443108333e-01
-3.642451105236845788e-01
-5.877464258297795396e-01
-3.801198189969032248e-03
-1.556903511704383347e-01
1.578191548521351226e-02
7.465227189732102087e-01
-6.437512816172399899e-03
2.020755717876482338e-01
5.092845043748636114e-01
-2.849048104680473315e-01
6.454077325016740474e-01
2.340076590651698762e-01
-4.451092091871483580e-01
-9.053335985652738449e-01
-4.267717666440073443e-01
4.730245926574179194e-01
-3.686604920534659602e-01
6.355169624471254108e-01
-1.269014286536602476e-01
3.493725697165112054e-01
1.456420821030028623e-02
-9.859368656229499095e-01
-2.572160750964266884e-01
-1.482071042074751821e-01
1.576513551748131847e-01
-9.132804086918877573e-02
4.252034739289731746e-01
-7.274467686037053848e-01
-2.511803596690450613e-01
1.918287868384586925e-01
-3.032714400707862135e-01
-1.491711177535596233e-01
4.284041071401288869e-01
-4.094721043389011328e-01
-1.150587734628405467e-01
-2.089798684834763554e-01
3.933891974360741450e-01
7.230693968388693937e-01
-6.217084187579081656e-01
1.699660745061838951e-01
-6.101025753974301802e-01
3.969235062586423113e-01
-2.918769585862028837e-01
3.857275880632775045e-01
1.792133409672341804e-01
-2.489217290971374452e-01
5.401156905455020696e-02
-6.234303628827182475e-01
3.105574462708596273e-02
3.144027725826932240e-01
4.998997929362060111e-01
-1.753930207961313104e-01
-5.769472458275284321e-01
-4.656328039228654347e-01
-6.003108645298362855e-01
-5.897802279441836104e-01
4.299534346108461191e-01
-1.086837317429083932e-01
-1.055776046827513914e+00
2.085239560533936887e-01
-8.442090729799447968e-02
-1.362302089720379694e-01
2.530928042707194514e-01
4.565141598461221195e-02
-6.126032450316383215e-01
3.161938485468349658e-01
-7.530730642671169539e-01
3.288088147595343846e-01
1.389825515353585172e-01
2.123995343641831568e-01
-1.540256273273537813e-01
7.280259598986629221e-01
9.437675638671320089e-01
-3.142065663827660060e-01
1.040308859550062581e-02
-3.476562255769722887e-01
-3.053786957547770520e-01
-3.115402303627981540e-01
-3.300919486698133398e-01
-4.801397287405849701e-01
-1.926720519722262825e-01
-4.407610946676625563e-01
-1.984975279768546874e-01
5.087491246577933168e-01
1.149447912732048938e-01
2.740207431904397861e-01
3.735281632858727385e-01
-4.941696268264792469e-01
1.884677337200003633e-01
-4.947352333986372863e-01
-5.978169324400079976e-01
-1.254776208673384075e-01
3.621758281856328754e-01
2.232712656767706916e-01
-2.254886193928051785e-03
4.336999717261434406e-01
5.764442252464585525e-01
1.708405049291664701e-01
-2.141374525121218786e-02
-3.344787020563723678e-01
-2.591217545608512363e-02
-7.114720260192747281e-02
7.863577298029876816e-01
-7.100724626626091496e-01
-1.272461955768554309e-02
-5.738969750481146548e-01
8.356033574149385190e-01
4.403584293575759090e-01
4.997431870574738089e-02
2.948634543115208340e-01
1.139125859238511868e-01
3.337813823616679609e-02
-6.594014894921618186e-03
-5.084930683111498206e-01
-6.264824466550938942e-03
-9.553652794236325296e-02
-2.416586180381959381e-01
-1.969330824465024277e-01
-1.202152791813899252e-01
-7.882272203388601683e-01
2.169583371882659040e-01
3.561818383961604106e-01
-1.623219588052225992e-01
3.846322140085690622e-01
-6.641555946404745225e-02
5.437619548675171055e-01
4.884179532238860366e-01
1.391934088679171178e-01
2.972096534559537928e-01
-3.704763186941058550e-01
2.513710917958131841e-01
6.036009515907534428e-01
-4.258031926481855578e-01
4.584898490547906214e-01
-4.854671608793194038e-01
2.997465389448541462e-01
-4.802340130672155261e-01
2.556596247380684694e-01
6.175743733695058246e-01
3.528381522406531801e-01
-1.060747544584045077e+00
3.086551048973149580e-01
3.020099343513465984e-01
1.105437052727499259e-01
-5.387156588337702057e-02
8.976892790318620197e-01
-6.093927346361650565e-01
4.808786593444377422e-01
-8.202976889258287163e-02
5.131456117682571261e-01
3.114258134255740162e-04
-1.131293902068101431e+00
-7.376503182473008735e-01
2.352310294208679320e-01
-2.443675969699660167e-02
1.617100809866045541e-01
-1.178273898325017832e+00
-8.228981011941135515e-01
4.185886112063354481e-01
4.574749306734914311e-01
1.809937038064947934e-01
5.992248070151805495e-01
-2.330505770833629087e-01
3.625680663035502072e-01
-4.147611945047131599e-01
-3.602228612407673003e-01
7.709590615298446137e-01
-4.044436544196901018e-01
2.175412190728574502e-01
-3.998144538065693254e-01
8.402831976550714788e-02
2.470279880559881347e-01
-1.762255523788423817e-01
-2.620478950436000432e-02
5.057300535841995071e-02
-5.410462744123134549e-01
-3.445276378463853900e-02
3.696860956179756630e-01
-2.675703234968799249e-01
-9.066518221752909445e-01
4.341469080686998772e-01
-4.637155988624301617e-02
-6.188631017191756900e-01
7.679644099316161876e-01
-4.059204961386299604e-01
-7.127304114305063054e-01
-3.434122968768147377e-01
8.969656588282732823e-01
-1.521529823702879314e-01
2.286519031494952392e-01
-6.009817615053852924e-02
-1.109906844870410803e-01
-3.397059211953824820e-02
1.722754124627046968e-01
-4.991635235087565348e-01
1.844918611961993971e-01
3.973974258923602121e-01
5.162619867195444856e-01
1.140735260012891050e+00
-4.885768742248238206e-01
-5.046575121916428985e-01
5.398570316100513855e-01
2.845880272123637589e-01
-6.691223381597674602e-02
-9.053526579740542868e-01
-1.689607035590588169e-01
4.420367131535373195e-01
-5.489510759855937838e-01
4.631346824658432171e-01
6.030103744235627838e-02
-1.535068823572361130e-01
-1.350203056913243382e-01
1.064595458970429620e+00
-5.230779220529004903e-01
1.791364904985126572e-02
4.091437673933049357e-01
-3.994798623653212366e-01
-1.406461146451509769e-02
1.887610499936361874e-01
-9.859755400057553798e-01
-2.344328513843993433e-01
-1.442853883027584438e-01
2.412538661446889110e-01
-5.912369791443091716e-01
-2.402380936790903532e-01
-8.176039768718329492e-02
-7.540133993888125108e-01
4.921621630681464743e-01
-1.678096596440728505e-02
5.543157294335040453e-01
5.819845776878344173e-02
-2.426320763500312283e-01
8.953611782208690251e-01
6.112115144968162106e-01
2.403448231853565209e-02
2.976551377558990796e-01
7.487761780738180772e-02
-8.585088311438876518e-02
-5.307509252710392866e-01
3.217706329933821274e-02
3.615099184878833860e-01
-4.463102643992122309e-01
-2.012769669169813258e-01
6.334143246144294803e-01
-4.642998870727672034e-01
-1.046267116210250203e-01
-1.069906051493752369e-01
-1.499767244725871695e-01
-1.690375154829824589e-01
-3.104365908822955683e-02
1.637028984623146721e-01
-3.033008601016025374e-02
-1.027200809378273627e+00
-2.093522141666528669e-01
-2.338516583234097335e-01
-1.791793741710190069e-01
-1.292917453810533690e-01
2.005129637436074419e-01
4.020994372590470656e-01
-5.676428580664817369e-01
5.695132833182899867e-01
1.002349838476796345e-01
-1.643279701850721974e-01
5.045825502286163666e-02
-7.026199847162906131e-01
-6.421751584874173246e-02
-5.130003391167305138e-02
-7.813555253171635684e-01
-1.122921304828971290e-01
8.747605403388870604e-01
3.342478549048129299e-02
-3.329105110691477076e-01
-3.379288258623142083e-02
1.563777249354760812e-01
2.067866931711511980e-01
-4.097077792494821513e-01
4.924963714309890106e-01
-7.098542736179181967e-01
-3.710875475294210801e-01
-3.723417668302029804e-01
-2.408751058522351496e-01
-6.048214805411238348e-01
2.957482894537241114e-01
-3.318303574880668849e-01
-1.089618569188808950e+00
-1.454777936974261943e-01
1.306387842652153575e-01
6.610767598692831593e-01
-7.484653264091669644e-01
-2.370876674503806236e-01
-1.582867052691496468e-01
5.878637464352294284e-01
-8.529600543564458404e-02
-4.739866431381810075e-01
2.658547022245356661e-01
-3.781150228176175521e-01
2.728612161816809656e-01
3.284685996247438955e-01
-1.468176381932099206e-01
4.596162929166278666e-01
-6.288791242567953743e-01
-2.567817668055936281e-02
-9.534142470652784418e-01
-6.253747233026035746e-01
-2.900377166898181480e-01
-1.655992714502119850e-02
-3.348751177130075973e-01
2.495582219178860139e-02
-3.275544996468365833e-01
-3.911309982686217990e-01
5.389328484258451013e-01
-5.057841588907715513e-01
5.213018357069817421e-01
-2.454463018068536728e-03
-4.882665417382500150e-01
-8.103317244260465069e-01
5.213135244442506089e-01
-1.238504077102795531e+00
3.128523547545098427e-01
3.708702883939558603e-01
-2.490790247529968415e-02
5.100351734210107901e-01
1.252700903676077504e-01
-4.600887774832473909e-03
-8.227720490038126222e-02
-1.458127054341245010e-01
-3.352453874108650700e-01
2.636492723738956823e-01
-1.110144251793484110e-01
3.208550327200195840e-01
-2.985396608581215028e-01
-2.491209683680398745e-01
-4.451866969629473397e-02
-8.833325589435464531e-01
-3.945979153826222330e-01
-7.132678319227069019e-02
2.178948177012162979e-01
3.208563060992531968e-01
5.464048863026949032e-01
6.555347748739253078e-01
-6.497557617340468106e-01
1.363354079956061449e-01
-2.552565844360564773e-01
-3.589737015744964843e-01
-6.566419749508802806e-01
2.645907469008177970e-01
5.957341651874663579e-01
1.245881732020480415e-01
-2.182469530364198329e-01
-5.248047411600346157e-01
2.039046499521379729e-01
-4.050805011374357667e-01
6.139220327338438254e-01
-1.453742072414493380e-02
-1.479061771982037587e-03
-5.806834173790278997e-02
6.245913864016209432e-02
-7.602566099599820104e-01
4.703517285489611233e-02
-5.189403430794226058e-01
-5.476605302294564881e-01
3.220236475722992320e-01
4.139236228459927669e-01
-2.196334097444240796e-01
1.793837124246174253e-01
-2.950318024264988459e-01
-4.780808330661167616e-01
-1.429264254813134016e-01
-1.666021204346322115e-01
-6.988055428909101252e-01
-8.832914846283148602e-01
6.962177086009625482e-01
3.448891361442611991e-01
-3.689070563736567276e-01
6.941864056649670045e-02
2.231853586004879375e-01
-2.620750806159072854e-01
-6.139707407309885623e-02
-6.554055661604211158e-01
2.084746282908019610e-01
-1.480884401780853399e-02
-4.166449508787451461e-01
-1.014605875954237346e+00
2.514644950898304310e-01
-8.165014789396407568e-02
-3.283490969727249631e-01
5.976568623689877402e-01
-5.750348938423713308e-02
-4.682465403509506463e-01
8.765351388185463333e-02
1.307257318308377436e-01
-4.789772013586158783e-01
-2.328703106219237873e-01
6.601083704100175753e-01
-2.788773085015043285e-01
-2.751866375136384768e-01
-3.669916110254396457e-01
6.629561233306362489e-01
-3.720399921898633888e-01
-1.092579972838926966e-01
2.182178057914433561e-02
-7.649156526009226464e-04
-2.858256924051784664e-01
-3.020578516269457614e-01
7.238332875610558048e-01
2.655616314221350138e-01
3.509395224984827033e-01
-4.512027812166650720e-01
-7.967339209411906653e-01
-2.905470161986528979e-02
4.241198816209978961e-02
-8.411656059586034573e-01
-1.816305841565429291e-01
-2.065868886344766064e-01
-1.222888596700542896e-02
-7.336216271430138214e-01
-4.431893116961139190e-01
3.462349479788405793e-01
1.039723946957674394e-01
-6.626184656885725222e-02
-1.661073049680557578e-01
-9.021088693190362773e-02
-1.529675946383793339e-01
1.199509848644332854e-01
-1.641769532158163791e-01
-6.712699926055849808e-02
-7.203281812386175265e-01
-2.195992603880609351e-01
-3.616097366812630609e-01
-1.813300237571455198e-01
1.867208374015053851e-01
-3.354404089910540954e-01
-3.294622793893481338e-02
3.229884751911956675e-01
-3.137073124839766525e-01
-6.725939268175209484e-01
3.520515999287170406e-01
6.352732954052968672e-01
2.009336874329420708e-01
-4.736259509338437423e-01
-2.022731738447227368e-01
6.387626437182043482e-01
-5.009995876714435914e-01
4.801590945094653118e-01
-1.228311524633398433e+00
4.366373578478598416e-01
1.400116497529440285e-01
6.646166878130526090e-01
1.893441503839486673e-01
1.409162761280645104e-01
-8.946331919973670166e-01
5.110206548899305368e-01
4.725333441604320228e-01
-9.862377253492392581e-01
-5.004777306010217697e-02
-3.197700539988551638e-01
1.615901754250281819e-02
-1.311710550151448662e-01
-2.233256171125383438e-02
-5.093357576349945015e-01
-3.107455666302974540e-01
3.240478167752107730e-01
-2.811008547086312204e-01
1.893278515691190766e-01
-6.016067334811148193e-01
2.205723257130778880e-01
1.569040670883957989e-01
7.434190345235829334e-01
3.667359092469190535e-02
-1.486538095433098394e-01
-4.196443647566043822e-01
-3.189194085459974570e-02
8.118610726946018374e-02
-3.824470279843669163e-01
-4.483739670648959064e-02
4.984623749887845956e-01
-8.595429249421174811e-01
-4.539208557205501871e-01
-1.239203588997659228e-01
-8.628380028602805618e-02
-6.931040881175328794e-01
-6.350019012176342237e-01
-1.895466196323791069e-02
2.701664926006160927e-01
1.015899553269688227e-01
6.390510364117765185e-01
-1.197143533209719390e-01
-5.180035480142358706e-02
2.117689993428450712e-01
-2.004459683322007413e-02
6.802052444505743423e-02
-3.543680802220825488e-01
-5.121693185317597319e-01
-3.138770005387131468e-01
1.736197553542914718e-02
5.501363316441556517e-01
-9.090163012891194771e-01
-4.554468911156012156e-01
8.279980850097251599e-01
1.960474661061043233e-01
3.451035987094308588e-01
3.385808655257005473e-01
5.475674506328180591e-02
3.684793393943893713e-01
-4.164236336930199345e-01
-2.516144842323163044e-01
-1.683364806992103391e-02
-2.586791154811954319e-01
5.376900397560695488e-01
5.292622260873247608e-01
-4.754555581134455727e-02
3.622851526501409403e-01
-1.801756214826831792e-01
4.341951222652988829e-01
-3.907776959300715003e-01
-1.782474761039160027e-01
1.918548551198855645e-01
8.901033171921636511e-02
2.398802390334456303e-02
-1.565842760926830501e-01
-4.478465460481496629e-01
1.690649327676874147e-01
-3.355794597143594293e-01
6.051001961514627103e-01
-7.922582090561264279e-02
2.437366901120327500e-01
1.513011644381469928e-02
1.094733641431363536e-01
1.222871450551477335e-01
7.178393032929794582e-02
-7.365492618126734392e-01
-3.215160615591829973e-01
-5.792195336987796539e-01
-1.326871636538530241e+00
5.228670246443261060e-01
-3.600033221014635743e-01
7.262189691223068511e-02
-8.439021622594591876e-02
8.848822009516412734e-01
-5.086622378527597133e-02
5.256302992380917916e-04
-2.452765666898557573e-01
-1.923710237662831224e-01
5.849912491006553639e-03
-5.790020380521512244e-01
1.293763172334435052e-01
-3.368268251984221084e-01
-2.665272814619655817e-01
-6.143100484138254158e-01
9.980959491829033414e-02
-5.008110156469708363e-03
2.297699347316029539e-01
-5.901651972224027931e-01
2.084327593126957812e-01
4.372676062011656151e-01
-2.334573236465271318e-01
-2.958350926622529409e-01
-5.536941840335483089e-01
-4.018793816528676843e-01
4.296762738351534439e-01
6.126634255712723465e-02
-1.480927030684054124e-01
3.940124121376728517e-01
6.124835152989840381e-01
-8.520746116230638600e-01
-4.786796984886402817e-01
-3.586728494415901136e-01
2.954877738763666550e-01
4.030401133234163824e-01
-8.484261622414708270e-01
5.177429109461283152e-02
-6.257292829478838803e-01
-2.929725078978933639e-01
-5.727839131207551615e-01
-4.806347982195242063e-01
5.547843367996487807e-01
-2.490351071709543396e-01
-3.641370816305490865e-01
1.617131481555838524e-01
-3.357981604665760678e-01
-3.246244083220570786e-01
-2.318684222388914251e-02
-2.616781679901631907e-01
-4.081484199585224681e-01
-5.465196012242754531e-01
5.967668870531819270e-01
1.305215918258912922e-01
-5.992008120004379546e-01
3.133127478245116837e-01
-4.010943091026405449e-01
-2.772341278849305146e-01
4.042974929898141001e-02
-4.253622401428459043e-01
1.612739944162302486e-01
7.537927940527154869e-01
5.085225560789706778e-01
-5.638385459759319429e-02
-6.368218092352189164e-01
-2.283941986784484013e-01
-3.282063333321170173e-01
-4.645596296660063906e-01
-1.643841196362913204e-01
3.444475740865579616e-01
4.640905349890609988e-01
7.175128398468730850e-01
7.151860010954849134e-01
2.980149544440096054e-01
2.014319171564671052e-01
-8.172616584783358729e-01
1.713510533520605228e-01
3.059768481208365865e-01
-5.311212832286954511e-01
1.777691769351859019e-01
4.301694005671853893e-01
7.180694602944819316e-01
-2.567782899700604138e-01
-6.042587962676049251e-01
-1.645570237934396995e-01
4.343945786281262489e-01
9.648506404521813851e-01
4.822198072715198625e-01
2.923408041112888767e-01
7.880624938905614885e-01
-8.466562366222870617e-01
-4.106218816803081095e-01
-1.435442940169145976e-01
-2.514273627524795107e-01
6.275642440351722473e-02
7.713754245750509275e-01
-2.940035617909337873e-01
-7.729859915969822248e-01
-2.711473589574138754e-01
3.796293574759811856e-02
-1.974142840674388000e-01
1.353636776834586664e-01
6.289238113373957217e-01
-4.489985178351638684e-01
2.043822573781699792e-01
4.037780938310473466e-01
-5.591792520241407605e-01
5.562399756399649675e-01
-7.859368488543395648e-01
1.417986715740300052e-01
2.942592616644489900e-01
-2.537909187488180951e-01
-9.961800794726893837e-02
-2.880999748141202521e-01
-6.170890029206219096e-02
2.749282971603396186e-01
-1.219168289164368341e-01
-2.541399233014518533e-02
-4.171186938986405357e-01
1.878653015128164683e-01
-1.111245440667862905e-01
3.977392074128391908e-01
2.754207741099158335e-01
-2.215785066207978660e-01
-3.114019831097692981e-01
9.292594496300116136e-02
3.193829024969839503e-02
1.029178464935614212e-01
3.551671038192069640e-01
2.836747231803430844e-02
-2.883733305625086341e-01
1.470585572423686316e-01
-4.441966911788329808e-01
-3.468809045560559690e-01
1.608753223293346579e-01
1.866934978082440133e-01
2.834254623312532084e-01
-2.902877953132512734e-02
-4.255918852177781320e-02
6.163489860852996438e-01
6.969061373617612132e-01
9.073675207774614671e-02
-9.821808322217348564e-02
2.920069604640015415e-01
-3.927017817462658544e-01
-6.643665727683281674e-03
2.006517831734745960e-01
8.114632256833126389e-02
-7.932214195180621596e-02
-7.077559169876593281e-02
-8.517063360628865931e-01
8.267291212723641980e-01
-2.100454628240025490e-02
6.639308196838403786e-01
5.435803260401541603e-01
-1.739049429605851738e-01
-5.644908388580957004e-01
-1.429214332697386070e-01
-2.241806581902059670e-01
-5.035790718926304033e-01
-7.630429967167567940e-02
1.440463856275534249e-01
-7.429979897926936028e-01
-6.371454759987230654e-01
-6.077069355305432241e-01
1.624742631929025627e-01
-2.089275811035966046e-01
-3.997971881485119783e-02
-5.130049729873924907e-02
1.269583114371483079e+00
1.440109546623319914e-01
-6.471931070239894668e-02
-4.798899626466229806e-02
1.580971020766185620e-01
7.362928409292446297e-01
-1.077904556310982365e-02
8.555804200174056684e-02
-5.597270473556148485e-01
5.370785852024871909e-01
7.377617520898995807e-01
2.477504405531867349e-01
-1.782109571291760342e-01
7.580562576786769036e-01
-2.694424600391867042e-01
-1.387243330679846787e-01
-7.558126206007789727e-02
8.059761778452844139e-01
7.671848910251266584e-01
-1.146731466630439705e-01
7.307291525682946265e-01
9.325239665285373070e-02
-7.984619461466569978e-01
-3.805031681773283214e-01
-5.791688649045728665e-02
6.082915335880733076e-01
1.666777526678320243e-02
1.147301378127579596e+00
-6.565319700663846403e-01
-7.901879947429540918e-02
1.795392194591595436e-01
8.457900819092929734e-02
-8.390423349005159404e-01
-2.389318146226281636e-01
5.014362937577434565e-01
6.992186737826213694e-01
-1.397560788819886546e-01
1.044068766877470633e-01
-6.735524017361725624e-02
7.444062528036615722e-01
-1.396012429384808073e-01
1.751722612368660226e-01
8.941310200990881807e-02
6.868043426349713654e-01
-6.811533087942505116e-01
2.414265378786097371e-01
-2.529769936610373748e-02
-5.047128823959848853e-01
-5.193485985833056207e-01
-3.960506955871797019e-01
6.361302962487937196e-02
-4.644239906817886343e-01
-3.594185076198858075e-02
1.407317916423657111e-01
-1.764823047832458913e-01
5.203609390976057791e-02
1.207788300956362804e-01
4.979249827904860259e-01
-1.572988983348349579e-01
-3.286359436533778933e-01
-9.405167802790033171e-01
-1.655053249371754853e-01
-2.385977947596701620e-01
8.546161581659651452e-01
-1.104753043257140910e-02
9.928032604315634169e-02
-4.086022138790846303e-01
2.070382247083287774e-01
-3.181692443407352355e-01
-2.688880638227449937e-01
-4.441140691223546821e-01
8.291623989978298692e-03
7.640447099715881318e-01
-6.622356262870467969e-01
-1.544327916000828027e-01
-2.680596585807241694e-01
-2.347144523739557731e-01
-1.748649807562702718e-01
3.483513541760655530e-01
1.349940165483921595e-01
6.469376141219676524e-02
5.451160796974704459e-01
6.385076318001705609e-01
-2.382704719017968431e-01
-1.920101493680834159e-01
5.811159995096107367e-02
3.748367331906708733e-02
-5.575011667460813003e-01
4.805453033158288423e-01
6.918973663654228723e-01
-1.504126316013089659e-01
2.813856492999493586e-01
-8.204012231903643482e-01
-1.390430832020334850e-01
2.676069818655829047e-01
6.911784770882229978e-01
-6.067624630661183627e-02
-7.269519385200684525e-01
-1.227473397745310058e-02
1.195806875570329664e-01
3.295289877723277527e-01
5.661894932317370621e-01
4.434009517283785118e-01
-4.842582088226030090e-01
-1.187203984213971303e-01
-6.709969694568838072e-01
3.372333946660132642e-01
2.292875314599268077e-01
1.274349930064594960e-01
-6.835355585549663937e-01
-2.172156126724814895e-01
5.849402409639316985e-02
-1.546281114340242735e-01
3.742094987681119922e-01
-4.206164384479554319e-01
1.919052582805565454e-01
-8.401029616883497475e-01
-3.869902369482076665e-01
3.473449479376898852e-01
-1.203814064782501858e-01
6.704897560170027804e-01
2.773209775629282281e-01
-1.176088552323342751e-01
-1.998505585441088528e-01
5.793048848923412208e-01
-6.662262970017966968e-01
5.025111330896770978e-01
2.391994156354458334e-01
-4.054923838635626776e-01
6.946738294169441108e-01
-2.651313652047822544e-01
8.416866067669791229e-02
-3.372452224254122166e-01
-3.188105641065476226e-01
2.679669356519603363e-01
2.249129108689205681e-01
-5.142578302115846656e-01
-4.037047966196656568e-02
-9.288291373879823398e-01
-8.488200576511857331e-01
-2.248260063356347094e-02
7.221484197596710342e-01
1.317267417540899932e-01
-4.356725024968288174e-01
-3.930279902633691536e-01
-2.910782789140095583e-01
2.699712685285509881e-02
-2.648840932038913909e-01
9.278859555046075069e-01
-8.294519898025665139e-01
2.152031390797554400e-01
3.042084751028926726e-01
2.503322141589969796e-02
-4.400012395205671889e-01
5.952067195993400173e-01
5.639568591057215752e-01
3.800148649217627295e-02
-1.517619554584254127e-02
-8.272286465054602411e-01
1.568106217917264178e-01
1.880148164225237117e-01
5.659946802130246812e-01
-3.975756482220904053e-01
-4.472511148709616968e-01
3.169481347464809251e-01
4.878291781012737416e-01
-4.027404442114111971e-01
-1.167909539938230407e-01
-7.372650993561705723e-01
2.280528077559672850e-01
-4.549393926119776888e-01
-2.541392689068154298e-01
2.257520170436437823e-01
4.228782712243662201e-01
-5.079692402697508768e-01
1.252978791601128405e-01
4.240054510203690730e-01
2.748903786011568928e-01
-4.171433366768202422e-01
-2.046013531693127718e-01
-1.381299529856901964e-01
3.871442513033073185e-01
3.248227449410832079e-01
-8.997558818478032516e-02
6.685966714674927980e-01
4.893969901421831858e-01
1.590595810838697777e-01
-1.711743542001078477e-01
-3.198458979198863239e-01
1.460900917478469285e-03
2.278866820392691506e-01
-5.761570679505353398e-01
4.861543826534989177e-03
-7.176098467087860255e-02
-4.079735711847445878e-01
-1.384092927769212666e-01
-1.243954681931266348e-01
-5.270710199765635817e-01
1.617566719012698828e-01
-2.024067942451364122e-01
-5.184602205098040040e-01
-1.284096325501146718e-01
-6.034112625789388451e-01
1.825602650840580932e-01
-1.683300531882839235e-01
-9.252034535384727476e-02
4.233922997455275006e-01
-5.959693347068110159e-01
4.700742669695937570e-01
3.755817268123293196e-01
4.934405351077988944e-01
8.869859243140887362e-02
-5.251138810414172908e-02
1.965188488181173962e-02
2.419286458400142226e-01
-4.247642322089246747e-01
-1.068968853051548984e-01
4.490561016869701327e-01
-5.278167997418861668e-02
1.042124782997936761e+00
8.613854478096780176e-02
6.680616270767668619e-01
5.009509505489609382e-02
1.791030405888918708e-02
1.901283382969159719e-01
-4.719202147854791862e-01
3.804556114871085470e-03
2.509440732650565220e-01
-3.829206662002023753e-01
4.245410402459411925e-01
-1.107786630301545783e+00
-2.595185862315189107e-01
-2.013145849916885555e-01
-3.523480931484366252e-01
1.127007694065344651e-01
-2.266554639200245580e-01
-9.708759243213769402e-03
-1.747937639540677116e-02
5.351211412129859291e-01
-1.396265381657008919e-01
1.047666688055141349e-01
2.782382895366050102e-01
-6.829944997762067427e-01
-4.292498984655955252e-01
-9.217919110568479901e-01
-2.720115684105861575e-01
-3.384838651602731785e-01
1.793451243557804831e-01
-1.377672955048977674e-02
-2.865113981235087870e-01
-9.671329608222309360e-02
4.724991655719272821e-01
8.497342224380681763e-01
3.666239758362934142e-01
2.985611585390172962e-02
-1.588032599512772813e-01
-4.359802560702047414e-02
-9.115836776282260079e-02
5.333727511042037905e-01
5.696972145770153872e-01
-1.439539936929827013e-01
4.724997874600184167e-01
-3.777119317318057834e-01
-8.148330750892038843e-01
2.914082522040154499e-01
-8.404564026542030164e-02
-6.938185791451890738e-01
1.265251803366850697e-03
2.913601963474649059e-01
8.624028347437711073e-01
-1.250037375913257698e-01
3.074442866036027899e-01
2.802145171795889511e-01
3.101279479594241106e-01
-4.848047065118163412e-02
-4.115965368836145832e-01
-3.417555314360279928e-01
7.698796501579662221e-01
-4.336928446050041241e-01
-1.617163753997625797e-01
2.466867234497993333e-01
-5.176388989358243764e-01
5.402276844045349469e-01
-4.726587916424260238e-01
1.377717828419455781e-02
7.206061161235275403e-01
-2.088693461485702785e-01
4.343771432501752905e-01
3.680059539718293915e-01
-8.015945684846079167e-03
-3.016826764676950323e-01
2.675680842197186160e-01
6.454442327740492757e-01
6.182427303897308074e-02
1.573637700750152302e-01
3.872123277133120156e-02
-1.923828318580592667e-01
1.966469699779683222e-01
-6.980978371851471742e-01
1.938630210966847955e-01
9.209579887873182713e-01
6.310802807220629307e-02
-6.904749931434847610e-03
-1.343443605990223277e-01
-2.992020986187378107e-01
6.193475541486926916e-01
4.220806077371704879e-01
-3.726563487238570005e-01
2.355413210906871224e-01
-5.642723435488989497e-02
-1.469933517528556055e-01
4.970968541638026150e-01
5.219374711794482202e-01
-1.837250879380729063e-01
-1.985112197578523530e-01
7.667675489192108396e-01
2.177641672378145543e-01
-8.391747438623659017e-01
-3.454958852668196245e-01
2.811998738834035616e-01
2.252302537997028509e-01
-7.952059435236977780e-01
-4.794002089154885127e-01
-2.274407506799691614e-01
1.026415937880170715e+00
8.091929113871371149e-01
2.187369853951688925e-01
2.763656660634031259e-02
-7.573843965752727336e-02
-2.170166402862620803e-01
-3.221774794697944144e-01
-3.141180545062882690e-01
4.733979261188662191e-01
1.467378016604292124e-01
3.460073568515727449e-01
-7.321898193281484168e-02
-7.606806549021392083e-01
1.143688634117677072e+00
-3.331735710586251065e-01
-4.601204650217406433e-01
-3.567157518303229469e-02
-5.965519858910628415e-01
-2.082249324607976237e-01
2.748689857012118765e-01
-6.782200604868716676e-01
-5.185702488861168025e-01
2.618576005574355103e-02
3.714062776350901540e-01
4.462419332180142528e-01
-2.612870789151844342e-01
1.571847602614754869e-01
6.617210240853459435e-01
-5.132364445063823943e-01
2.125501693985696328e-01
1.066820080891052458e-01
-2.842627032564029599e-01
-1.789220178083754664e-01
2.476329823431963895e-01
3.770089679566284713e-01
3.536740963007025118e-01
6.220652576104550580e-01
-4.165095897071590669e-01
-4.326019870093794628e-02
1.009985911784657464e+00
2.048764022837841203e-01
-7.950194741146756616e-01
8.855708122397450144e-02
-6.611819640336848991e-01
4.107175385166679793e-01
-3.549663104420102133e-01
-6.078101807862139605e-01
-6.586404336286745265e-01
-2.034896304288700830e-01
4.027307032992998859e-01
-4.633535503912026288e-01
-5.999801179837968013e-01
1.324235662310429551e-01
-5.676156646219300272e-01
-1.071747294804398093e-01
4.038858668877067237e-01
-2.794657619164443441e-01
-8.875028484943746632e-01
9.265958156110744304e-02
3.245988328084613572e-01
-2.131620441653328535e-02
1.572351170706045853e-01
3.860329823354969325e-01
9.824828205060406883e-02
-4.726894756661781383e-01
9.789414850756231190e-02
5.488030717193782548e-01
-7.804105900978853816e-01
-1.090587274436308901e-01
6.516088637600386813e-02
2.646530836505806006e-01
-1.080916385928016588e-01
-2.816497626724518977e-01
-4.504720149291536746e-01
5.111761509838899098e-01
-1.348487679618462498e-01
7.551840835311744715e-02
3.741791907925769434e-01
5.408811359678333819e-01
7.272121793709142024e-01
-6.530925562381395544e-01
-2.652832094584082756e-01
7.308807364625136138e-01
2.376359529545926386e-01
-6.564776104499069342e-01
1.529717584772324890e-01
6.559072926524823766e-01
1.940992196107690915e-01
-3.978776282281183407e-01
-6.280156244250278963e-01
-1.552601603209350645e-01
6.753789448809061069e-02
5.515624860332044577e-01
-2.961913374357176276e-01
4.735359594993875099e-02
-9.023557536685239411e-02
-3.416813360276220735e-01
-2.380341917816856667e-01
-4.361095948471012673e-01
6.551300715519452478e-01
-1.461741035462769955e-02
5.631303190424944427e-01
9.106773217583657987e-01
2.222460016323048460e-01
3.579487522829125634e-01
-2.520390611660938696e-01
4.212598646512921707e-02
7.854445575869922758e-03
7.432243392513653013e-02
-6.420074006976825842e-01
-2.080891084288959136e-01
1.200273675566166376e-01
-8.791360058283570478e-02
-2.818697462947448718e-01
5.039600714606916609e-01
1.172097331626005406e-01
-1.351954130633339635e-01
-7.499630916498963851e-01
-2.579470222087864584e-01
-2.438611943503928847e-01
-3.869072133292802418e-01
-4.711804980775190499e-01
-3.125156839547629239e-01
2.376212136697434529e-01
9.503007867430502964e-01
-2.671175718796487408e-01
-5.035799158550455790e-01
2.048863103679587072e-01
4.939539314279403071e-01
6.086253058499925261e-01
8.012495448445385027e-02
6.755712989767811427e-01
-3.092014440270939302e-01
2.133532655753789808e-01
8.770270019398673789e-02
-9.790117121741562234e-02
5.439723112825068929e-01
2.530322670352003755e-01
3.918106276167486746e-01
2.352717171439976940e-01
6.763202168106660639e-02
3.101132320190379543e-01
2.969574670379914183e-01
6.605298608550089767e-01
-6.072640185121432888e-01
1.333497792262512860e+00
-1.013761632013777392e-01
-4.231757148079821063e-01
-6.496763294775976805e-01
-2.277189852357173749e-01
3.715041590726034237e-01
2.705991013817655721e-01
-1.982233845410220630e-01
2.382553781059145726e-01
4.391145472958347673e-01
3.091829477732512266e-01
-1.106038716242153663e-01
-1.843055009492748364e-01
4.350803059295845765e-01
-9.529425908391726818e-02
2.598776031391450414e-01
2.786318642162616266e-02
4.526127099767923712e-01
4.771839968904160179e-01
-6.350396844459194057e-01
-3.874382731881517161e-01
1.574538106455537489e-01
-1.222940131538575281e+00
4.622597117772594411e-01
-6.316887284775677402e-01
-5.108769045354903948e-01
-2.616628798499118780e-01
-3.048296811194077527e-02
5.188222079035411660e-01
-1.997069584804056497e-01
-2.820434211996616369e-01
2.679633679713347982e-01
2.850534858020544182e-01
-1.569671975094553279e-02
-7.949237288880385277e-01
-8.136458158645890060e-02
2.989667862263984954e-01
-9.392560603323310553e-02
-3.693121859211330738e-01
-3.959093170817215568e-02
-5.110403078843275271e-01
-1.841422539421245508e-01
5.250207276114886301e-02
-6.783678188966707490e-01
6.566435523104898753e-01
5.289721848642752189e-01
1.241412854908616192e-02
1.564324799988180970e-01
-5.747986755358387712e-02
-1.116438062753944971e-01
1.569318205936154897e-01
3.257226949347338252e-01
4.628528882067431960e-01
7.810840406094777810e-01
4.496478349618420745e-01
5.977055226684757638e-01
5.749925536044669938e-01
-3.117133679025677062e-03
4.829564332151639605e-02
2.745237664813394707e-01
7.764981268934547654e-01
-4.109924143353305137e-01
6.869088635759910133e-01
-2.718730354475454858e-01
-2.224077942853091572e-01
5.044583105727428185e-01
9.712552027750265271e-02
-4.264706642575039064e-01
-1.254118575144994585e-01
2.750804005038802458e-02
3.896649080808066712e-01
1.305317313127221657e-01
1.411287068681556511e-01
2.579576349076445618e-01
3.088971958327011436e-01
1.482613163117581512e-01
5.984132977942099307e-01
-6.077485021582296199e-01
9.221697686114104231e-01
-8.953474635317598684e-02
-4.125578169915100624e-01
5.459955408598812787e-02
5.918249417367917875e-01
5.141479398930851596e-01
3.596303983323116960e-01
2.427485745694926422e-01
-3.838657752440993720e-03
-4.288344250098901633e-01
-6.967308538116172567e-01
-3.582840973860575429e-01
3.178709084364884224e-02
-6.928516406305977871e-01
1.204372775352309868e-02
3.718527789866141742e-01
4.423620651262067521e-02
1.501391991929035274e-01
2.218011829954309733e-01
-4.835563093358501985e-01
-3.478613460588771966e-01
7.002647156796566741e-02
1.458060036062703291e-01
-6.185655028494394525e-01
-4.386285186570469397e-01
3.744578731332077748e-01
1.913072597166040056e-01
5.513114523520348809e-02
-2.243846463818257031e-01
4.267946898116200538e-01
3.920533593023582952e-01
-6.645816598608573766e-01
7.774764180819392356e-01
2.659464230805280160e-01
3.333258123027257325e-01
-3.590917089127770856e-01
-2.956825807343088641e-01
4.340920096760083613e-01
1.000807798535519488e+00
2.288875193228353810e-01
-6.097270789501534338e-01
-9.853304569866730978e-01
-5.582107830075280219e-01
-4.889600115015094173e-02
5.102309727634271042e-01
4.747743901440040770e-01
2.155999380300428481e-01
-2.507474861414416001e-01
6.887767869914995789e-01
-7.867867099280723142e-03
-8.373022826213119552e-02
