-3.633972969963132349e-01
-7.571312096202989506e-02
-6.954304500719198368e-01
-2.448810174439817744e-01
-6.230798890827290437e-01
6.580109345108252628e-01
-9.393161126174055520e-01
-1.303211364619795698e-01
-5.740693522489722644e-01
1.625410733746077141e-01
-1.477370191128436483e-01
-5.113391729053432533e-01
1.704878075091714740e-01
-5.296883172217499158e-01
3.126867477112918459e-01
-5.867981915169965257e-01
-1.035053370883909502e-01
-3.198950386342887531e-01
2.460705662988507125e-01
4.484200618349890033e-01
4.972146377327716360e-01
-1.223559510224285218e-01
-5.240017409461831255e-01
-3.641695297336626225e-01
-3.377021002427909591e-01
-8.415488050617245253e-02
-7.232822886949812069e-03
-7.676618229545564831e-02
-5.181911238887254578e-01
-7.734506499253663847e-01
-5.656334601750950819e-01
-7.343200582590249104e-01
4.736718718293306818e-01
4.885401278497655264e-01
9.383426468872170245e-01
-6.203539222868826863e-01
7.709665922002077731e-02
7.534325700752427801e-01
9.788041377580114499e-01
2.934119961785497388e-01
2.647623480548015884e-01
-1.618055814679342230e-01
-9.201752716602660254e-01
7.065174999659994126e-02
2.544334764293118001e-01
2.366800102758190860e-01
3.019663342048334864e-01
-1.698687169835316479e-01
5.613975076004712461e-02
-4.564180428731833272e-01
-7.136086487410665535e-01
1.957756735219930710e-01
-1.831512952409183881e-02
6.150398777339163153e-02
-3.198239343027876602e-01
-4.556739990415683561e-01
3.474415907369923784e-01
-3.283968043513567359e-02
-5.033345011372772349e-02
-6.366404167542017989e-01
1.680678392321190151e-01
3.285274925845653171e-01
4.485582585110086118e-01
1.126541533964093983e-01
-2.679046032450084769e-01
-2.498419957219530918e-01
-7.362506671655376644e-01
-9.838426266155324562e-01
-4.112662753902907031e-01
-1.648698322370416580e-01
4.285344753594146072e-02
4.461435159463447153e-01
1.617343713638986769e-01
5.324960919450877350e-01
6.510849406595035083e-01
-2.402220252624476249e-01
-6.780080739265072209e-02
-1.728395567393368470e-01
-7.097170457136140476e-01
-2.574546741754254464e-01
2.370939566590495318e-01
4.613399389861702060e-01
-2.279421377163029228e-01
1.696802344339335411e-01
1.710661129013005821e-01
-5.919055846097990292e-01
3.339679406066763390e-01
-5.815073870973188619e-01
-7.938311004345766086e-02
1.816230813391456200e-01
-4.088133181408082351e-01
-9.699914454744713865e-02
2.221741264051671216e-01
-3.554385582283965395e-01
8.523916742875394803e-01
-8.117639426701447891e-02
-8.204380911866131221e-02
5.353971069740751654e-01
3.227365121272275372e-01
9.749948804811658931e-02
-5.192179591690736506e-01
5.023112686018260664e-01
7.299972845308269065e-01
2.819638253682341111e-01
-3.180289601147286982e-01
5.460856733044885392e-01
1.060833602517506913e+00
-3.701984410642451540e-01
1.478289179683575927e-01
8.804242089220188916e-01
-7.066346426573308914e-01
-3.009373628792618716e-01
7.728102083358510122e-01
-3.246407782432447764e-01
-2.776785600655810038e-01
-1.267469004864625881e-01
3.912791798908580865e-01
-5.584717361155088211e-01
-9.833909643244126420e-04
-5.411765728414694721e-01
-3.949335159022980823e-01
5.342120305773170319e-01
-5.258400212418267161e-01
-4.893829668837849645e-01
7.443406296635950437e-01
4.837420533834039804e-01
-3.784744003093322151e-01
2.860645149855628455e-01
-5.485059036671208199e-01
3.472745625021125271e-01
-4.252879204175591954e-01
9.649060191973131140e-01
-9.512814043846651302e-02
3.642215306954579290e-01
-1.897705883931373738e-01
2.108260257310420882e-01
-5.675292383360637238e-01
-8.378355357340679932e-01
-1.552406102582039871e-01
1.327659806552918265e-01
-7.391425545893135496e-01
-2.025356966994004415e-01
2.566877005503377385e-01
9.521117068424006513e-01
6.490614154299888527e-01
2.171898555733972336e-01
5.958782045345289990e-01
2.917605348831254775e-01
1.426712950904664157e-01
6.419070115098453044e-01
-2.547438479171890147e-02
5.412091002548709007e-01
3.466203915808421798e-01
4.216695812208475780e-01
8.849905552474762738e-02
-1.428609855186454280e-01
-2.507029830593703323e-01
7.264190162081158864e-01
-5.446687361928279070e-02
-5.528565739472539597e-01
2.800004892684653662e-03
-9.108847181781019042e-01
-7.131165381699863248e-01
-2.754384709236803314e-02
4.783489017695831680e-01
1.336409995973401321e-01
7.246634226091314135e-03
-1.024049632944239674e+00
6.059143189125221207e-01
4.129603778650250412e-01
4.602230758438705105e-01
-1.827074152297329668e-01
-1.478005329803855350e-05
-8.343043079231731163e-01
3.601070767775471637e-01
-1.781288322222128739e-01
4.045199888399030330e-01
6.840911008428465223e-01
-1.990385855166068585e-02
-3.890689540264777868e-01
-1.058376322441214462e-02
-4.741467606410395552e-01
8.654916335379550518e-02
1.373099342709593884e-02
3.918577727448414039e-01
-6.981156927322739181e-01
-7.013485420025197259e-01
4.848767653813714218e-01
-7.076193508328084691e-01
-7.356405659713500800e-01
4.955655481463893119e-01
2.156916084825064861e-01
-4.186785488990589221e-01
-3.837926944980865618e-01
-1.309339149239720224e-01
4.254235441159739950e-01
-3.425624916242638318e-01
3.711181428924364978e-01
1.758784402091183030e-01
2.167298614273288626e-01
-7.216572999501407182e-01
6.110039524314618831e-01
3.307914028195321210e-01
-1.876145777395545333e-01
-8.198112964865886809e-01
-6.757007773063627987e-01
7.294582289087405691e-01
-1.222561347083155892e-01
-5.908114215566279137e-02
1.394442792944190213e-01
7.234564858564416223e-01
1.492002958192429896e-01
-7.856854147848584269e-01
1.463455642272478152e-01
-8.177852895130260924e-02
1.058312257130384904e+00
-7.481564165545525613e-01
-4.936833777313252014e-01
7.726823158837835270e-02
-1.151971722268468890e-01
3.968836659978941528e-01
-5.236428459440333194e-01
-1.308462359520813911e-01
4.280093223325864282e-01
4.580091640780968865e-01
5.208459153165658773e-01
-1.791440789032938130e-01
5.009630768289161651e-01
-3.782528680063654281e-01
-1.782275242442566410e-01
1.725833560158696323e-01
7.214577430130253433e-01
3.776247541460105994e-01
-3.289416847646955966e-01
-2.910843993402013052e-01
-3.808467097081486008e-02
4.826351822738195740e-01
1.430633768263756544e-01
3.008556690338674566e-01
8.094812507153159586e-03
-8.355691350045937327e-01
-3.404776366044452440e-01
7.275888118490017598e-02
8.850236254471748332e-01
-2.195702742820453413e-01
3.773507731343798688e-01
5.245338732206153987e-01
5.259422748876085851e-01
9.853129064408028270e-01
5.499606383739314985e-01
8.322877791565774785e-01
-2.884753868751214201e-01
1.054311036795384515e-01
2.106886450015432732e-01
9.705530909124201466e-01
-3.492365423378434586e-01
-4.520663308799099944e-01
7.212110076889881594e-01
3.397384359011860755e-01
-6.948101802157278239e-01
6.663470338649721270e-02
-9.268018844029477510e-01
-7.036373008402378726e-02
-4.671596475885578803e-01
-6.046214100602426145e-01
