-6.093876952722298013e-01
-7.002971928312418104e-01
-9.341217906578790087e-02
-1.073788612230496042e+00
-7.556704222247349889e-02
7.020417589281984228e-01
-8.158290565409679340e-01
-1.328728788119667992e-01
-2.105179636930159248e-01
3.917626058433021363e-01
-9.336764527146408366e-01
7.305016935425021618e-01
-2.668375712067164174e-02
-1.569161837185653330e-01
8.375876018158013858e-01
-1.554176026206622041e-01
1.197456888900072236e-01
-4.204408757426688070e-01
-1.083215759924725852e+00
2.202729921587127659e-01
4.509081245204293875e-01
-5.755579895257618706e-01
-1.345450035456869364e-01
1.308977374197969890e-01
2.580193920695305621e-01
6.892251023607702809e-01
-5.399984183654844561e-01
-1.931927999272395891e-01
-3.514325392121920300e-01
2.985853966697374698e-02
9.454893651603246685e-01
-2.242164099727117499e-01
-4.484124893651271204e-01
1.229833001041404222e-01
2.790115728329260469e-01
-2.629769520936153793e-01
-6.388059332956640413e-01
5.184686337302906178e-01
-6.348938097342707865e-01
5.235724444759519702e-01
7.763854169371997571e-01
-8.714429664024715694e-02
3.803518985622015292e-01
3.130406421430768638e-01
-6.646730836516684393e-02
-1.773229944305405870e-01
-7.183949228242764162e-02
1.746812019140350780e-01
1.742446877661848192e-01
6.800682689308913675e-02
-5.736982026369937676e-02
-7.100308028826581852e-01
6.506090240875205266e-01
-7.522549477168929410e-01
-7.438028770232065767e-01
-4.853014462239607640e-01
-5.769021526013029533e-01
6.862609900882918890e-01
-1.957559522999570145e-01
-8.086724418140925907e-01
-2.717108599274717373e-01
-2.791534467727743163e-01
-1.079070906079515058e-01
8.627778708453129330e-02
3.706944492196215801e-01
-6.931049176578808479e-01
-2.400835346621846000e-01
-2.158221529256640070e-01
-5.905467003530412429e-01
4.176858336861606902e-01
-7.729910997148220497e-02
1.234803349234929737e-01
-7.484248949503669035e-03
-3.375104556418567769e-02
-8.338922905149297460e-01
-4.969441549927836599e-01
4.669761298049444065e-01
-6.715461244904925575e-01
6.777772648448210369e-01
-6.912453431503250423e-01
7.470476234881129329e-01
3.720412157871246239e-01
-1.394095827799518017e-01
-1.847115569024458948e-01
2.726231837913751024e-02
-3.042066735354781448e-01
-1.601474900291615100e-01
-5.894417349700986630e-01
5.607458024305796984e-01
-4.370947700474899639e-02
2.476791902715218541e-01
-5.168743966488985597e-01
-8.277096861662376348e-01
-3.275695374239765423e-01
-4.380649798948805795e-01
-7.965870994960480567e-02
-1.458195245580384269e-01
1.227593610169080418e-01
6.065941201976805530e-01
-1.712344778002710122e-01
-4.136118289148487115e-01
3.372245747585139730e-01
-5.142375335048200435e-01
3.019786811114510972e-01
-1.001310350094258617e+00
-6.675046022007922186e-01
1.700489045647675390e-01
-2.553590859671173718e-01
-9.836378888338935811e-01
-1.495242582021079347e-01
-2.856401987399663778e-01
-3.020010346546527225e-01
9.788340468525970062e-01
-2.626524505136994536e-01
2.332874239652015791e-01
9.599187587311787395e-02
6.860463931281648442e-01
6.893170494417042438e-01
9.677089292845861834e-01
1.996804564715426444e-01
-7.240673064120979330e-01
-2.013251514115477203e-02
-3.324883565542277042e-01
3.180547686563612864e-01
-3.423319228129725889e-01
-6.859849685594516799e-01
7.772646671607957858e-01
-6.283226719357847267e-01
1.690896701888460196e-01
-5.479795227202971519e-01
-1.595077615846399177e-01
-1.137804233418329147e+00
5.415671811267019908e-01
-3.735333850915157350e-01
-4.216586795570876900e-01
6.847585939813284339e-01
4.124714918540063335e-01
-3.753072647013573904e-01
1.073549464449493618e-01
8.944148492800874095e-01
-1.911993476762071653e-01
-8.593941126042174972e-01
-8.555877583331072955e-02
2.916412625188647412e-01
1.028823916542349837e+00
-2.126483732160293072e-01
-6.795863760306031232e-01
5.294429736549992604e-01
1.646648021552884478e-01
1.983829534901430658e-01
-6.524618529268431111e-01
-9.036627282473534972e-01
-4.155055495445538760e-01
-5.114432887657309468e-02
7.891682978610810029e-01
-2.488474502759092932e-01
6.810337375828348083e-01
-1.524332731245106320e-01
7.728203959161652481e-01
3.086969740318856181e-01
1.260138701520741589e-01
-1.174541708391599659e+00
-4.703674929014792783e-01
-4.642523134628670500e-01
5.461496414374146235e-01
2.697699974058995753e-01
6.919022482213010861e-02
-2.634430828188856211e-01
-8.731929258920485548e-01
6.826502234884952447e-01
4.045582574344317450e-01
-1.837420762243113792e-01
4.865385135913998238e-01
-4.278901226144457004e-01
2.535505950884566762e-01
-1.015524876420469624e+00
1.038406159681722452e+00
-2.777556340335318175e-01
-5.128437156433640620e-01
-7.247728560626818251e-01
4.382164601510922797e-01
-1.488075727508718638e-01
-4.007797196804935846e-01
-2.998504232111093293e-01
6.004927976416741808e-01
-7.284130347162155461e-01
-3.118941027661228382e-01
7.456353397509059289e-02
4.400166770991115195e-01
3.382198268732001245e-01
8.117896451016329284e-02
-5.462764327247463525e-01
-8.251585982419762377e-04
8.242108160409068462e-01
4.533594452077606141e-01
-3.764367643522809059e-03
5.406003722432377312e-02
1.421500375517618375e-01
-2.601800815664192523e-01
2.949491724561171813e-01
2.399816558138720690e-01
1.234506280903885506e-01
-2.368358918024199011e-01
-7.894488263702714725e-01
1.518668008071272224e-02
4.995662767212913913e-01
-1.067952548608683827e+00
-6.057952437820142144e-01
2.536580549243312999e-01
7.973768699976246932e-01
-2.356824903724440423e-01
-8.965832343696513718e-01
-1.574836452445975699e-01
5.073083346075848432e-01
2.970031384638737171e-01
5.568056847680513677e-01
-2.661963763757295709e-01
-1.242583636751164039e-01
-2.887117652482733554e-01
7.715340621437003499e-01
3.855028213969510231e-01
-1.187280439250043701e-01
-5.518849989534511113e-01
-1.717809193037471704e-01
-8.831180182877393925e-01
7.343755086004140065e-01
7.840616989675583959e-01
-4.268141388437910466e-01
5.861292568174295559e-01
-8.051239203628814955e-01
1.573677354426037400e-01
1.147518143262443502e+00
2.278268905984033865e-01
-5.969305786560676896e-01
-4.174947649381093862e-01
5.349693633973415796e-01
9.523245657188993407e-01
-4.656950341423023443e-01
-3.402179510726365819e-01
-2.936734378121867439e-01
4.126218315851307716e-01
-3.958340329248513645e-01
4.025715857250593555e-01
1.986960222909156804e-01
-1.852404212007489059e-01
3.568295642188975547e-01
8.299418107004841172e-01
6.108421565330873770e-01
6.238565538179452474e-01
2.539614302861915585e-01
6.094338801699403785e-01
4.378506829453161775e-02
2.748635946535581409e-01
5.281834817327214493e-01
2.676077805844275792e-01
-2.416438269428259900e-01
-2.802194193317734672e-01
-3.579145070273336282e-01
-4.520998870409050907e-01
1.726759690715014006e-01
-4.538748662686153401e-01
7.196131555006728409e-01
-1.343538421021996943e-01
1.609069261163654785e-01
4.969006613845081688e-01
