7.618337567791256815e-01
1.144281720640644429e-01
-2.501570554688186121e-01
-1.904636220163609672e-01
3.709938224450534672e-01
1.783728196797244592e-01
-4.838333899332556420e-01
-5.577278615508021731e-02
4.950551741998271416e-01
-1.922051637108213862e-01
-4.357904967000065799e-01
-2.572678422577869828e-01
1.072146911048862117e-01
4.995423922292142188e-02
-4.908657723162612729e-02
5.454351528017363782e-01
2.820570617255314938e-02
3.036941708225331382e-01
7.750344293210426061e-02
6.698019806635899243e-02
-2.450482849336554081e-01
-1.880704612710559775e-02
-1.049381451288677325e-01
6.468816748221335455e-01
7.334292658028691847e-02
-3.155321342123123540e-01
-1.142096926474855528e-01
5.547316810069448101e-01
1.900409333593514050e-01
-4.817176458476782885e-01
1.893143609215079959e-01
-8.421192498703199136e-02
-1.433555317837088838e-01
-4.776177984970545465e-01
-3.515580894171919657e-01
3.770260456400889026e-01
-4.089461343819311701e-01
-6.142968542316444847e-01
-6.112401779941525337e-01
3.147146843838611319e-01
8.278365885828885273e-03
-6.344599313409928776e-01
-5.077692691763106836e-02
-2.725823814163020331e-01
6.266099416215238360e-01
-2.071117300178977327e-01
6.282412199854656709e-01
-2.451711949849508243e-01
1.145741084164449558e-01
2.447749440040958291e-02
4.662454027706240955e-01
-5.412257010986201156e-01
7.879818299587962316e-02
1.995588616959770301e-01
-2.504026617665058296e-01
5.853645324228154423e-02
-7.223399016809536333e-01
-2.594301746296601152e-02
-8.454866082927242621e-01
-4.430111275706790086e-01
-7.483071059200256947e-01
-6.574758351727037764e-02
-8.239247700193748081e-01
1.991970171579770243e-01
-1.051030777556874796e+00
3.578154727949161007e-01
-3.313039398899944032e-01
4.400007485309894717e-01
-1.033134515316347368e+00
-3.857280934965038460e-02
-5.921447331141789228e-01
-3.675948553381465089e-01
2.928263844006564476e-01
2.382776192856177200e-01
-1.552120370796767901e-01
1.269671395032060390e-01
4.260742649512865021e-02
-6.371060855032667503e-02
-3.516049053207609965e-01
-1.932367483597283442e-01
-6.063073393879978568e-01
1.072805203565751903e-01
-4.421710015756022405e-01
-9.367836178363946054e-02
-5.778828704645933012e-01
9.305541175377851637e-05
-1.176451625307832205e-01
-2.719197429331153271e-01
3.977748142007765386e-01
-3.568737228923669069e-01
-8.055027412525881392e-01
-5.701902163929863931e-01
-3.506292365797983313e-01
-3.140336306419825863e-01
-1.848797663143105230e-01
2.969971448710782141e-03
-4.103742853019912151e-02
-3.679664083721281287e-01
2.641084786576991528e-01
-4.075590050579787627e-01
1.637347002497229198e-01
-2.094491153746441126e-01
-2.383243907218602631e-01
2.335177169071845638e-01
-1.922562604408070697e-01
-1.397747079544875426e-01
-1.336967035671863258e-01
2.003617136128197362e-01
-1.497734556465523947e-01
2.354902129001059108e-01
-5.768587145814365602e-01
-5.472105227195898092e-01
3.844906312140360938e-01
-4.245773310680013291e-01
-3.962460726312766468e-01
-6.995493796100564765e-01
2.712044249285132658e-01
-2.232473982061200513e-01
-7.889426993536857724e-01
7.198462426584459894e-01
-4.590778695706272394e-01
-4.369537109314708401e-01
-5.363432502442059269e-01
6.834483822152810362e-01
1.222846667567243362e-01
2.365788989986709612e-01
3.651551735333666282e-01
-5.995448449218880871e-01
-4.512781948344193883e-01
5.851469557526789433e-01
-5.034809788493652682e-01
6.460144771575461187e-01
5.359402581547925148e-01
1.386850923006767711e-01
1.202353228984885669e-01
-7.731582606989148010e-01
2.872030475904484570e-01
-2.605493582482719117e-01
-6.451952636185499523e-01
2.020443766055258217e-01
-2.122971753928400707e-01
2.681238248307742378e-01
-4.529112142813514902e-02
-2.332157051426020922e-01
5.866945431430542479e-03
-4.317040039802284568e-01
5.746777852392166430e-01
-6.401440207409120342e-02
-2.241232351294771274e-01
8.657116644230264946e-01
-4.823948181489220999e-03
1.491612816858005619e-01
-2.396112408986927067e-01
3.169423901790037190e-01
-2.597273518657426394e-01
1.632811006869772930e-01
-4.292247210955960068e-02
1.083563753181214367e-01
6.195919460060622663e-01
-6.465677114525402169e-01
3.462433924495221804e-01
2.388611679148685552e-01
2.291461106274708948e-01
4.019330099965141151e-02
-3.684971099609322120e-01
8.012794638267333180e-01
-2.173254802669516428e-01
-5.338408749557525118e-02
-1.133258142875947783e-01
-2.086924815311892722e-01
-2.104466813536592928e-01
8.843685098100630970e-01
5.355943675054952724e-01
-2.640989739489839061e-01
3.069047362604718221e-01
-3.656623837640483599e-01
1.004290587232062326e-02
1.015322013345003160e+00
1.110798070751061462e-01
2.594849996629977618e-02
-2.865953935717580059e-01
4.138120137246699137e-01
-9.993561026731898056e-02
-1.629475389392342488e-01
-7.226900999157340189e-02
6.543634355700247429e-01
-4.179796653223569747e-01
-4.857340701596883359e-01
3.565368282397102240e-01
1.593833930755671480e-01
-2.114490393201055862e-01
-1.817577992701237266e-01
3.266160880641792719e-02
4.435023112887603314e-01
-3.155176410570451617e-01
5.068100204121986918e-01
-2.786742102082837569e-01
7.866990560260977983e-01
4.352400681703155749e-01
-4.504893298102409238e-01
7.008833024823595270e-01
1.469831385679408464e-01
-1.124001491658904450e-01
6.273687215922525429e-01
2.650670304215612116e-01
4.562228261188507050e-02
3.825971459836931543e-01
2.638428390951166325e-01
-2.340164069293905816e-02
-5.615724337926122356e-01
3.332775596469919610e-01
1.068549555675018248e-01
1.212179045426939328e-02
6.203274869462931385e-01
2.861672968048203231e-03
-2.978939771870327546e-01
7.395550354272323323e-02
2.249034334521682887e-01
-1.733180936057474031e-01
1.426971432651452099e-01
3.973539909460943598e-02
-3.141109947813854331e-01
-7.999298154426172092e-01
2.680054065992241996e-02
-2.239491007318159532e-01
4.416856811279282757e-01
4.337328242770215891e-01
-7.556147290017398710e-01
4.654867847211385801e-02
7.368594668782605384e-01
5.259769457718600494e-01
-3.595417382417715468e-01
-4.007904072537843421e-01
7.481965104035763481e-02
3.957123849647433134e-01
-3.586845008598828488e-01
4.105491342597253346e-01
-5.684438896887619164e-01
-5.182000015035227447e-01
3.412285229510282625e-02
7.024632531130248214e-02
8.432225238199633766e-02
-5.474093700756738068e-01
1.757197776875931150e-01
-2.969256838215369454e-01
2.046275284269886974e-01
5.028536808885930576e-03
1.168936424762776899e-01
-5.902599663978332911e-01
8.300889236893825851e-01
1.487809378439287622e-01
2.839209201694618545e-01
3.513689465867823047e-01
1.307549691109008150e-01
-1.847867540599069658e-01
5.647665447768464020e-01
-1.125390181833371361e+00
3.460651863593219163e-02
-1.040438785897958296e-01
7.081538832216696111e-01
-7.065724635296066758e-01
2.180011917234592200e-02
-3.765963403537593290e-01
1.509508940632941498e-01
5.600685942786887139e-01
