1.927713737934418914e-01
2.295266533557125677e-01
-8.551125742067793301e-01
7.165253311748090437e-02
-4.348378618376639304e-01
2.560624672016241776e-01
-6.001171433241496711e-01
-4.598999908684241467e-01
-1.539404967667996338e-01
-7.862278094085424218e-01
-9.133763540725739483e-02
-2.274462783060355320e-01
-7.968871566341938495e-01
-8.899094931656490459e-01
8.067665166173059177e-01
-4.188479987742751987e-02
-8.782486717515606278e-01
-4.487018697394556943e-01
3.572468158787971970e-01
4.127951515899483392e-02
7.148900416783581235e-01
-2.448908664744711139e-01
7.491864660266944753e-01
-6.917885056610505456e-01
1.332061304375413702e-01
6.194221367149559399e-01
5.111984469692280042e-01
-3.433061400543779840e-01
-1.473335763245806618e+00
-5.105317340966369910e-01
3.350042771469824432e-01
2.817228338036081858e-02
-2.119019711848808551e-01
4.335556839418029385e-01
1.061392009030695638e+00
-4.595083259901647232e-01
1.468346195327464576e-01
8.922277526906140510e-01
3.604673396966763255e-01
7.515026911806560461e-01
3.629357582789860537e-01
-8.750510084373411823e-01
-8.288774090737326405e-01
5.214194216932857007e-01
-6.007091066206672325e-01
1.358660507026085429e-01
5.719702326327559261e-01
2.232393489648546447e-01
8.409415309471797162e-01
-5.399447311571223818e-01
-5.711400485780364633e-01
2.957052412314044587e-01
-2.678659383948659434e-01
5.246145282172915980e-01
-9.522312798136076117e-02
-2.991914826529512572e-01
3.924481411082516580e-01
-2.292806903040711108e-01
-1.595623759540893416e-01
2.347488476720424322e-01
2.537229021534434525e-01
-1.054122036502994852e+00
6.042273159575524133e-01
-7.622702849399234926e-02
-4.213813046009934338e-01
9.504797905741012576e-01
-5.189762456125416312e-01
-3.097351147816070904e-01
-7.723605120947266700e-01
4.423823499793340663e-01
8.714649421606796009e-02
2.377232127315868082e-01
7.254137646899631031e-01
8.368990335507842104e-01
-3.652348387522606488e-01
-1.630091204054046616e-01
-5.909740161166936456e-01
1.621419215250484713e-01
-7.478314365819566101e-01
9.033629601450082758e-02
-1.040196189404415938e-02
7.898924257106558766e-01
-7.563502512202027184e-01
-1.531110491904000559e-01
-9.847431426203039351e-01
-9.982874534071968231e-01
2.773097407638863698e-01
-6.426909661539726981e-01
4.857297256253448881e-01
-1.343868148909541094e-01
1.275411514531922808e-01
-5.090938762641845639e-01
-7.062898723340421681e-01
-2.248370912293341517e-01
3.883598538345339191e-01
-3.389141707820497729e-01
-3.633206984781345295e-01
7.003141350135584364e-01
-4.844873061097965117e-02
-3.223914139212601393e-01
3.865358778218992430e-01
3.403166256717324312e-01
1.033994410651992713e-01
5.448815749746783732e-01
-5.783028007999919673e-01
1.538417525786221762e-01
2.842764299964480879e-01
4.156519282771380108e-02
3.923868886206047235e-01
3.520572139322321603e-01
-5.237877886725769150e-01
-5.180977837187341617e-01
6.816391428635909522e-01
1.051240238513787284e-01
-4.494619525354522360e-01
-3.441910539089426124e-01
-2.153321460835549983e-02
-4.322241296700144453e-01
1.018458687443657640e+00
-7.887501727732414425e-01
4.869154533389641326e-01
7.932443220178261867e-02
-3.918400803498141016e-01
-4.485592352774943614e-01
8.900488629900417115e-01
8.347567616247860700e-01
-3.418212813141808804e-01
5.646325063804453759e-01
-1.311648971649024831e-01
-5.875074364440737718e-01
-3.485445212045268915e-01
2.960595117490964490e-01
-1.526166492316871903e-01
4.386651313010649922e-01
-1.093431322670649769e-01
5.733271169941700496e-01
-1.162145015827144856e-01
-1.063893461079226943e-01
1.932433733614360993e-01
3.898293491567808577e-02
-8.204295788605827644e-01
-5.644042387274212924e-01
-2.994578343925340946e-01
1.189800621764584232e+00
5.335904751641757926e-01
-2.328994855071996051e-01
-1.559245597311689768e-01
3.882144080828487942e-01
-1.302570091217709891e-01
-1.013171285862267124e-01
8.712778050678171571e-01
2.335499347351530641e-01
-4.805082712651848609e-01
-8.132973531279004131e-01
2.935618891439147338e-01
1.324869117335159552e-01
-1.636725870537178440e-01
5.235446270312571482e-01
7.503581972126877053e-01
-4.249025743430296931e-01
-5.374303808546249117e-01
1.828905913325677979e-01
-5.853178139761042731e-01
5.183448680627681382e-01
-4.428715520766733360e-01
-5.503607535312514676e-01
6.801021557475934731e-01
4.503160389076807379e-02
2.390426810494901411e-01
6.925266169862343002e-02
8.073641904802654201e-01
5.024000491366292787e-01
6.714142485050589304e-01
-2.840436913087578952e-01
6.523792113935783510e-01
-5.270242783152510047e-01
-3.106696189733791358e-01
1.084896560057104553e+00
-2.678446133704605048e-01
8.403612774490625270e-01
-2.068188507695702394e-01
1.325905252175238469e-01
-2.213343171662156827e-01
5.841188368904425277e-01
6.372195792540692461e-01
5.811834397336417268e-01
-4.123918318787503368e-01
3.180484260257293583e-02
-1.049583676702557700e+00
-2.933538173686529582e-01
3.868355995605735065e-01
2.035801173033736644e-01
-3.198125788984284013e-01
-3.185428828089748032e-01
-2.456668922378515973e-03
6.837453885301298939e-01
-1.366571748166250488e+00
-2.845521190395583488e-01
7.487607136559311094e-01
3.615248385205858117e-01
-3.271128022596643259e-01
6.206882139653975283e-01
2.472456979800472521e-01
-5.741016908031217891e-01
-3.966127446923802258e-01
-5.612199071863221977e-01
-1.769865377873808265e-01
-4.824243814584118772e-01
4.334577520284356167e-01
5.814030390159833361e-01
6.300205135373851961e-01
-1.877771959879974140e-01
-4.963130624463981677e-01
4.451104327154524198e-01
6.470409588173475779e-02
-3.545566430069813091e-03
-1.787269080098667917e-01
-5.802948934711096296e-01
-8.264204994556448858e-01
-3.516985026205005083e-01
7.695711038769731394e-02
-1.671916670242921676e-01
-8.145981738381264936e-01
1.726224915131660820e-01
2.622733989154202305e-02
1.017837963553991143e+00
-1.328720819016329768e+00
5.205461015143120207e-01
3.893487386125428773e-01
-6.634278653493461686e-01
4.311122026134855956e-01
5.505798482285313433e-01
-2.538911043604378248e-01
-9.255727548684468120e-01
4.855847676713150873e-01
-1.182291657989514855e-01
3.696891693987836014e-01
4.168333368488026380e-01
5.783392336118039490e-01
1.686920172741044333e-01
-7.612469016671514765e-01
-9.757658829186333094e-01
6.869943176509815119e-01
4.899599707273237237e-01
-8.968101780814842494e-03
1.445033786626723216e-01
2.953696253705987984e-01
1.197451740231787048e-01
5.285818218145967862e-01
7.235830152516431468e-01
9.331509128208035353e-01
4.255232945688764423e-01
1.157656843801874169e+00
6.162329062050676820e-02
8.792098841263955578e-01
-2.569987180986293973e-01
-8.594233000390038013e-01
6.683643356362635179e-01
4.466806828770445437e-01
-8.322042322791963764e-01
1.894080992025190258e-01
4.774561021420661300e-01
-5.630327353405875090e-01
-3.579333111614984575e-01
4.668825618740902739e-01
