-8.815545671312920994e-01
-9.433376776308020073e-01
4.712875582509260530e-01
-1.361314751894380504e-01
-2.910341649434488032e-01
3.061187432020552324e-01
-4.365387892282994731e-01
5.966083112473176131e-01
6.642996469561861517e-01
4.427786899048942737e-01
-4.418897627921365423e-01
-5.224779403141472933e-01
-4.746848178861804435e-01
7.073147167336290009e-01
-7.939611669507241898e-02
-2.201524764176682192e-01
-4.724619478220266067e-01
-1.317985386584148988e-01
1.109088649237013752e-01
-3.359686601062233935e-01
-1.304497559775898707e-01
3.566460127545543202e-01
1.690959717404435070e+00
-3.572823110526274215e-02
2.427957577492380614e-01
-1.289898137506256814e-02
-9.611158272645038414e-01
-3.224073300150389620e-01
-1.690630703436312166e-01
4.193503218416503309e-01
-3.259895038516003041e-02
6.678323270954911184e-03
3.560498065717190852e-01
-2.938641279127978123e-01
-1.126626681212406916e-01
-6.898495265401647369e-01
-4.526626537876178302e-01
-6.217061858413606146e-01
4.556262490689040323e-01
1.072087958712256928e+00
7.053143932437696551e-01
-3.362913288874791462e-01
8.521432743967443102e-01
-7.494575371012797138e-01
-3.390157058193543071e-01
-2.980298421659369756e-01
-1.350863978151902067e+00
-8.025981617248365563e-01
1.128854753993173698e-01
4.507734999937474396e-01
2.646818541330508978e-01
-2.565975894098296850e-01
1.126721016621849702e-01
6.160457089831695709e-01
1.038190854868461244e-01
-6.079998987418194778e-01
-5.197346452450433141e-01
-6.495776236874081233e-01
5.780616157708942104e-01
-2.392613496633910208e-01
-3.444870288548423920e-03
3.347508718121097182e-01
-5.520527526366427740e-01
-3.399603851879519079e-01
1.927024041145483646e-01
-8.728104825480023088e-01
7.330173801277128920e-02
1.049007792158490826e+00
-6.641180077979932372e-01
-7.820303144450857502e-02
-1.020461765418171352e-01
-1.344630757567017110e+00
8.523931651264277098e-02
-1.326766049566487360e-01
2.684006663105254487e-01
-9.877589668442929849e-01
9.741386627291481748e-01
9.720800061706704742e-01
-7.367034894762682917e-01
-4.209858168659773581e-01
-4.609347810504436094e-01
4.015180631602823236e-01
-2.965138588455898949e-01
-2.396124913873092788e-01
1.708379357940142951e-01
2.073968764585306102e-01
-8.585912056025368777e-02
7.813737814951522420e-01
4.099972519149280847e-01
-6.739308937559298496e-01
3.165567322296572450e-02
1.325601164372598451e-01
8.491700311147554192e-01
-2.230831521067262735e-02
-4.353087328216611041e-01
-2.294755160397077276e-02
1.739618845678259085e-02
-5.742926275385633605e-01
-4.425636859716328142e-01
2.935014228827328431e-01
-2.468101380655804422e-01
3.987912110797781073e-02
1.210050115357216960e+00
9.562575153007976669e-02
6.284554533412151089e-01
-9.408281961447881869e-01
-2.996852380389584125e-01
5.584564320067730847e-01
-7.084992909668046124e-02
-3.849352904305222145e-01
2.847182270916129299e-01
-2.083444533231550710e-01
-9.144571753967188632e-02
-6.161449220662303938e-01
-7.558226065271050897e-02
1.885023056825904930e-01
-1.920092152747051029e-01
8.839514756007504914e-02
4.553822787349857681e-01
-3.013918561058102075e-01
4.226323492367592971e-01
-1.693693187984181003e-01
3.339845364617212709e-01
4.234169480628180438e-01
7.455120692952924566e-01
3.071790224169767547e-01
3.788398962949243720e-01
3.995223364892528939e-01
5.735924142392383462e-01
-4.443654671297431191e-02
7.797449835657626060e-01
5.787329263249717526e-01
5.775226250233044256e-01
-1.594393282394629408e-01
-1.956951110968879748e-01
-8.230150607579398425e-01
3.838931031523397097e-01
-5.221548072764174986e-01
3.770717608468561743e-01
1.667382644870622210e-01
6.667612878547874988e-01
-2.629401067309070639e-01
-1.007765672163637161e-01
-6.359693609070764531e-01
-7.499580011620762265e-01
4.999755748682667145e-01
-1.679440498193928155e-01
2.302240054900311361e-01
-6.616234901053444917e-01
-6.817602927429826654e-01
1.804692473904264127e-01
-4.588380586061092670e-01
1.160493614194961220e-01
3.614655416078859096e-01
2.215690952605323116e-01
-5.443274390070586000e-01
3.155807139948607620e-01
-1.181396095145835545e+00
-1.245915548331419792e-01
2.057520480039802258e-01
-1.279440822376501918e-01
-6.849033388958453150e-03
5.862690136783603456e-02
5.121324638504582971e-01
-4.130862515531835699e-02
-2.165904377922439616e-01
1.210435237642343426e-01
1.760979610778531379e-01
-3.841797161947123618e-01
3.910572164057444233e-01
-8.568084655801414540e-01
-7.410292537144049785e-01
6.668932323775000892e-01
1.037572659925969143e+00
-9.002087579444355281e-02
-4.740302057850044881e-01
-1.245569226843852018e-01
1.302965681871454395e-01
3.557461599336392277e-02
1.960298000345387370e-01
-7.270910478124826826e-01
-4.061754952611226210e-01
-6.651623111255895449e-01
6.645642441240420251e-01
9.144442181321047469e-01
1.944850768677671149e-01
2.579883316932829462e-02
-2.245034674900833749e-01
-9.495368569706848227e-02
1.259525358748243562e-01
-6.083671855277146268e-01
4.161386165192873521e-01
-3.877591583756491156e-01
-8.783338577498547295e-01
-3.548417308839667550e-01
-3.013296244216651099e-02
7.747046186315852401e-01
1.624254931335618324e-01
-1.808013808918363663e-01
6.436680879163544367e-01
3.146723347168328133e-01
-8.437043676446207563e-01
3.393968884517387652e-01
4.663805548195643080e-01
-8.479148831387672836e-01
-1.803161567827704093e-01
6.574303815892634795e-02
-2.425091218348887911e-01
1.265928724656826820e-01
4.348786540491040853e-01
-1.320413701657485450e-01
6.183780854653225800e-01
-4.017383853175354735e-02
3.589406433714449896e-01
7.019249627644650324e-01
-2.853743900512067944e-01
-4.389856732690685659e-01
1.155535962414461493e-01
4.657835224729960921e-01
-4.352897884178285465e-02
4.821421805966077390e-01
-5.625449952854923996e-01
-5.991150942328824502e-01
-7.375672696968693653e-01
-8.537133078463834401e-01
6.876327748406335649e-01
-6.630894536678515472e-01
-7.025672417042365669e-01
4.755801137312144489e-01
7.749134810201588897e-01
-2.973967621200039879e-01
-6.392525167997612501e-01
-5.141752633295594288e-01
7.018058283663284325e-01
-1.141601995313552553e-01
-3.163116521364294220e-01
1.469612110525283510e-01
-6.620470267981778401e-01
-5.001344270278011983e-01
-5.613329490528651267e-01
8.612654488011498577e-01
4.697443085215904368e-01
3.212616030973899361e-01
-4.209458418249422545e-02
-5.768870593286162807e-01
5.530184407941526326e-01
2.447973639440167437e-01
3.767158071341668024e-01
-4.733353644854391695e-01
9.342917754496552485e-01
4.532158201672493725e-01
3.485294508249086043e-01
1.082131369915050101e+00
9.411684939214102208e-01
1.184616689882782015e-01
6.640916867076067653e-01
-6.319258871359019203e-01
4.890510282699410682e-01
3.889227863696509413e-01
7.090079317805916270e-01
9.160920144540149468e-02
4.270637830426053938e-01
2.784197806594470026e-01
5.596221161810719380e-01
1.001084682584115315e+00
