6.216000167183854952e-02
1.633269817327365481e-01
5.799760979585996123e-01
-1.872637256076706003e-01
1.093977615568175743e-03
-2.113931304927003096e-01
1.136618982481181650e+00
-1.673866255731312480e-01
1.279050272627962337e-01
3.089028064671681117e-01
-9.116332507918671890e-01
-8.525257883082271171e-01
-7.396660319660117167e-02
3.606105162997766955e-01
-4.527657477875649539e-01
2.861348953809811912e-01
-6.847027726704879580e-01
-2.342493789069489407e-01
-4.826752743289500769e-01
1.322816605259595324e+00
-6.605480634848246435e-01
2.496914980943449880e-01
-7.643978976581101703e-01
-1.024883764996846747e-01
8.954370963496619540e-01
4.506401108458693017e-01
7.766370066960004426e-01
1.554020870949068267e-01
8.820583384254409021e-01
5.359920479017443729e-01
1.417908725810446136e-01
-3.999945945221047849e-02
-1.017851865114991927e+00
-1.569539133137407561e-01
-7.150722960254046745e-01
9.047648932957175205e-03
5.904577451194209514e-02
-9.745274013068528918e-01
-3.482649552435210794e-01
-4.356851790940881042e-01
-1.929704240435012874e-01
6.452264464953956224e-01
4.544706670841331952e-01
1.792855782747847515e-01
6.846208364482849751e-01
-2.657131721230605592e-01
7.224493288705307048e-01
1.369193592901930545e-01
-3.090039381038383048e-01
-1.281587124559476987e+00
2.169884137706157290e-02
1.701501141638565029e-01
4.110525150868175048e-01
8.407020569235965080e-02
3.940219129377820484e-01
-7.803459704889423310e-02
1.239687297875285310e+00
3.514847183493757798e-01
-4.889320895258361666e-01
6.587369072519190238e-01
4.014886807322353146e-01
3.167168031650117732e-01
-2.894677281816847580e-01
-1.036999386556904934e+00
-3.441219100917446982e-01
-3.107302109921695754e-01
-7.750321979759731139e-01
-6.255228032789261761e-01
-2.368368204102549446e-01
6.276021520928206643e-01
-1.107956392773726373e+00
-6.087993508871050174e-01
5.206735846907837306e-01
-1.947113947693608071e-01
-2.077385324307902126e-01
8.128084755499399572e-01
-1.950657533310913294e-01
7.427259135236743415e-01
1.921197006915401628e-01
-2.033818417079762686e-01
7.523047177721675638e-01
6.149980089776143632e-01
4.430680911467548277e-01
-5.782166514189648332e-01
-1.730036737990820750e-01
-2.897827472328727283e-01
-7.784024592356144634e-01
-6.575818948417612164e-01
-2.317502316691383846e-01
4.816859504663839053e-01
-1.221170845076444245e+00
7.613699246494646244e-01
-1.556683757601040607e-01
-8.708360441485409886e-01
-3.424284652646839011e-01
-2.685846609441279731e-01
-2.884170923018453125e-01
8.217805760477465693e-01
8.612686151435561266e-02
6.938762483263649639e-01
3.847745554868509110e-01
1.241470976075844113e-01
3.746541758906582475e-01
8.070302316085453675e-01
-6.369518771155939785e-01
3.812409133379735526e-01
5.305948969783568225e-01
1.140114189344999307e+00
6.033005716423179843e-01
-1.934381364181401719e-01
-2.401656747932271185e-01
-1.092799958947607147e-01
-1.065794453404984854e-02
3.413482737360531427e-01
-4.946790210981857339e-01
7.780568309689832596e-01
1.111618147616874719e+00
5.219183727755910551e-01
2.828085149028775058e-01
4.089892940202086713e-01
3.143530676973674831e-01
-5.063607316960148097e-01
9.172742638169519847e-01
1.447960495891966459e-01
-7.456528980880692270e-01
-6.016983181745980680e-01
-8.506003069878469436e-01
-6.582085675300444194e-01
-1.263427579863768413e-01
-1.781944813914159154e-01
-6.973553063972218191e-02
-8.922629900841297923e-01
-6.862423460466542391e-01
-5.209382567677988130e-01
-7.125254468741132330e-01
4.797139840803341659e-01
-4.269678464203920942e-01
-1.443599704598141353e-01
-6.514104868298922768e-02
-8.411791737166283145e-01
-4.156823589998859259e-01
-2.648297469524631964e-01
-1.119288951204712390e+00
-4.884162090151863422e-01
-8.652174636514187167e-03
-3.173221836677031504e-01
3.637026886180956264e-01
-8.613708951035032868e-01
-6.310314314576069838e-01
-1.150995993219914998e-01
-8.862852939613805603e-01
-5.416514739149177471e-01
-7.406430859700732228e-01
-5.057683876902879794e-01
-3.442674943378991603e-01
8.646234138976819361e-01
1.245401394438941656e-01
-9.416231394744162264e-01
-8.990083029328781172e-02
-3.219105049827983289e-02
2.509623172461783458e-01
-3.004005049685597450e-01
-2.447553824856072424e-01
1.534624581920368547e-01
-1.427131489067401393e-02
2.048976012665789659e-01
-8.093459347636788870e-01
-5.503970398826433241e-01
-3.868595337862024142e-01
-1.746884836073409053e-03
-1.743838011392306875e-02
-6.692286902612479271e-02
-1.716712026175434280e+00
3.686194443358782324e-01
-6.207528329501931230e-01
8.155655254310545388e-02
-5.207154776510616867e-02
3.632419921232751259e-01
3.836698634264991137e-01
4.512602293991418989e-03
5.174332409335362648e-01
1.591128441871148547e-01
-8.699020825647949540e-01
3.776561436589268572e-01
-7.059165109420324491e-01
6.773937121602203737e-01
3.956261368453004579e-01
-5.734788312774345975e-01
3.895124906437243961e-01
-3.929345279584839368e-01
3.062707220126213992e-01
-7.351010396650063672e-02
-6.088087499871550623e-01
-1.202218261305733948e+00
-7.320344460959493649e-01
-1.436823870643551548e-01
2.938405190926192123e-01
-2.511160219799147275e-01
-1.227752889274874359e+00
1.963536371484229243e-02
3.203349672692025196e-01
7.066247683612606467e-01
-1.627129907015502086e-01
1.042691750681882246e-01
4.196555765289726736e-01
-1.171313144376386617e-01
-6.910546269851396417e-01
6.408133408993343938e-02
4.016044235776471960e-01
2.192528438148845238e-01
2.369482626256345370e-01
8.953216217896575735e-01
-3.292251114982949201e-01
5.301424587973740943e-01
9.628676347470566110e-02
-5.998677122365336789e-02
-6.218172080163425486e-02
-3.553358706773924736e-01
-2.569246213756204433e-03
-5.527562176414047013e-01
-2.183646354810200585e-01
1.485680710230400381e-01
1.004860458182091493e-01
1.475179278081981127e-01
-5.192957576402250641e-01
1.262063306331992207e-01
1.298837340225066084e-02
-4.546487216097336304e-01
5.915415033215815077e-01
2.413176489676025493e-01
-4.037787276425105487e-01
6.952857867327574271e-01
-1.513131647600313712e-01
1.488420357212618672e-01
-1.912340262158270798e-01
-3.811643888200624830e-02
4.314412914899288798e-01
-6.139344160222074409e-01
-1.387519656665648915e-01
8.793208843871314073e-02
9.372358409402956614e-01
-6.612202068057004833e-01
4.541016085771908406e-01
1.280839292213598879e-01
-2.799381104293951483e-01
9.730749173114172645e-03
-3.117977839091379266e-01
6.238280358376657730e-01
6.688028832354065978e-01
-1.437787432271570021e-01
1.632868608112940378e-01
-3.002132551638207469e-01
8.266414295711534965e-01
-2.897605990360485606e-01
2.001760441797675871e-02
8.218946672493743222e-01
4.702767462376867824e-01
4.596215514694885207e-01
9.449227446785188334e-02
-2.512268485971027587e-01
-5.226058806792149847e-01
-4.737670191728681757e-01
-1.695634153106972408e-01
-4.462041754248519121e-02
-1.064307381583610712e-01
