5.555470300269241268e-02
-5.450943212963350604e-01
-1.095177339941132866e+00
-5.143519462535115494e-01
-1.028320681122611546e+00
7.757897689857887746e-01
1.894253843666199311e-01
4.942259722154847545e-01
-2.021677749421572634e-01
-5.010751341422676752e-01
-2.799190735708207978e-01
4.068572918419121054e-01
-3.330698197658353843e-01
-1.319426440020143310e-01
1.519003037481816420e-01
7.679329410847690607e-01
-1.184329924935209055e+00
-3.236782482649143422e-02
4.276937557669198420e-02
4.341388660659091792e-01
6.783991427951701070e-01
4.511461770659902504e-01
6.008543977113549595e-01
-1.603137889942989891e-01
2.395849550106430026e-01
-3.491092613946352730e-01
1.103529483816518275e-01
9.525620900928699619e-02
-9.452237833956973478e-01
2.268975261842411939e-01
2.329271378765387368e-01
6.851412443501460059e-01
5.241303466258492305e-01
-2.952556628881626288e-01
2.553807465958221612e-01
-6.633892377031929133e-01
4.391236795914804647e-02
-3.620052633388218255e-01
7.823820758450957813e-01
4.756647898215304315e-01
4.374060753419335423e-01
1.386343635719071155e-01
-1.098163972963107859e+00
2.354094444250341978e-01
3.303533316484863480e-02
-9.640572039254300396e-01
-6.623433195539132345e-01
-3.436158139570022474e-01
1.223961535683640189e+00
-5.065431673641684895e-01
-9.033039340558306485e-01
3.015955612190422408e-01
4.509162123862361371e-01
3.614808817347698322e-01
-6.861308234744306622e-01
-7.033403576279143588e-01
1.249032721071395624e+00
9.868853076401581936e-02
5.532688971278031387e-01
-5.856331162063058704e-01
-5.343056647344743837e-01
-1.102214100553009640e-01
9.083022768198705243e-01
-6.527976704611164749e-01
1.645447296716909258e-01
2.168910633519067210e-01
-8.634506598757655249e-01
3.181506457116670128e-01
-4.138195206312261787e-01
8.484097467110224278e-02
-7.941337865699036325e-01
1.142548121613383844e-01
-3.366042107923537807e-03
3.896702278204022818e-02
1.040477994681475449e-01
4.047050022059431318e-02
-3.910806870452251949e-01
4.495554237894745508e-01
-9.450139239823972526e-01
7.687600116955480845e-01
-3.086538453076216881e-01
8.125814992302031747e-01
-6.907469079844730242e-01
-6.008423336865818809e-02
-1.911832966813606649e-01
7.556191333819441969e-01
2.227446115796822557e-01
-6.285632654650444295e-02
-8.834398408175037076e-02
-3.989136564378592542e-02
-9.304585573950192590e-01
-5.044979821480890525e-01
2.498535551109535291e-01
-2.249942067791675659e-01
-7.583798368723110306e-01
-4.118636323321848147e-01
3.410266255715937445e-01
4.034158032062035160e-01
-7.140121672939541142e-01
-7.522849200659325053e-01
-2.269258212203485447e-01
8.088098749194392312e-01
-5.581201035259586440e-01
-2.584722099105635218e-02
-9.574463793344033524e-01
-9.512843097206503951e-02
3.854384859832840071e-01
5.378671134002629417e-01
-3.088274575165060876e-01
-2.740847624416304362e-01
-6.088807971128862295e-01
-3.784633448380228526e-01
1.999120665467092328e-01
2.902952323017831127e-01
-4.307470993218369681e-01
7.124109829830677088e-01
8.720251139399262108e-01
5.065617983712527028e-01
-1.859720806615972610e-01
6.624707297916390680e-02
3.744160880306147687e-01
-2.664414023237997586e-01
-3.843321391756943650e-01
-6.291430198810867847e-01
3.775584852121243729e-01
2.371810063042451011e-02
-2.243018020961915215e-01
2.466059467425935625e-01
-3.087360823486466899e-01
-8.722643543542547562e-01
4.190371888094679420e-01
2.576959004790470020e-01
-5.407396110736296668e-01
4.719175673929749681e-01
2.036565894721242831e-02
7.476977595434906032e-01
-1.309366695842225203e+00
-9.031079453137665913e-01
-2.609685055659535791e-01
2.938771785898551814e-01
-3.687371451064479222e-02
-3.627644007318324149e-01
7.816047236288846678e-01
2.456666765354958981e-02
-8.230679329640207265e-02
-4.198575866806770751e-01
1.210119265864880583e-02
6.926759030009628226e-01
-3.381153153258103505e-01
-5.203608061463552703e-01
3.180386406387952780e-01
-2.561435597385330332e-01
-3.421700449214171158e-01
-6.535297919710804093e-01
4.741077166493215533e-01
1.653318942610355058e-01
-4.327642370090635793e-01
-5.935833001929119446e-02
-4.323788547815007322e-01
-3.948518600848058280e-02
-1.515971228907293522e-01
4.356080010830615246e-01
1.826145981226077186e-01
-3.834987709933804778e-01
-7.590221261066533165e-01
-1.485111084795670555e-01
9.966994252661309783e-02
-3.300935788972020335e-01
3.087800891766477873e-01
5.963420892640445281e-01
4.800322161183070424e-01
3.453039803534876939e-02
-6.324755609580123838e-01
6.177505663515014955e-01
4.204934869371510509e-01
-9.219493196958901127e-01
8.993127030318593951e-01
9.999418596324136654e-01
-4.336308530536736594e-02
8.328346741702551403e-01
-6.978064728615132051e-01
5.479943797920643345e-01
-7.395053228096901687e-01
7.206875165069674960e-01
-6.900235610252590523e-02
4.628547616617695870e-01
5.697211566324380527e-01
7.570253035551168797e-01
-2.715158465197892168e-01
1.368043891347354157e-01
-8.830173768106316934e-02
6.908817867948333080e-02
-4.408949406614041111e-01
-9.470283820715130751e-02
4.344421679543511994e-01
4.572606574669685342e-02
-2.287861739270224404e-01
-9.175984850073501953e-01
3.273550220722444282e-01
8.534482818689077543e-01
-1.942588298745783204e-01
3.309700310754001146e-02
-2.746336568963692049e-02
3.057173663614490833e-01
2.658171091251723683e-02
-4.212337314291041412e-01
3.064542169269916516e-01
-4.466361503447646708e-01
4.048763227734625270e-01
-3.947597998110487505e-01
3.301196789117749053e-01
-4.912237166598926175e-02
-5.481568815187807253e-01
4.440905007207375244e-01
2.997417629097045566e-01
4.749840137027558917e-01
-1.048529989596961032e-01
-8.917101122062999208e-01
-3.083526950255534027e-01
-3.988551345625365174e-01
3.121775028745282787e-01
-2.828564376559759008e-01
-6.026707520807841334e-01
1.582688695012841595e-01
-3.611627981978909885e-01
-9.328702840876879065e-02
-8.135546733076974846e-01
5.052799709749484780e-01
3.593065545363802737e-01
7.462089204173336654e-01
5.094081755130406286e-01
-2.196764123151362103e-01
-8.939484531007905188e-01
-5.219525882180170440e-01
-3.268480279128769816e-01
1.952904504316998191e-01
5.408798318667275007e-01
-5.642515610590014274e-01
-5.779103056438674724e-01
6.425537308160278460e-01
-1.591939165562514247e-01
-1.033858562468762621e+00
2.726623965708178665e-01
6.390187339254097543e-01
1.059574144159182829e+00
5.646608230880056922e-01
-3.538135872562721274e-02
7.218168223745291545e-01
1.067250682828151831e+00
3.685245872877083717e-01
9.322934653484427070e-01
-4.804999806082929648e-01
3.565126170387897808e-01
2.079244015678889390e-01
-5.124388315299005514e-02
-6.516321146500828609e-01
-5.158278886533324004e-02
1.133328489144755924e+00
6.877102180092626860e-01
-1.213573660667196741e+00
7.930809928379820573e-01
-1.346109176233932780e-01
-4.638386409615545547e-02
-3.484323417895968111e-01
-3.796623689498898613e-01
