-3.730064562103260206e-01
-4.559253839506319239e-02
-4.528837302213351568e-01
-6.325501902169796686e-01
-3.173337147316696027e-01
-3.432340035160472147e-01
4.105741292316116842e-01
7.382775426988055223e-01
-1.506059936275938593e-01
-3.236226954064448380e-01
-9.041146432945268430e-01
-5.902692636648672053e-01
2.542782180675670078e-01
-3.489509329840928542e-01
-1.461560082488322365e-01
-9.400349864250686638e-01
-2.117152814487009704e-01
-2.489861122203912425e-01
-8.224477112039512150e-01
3.893236970835919353e-01
-4.706302693368127898e-01
-1.183415906358932235e-01
-3.942658883907209644e-01
-5.905645185702809163e-01
2.688329116031298871e-02
9.934865102928569502e-02
-3.763151035131709898e-01
-4.926120876014561389e-01
-1.428939425704728317e-01
-6.826458717895339534e-02
-1.152250013861893518e-01
-5.561974421743780539e-01
2.597380595601371800e-01
-3.778951606466690594e-02
9.969701425180984566e-01
1.988562505863881169e-01
8.340599420637129224e-01
2.456957412977307520e-01
-1.580040530119894149e-01
8.952676567749510150e-01
9.951576046382338836e-01
6.370629582191977835e-01
7.136674652420413878e-01
-6.790897194611140719e-01
-1.972406193694786203e-01
2.992307008834850235e-01
-2.990236243713982611e-02
-5.111790887591355359e-01
-5.859758605272401555e-01
6.181646325861437502e-03
-4.268952208518193014e-01
-1.054374966693436999e+00
8.655193732276378338e-02
-5.506037548236863977e-01
1.002177418981787138e+00
-2.026362880484102735e-01
-6.879645207109742477e-01
-5.278536798396405993e-01
1.335666437682376528e-01
-2.993463272066906877e-01
-4.819671691195226981e-01
-5.812102388502013994e-01
3.464877696824607001e-01
-3.743371797214374852e-01
-1.437125165327773346e-01
2.856771500015188869e-01
-1.547952761935812993e-01
-3.333962780863616859e-01
-5.752953505032103454e-01
-5.029650363650446376e-01
-1.332249732977658918e-01
6.258693467979905556e-01
3.724349477498297700e-01
-4.759928705906839586e-01
-5.431193024676504999e-01
5.637864581902539696e-01
1.308497787221029052e-01
7.944104835671054188e-01
4.878442687875143569e-01
-4.611965620769954699e-02
3.537190331830855072e-01
-4.692891407658286718e-02
4.846124042340864690e-01
-3.617722720264179848e-01
1.951247976120905614e-01
-4.550798731720744894e-01
-2.296239885698901084e-01
7.880321166203603234e-01
7.581311839303395139e-01
1.049148910928818790e-01
-8.873590258875990733e-01
-1.812430421408643966e-01
-3.121538390058841705e-01
-9.194672501345793614e-02
-6.875848049598682898e-01
-2.996174502488443969e-01
-5.829267374527052903e-01
1.798521195300757380e-01
1.672631350161825070e-01
8.324889547717811977e-01
5.511438044283465398e-01
-8.826965123769378585e-02
-6.119889346673945685e-01
-8.005426904690919887e-01
-4.933971317613998764e-01
2.779748323593224657e-01
4.097013117708733221e-01
6.201161533850729768e-01
3.879354212092597787e-01
7.758472471330257747e-02
-7.958761077588246691e-01
4.157321523904776162e-01
2.010200728241975654e-01
-3.997551708096551137e-01
4.411634974545630694e-02
1.986038608299079411e-01
-8.752958541133167847e-01
1.567284759864671362e-01
8.903820760049436789e-01
4.132253989163909291e-01
-4.952550012737281238e-01
1.682604705046224502e-01
3.934490085944549187e-01
1.295828039370498397e+00
-2.886675694870860509e-01
2.573430912652008296e-01
-2.175879974309793408e-01
-5.876739483646036266e-01
-2.107130821866054216e-01
1.857042917453873287e-01
7.811685524652195456e-02
9.165087111063910386e-02
5.304909821218000143e-01
-2.400355218114679223e-01
2.968384109916533120e-01
-5.788519149435249200e-02
2.789002855156760274e-01
1.025925831843769731e-01
-6.288883750194629307e-01
1.475820942400740132e-01
8.194572570542066892e-01
-8.570405633209066121e-01
-3.942639459714667449e-01
7.936877041680630018e-01
1.034538771945322511e-01
-2.410185836145075089e-01
-2.341486724497683081e-01
1.370898251950318780e-01
2.471976540973460923e-01
2.948094990443357877e-01
1.009820728131047562e-01
7.213437465233113466e-02
-8.167817140017377131e-01
8.334961358481624005e-02
-4.693087838585248694e-01
3.920098137764441715e-01
-7.358221331448233649e-02
6.092641918832224918e-02
-3.477200716085257493e-01
-5.622236121905049844e-01
8.874260481173424919e-01
-4.444349088096372080e-01
-7.865215082012833037e-01
-3.075555528101308056e-01
-6.220404710543951943e-01
5.935608294038658972e-01
-3.668992746110550929e-01
6.276069535383796971e-01
2.785313061895514086e-02
-1.051960134012804637e+00
3.881140211907591620e-01
-1.646266111951983913e-01
6.125911447390042230e-01
-3.090055274881972069e-01
5.765761390763272098e-01
5.678912076970834555e-01
-5.271650353019917690e-01
-7.319147748728231928e-01
-1.079112381179005153e-01
-8.377530167593736365e-01
-6.197057731559070248e-01
4.644977265794171251e-01
-3.499738658146863690e-01
-8.746390625354807935e-02
-6.988993872088375969e-01
4.675698717267834370e-01
9.787816937691509178e-01
-6.121139749905248895e-01
-5.226263215251724104e-01
-1.864912539062828500e-01
2.962668753238988373e-01
3.278762346034338471e-01
-4.475716822958000218e-01
-1.746083048077715638e-01
-4.635160361822054376e-01
9.820949254124174965e-01
1.367634654181107412e-01
5.631124664705680627e-04
5.354332675961489540e-01
8.181707653128366120e-01
-2.849370795707391602e-01
5.619258571722121620e-02
-1.000494089020009109e-01
2.604768994558878670e-02
9.458313144423087238e-01
1.311049581736876135e-01
-2.067989475362204121e-01
2.458154776238385408e-01
-1.703635008634696302e-01
-7.915801088060989699e-01
-2.889585002074473441e-01
2.953919116394972955e-01
-7.646870489654612468e-01
6.521224447261253498e-01
-7.048097905980196254e-01
3.870168315673369053e-01
-7.621702500534071056e-01
-2.069784027592089792e-01
1.106343539248227925e-01
-2.495984307952636150e-01
-2.111426175303251773e-01
-4.763245226123371534e-01
-4.612088775056856771e-01
-4.606490288622646090e-01
-1.579694496703576978e-01
8.159365274314447358e-01
4.767926012859639018e-01
-3.224408987715330910e-01
8.124291678944077777e-01
4.287303184418636004e-01
-8.756212280221553623e-01
-8.253279921657359353e-01
-6.339664828737611169e-01
-5.771933528322146234e-01
-8.673030128265126759e-01
5.368869219195422371e-01
4.313523328971787807e-01
-8.162297220458681890e-01
-5.121572968174112894e-01
-2.472582716373626088e-01
8.986008130463607468e-01
-1.485986416232812912e-01
-1.855359877448063965e-01
7.348896687583910126e-01
-4.084259140573064939e-01
4.516235880192770447e-01
5.125649508148907296e-01
1.280936050630759326e-01
6.366618786899548299e-01
2.282910458660007691e-01
4.062582515198950306e-01
1.685672277724990092e-02
-6.481984176252477692e-01
-1.432604124211191432e-01
1.912666853649704068e-01
3.084694678114238142e-01
-6.504076847646714787e-01
-2.840389206788236365e-01
-1.649860093717773757e-01
-6.835335111333993297e-01
1.425007410563907118e-01
-7.216693114855163849e-01
5.001547497755403082e-01
-1.927299782789881899e-01
9.785862863337234652e-01
