8.957375565512551985e-01
5.736574495855104594e-01
7.243144603447049246e-03
-1.531426035565345012e-01
1.154067146324526394e-01
7.334426945736390868e-01
5.012171761646654344e-01
6.081601306351744896e-01
4.045391765999289957e-01
1.372894568309243613e-01
5.708243798871648345e-01
8.711992023781942596e-01
1.688060167727427341e-01
-3.011702770983910038e-01
2.117712147406774492e-01
-4.559691297312141733e-01
9.117490271615294462e-02
-1.747150408811701250e-01
5.155386245107329568e-02
-1.163930980208036647e-01
5.015028952308937527e-01
-4.342499443831608352e-01
1.167103964096216362e-01
-8.765293939621203456e-02
-5.089646175482434587e-02
-4.555736323940509092e-01
5.396820050544225422e-01
-1.035341769953813940e-02
2.882474546748028943e-01
1.697251985186093159e-01
-7.677241515749586576e-01
-4.758654365516628015e-01
7.784948641642245315e-01
1.939161665777419108e-01
-4.160000407748337126e-01
-3.691225626983141717e-01
8.732583848300716767e-01
7.806583409460574607e-01
-3.227310620031895866e-02
3.575626703294738640e-01
1.924149862095355518e-02
5.246460084547034386e-01
2.628591665099819230e-01
-9.911058153868179676e-02
-2.447165162713079156e-01
5.851216878242053721e-01
-7.319195571920525945e-01
6.304321922463458350e-01
6.671991436853112745e-02
-1.314185566910253955e-01
-4.058280658034056909e-01
-4.862446339355911973e-01
-5.749452652612963011e-02
3.477740026399579465e-01
-3.269126886018900446e-01
1.394994670393934211e-01
2.373264807802264731e-01
4.947286354994011037e-01
-1.046463905737600175e-01
5.379296605965807609e-01
9.744767451910052447e-02
4.053765893920886487e-01
4.911381572681212254e-02
-3.331844922648364293e-01
6.344165008488934498e-01
-1.344642790674397126e-01
2.362564804563085374e-01
-1.127774986101441224e+00
-4.712379392129233957e-01
1.353970141343532330e+00
2.020095346900847577e-01
1.470229628106942688e-01
1.845514575186320838e-01
-2.186668908323823324e-01
-5.185653266103626979e-01
-8.929833155625601648e-01
-1.717829209000773238e-01
-2.613057799955153526e-01
3.761862378736188783e-01
4.796432690420366907e-01
4.321438172605557293e-01
-3.206759405192616263e-01
5.819375219417245448e-01
-2.850913076017543291e-01
-5.615314691484848408e-01
-2.858953196581501266e-01
4.996547681658750073e-02
-1.584230985806792669e-01
9.537452983172473031e-01
-5.493814292136904864e-01
1.150582134511469179e-01
-3.641366503149658929e-01
7.721775073625702923e-01
2.428530321406919545e-01
1.692456772376633722e-01
1.411483594009789455e-01
5.896247404508381251e-02
-2.388463489440610377e-01
2.430929270282853050e-01
1.217041549985281162e-01
-5.350435635952610625e-01
2.200742474761853973e-01
-6.149136330781906912e-01
2.242804369786622343e-01
-8.198419084120650568e-01
-1.173731360007340407e-01
-6.598395275249144820e-01
-3.105908533657238402e-01
3.580019007739206893e-01
-2.160647057128948223e-01
-1.061043989262161036e+00
-1.989234650976390018e-01
6.009649917074393055e-02
1.243632262786669163e-01
2.000713205892284685e-01
-3.423609572637743015e-01
-4.244418623312591343e-01
-3.789864053833224000e-01
-7.842933940436894735e-01
-6.302198835503185492e-01
5.350695528684649982e-02
1.202702687109371837e-01
-1.492330752125808346e-01
-1.118318902721844754e+00
3.498564433055916245e-01
-1.729771126646843515e-01
2.668046212762968383e-01
-6.069408337826293076e-01
-4.619877963866679260e-01
3.567832387839057207e-01
-6.257740444806489943e-01
6.800052401550293890e-01
2.401486348736823762e-01
5.601526986597982205e-01
1.827243310395349762e-01
-1.260897071923480772e-01
-6.072677643419652771e-01
-1.750835556615095434e-01
2.107668418727968451e-01
-7.225947499921191453e-01
-8.766246652704164921e-01
-3.734753411430617454e-01
7.941240188475651163e-01
-2.468190171284371792e-01
-3.634104840765429167e-01
6.749616576231862730e-01
3.305627933376636962e-01
-3.114064540271967996e-01
-6.313631758531476068e-01
-5.656791873847194507e-01
-9.611977958859077575e-02
-2.390412181648610412e-01
-2.137471414795040769e-01
9.898721314558498463e-01
-1.961801394527198927e-01
4.785435932816489157e-01
-1.826676437455194979e-01
5.942556622454584492e-01
3.990351166656760928e-01
-6.293884379864905787e-02
1.151759145451728639e+00
9.990254578922798390e-02
4.417861945978494576e-01
6.740843131221894158e-01
-5.278618143911481542e-02
7.250746404452912408e-02
2.531890213006382506e-01
-6.553508153194742558e-01
-4.393466530365177092e-01
-8.490890730327830260e-01
3.550630405850333515e-01
6.420247602551762411e-02
1.825807980821815835e-01
1.570192818320559347e-01
-8.665590545531054456e-01
-6.250444242056398814e-01
-2.393151012022844137e-01
6.434670035443883218e-02
-5.278169772626276068e-02
8.664271734093710320e-01
3.622940077365002787e-02
2.540367964441206938e-01
2.253667919893836968e-01
4.657388873649325189e-01
8.693219492062020937e-01
-1.244259008928341736e-02
-2.115855116803300739e-01
1.437003080500457997e-01
-2.124026188870042631e-01
6.122846245314819691e-02
1.194969993908832906e-01
5.859687211076931579e-01
4.675980782661041113e-01
5.584457955999136969e-01
5.752803267899956469e-02
3.865354932393487430e-02
2.552099539517410642e-01
2.068836728379337131e-01
3.044076812300696155e-01
-1.835284731906813016e-01
-4.200021959306723396e-01
-1.278108954189850210e-01
-1.290129299205966529e-01
-2.715236679386353047e-01
-7.178190547170837377e-02
1.538849794414411387e-01
1.822231767348639619e-01
-4.561693548672365872e-02
-3.145510481116259999e-02
-7.449881763777732591e-01
-5.427060127441327708e-01
-5.813657507360025373e-02
-5.768108351431406877e-01
1.627256562900345205e-01
-1.539004651765483456e-01
9.280572225203971293e-01
8.469080356575645063e-02
2.540469559234093122e-03
1.086105897672197784e+00
2.272312122319849470e-01
6.739289769505385497e-02
-3.476044713990074086e-01
2.307254403956416344e-01
-3.545498033151744943e-01
4.178961080162534869e-01
-1.036019954579099761e-01
1.033536314655843613e+00
4.141974222816874884e-01
-3.436061176796335187e-02
5.210127886723339152e-01
-7.516994630735888139e-01
4.284878318381738493e-01
9.794404986776356070e-02
9.887187219382830017e-02
2.733642305127630401e-01
7.694796105019925392e-01
-4.427361880644429398e-02
1.402696308709359685e-01
-8.906302135869954562e-01
7.647006028399050415e-02
1.220714548345630535e+00
4.859760269774317520e-01
-3.003058019153089786e-01
2.472625223761812929e-01
6.291309266460699545e-01
8.587180849788536019e-01
6.817118513553627190e-01
-1.917737333826797785e-01
3.559950753638617127e-01
6.634850334204817068e-02
7.107825034679815523e-02
3.604834560541209654e-01
5.296900610201669135e-01
4.239723724450128461e-01
2.558680793380190832e-01
2.304046092387991573e-01
4.931382599075981310e-02
1.629864402247693522e-01
-3.465468424862317987e-01
-2.517237640690357936e-01
2.875670146970707997e-01
-3.383432334919893592e-01
6.023833673834698699e-01
-6.584648910302787206e-02
1.649550825982017688e-01
