-7.929481086574896587e-01
6.756721109809715742e-02
4.598869989775073996e-01
1.870000227574575291e-01
-2.195490185947289175e-01
8.821852599974203679e-01
-2.118855670233586452e-01
4.309503459483523535e-01
2.542394549882470711e-01
-1.361123427644208572e-01
1.056949904448055255e+00
-6.615180254236830981e-01
-4.191488365254442683e-01
-4.423924928222548458e-01
-7.033065386407026942e-01
7.316862792852955044e-01
-1.529021412724651807e-01
1.356839518196787941e-01
1.747666450462247445e-01
7.873278725978910542e-02
-1.566807117143264871e-01
2.873368071027807558e-01
-9.447658826802335374e-01
-8.082158949195397679e-02
-1.046548817476588011e-01
-6.230153879577342568e-01
-2.368358109296210823e-01
1.547307990213069862e-01
-3.108364237270760388e-01
7.033353067453509411e-01
-2.352324696820398964e-01
6.198538227993413141e-01
-2.332520296717462416e-01
-3.962887006660507638e-01
1.256621146256801658e-01
-5.860396974261814496e-01
-8.027416015090294010e-02
-4.139343109142963884e-01
4.065916786262478988e-01
4.658542120533065711e-02
-4.480955778657808031e-01
1.415050293325235686e-01
-4.771130418921111227e-01
-2.223375504341287279e-01
5.399296308094951868e-01
2.907275067228192733e-01
-5.898325309036859254e-01
-2.253794517257781127e-01
6.319690313654888758e-01
-9.611078272077469009e-01
3.221776810102709998e-01
3.528375830449320127e-01
-1.206739739456271110e+00
-7.731575389970604117e-01
-4.315840490588060407e-01
6.101390241121238400e-01
-4.542180812622983455e-01
5.432040909920081706e-01
3.748495649935504326e-01
-5.208394217858994257e-02
-3.457988157188375267e-01
7.039853324539674384e-02
-3.249604820726872401e-01
-4.309247672289824860e-01
5.342443389384035068e-01
-5.619027821677993195e-01
-2.273449231160930284e-02
-9.029681306495769277e-01
-7.453532117059015194e-01
5.763313727189101066e-01
-1.252680423817363664e+00
-9.240506691417753327e-02
-5.107860494157955289e-01
-4.499783818537519964e-01
9.007634470992581521e-01
-3.849855249883137320e-01
6.678255249331968013e-01
4.572942669167807672e-01
1.369096158967388621e-01
5.149661882006595359e-02
-4.700575140930617346e-01
-6.080103450885032679e-02
-1.637950851213357539e-01
-4.761630580682837954e-02
6.936011563037394190e-01
-6.737083932809262432e-01
-3.474982220023813406e-01
-1.783146240947913186e-01
1.814163229555592061e-01
3.541857238997355717e-01
-6.551057510261675265e-01
6.286448594105862320e-01
-5.363770480834428867e-01
-5.714731778849145571e-02
3.390359552836213486e-01
2.057170866025715139e-01
2.638185356172168539e-01
1.382740387788325698e-01
-9.976136067274282704e-01
-7.786685654665812528e-01
-5.365373722025970071e-01
8.366909371565229847e-01
-3.857961669369804336e-01
-1.347903698645118997e-01
7.186995939005331735e-01
-4.030909994139293406e-01
-5.574533674016154405e-01
-1.993108401302896571e-01
-3.622441105970118924e-01
6.672493837213291368e-01
6.031901227576644264e-02
-4.101876333680670172e-01
-3.621385409167262592e-01
-3.723212821080449375e-01
-4.954820534073686722e-02
-5.786283413331166914e-01
4.854917126116415488e-02
-3.808974700369696653e-01
-1.409183514085753930e-01
-6.040419711637393108e-02
4.427909400391966122e-01
-5.686029021859847488e-01
-8.819062047343589894e-02
-2.607137970940083260e-01
3.361696780903529469e-02
-1.706749546683506424e-01
3.585797797665901676e-01
7.391752394873281062e-01
-6.187914835103683897e-01
-3.009321987269255594e-01
-1.689826438126603714e-01
-2.151159370228353240e-01
8.257872242943923302e-01
2.761624376347896481e-01
-5.978219219038594101e-01
3.697684576730104755e-01
-1.001750470772236612e-01
-5.204045932448047029e-01
-2.722816071362336998e-02
-2.104506759678739791e-01
-2.592190818457559276e-01
-1.834115650962040989e-01
-2.606892114399110838e-01
1.731794428209297854e-01
-5.177723537731043768e-01
-6.936111016269128626e-01
4.263231846556563287e-01
-9.928655603634390925e-01
8.234385997024266102e-01
2.539728459395069748e-01
-2.785915125763412936e-01
-8.876755973169927483e-01
-4.737507434376870830e-01
3.666379534565453180e-02
1.067350391498729512e-01
3.537383825032732187e-01
3.752545284796271474e-01
7.196955672396504466e-02
-2.645869214363046895e-01
-3.508756438117542342e-01
7.941587795794369242e-02
-4.215556441098595175e-01
-7.035658504749375819e-01
6.547989952926259738e-01
2.057548839701090621e-02
-5.490539159359992816e-01
2.227458592062699638e-01
3.873390613209481970e-01
5.942609408802944637e-01
9.628064681733696784e-01
-8.054536369495869375e-01
-1.795645766101224838e-01
-9.974475891942788941e-01
9.445840907748362381e-02
-1.024323113585625000e+00
-4.046075273700455166e-01
-3.353865259658905806e-02
-3.295381459313209693e-02
7.367943702896351255e-02
3.956771375892355058e-01
-4.417428109305461814e-01
2.058612947681282002e-04
-3.023496945296010319e-01
8.823901005191939761e-01
1.187211732283601107e+00
5.810700002640920570e-01
-2.146940655725134706e-01
-2.218454771111749990e-01
7.776077591250857290e-01
6.110740818862749890e-01
-2.802953455564187735e-01
2.016268732347161752e-01
-9.492500528326097697e-01
-5.863505066594131288e-01
6.100049137474233829e-01
-2.082206141461923621e-01
1.311903022292448817e-03
-3.162479284265986568e-01
-7.928554179153085579e-02
4.292201600728155486e-01
5.818602612103853655e-01
-2.236073166807791834e-01
-8.053373424370895428e-01
-8.064893767866749830e-01
5.776827199750665665e-03
-2.073126581366508125e-01
1.032512891948229594e-01
-9.417038372535126989e-01
-7.946926921145883727e-01
6.756004308478718023e-01
-5.370030229922478915e-01
-1.422752946038707833e-01
-1.245051466267749873e+00
8.469682145321751898e-01
1.872476682297353756e-01
2.179573174083156151e-02
7.639630988067773743e-01
1.052433827312586168e+00
5.501734789453093244e-01
-3.996081187560287518e-01
-2.588925289933334817e-01
-7.930197965824331563e-02
1.505291212332598993e-01
-1.207700166667035890e-01
-2.025429320375508879e-01
1.113486606072120466e-01
1.052576778173737626e+00
3.927343093964480447e-01
-2.000674592860068324e-01
-4.229515258213623063e-02
1.372464148470835255e-01
1.518968849288625300e+00
1.573185076264314031e-01
-7.183330324968808522e-01
1.626397337866829218e-01
-3.186122072021366769e-01
-5.624264724940402083e-01
5.004518487967518636e-01
4.837586091204997274e-01
-5.404767973730296715e-01
-6.754777671036502618e-01
-4.099444832606187750e-01
5.964111192285379559e-01
4.428099659632627194e-01
-2.864802665635916845e-02
1.893309945781734838e-01
8.998630122028907774e-01
-1.023814757809548420e-01
2.645294026431065926e-01
2.840452476246055902e-01
-4.499423273129971035e-01
-1.965226006084445642e-01
3.743186442869893549e-01
9.393282368097263246e-01
1.049957490168440533e+00
-7.014832574385359010e-01
1.092714739443173766e+00
-4.547789972670834846e-02
-8.021197635431861483e-01
-5.479252602703610364e-02
4.234902515497511177e-01
4.361368822591172867e-01
3.182326931198273812e-01
2.622436061996824552e-02
2.144788994700649598e-01
