-4.168869650737646593e-01
-8.661407725379568490e-01
5.046067326058049085e-01
-5.921213130464798580e-01
-2.170321415884479133e-01
3.659221864228042742e-01
-5.171220527606934514e-01
-2.895142296797864612e-01
1.341960560175201600e-01
7.262627900215594678e-01
-1.578955945586124343e-01
-4.238031386653218768e-01
4.350879064772663063e-01
3.358438218095732286e-01
-1.334944392618250819e-01
-6.708158625658032781e-01
6.596944662859121067e-01
-3.702305017811972632e-01
-5.561417880603940489e-01
-4.213233535375294769e-01
-3.332943525912054894e-02
-7.203977967614454414e-01
7.917256428388127487e-01
9.600387774644161820e-02
2.524759425749238950e-01
4.988945559362640836e-01
4.089241955233784420e-01
3.522423784299381633e-01
-5.885831698915845456e-01
8.336476464498037142e-01
-2.561223447719417345e-01
-1.760240411751518574e-01
-4.407708986618567581e-01
6.013283796243136248e-01
-2.172050415076265117e-01
-1.182780950998135461e-01
-1.154539827619427417e-01
-2.585379205024293525e-01
-3.288693808651675932e-01
-2.417113643537217860e-01
-2.986690344257438845e-01
6.322668460114866384e-01
-7.709973657818333104e-01
1.514682244945445566e-01
1.968403111674345285e-01
8.514623325531579801e-02
8.660029607533372698e-01
2.262566356562493441e-01
-2.560946663166550064e-01
4.337982947949015067e-01
-5.744681520113398276e-01
4.516259516684548170e-01
-5.905869766161045975e-01
7.757825216348365749e-02
-6.150309735197601047e-01
-2.649596947534352820e-01
4.559315017114753399e-01
4.024779841919498002e-01
9.056220427239030091e-01
-4.284564789795782258e-01
-6.296593286379599252e-01
-5.798425288276352202e-02
-4.648121276496517407e-01
-1.438875250511551795e-01
6.299899447808533504e-01
-9.521214060269388435e-01
1.914706149760986575e-01
1.568485339794292999e-01
1.641432168423218041e-01
-6.588363109058801292e-01
3.865613119074827186e-01
5.942959311465846328e-01
-4.197671454328217311e-01
4.138567608540998088e-02
2.312924009357313904e-01
-5.948608825513796994e-01
-7.235943489177674159e-01
-2.286954217218994390e-01
2.816239511623034111e-02
-1.994034675026481462e-01
2.406620889585757705e-01
-7.810058916874305091e-01
3.544590808279188821e-01
-5.132439248381234775e-02
5.077199339482543761e-02
-1.468923854948047114e-01
-1.011780350565089359e-01
1.944040573893734969e-01
6.777469156636520276e-02
6.493780593875579654e-02
-3.575700369286317626e-01
-3.440026668953842792e-01
8.235770723865417642e-01
5.704570735821521410e-01
-3.368132748827499801e-01
2.583590382862785972e-01
-4.691360087831505377e-01
1.141482642331296815e-01
3.555162955170888539e-01
-5.103548971351523633e-01
-3.033829368700377005e-01
-4.639370403677381960e-01
5.670753142605122754e-01
4.984793217840504109e-01
-4.610875565402751675e-01
1.424623869036303059e-01
-3.162078377626553749e-01
1.222915649830807805e+00
-2.501523506786401119e-01
1.500445260286999427e-01
-9.672099224642516369e-03
2.322636922852422403e-02
-3.315936904822728293e-01
-1.577077025409094890e-01
3.921074708822221977e-01
3.440260551807259870e-01
-6.101863064365041778e-01
-3.721643207462876912e-02
2.358869245763291489e-01
-3.342590223779112746e-01
-4.232015794117699459e-01
8.482811847837462560e-02
2.879151592049950525e-01
-1.979601944564248969e-02
-4.671273390388403640e-02
-4.137024214857263349e-01
-7.673780983537026312e-01
2.680545047455150653e-01
5.829876592810195879e-01
4.029273922314245970e-01
2.036358983538148759e-01
4.831820307320136010e-01
-5.545478835733598233e-01
-4.192697627591004950e-02
2.565094384464239319e-01
-6.398394185774864962e-01
-1.881910796397546215e-01
5.452800948638827916e-03
8.916368413580455510e-02
-2.504088323816441308e-01
-3.734745768445467129e-01
5.039111349201251810e-01
6.316568980603686212e-01
-4.958206177355898858e-01
-6.469356017458249841e-01
-1.160157095562313334e-01
3.717427635913864159e-02
-1.994179395295797019e-01
4.697152402129072257e-01
5.553493929290513886e-01
-4.463054402639041185e-01
-2.473667109884034737e-02
6.780415598353456419e-01
-8.521951958424280049e-02
2.492667606917448042e-02
8.528379520230259248e-01
-1.864449810590875500e-01
-3.390729763026912869e-01
5.335503517624970993e-01
-5.573750656550308102e-01
-9.426917738402150471e-02
2.312416849492551774e-01
-4.376977494826821136e-02
7.059052793336321185e-01
-1.160396592920284464e-01
4.539102055644693712e-01
-1.033822614912366600e+00
2.178442298831818336e-01
-3.376540000431655364e-01
-1.373202017097962246e-01
2.006562614473443862e-01
-7.884211211737037761e-01
5.770150142837423557e-01
-1.523600934145478702e-01
-5.713840449881445460e-01
8.484578727445860058e-02
-8.230031901076221290e-01
-2.613903776411393709e-01
-1.372174144214839409e-01
2.620190096442997496e-01
-6.919623239480315879e-02
-5.338137212047400215e-01
-1.949192237656958981e-01
4.174556698962984813e-02
2.924483482291543868e-01
7.878057603623189742e-01
3.157111540837207464e-01
-6.987093653074316624e-01
3.038190125582059253e-01
-1.938962047620027551e-01
-2.866903611645057470e-01
5.118794452559609631e-01
1.777078834925535089e-01
-3.739041769286806649e-01
-1.840521447160065049e-01
5.690125746245558447e-02
1.928587020681187814e-01
-5.953827359865592195e-01
-2.975669984328063733e-03
1.622969370876986006e-01
-1.037246121701010243e-01
1.726074955458346549e-01
1.740356408272789035e-01
3.203170870672268356e-01
-3.324721510925526813e-03
-4.261241207070920467e-02
-2.400962775686971695e-01
4.370281887373626550e-01
4.561169160212548146e-01
7.448964467294078018e-01
-1.168258191069453111e-01
-2.900326471071262291e-01
8.785843155987309583e-01
5.817998963538054680e-01
-8.479578149754951610e-02
-8.186576356593725512e-01
-1.068686663112848739e-01
-1.619138693058052580e-01
-3.811404840048925879e-01
3.706549079565024662e-01
3.573565655058895674e-01
-4.166578807120281391e-01
4.748564139107468440e-01
-3.121296035664615776e-01
1.839071395744401594e-01
6.430251908362514257e-01
1.858744947614428267e-01
7.903661906468271159e-01
-4.197902713065926328e-01
-2.367401826719149338e-01
3.702776388787499817e-01
-6.569259519742381981e-01
-5.144980382787112116e-01
1.220041139971966559e-01
4.988327720995243131e-01
4.547171375784653247e-01
1.741339077487957798e-02
-3.764720892939412145e-01
8.733199627754292260e-01
-4.434004182834415664e-01
5.732096991324045487e-02
-4.766047730242174985e-01
2.280497247348100276e-01
2.027350068723785259e-01
-9.456880457994326639e-01
1.501116231519719346e-01
5.873631767300721007e-01
1.804625284739662661e-01
-6.128718795594004787e-01
6.943980027375543096e-02
-1.099083621732563076e-01
1.509995558938524440e-01
3.907523684717840173e-01
9.417174142614737065e-01
6.836611122730307244e-01
-1.904821744085257729e-01
2.075248877373114254e-01
-1.966874228806329838e-01
-8.074277665006214244e-01
-2.085964222277918723e-01
1.146403614244997232e-01
1.764538725130122276e-01
1.122311324532849541e+00
1.166345105623541045e-01
4.752007096542644193e-01
