8.485872507636887940e-01
-7.719371700009705073e-01
-5.650192578782894381e-01
1.035821193781572835e-01
-7.261358325408613368e-01
-7.002746554131864531e-01
-3.180272573593604518e-02
7.846581438925361862e-01
3.936214753879742623e-01
4.375883718486169860e-01
3.109139546451908723e-02
9.060237276819241292e-02
3.539673935582578479e-01
1.632039693090910903e-01
-9.084163615297362604e-01
-6.229339055296048144e-01
5.744983446575181452e-01
7.490645819360843838e-01
2.872786188984696731e-01
1.292179573228755263e-01
8.441614771688876750e-01
6.906107372102531228e-01
6.213572044763238100e-01
-8.914374825209382402e-01
-1.026466047787361890e-01
-4.764906066472847090e-01
1.778508448417501775e-01
2.257715451767939585e-01
2.515631973342100786e-02
7.491740604148314775e-01
1.805273463135376177e-02
-8.438837567838447518e-02
-2.138852401348988741e-01
2.742820226227988822e-01
-7.361461477200550996e-02
4.995253296333813653e-01
5.422758497762039664e-02
-8.106366548931167593e-01
-2.578189390755191227e-02
-4.046967194224347919e-01
7.976597651881568718e-02
-2.860608156299026539e-01
8.386996045286284618e-01
-8.696177845451301680e-01
-4.220328099478211081e-01
-7.883413239074552603e-01
-6.929638153447684745e-01
1.155284342405151488e-01
-5.070908677459065039e-01
-1.811665027895778268e-01
-1.681823345691937088e-01
-3.932382807733998953e-01
-4.684254756764360539e-01
3.740267653227767886e-01
4.745439723028694878e-01
4.122161382101962451e-02
-1.349406280125268753e-01
-1.189279967751103589e-02
1.041941524890586772e-02
-2.351920224221318301e-01
-6.692411977495766884e-01
-5.879532999353123124e-01
7.864725110073752523e-01
-6.214541280542635882e-01
-6.290498976596916592e-01
2.996244009033443012e-01
7.922268183222861415e-01
-6.112592042238937928e-01
-6.576331319760356786e-01
7.469224102391620601e-01
-8.005220899274312352e-01
6.525697673197270454e-01
2.890536615837093759e-01
-6.765591791544500744e-02
5.432986719598261599e-02
-1.746034571839332195e-01
-1.829121997565555935e-01
5.801310733157233335e-01
2.260000704368558544e-01
9.103762355341895596e-01
5.635468565924179885e-01
-4.783687471289796433e-01
-1.761383121185338962e-01
2.839054634650932107e-01
-2.527222504498433109e-01
-4.025287445030423239e-01
-1.479496021985156340e-02
-8.771688070235361678e-01
-1.607362077308240045e-01
-7.493398582808087627e-02
5.700936470903738076e-03
-7.528200849178281473e-01
7.186494311536625323e-01
-6.872452287884315281e-01
-3.070315785537302000e-01
-7.586591496508457988e-01
2.234125767471641377e-01
4.713154321241515010e-01
-6.117918137607654128e-01
6.524357101079018006e-01
7.662568428827247480e-02
4.896183101759479794e-02
2.398297180805071815e-01
-6.756746390427572635e-01
-4.397915686147876313e-01
-7.821704943118739095e-01
-1.496036403012025173e-01
1.630706856857992437e-01
-5.309284552005254509e-01
-6.451962379362046196e-01
2.775275529311755918e-01
-5.036474702876609921e-01
6.223631553191196764e-01
-2.759048905316635603e-01
6.072363411941823497e-01
-6.459938219405854110e-01
3.112442300283492225e-01
2.786659939040794232e-01
-1.342144839751067686e-01
2.876274247494986502e-01
-4.096482055203564121e-01
-8.725802442551615634e-01
4.903839050833058155e-01
1.049411130087622712e-01
-3.280506229533968754e-01
7.940638552260738114e-01
5.081694773212368232e-02
1.583221376901830513e-01
-2.535368092476030649e-02
3.654342160805457151e-01
3.693679777152230059e-01
-4.878118150202517267e-01
4.312228696979650833e-01
7.521310289781810710e-01
8.548583724426458974e-02
-6.574902153810009420e-01
-5.660810984623603215e-01
9.002027714555221882e-01
1.811229579447915239e-01
-4.458211472539561626e-01
-8.606804951506796808e-02
-5.788923096455602657e-01
-4.532988088515187974e-01
6.474807891616571887e-01
-2.963153263036629737e-01
-4.507051658539713013e-01
-4.782228082288887960e-01
-3.255173392211910266e-01
-3.598235836291086009e-01
-5.058008351048312035e-01
-5.277939139427256787e-01
4.786456535763614628e-01
-1.612947980690691008e-01
1.056902332175930215e-01
-5.556956536004000746e-01
-3.898035010230574415e-01
-4.772307437655008977e-01
-3.698025664549043912e-01
1.499932853581545378e-01
1.623915230482851912e-01
6.133587072446389232e-02
-8.116619671794573776e-01
4.799375865713507716e-01
-8.889660357728339513e-01
-3.610913921300772378e-01
-2.813314407354885471e-01
-7.794910505084845509e-01
-2.113467532839282126e-01
6.535670192183740124e-02
3.639711983084834568e-01
-3.925181252602024107e-01
7.526613289631581827e-01
-1.781850407446713275e-02
1.759796241731039768e-01
2.917138361465170804e-01
-2.625897357938281051e-01
-6.856423923907122298e-01
-1.258106035692995173e-01
5.107037152267041025e-01
7.941908529021399765e-01
-3.204757940992580267e-01
2.229030336826079983e-01
4.184884517472570176e-01
-8.465773697692547950e-01
6.339917548323410479e-01
4.306644999639290816e-01
5.953368043393800768e-01
4.227271809191566199e-01
-2.367935797481878768e-01
-5.245183226046996605e-01
-8.457349308375574637e-01
4.826554411585814996e-01
-6.461484333473183073e-01
-1.466490404618243371e-01
-6.196857184971045207e-01
-1.618340525041686573e-01
-1.168244382173947715e-01
-8.087693686338324195e-01
-4.226070937998846477e-01
4.670783271060014452e-01
2.760260801337096059e-01
-5.387349200213792377e-01
-1.681252088343428430e-01
-7.158314048092819792e-01
-7.174507279985593566e-01
-5.351933896602989460e-01
-4.074620310504581400e-01
4.218216402785778252e-01
-1.795246335782451352e-01
9.991374693608323643e-02
4.123937794988232763e-01
-6.364773451006595639e-01
-4.941719518015360441e-02
5.943076173816844859e-02
5.551854192540233157e-01
-1.408295900421060176e-01
5.730120104438654050e-01
-4.973648636935098510e-01
-5.992861039007112423e-01
2.320344299323055248e-01
4.200604174879477570e-01
1.934303618664670599e-01
-6.118173230107653016e-01
-8.767384751349760474e-01
7.718538741571434603e-02
3.595250862292782568e-01
-1.460751277263878413e-02
2.648886777655528463e-02
5.094610533573762368e-01
-7.306451169016241476e-01
-2.268514477174461974e-01
2.627047387707003856e-01
7.652825902748898734e-01
-4.708616568693708704e-01
5.297347462452991484e-01
2.375131991587282054e-01
-5.339316593214388229e-01
-2.790269934100775284e-01
-5.563744904333799424e-01
3.045630784918359479e-01
-8.783967844319798823e-01
3.692693737720201819e-01
9.296647576385881351e-01
6.436837296906016137e-01
4.515678604622423986e-01
-3.962084848410603044e-01
-3.908465298468175031e-01
5.872391814901791740e-01
4.496852008688224656e-01
-8.421333868036358083e-01
6.447296160574282897e-01
-2.738977883336590202e-01
-6.581439729411269202e-01
3.890694751435321841e-01
2.308351482563453794e-01
5.216278247517132094e-01
-3.785162603296909345e-01
2.465945226620484543e-01
-1.822893542610664885e-01
7.782234232066789215e-01
-2.480684209209556013e-01
4.840335242939531879e-01
-1.849437910306981903e-01
-6.089502137962049533e-01
1.948986397056891584e-01
1.994157721252377002e-01
-8.554464219640678380e-02
-4.739927337732258716e-01
-9.800452389138922249e-02
-4.378799900273678825e-01
-3.194450770935351736e-02
-6.688474285341313719e-01
-8.500302777002671784e-02
-9.784072190131715141e-02
-5.566635619428994541e-01
-6.651632702901777439e-01
-5.091782428961799667e-01
3.517927111952637298e-01
-3.727142934321146100e-02
-3.466923258053972168e-01
-9.163514761205031611e-01
2.534973071032611269e-01
3.620724431291880152e-02
6.739514261267681716e-01
-7.239781648600223107e-01
-7.449621884339453493e-01
-8.977300673311602308e-01
8.032918922913545590e-01
-3.751280016522723915e-01
-4.362090548819590463e-01
2.345170255277007065e-01
-8.891955501919329707e-01
1.270568194624062119e-01
-4.466551057944430636e-01
2.571448112689135590e-02
-6.617698368747313431e-01
6.203433966580083059e-01
6.935025278343071031e-01
5.064579589392608217e-01
4.513584089980400560e-02
-1.655956875068715917e-01
7.918179403594344246e-02
-3.536713815026220620e-01
-3.409079808413211232e-01
-6.979870986064177218e-01
-4.461994868477746068e-01
6.073084950339030508e-01
-6.365033582170340765e-01
3.334124159677424593e-01
-1.297001237502110604e-01
1.140487841303589600e-01
1.448919528871102091e-01
-1.304291492586328316e-01
-3.102125936893457281e-01
9.152059629437971910e-01
3.228158171927186793e-01
-4.955156842831666131e-01
8.813877410075143803e-01
1.048208873471921099e-01
2.425585330125190064e-01
3.797899220280505639e-01
2.292211719441760998e-01
-4.056949687567655838e-01
-4.983080640390989968e-01
-3.353514053243516480e-01
-8.384753775981533819e-01
-4.669265519974643563e-01
-4.186506433558928597e-01
-2.091601937458360816e-02
5.287475591819747189e-02
3.178490790570616120e-01
3.233024447761778664e-01
1.451503270937636592e-01
-1.020796118566014432e-01
3.624331971173849753e-01
8.524426394509748706e-02
6.588840932201436296e-01
5.116282471357371797e-01
3.110265411293825499e-01
-8.722023262200389038e-01
-4.540572049030026092e-01
6.064617920178834165e-01
-4.416997263102491189e-01
6.857764474252371345e-01
4.226129870743898787e-01
1.638783236041155000e-01
-6.184246041303265162e-01
-1.401146295780403284e-01
-4.675630984334822049e-02
-4.132344024269766769e-01
5.235961969581542919e-01
8.202099701726220382e-02
-6.310660315580500779e-01
-2.233759091424487864e-01
7.381323813808731149e-01
8.550009956157252899e-01
3.355575143682558714e-01
-3.253443198077232701e-01
-5.995290459509510228e-01
2.065637761144147877e-01
-9.370725919999713938e-01
2.506826838909044231e-01
1.971234200129214353e-01
3.887523386769874412e-01
-1.769798576117886379e-01
3.613654319540755833e-02
-4.358629901683841457e-01
-1.671515891188452702e-02
1.703741066919646774e-01
4.554907560408237577e-02
1.651271391819552625e-01
-3.415961435930921497e-01
-1.505302099151251682e-01
-4.129282759180800677e-01
2.028393843797279827e-01
9.347223151746062442e-01
-5.762358980938298014e-01
-1.396174089704638466e-01
9.302553102621183290e-02
-5.094143958318007037e-01
8.297858901093299044e-01
-5.628268598890859842e-01
5.755095381756220041e-01
2.610765558226234295e-02
7.217248448142860040e-01
-4.201804015881416832e-01
3.194324975582771842e-01
-1.672593113434183432e-01
-3.368579947173298561e-01
-4.974293133123166011e-01
4.570016201258595562e-02
-6.220312078351923624e-02
-9.951695560797618745e-02
-3.369646673059780162e-01
-7.092294879815059794e-01
1.657740349274048341e-01
3.286689793747232802e-01
5.107061090254849667e-01
7.002562640278842121e-01
-8.748563067289215622e-01
-2.457908393206606756e-01
2.982318374747761069e-01
-2.950067155074697633e-01
-7.076347903638469106e-02
5.976543389154231889e-01
3.726814520403038539e-02
-7.001200547135975061e-01
5.760201464506630176e-01
2.540683443319642354e-01
-1.812754930312311108e-01
8.209022557670498932e-01
5.872610813571033095e-01
7.018288056929620211e-01
-1.184644945714527220e-01
6.396560951452314736e-01
-3.934671624780995414e-01
3.118345057449816715e-01
3.779923192688819933e-01
1.320310837827005646e-01
6.228903160306320519e-01
-8.704284588994326555e-02
-9.027348009343325597e-01
8.586525835521634509e-01
8.201194857951156214e-01
6.308150509572003628e-01
-6.818877689270423925e-01
-8.056246274721958756e-01
4.259861568512332552e-02
2.927406036654354726e-01
-6.998813397275464032e-01
2.213753037214826469e-01
-2.609289658808297552e-01
-9.266907089964984134e-01
5.165995856728013980e-01
-5.624655768197630579e-01
2.330649910245212453e-01
-1.864825410835080910e-01
-1.962173619321288531e-01
1.058659524642232563e-01
6.715621788944982073e-01
5.680399227774524107e-01
1.091290242219932066e-01
-4.251666021551395724e-01
-1.345061131539679877e-01
-7.778081884364848042e-01
1.137020027415844570e-01
-4.522658818069221626e-02
5.410799729491183596e-01
5.706554346907858344e-01
4.291814707904183512e-01
-4.974308925005901383e-01
-3.036637280484517573e-02
-5.607688882549474174e-01
-2.757815451675215690e-01
6.544450068135364562e-01
8.091594191029376493e-01
3.170889563158210134e-01
2.095149325779935290e-02
1.518608628902554936e-01
3.511572678690990656e-01
3.304140201154205647e-02
4.429079201947874189e-01
6.069577426334715753e-01
-7.334481904026686205e-01
-3.653372230055845216e-01
-9.019082121433255050e-01
-2.003904339203231300e-01
5.744167624651458359e-01
3.542276586209677225e-01
-3.851205374452274649e-02
8.704285993647316033e-01
6.513061869143571547e-01
-2.661341978254335716e-01
-2.375528081449266304e-01
7.185923436201575587e-01
-5.998640040687367447e-01
-1.863681762688822463e-01
-1.387018447594102755e-01
-8.822871271331348408e-01
-6.401700078196796984e-01
3.856168533754433803e-02
6.522580863362014147e-01
-3.798452297576523917e-01
-8.640053153421636267e-01
8.285082583962426472e-01
6.743655536163721820e-01
1.095622480591497694e-01
9.347426237609205435e-01
-1.363498042689840206e-01
3.465911904901007312e-01
5.062474902526765685e-01
7.572448272542753323e-01
-4.610799780716003382e-01
3.572325946910041850e-02
5.286107409510096833e-01
-5.226844796270476712e-01
5.991855775136564061e-02
1.102522659401404814e-01
-1.121198036545453941e-01
-7.223445156340252415e-02
2.928490729371722168e-01
3.673276791812602471e-01
6.251663077287052950e-01
-2.901387818904583304e-01
-2.792604710681493296e-01
2.284455246729708011e-01
5.802681771653777076e-01
1.646328248242397430e-01
5.520644152398503923e-01
-1.521599220931739993e-01
7.101199456735467486e-01
-2.249392296414322034e-01
7.551472698838032627e-02
2.044396208815015339e-02
-2.892855571029113726e-01
-1.881279985312328540e-01
4.468526224742352393e-01
-5.256177063289153573e-01
-7.038667742409562833e-02
-2.938839753365697915e-01
-3.202585173325210310e-01
1.917238941830856080e-01
-8.491549483406448662e-01
6.173960782505536482e-01
9.548434650334999274e-01
-8.756181629016410728e-01
-2.638714589810808517e-02
5.071173427031069325e-01
-1.215410647037294400e-01
7.821646979566619917e-01
-1.826431979155485330e-01
-1.124337940915632883e-01
2.731358910390852546e-01
5.146861474405282078e-01
6.723198425966241398e-01
3.070957005348003421e-01
-6.791443388415246973e-01
-1.311227980987641484e-01
-9.141149409146899218e-01
-5.338815798651368461e-01
-6.070608580210555827e-01
7.089106119443070453e-01
1.209000430763624567e-01
2.375486533989726867e-01
7.063666921680671340e-01
-6.938323184906356467e-01
-7.688557832463045472e-01
2.617295682321506001e-01
1.849331423224568893e-01
-2.496742379149644586e-01
1.783414441228327596e-01
8.239923763871036533e-01
-3.663360632512839277e-01
-8.827325479863304958e-01
-8.500751343281294226e-01
-7.385392252705805793e-01
8.993709395932814044e-01
-4.486448999744609978e-01
-6.441801612316206960e-01
-9.224155034777103968e-02
4.988896400617464505e-02
3.938913765881332796e-01
-8.202391503798034389e-01
-5.547973620262438565e-01
-4.720632585941361148e-01
1.386212739123258431e-01
-1.838679159822631803e-01
-5.155096792822572160e-01
4.646478955641846209e-01
-1.096417329343510327e-01
3.282644827749349736e-01
-1.135291985162538014e-01
3.696952418893381109e-01
4.127170848209779641e-02
1.155207927086469438e-01
-5.611512009384377053e-02
8.399665450016453594e-01
-3.105588548431922336e-01
-7.960737623186751044e-01
-5.406472052266142470e-01
6.860846256802827225e-01
2.376235475801439789e-01
-4.930545974283835342e-01
-6.059061294178361701e-01
2.452611264115264755e-01
-2.055471810907219254e-01
2.332217264851306204e-01
3.836999029039730915e-03
-2.605430598759661542e-01
-8.852569305029516222e-01
4.250084207032288619e-01
7.517191169970268705e-01
-2.836723072162814496e-01
3.927637596450544444e-01
5.471834397522830074e-01
-7.710607153131266989e-01
-4.607724482679620426e-01
-4.898758718824357539e-01
3.144873130127547323e-01
2.376094436487093120e-01
-7.529129981521477666e-03
-4.096294396584275188e-01
-3.201510954071397630e-01
-1.033908634294948697e-01
-6.470614446196052416e-01
-7.670272247371148211e-01
-6.246002835278933185e-01
3.093501964360166889e-01
5.424499907665465415e-01
5.153155208600443959e-01
-6.719609814716080987e-01
-5.706285261364727468e-01
4.899456953761426869e-01
2.553024106936027104e-01
8.437161498893485101e-01
5.235287681343042676e-01
-7.005032751363275967e-01
4.667299454446058871e-01
-7.264049146886515373e-01
-2.198158376750402460e-02
5.097853891518436820e-01
-3.333857244562422606e-01
-2.261651928162529412e-01
-8.348889048716501282e-01
6.569710632685884025e-03
-2.944394056839479967e-01
1.236269054578585658e-01
1.023240135338159273e-01
-1.589254842259068545e-01
4.373510290969964687e-01
3.951488006377371076e-01
-3.767228028690299824e-01
-8.203973575872369750e-02
-4.293697889160748571e-01
-5.035389624529553743e-01
-6.442752808732821190e-01
-9.306125095118565616e-02
-8.122058858069386433e-01
6.358848343476080078e-01
-5.858569568793776661e-01
6.162709154819726587e-01
-2.764033151322438098e-01
-5.724538559288863127e-01
-6.085154744410822270e-01
1.495774784908113497e-01
2.551475087910736739e-01
-2.142409877232420157e-01
-1.868807551825042157e-01
-2.185088819030903684e-01
-3.015874351606863124e-01
1.043870124110785752e-01
4.699936791473951492e-01
5.203085458494526305e-01
-3.598727880990195693e-01
-5.795335304121034259e-01
1.588177312511173112e-01
8.482165307459273995e-01
-1.120430781380634538e-02
6.583064768711132109e-01
-7.334928309720784023e-01
8.715616380345779513e-02
-3.979751519467525367e-01
-6.046724742219957704e-01
-8.029747083688782983e-01
-1.618389375194454194e-01
-5.684540004148531667e-01
5.335689166026906793e-01
7.795312596383945358e-01
3.822761861630561420e-01
-5.434839554564877551e-01
2.374742754571529668e-01
8.562412468047491121e-01
7.928706879993586698e-01
6.744297048192151589e-01
2.430895351400680915e-01
-1.088929367577753382e-01
-4.598729157054464167e-01
-2.270473791636512528e-01
4.378473229930266442e-01
-1.560340965866597283e-02
-6.318994023029725904e-01
-6.393208839314865055e-02
7.593710259994258804e-03
-3.819172717198786038e-01
3.726366892689475518e-01
-5.835711129567353606e-01
-5.282429012498376236e-02
6.350198227258017081e-01
3.651486935614443041e-01
3.350870253793523657e-01
6.204933567198687994e-02
8.872145336740440147e-01
-7.218263335160083338e-01
-7.333326542528466607e-01
5.362481823580660389e-01
-2.621849147328682017e-01
-1.519529927048214324e-01
4.749744141744116632e-01
-7.361849122656747291e-01
8.206930288094482773e-01
4.932867061721259994e-01
-3.893493085634453649e-02
-2.932562615636266981e-02
1.941729839832606053e-01
-4.054936534926324443e-01
-2.284531710282959316e-01
-1.516767500696712852e-02
-7.661150215883120174e-01
-4.801845056347835983e-01
6.448779147402859957e-01
1.945766797684257698e-01
-2.119403277232629335e-01
5.541824393210058597e-01
-4.186121673159027279e-01
3.875154935289003011e-01
8.684373089594361605e-01
-6.295200698576171039e-01
7.634354307877339041e-02
7.646671491649978947e-01
-2.783862378984643948e-01
-5.478590065582549240e-01
3.028118964902035692e-01
-1.326258898276130860e-02
1.363020527510101221e-01
8.241330857553061939e-01
-6.257922885922377887e-01
-7.723299447603081402e-01
-9.741456509035999467e-01
3.765477212334427115e-01
6.549000341312731788e-01
-6.986917784311132973e-01
-2.929283462966515983e-01
-4.987465371921548929e-01
5.640716866605950397e-01
4.962319283997264074e-01
3.255998274118542257e-01
1.400009166230165893e-02
-5.289499188169197730e-01
7.997541693041637645e-01
5.484480019418615238e-02
-4.180307330999835647e-01
-3.164515542915086188e-01
-5.233723019839238155e-01
5.681282562206104725e-01
3.254158864405179430e-01
2.079277137407541387e-01
2.526255002403686722e-01
6.160706969485084672e-01
1.448092406137661825e-01
8.285713120464541781e-01
6.613788375881335391e-01
4.180737166232677549e-01
-5.220333880546641492e-01
2.781314976729692967e-01
-9.108431267348834348e-01
5.253981967616103699e-01
-2.488963499501095078e-01
-2.855015679729278055e-01
-1.823165966879054800e-01
2.599392248524822202e-01
1.715410778359011956e-01
5.365530391332117288e-01
-5.719728145263884844e-01
4.831933851028331617e-01
3.242190275155273360e-01
2.371625872287070613e-01
-1.178320022981553389e-01
4.135518807891759574e-02
-6.094870745551062008e-02
-4.608421977436550354e-01
-1.118402477599917677e-01
2.305554982053500679e-01
-8.423185312329984908e-01
-7.466366839917586429e-01
8.910138893249781589e-01
4.824462867749181871e-01
-1.870367010521196138e-01
-9.420639235324719252e-01
4.231950037807681864e-01
4.910396515764763326e-01
-2.194553072413254688e-02
-1.533603928617018886e-01
-3.774639233100630931e-02
2.425616634011421580e-01
5.511381520219604813e-01
-6.807715988162043041e-01
5.850777711919646906e-02
-2.436117820585772809e-01
-4.532692262874733757e-02
4.849093441704064311e-01
-4.329153430329564234e-01
-5.951434408090117145e-01
4.959542543761653044e-01
2.977197525677803269e-01
2.701490369225212351e-01
-5.011821106495257805e-01
2.293850169194523725e-01
4.613228065207048978e-01
-7.510118888184533215e-02
-5.117054192151717640e-01
3.238040262467022368e-01
3.580252666729762945e-01
6.032101862489662736e-01
-1.153928962916143768e-03
-3.607716006128581787e-01
2.434194870363202146e-01
2.319314473872045868e-01
2.715943105974451544e-01
7.985755171104340633e-01
1.273194954687769664e-01
-2.934454507900908782e-01
-5.173163346093780923e-01
-6.485213424540826610e-01
2.093630848668830424e-01
-3.232660172337085691e-01
6.147577133118203169e-02
8.309558703679129632e-01
7.307989868606838968e-01
-1.318745811013396219e-01
-1.418068552624442147e-01
3.316473335217431373e-01
-6.848268445932599313e-01
8.751063275105196437e-01
-6.858012158138272474e-01
-6.336942460688705925e-01
-3.876941333708510129e-01
-1.959821888642508392e-01
4.363724018597348597e-01
2.011455210597608845e-01
-1.004128527010944710e-01
-7.868950117329862604e-01
9.201635484253442576e-02
8.031037411070406085e-02
-1.291830087376830694e-01
4.164771856954884582e-02
-2.463145264600552498e-01
-2.147157333231251158e-02
1.736411968930037797e-01
3.901526441289520086e-01
5.040705852274043330e-01
-3.838411161818219286e-01
8.870990682817049278e-01
9.078835858240430490e-02
4.775971045930449965e-01
4.879763266210433437e-01
-8.499101036102819640e-01
-6.991922177390089699e-01
-7.171240048218717467e-02
1.498411585516276623e-01
-3.656437618476969797e-01
-6.780705334050478594e-01
3.347300209183481923e-01
2.814939651883112681e-01
6.907181758608407773e-02
4.708563746219854296e-01
-7.602049210574393090e-01
1.997856972450141322e-01
4.208409712863586671e-02
-5.936593169778934254e-01
-5.695125263444809904e-02
4.459967139763121313e-01
3.496211485778760175e-01
-6.645828770212838799e-02
-5.269980159053246765e-03
-2.299453354222329438e-01
8.991499350438970639e-01
-8.029302949340745288e-01
-3.054239347608883604e-01
-8.633547774528266272e-01
5.023882473864533793e-01
4.215724459013213132e-01
-1.959821392706955212e-01
-2.838922654616878871e-01
1.643933564068195685e-01
-5.020768112603724020e-01
4.018059239871131783e-01
6.625129623351390384e-02
5.846677183956329182e-01
7.829239160564724909e-01
-4.277209832458267469e-01
-5.458134534160060669e-01
3.927113975430835957e-01
-1.658920137815109996e-01
2.186675042662014345e-01
3.763102278442918003e-01
4.071230257175014189e-01
-4.026514367137514205e-01
4.835403109837252966e-01
-1.154080366551272635e-01
7.876601666543922020e-01
6.892419670396525422e-02
-3.983880689651795870e-01
-1.388497527831530909e-01
-3.256120933618575353e-01
-4.099761030046745747e-01
2.674173415354739181e-01
9.274900589058722444e-02
2.305387216887551938e-01
2.125462377344343179e-01
2.426901287540721153e-02
1.898668073538996304e-02
5.406845264058112166e-01
-4.658996055366229072e-01
6.308828246594295752e-01
4.518238148946318589e-02
4.039291252290066470e-01
2.117174874922999883e-01
-7.133441984503783306e-01
8.859909189808379271e-01
-4.366000079582399440e-01
3.173154002135842311e-01
8.454697110341886646e-01
3.320506656576601573e-02
-6.129278688126014174e-01
3.920707782088658222e-01
-1.248130051615690128e-01
-1.107890703091144423e-02
-6.328547321597680630e-01
-4.590757525363439728e-01
2.553440281899066466e-01
3.082864692895909142e-01
-3.381719277692118997e-01
-2.178053989881561722e-02
7.484265163378102104e-01
-5.115638036353574725e-01
8.515113514821970320e-02
3.796121063893904135e-01
2.624322536137210782e-01
-1.166328718022372757e-01
5.900123405728088244e-01
-9.131382746147809204e-01
-8.767853874627613564e-01
-5.481420634367457634e-01
-9.012329485657969430e-01
8.475491407253861187e-01
5.863424815904789700e-01
7.659012970761949202e-01
6.793972780964602221e-01
-5.806642383940844310e-01
-9.179541753417153060e-01
4.767237062677207593e-01
-4.209352553747793824e-01
4.330337630165341858e-03
-3.073721670485242419e-02
5.035358011528706657e-01
-8.480522594467281294e-01
3.316535391682406964e-02
-7.493225136571566303e-01
-1.457469258954565694e-01
1.631696824145758562e-01
-7.679337096828672826e-02
-2.085806347134494532e-01
2.447944147589445341e-02
-9.139193232183469018e-01
-9.665648887835909253e-01
-5.731762562827746876e-02
6.063594494229040954e-01
7.582041768382038471e-01
7.481291109002170536e-01
-9.303017814098217819e-01
-4.585176058072618632e-01
5.174462088486241063e-02
-1.220545453376079004e-01
6.653869254534862110e-01
-6.784620403575238878e-01
-4.219684908307089755e-01
5.300538039168189997e-01
-9.261564630998762038e-01
-6.581962641365569633e-01
2.380168074230582520e-01
1.733427384197493426e-01
3.732482158016677265e-01
-6.435812007452088590e-01
-1.426760468521103276e-01
-3.778217066611861963e-01
-8.159482089121476989e-01
-1.216949321318070709e-01
5.004236027130535280e-01
-1.452519670723732004e-01
5.545750917812598546e-01
-3.797222187244538860e-01
-6.722640237088775006e-01
-5.995854133726904456e-01
-3.881881552087287357e-01
-5.850629725626641520e-01
-5.977124212836356643e-01
7.423629710767768453e-01
-6.948077441123320930e-02
-1.820899629279750312e-02
5.272105741657661104e-01
6.044681525175501502e-01
2.360252094852406946e-01
-4.436382569616752203e-02
1.592197219231964445e-01
6.257595117597679613e-01
6.753168763330821278e-01
-8.068372060028886072e-02
6.919497846795438223e-01
8.031223183462585236e-02
8.862024454066017576e-01
5.828049772507878368e-01
-2.852746101055674277e-01
-7.336612811312162030e-01
4.108401845004875375e-01
3.504359170277859259e-01
5.711633316724554765e-01
4.922022903019632745e-01
9.435741612903163211e-02
-9.191684550066923087e-01
5.945034866569869347e-01
-2.471837829989924074e-01
-4.562284098809092914e-01
4.604148326220146026e-01
-6.716396069624568366e-01
-4.626592157889367618e-01
7.780423626389229019e-01
8.267799864010025868e-01
-4.243617754171842837e-01
-6.713959851908483101e-01
-5.231633337849934673e-01
7.811482417099654962e-02
-1.342483885311811231e-01
-3.098291644186673688e-01
2.749585894433428379e-01
-4.325452161252850147e-01
-1.385970849189163967e-01
4.896748942228694168e-01
7.742652026054194225e-01
3.599267174335595287e-01
-5.586315835537112306e-01
1.887646377940380149e-01
-6.021224540192572361e-01
-1.083060757538199942e-01
1.803763985974261505e-02
2.951586741247325674e-01
3.853686377726909806e-01
-1.363084348985822980e-01
-3.888778367682677040e-01
-2.736610054473162523e-01
6.618825859041590487e-01
-2.036244362014950626e-01
-4.383391883181558812e-01
-4.589608437033063648e-01
-1.331793574977215289e-01
3.718413150287627755e-01
7.054167083896339951e-02
2.893983353135643477e-01
8.716530905858490552e-01
-7.152178325647041701e-01
7.556341181611054836e-01
-3.250779912252813042e-01
1.470231627308675182e-01
-8.317285113977068711e-02
-2.519273718719434174e-01
3.996611391874309305e-02
-4.090305263780772971e-01
-1.810675753340871275e-01
-1.428551314531481022e-02
1.024659002905598110e-01
5.459359169945878776e-01
6.524871550446003088e-01
-5.734436946885490549e-01
-3.929847159278841429e-01
1.669738632025292158e-01
6.031765073860194670e-01
-8.270943933187873132e-01
8.147353892746952431e-01
-1.701331902925540818e-01
-5.529017326712735159e-01
-9.461042933351001549e-01
-8.833212581308987899e-01
2.710346831352455910e-01
-5.092550875920767162e-01
-6.304992819965834494e-01
-8.519580277723520778e-02
-6.683872840507806279e-01
4.831054010888660710e-01
-5.802449143957763011e-01
-5.886492050757170524e-01
-6.164072681684152899e-01
2.073642721834549965e-02
4.868472330049349039e-02
4.751466398638900523e-01
1.431722238601011998e-01
-4.041800790475262861e-01
2.891137142661324710e-01
-4.785435216608112108e-01
1.456313795777526912e-02
1.045878839551564465e-02
1.899963171797334205e-01
-3.617401811045076743e-01
9.422512153454436212e-02
-4.734264798269673946e-01
-5.115484780265977527e-01
4.143022542180006540e-01
-7.612797941370408328e-02
7.144647728132302866e-01
-4.956969909211072500e-01
5.247356129332549912e-01
-5.822837091856994940e-01
1.690632455019229485e-01
3.229426888600569479e-01
8.633826122286254734e-02
-1.423744507393488179e-01
7.186294232179067654e-02
-8.451105480309439866e-01
5.150715418702885851e-01
-8.115958224000391352e-01
4.233356345808346743e-01
-1.257629198263842882e-02
-1.469667848261832777e-01
7.321227526960167875e-01
-1.979529455292758089e-01
4.345363424565152899e-01
3.911759057220955405e-01
4.927023034483743458e-02
1.561775943408644229e-01
-8.386747646739275974e-02
4.762790878930820426e-01
9.178092665641532921e-01
5.555140303880652386e-01
1.355097696148068465e-01
-6.115931234725153764e-01
2.755723786591416369e-01
2.154515012558113896e-01
-5.552798512116309260e-01
-4.331634084035917431e-01
-6.988509181045908791e-01
8.867175298519371085e-02
-5.111675640911593765e-01
-6.828379426055427581e-01
2.343545772901746149e-01
8.980134994029451700e-01
-6.930332277802466745e-01
2.348363857217709294e-01
9.765468306758985639e-02
-4.954390597578631761e-01
1.756091846602716722e-01
-5.836782552219942355e-01
3.969511029440999650e-01
4.878387731998613530e-01
4.521236527963724550e-01
-4.621840942568652411e-01
-8.482537867131393350e-01
-7.912059604529404488e-01
6.897871958457695296e-01
4.164056348803452101e-01
1.418883057989115404e-01
3.999802645819208746e-02
-9.689925141128610253e-01
-7.347500910724062868e-03
3.507683780288054498e-01
4.305926927319297937e-01
-4.583665388841630106e-01
-3.924709023153432619e-01
9.005143204422274561e-01
-7.487323952338174049e-01
-5.955107981764204972e-01
3.709591507775862329e-01
-1.245494977046244789e-01
2.890458824464503876e-02
6.936170271900616857e-01
3.353950393131953089e-01
2.061669577158005695e-01
-1.257163675609891673e-02
-1.397829061955908891e-01
-9.080775085804448921e-01
4.114516879869667410e-01
-5.654538679654586009e-01
-7.607561789517590656e-01
8.661939356109942256e-01
-1.675379001923078467e-02
1.836023578063457617e-01
-2.390242367045811722e-01
-8.154246063539391520e-02
-2.262750606326957570e-02
-2.407503119119330792e-01
2.130056029026807241e-01
-8.070138187496651572e-01
7.953863636518883062e-01
-2.161600086437350243e-01
-9.456236723568582914e-01
2.032222010728715333e-01
-4.797894259945416351e-03
9.198449279417720836e-01
8.959084441834325174e-02
-3.718250934810302111e-02
1.358384097042377725e-01
7.552346896323629544e-01
6.517156696247556891e-01
-5.634071708882182339e-02
-7.667004009853600754e-01
6.082146983875519330e-01
-7.738659955996579631e-01
-6.025566716798715083e-02
-8.508985563908453287e-01
-8.166150348845138129e-01
5.648739064177130675e-01
7.719810414749848082e-01
-4.630857308026164465e-01
-1.947945103962385460e-02
-8.650603310767472909e-01
-5.253538981800132124e-01
2.340468093863233845e-01
-2.399075833470543373e-01
-4.442232043559015131e-01
-3.851051909461880030e-01
-3.612458606228007296e-01
-2.451908409082353413e-01
-3.748527215181449157e-02
-5.539668738666418957e-01
4.232224298673741281e-01
-3.039522482657659036e-02
-8.810166624740083385e-01
-1.759670553277720983e-01
7.436933150570863571e-01
-4.521683546047079449e-01
-6.397455864544090431e-01
-2.750588594815087107e-01
-2.404950974466225078e-01
-4.550895574780876585e-01
-5.351383298114186227e-01
1.641711177498856311e-01
6.880472410446587632e-03
5.507159508272764237e-01
2.128015257599369658e-01
3.907666451901010973e-02
8.684963561233416396e-01
4.643799546306430770e-01
2.855967901884254312e-02
2.591253638140934568e-01
-9.294145126010826541e-01
1.655452024431167124e-01
3.418466133591357287e-02
7.738556036788832859e-01
3.742683411164816620e-01
-2.126559711919461526e-01
-1.273398374568671110e-01
-7.550043557505947689e-02
4.027439632787556678e-01
-5.514437836981821439e-01
-6.822743710917252846e-01
-6.307370111629443388e-01
1.774926093906119551e-01
5.695710560555268254e-01
8.569816814828636886e-01
-1.679511270695686065e-01
4.682568824488693715e-01
7.691524977549173414e-01
6.114519791085346601e-01
-7.664768105217192318e-01
4.387089310396472541e-01
3.220615126602670575e-01
-4.335016045551665642e-01
1.560829817763389193e-01
5.532229476429559867e-01
3.985099236096413255e-01
-3.389922554892377780e-03
-3.960698752591620408e-01
5.506155777929230277e-01
7.695008867394044494e-02
4.686145712067499303e-01
4.671128783291422781e-01
4.639534391888169296e-01
4.626551097718734074e-01
-6.645219870651888350e-01
-2.321524937718418835e-01
1.930071966292039587e-01
9.456102504635195694e-02
3.581523141491702589e-01
-1.733626253107557469e-01
4.396671328109384436e-01
4.372013884026093034e-01
3.134800897690626781e-02
-7.006831990246134567e-02
-8.269877577520164946e-01
1.959225333257139656e-01
-6.671016161914560261e-01
-7.534379289569380633e-01
4.241473006055618833e-01
1.921207999342804951e-01
1.629049483277779098e-01
-1.600057778242936490e-01
6.860164491428621947e-01
-1.295063681538165951e-02
-1.611729401892809110e-01
-5.172598737600867524e-01
-6.314261432435733234e-02
8.238636412146115306e-01
8.632915633771440778e-01
-5.844499800315863247e-01
4.971668796274442137e-01
3.001351308235029602e-01
-5.499703225086193248e-01
-4.269967729483556962e-01
8.750666344842982225e-01
5.705718881273166149e-02
2.680747249388471531e-01
3.447487828886065531e-01
-4.153413008741027035e-01
-2.053997352726398551e-01
3.633309855617835593e-01
1.844783630850478084e-01
7.985797417642617191e-01
-4.947097636267584753e-02
4.594113499341511142e-01
5.281685089576192427e-01
6.627322733895971707e-01
5.276585138127529717e-01
-3.900463356888015376e-01
8.336621228772137515e-01
7.829155581362814420e-01
-2.826286416137481217e-01
7.350115113324097449e-02
-2.713801287640261184e-01
-2.350869213003320968e-01
2.422156594624628179e-01
-5.952045587651254577e-01
4.091920774301202046e-01
-6.298396836374919872e-01
-5.488127990881725982e-01
-5.723503308450269556e-01
-4.288898048507831517e-01
1.299451376222987842e-01
3.906358821138908310e-01
-5.473400274002504506e-01
-3.906499256567259604e-01
4.622718358916563797e-01
-5.901719344751775453e-02
7.799598982826030369e-01
8.201491392935449376e-01
4.437508114740979503e-01
7.619598951036222756e-01
-8.623307756738111951e-02
-7.566155091415665002e-01
6.429274737553382080e-01
2.835126659493467649e-01
4.012469067463771966e-01
7.993280136797784596e-01
5.034807156372554937e-01
-3.048752098256236609e-01
1.077390476697060590e-01
7.744763546187111158e-01
5.733268468811495433e-01
-2.289948153077598358e-01
8.048684747968961606e-01
2.009064226640931428e-01
2.561573224881254496e-01
-2.540868544989016709e-01
7.308828178191093539e-01
7.224877451468071365e-01
-3.475131089567667919e-01
-3.222064785866133874e-01
1.428718364124118845e-01
1.333558852866738587e-01
7.480111843143888439e-01
6.998809480922564552e-02
2.817745746417954500e-01
-9.535104947571583500e-02
8.062248922836485754e-01
-4.216412440765798797e-01
8.553882486973434229e-01
6.503817722994443828e-01
7.404401262289390662e-01
4.464536669183938322e-01
-3.575627820970218584e-01
7.549668273501443094e-01
-1.444537831502850644e-01
2.300475660855245685e-01
6.147478974598417079e-01
-9.384370906960087799e-01
-2.219322336228039538e-01
3.979851073844936082e-01
6.014122791615722496e-01
8.408306670377061476e-01
-4.174890078712991115e-01
-5.293310432968189039e-01
3.326412026703030878e-02
2.612453128139149983e-01
-3.429800068385060463e-01
-2.995749122470239487e-02
-6.170792173809175329e-01
3.683804800905161603e-01
-3.024498371529752982e-01
-3.201634359407095620e-01
4.947843117565095539e-01
3.069117042138094220e-01
-2.751866685749488894e-01
-2.524677408152839128e-02
4.252270781392595289e-01
5.275712297105162873e-01
-3.368700520280324406e-01
4.386947217455698655e-02
5.613482209671221135e-01
6.440527741483682567e-01
3.926645503947848725e-01
5.753721688459157990e-01
2.480417953762849015e-01
6.431522594755975653e-02
3.326656915326832720e-01
1.062879233968482273e-01
-4.001620753612157855e-01
-8.196036139984689273e-01
4.134731975889421873e-01
-5.289510159779255982e-01
4.634198060885694748e-01
1.415799166493215133e-01
-8.198885677132664584e-01
-3.617077768242750457e-02
-6.812877190842698827e-01
-3.784002455440499957e-01
7.438128900569630775e-02
-1.176399325724299533e-01
-3.764629937865507370e-01
3.610297775575537216e-01
-2.697256804842686484e-01
-4.146815726503280120e-01
4.032515045703642387e-01
-2.395338529974793129e-01
2.440029008020703771e-01
-7.438085939124874368e-01
2.402325430555622698e-01
2.861846522151849093e-01
4.164133208626277227e-01
4.200078684687650332e-01
-5.917920085918504380e-01
5.663644371383764753e-01
5.382847175477736279e-01
5.514657102275518641e-01
-4.264826103056379436e-01
-6.152843353142856131e-01
1.385216490400546507e-01
-3.236859445220633957e-01
1.150378527887876501e-03
-4.197177787097351453e-01
-4.418994594597616676e-01
-1.948119564560362171e-01
-1.240935556868865003e-01
4.435488918699502792e-01
5.190894097371773208e-02
2.874282134155738411e-01
-4.190731998904860256e-01
-1.224438987346199992e-01
-6.829675823193868123e-01
9.902565170070178752e-03
-5.200594791301655917e-01
1.432806651130814624e-01
-7.338490742549494961e-01
-4.456695268719508829e-01
-1.981474408349752636e-01
3.726311216714562891e-01
1.013708521889016695e-01
3.897202636960367395e-01
8.878122055865353413e-02
-3.774859051339066740e-01
-2.967555371405787290e-01
-4.535170876397698336e-01
-2.128541100305506029e-01
5.293504980399306170e-01
-1.662800038074921036e-02
-1.536298932213370494e-01
2.832215688731027914e-01
6.606447031024645922e-01
8.088026725477559520e-01
8.438332663773374931e-02
2.537406835414018347e-01
7.741621489993908423e-01
-3.496927533989830916e-01
2.035064646742824335e-01
-1.965438685519083628e-01
-7.514056102556644356e-01
-3.831993090113982037e-01
-3.490091123032894593e-01
5.595724680704832199e-01
1.175813686870355590e-01
3.833238959149143921e-01
-6.350916889750414240e-01
-8.757320278202054276e-01
3.849220109990261207e-01
-2.995320191973068202e-01
-5.992449927140163224e-01
2.073167523845029503e-01
7.695189638503172613e-01
-7.250565286424653921e-02
-6.176063258279825829e-01
-5.202241103303530956e-01
-1.673303128830829628e-02
-2.932440752725546385e-01
-5.413919134281357515e-01
4.721451973884810416e-01
7.113588203151803568e-02
-1.943850594657752645e-02
-2.192574319456299936e-01
2.597737117336230694e-01
7.426726038173074862e-01
4.258412228365480723e-01
-1.641843039863025988e-01
4.624245635303640967e-01
9.072893550309851785e-01
6.492210444659100022e-01
-1.390791810783541596e-02
8.919059691497728259e-01
-4.598374684798115508e-01
3.999718561480468670e-01
6.287489548213098800e-01
-6.995317713558726336e-01
-3.403075006515415279e-01
3.674679113043724521e-01
-2.607826724434535448e-01
-1.796215553692281641e-01
-1.790438721100919561e-01
-5.883191174082792463e-01
2.622999833947980419e-01
4.291959615648255899e-01
4.278181991713170956e-02
-1.444884186965492978e-01
-2.952719283230689773e-01
5.701289078399957716e-02
5.012379012229446484e-01
-1.165410227955109429e-01
-9.202223723942135614e-01
-3.814591309682325848e-01
-4.271351862013109124e-01
-1.462776001506909673e-01
5.064434927199701342e-01
-8.023607553419160876e-01
-6.205996755053428959e-01
-7.400066551803975712e-02
1.521077926620769960e-01
5.436735259035311296e-01
2.346342927915638366e-01
-1.560030880204959502e-01
-4.642967050191083578e-01
-3.560815564883440532e-01
7.323819732264701399e-01
-1.781443221305222258e-01
1.046032468478387822e-01
-5.979412816109526130e-01
-6.943027395071213470e-02
3.631120066820884423e-02
-4.753459583763003926e-01
7.413558380670833836e-01
-6.914269448615487090e-02
-3.457906591806545610e-02
4.295919516014293782e-01
6.256296480805068061e-02
4.791516738089927063e-01
6.607767150540435619e-01
5.684034676954354826e-01
-3.503992324704647832e-01
-9.860301254480957622e-02
-4.093769463538680653e-01
-3.213132169853531450e-01
2.860870245647610943e-01
6.453542661664761759e-01
-6.358836949164007324e-01
-8.859920919622713553e-01
1.231072142279539816e-01
-4.108783691306037156e-01
-9.553710982551179287e-02
-3.278538577517352282e-02
2.851180337498383788e-02
-6.700879999837643375e-01
8.611791757629182198e-02
6.533287735589603518e-01
3.689728931590350314e-01
-8.370212475222807980e-01
-6.381263062786478590e-01
-7.144244248649820328e-01
-3.215748861270779635e-01
4.921833367976561346e-01
-4.099617052232479297e-01
8.602560962641937481e-01
3.765676040134550151e-01
2.533814762395090181e-01
2.462539153573722328e-01
3.316288300348052553e-01
4.510989880359343451e-01
3.661251936449844702e-01
-1.842014192255189003e-02
-1.641636190114452165e-01
-4.529407314453020583e-01
3.768860524746978080e-01
-5.574356995059318587e-01
-2.162490422842688886e-01
6.211199981328471287e-01
1.261131813274219554e-02
1.452707462427693663e-01
5.141253949008793844e-01
5.286154094067839759e-01
5.345854950834224573e-01
-3.342107851763865822e-01
7.244170276151751242e-02
5.402741507293085110e-01
-2.394376411723054265e-01
2.148991169519788857e-01
-6.110541530729537291e-02
7.739433473680972231e-01
5.763009411598642162e-02
-5.085613644131223854e-01
1.421578289019009289e-01
-1.329587928520986964e-02
-2.107183700144645289e-01
6.352238885576704241e-01
2.029389246977012298e-02
-9.375094373126066638e-02
-2.199160873506717240e-01
1.675829489460847754e-02
5.638848713925548317e-01
5.584844114173998647e-02
-7.231407042077052649e-01
-5.283849181303663656e-01
-1.390271536968600008e-03
4.307254432018471357e-01
5.887789896424233671e-01
-7.948235785167137024e-01
5.370623856828337095e-01
-1.501785284353761574e-01
4.836282820949605599e-01
-3.378270120290385314e-01
4.847051125048669196e-01
6.951517515533314762e-02
1.710131446133785482e-01
3.569535048695506863e-01
-2.169334186391146946e-01
7.027963611038920977e-01
7.485623830323480110e-01
-6.870099067036254947e-01
-8.033404604448400876e-01
5.700624948651048518e-01
-2.285520541396152683e-01
-2.548657113840224753e-01
4.656743842993392724e-01
-4.322209115596541418e-01
-7.658861262793834612e-01
-2.729681632900696209e-01
1.216534023057004033e-01
-7.622973152784205952e-01
-3.655323507798176053e-01
-6.938607577076655319e-01
2.422646379851704501e-01
-3.162847910264009466e-01
2.962902574785002408e-01
3.097594394229284953e-01
-1.527689277294863590e-02
-2.561429096528672344e-01
3.288593568833766412e-01
-6.411120890533715810e-01
3.195693499170361718e-01
1.734578701907923681e-01
3.922201712524521211e-01
7.483081270104315896e-01
-1.211048969631331323e-01
4.568533380855236969e-01
-5.345733488120187893e-01
-8.419265355819906260e-02
4.381388367642725656e-01
4.091375842993297263e-01
-4.149317501591173740e-01
3.570586105188116588e-01
1.495551175842078639e-01
-1.529157070729612600e-01
-2.039224254985252116e-01
-6.715324538669213972e-01
5.875159021453261188e-01
-6.878057492143702101e-01
3.532153063930882908e-01
-6.222502335166224530e-01
-3.931412001587172300e-01
1.033880116382692727e-01
8.214019135461192445e-02
7.816818123484642333e-01
-8.495525981775758212e-03
-4.470887679509565893e-01
9.012019957227895839e-01
-6.768312506835588716e-01
2.326760808045470197e-01
-8.977451727327277406e-03
7.350391492434309448e-01
2.424973290176182517e-01
1.820398187128347001e-01
3.707624578848750518e-02
-4.910786394806248012e-01
-7.339546928757227917e-01
-2.317577429272670297e-01
-3.767292606061195537e-01
3.661603829447829250e-01
1.103204460705505541e-01
-6.194710275433923385e-01
7.775134089598331188e-01
1.354873818574408029e-01
-5.377374325367069163e-01
-1.355995023943544486e-01
-6.392619016773751772e-01
2.254397860931411923e-01
-7.306014853699873690e-01
3.076354236170921186e-01
-7.142284614026421785e-01
3.036699541399111024e-01
4.804443564906247799e-01
-4.465516146005116260e-01
2.080026849488547658e-01
8.146531354304783479e-01
4.948248359972219901e-01
6.616897581933819938e-02
4.685022768344646593e-01
-7.309907181820798350e-01
-5.113067738615428848e-01
-1.322898281380910923e-01
2.339771375911010864e-01
8.837913860834527568e-01
6.652860354107251739e-01
-8.183750064307777627e-01
5.565772897453404866e-01
-8.955417538362995256e-01
-1.274676661957348800e-01
2.052275151606548498e-01
3.678501829531158895e-01
7.058280473684832579e-01
5.351668430483988992e-01
-4.187311960405578626e-01
2.867431092682021058e-03
3.841921001269545111e-02
-1.617839377009341884e-01
-7.541447125227753734e-01
5.038050017981674511e-01
5.311331989711067791e-01
3.486201646219199701e-01
-5.124072385505935856e-02
-2.490044491776446101e-01
6.112956178381218075e-01
5.542624125323304396e-01
5.867263258904008572e-01
1.828493266017112706e-01
7.117663766690357496e-01
1.264885034692208032e-01
3.756775194234150406e-01
-1.203037063551782304e-01
2.225836100559578923e-01
7.841173425407448327e-01
-4.479963126140617535e-01
8.563420146910434294e-01
1.870190298708628851e-01
-5.750711264497629926e-01
2.276739467523006266e-01
4.224995247285719402e-01
6.435871570549932530e-01
3.346114270202382723e-01
1.714373653442045065e-01
-1.548685437543704524e-01
4.236262153304326539e-01
-6.512207813491470709e-01
-6.935406402491931521e-01
4.514919837190537466e-01
-2.445088976404309333e-01
-1.215828172957401504e-01
3.061709549866812319e-01
5.666847364949778587e-01
7.434182103232339633e-01
9.901868108018072046e-02
6.537361455402806998e-01
5.553535050507050208e-01
1.350561831232787724e-01
8.200996165614655997e-02
-7.222261510820865427e-02
2.585253446003242181e-02
1.915897172680042573e-02
6.238389390975324078e-01
9.122686397204186060e-01
8.113042767793054999e-01
-5.211398860801974564e-01
-2.540917002023832527e-01
-8.163462645701706766e-01
4.447814468182835768e-01
2.513109191517091112e-01
4.059325966029476151e-01
-5.760262747557941543e-01
-3.385683004610494096e-01
4.058978973952398484e-01
-1.230900966512778749e-01
8.455918707419162184e-01
-2.089453729998885789e-01
1.225916848516604429e-01
4.943923767454166257e-02
2.466667797667414508e-01
6.089937290322220420e-01
7.257974105584503732e-01
2.931046008957552407e-01
8.216078528381871582e-01
-2.933029604323656447e-01
4.573466081944363437e-01
-4.054383549887503602e-01
-2.622716948869702192e-01
-6.062077171528991171e-01
-1.444728744523379738e-01
-6.678307013760095279e-01
-5.239112400749869058e-01
-6.343191158793763940e-01
1.888932001287758622e-01
-3.638708481046981080e-01
-5.274445983830857720e-01
2.064282198292783366e-01
5.182169488267479585e-01
5.353679957902817144e-01
-4.539022528055725592e-01
5.470897887210918187e-01
-2.237182013154996318e-01
7.310792412381965644e-01
6.001985565984561122e-01
-6.135351589464079630e-02
3.502630404305956402e-01
-2.191294550700837729e-01
-6.697014266687475459e-01
4.227561188492426902e-01
3.004639568524551940e-01
3.376972992479861380e-01
-9.971376248760928374e-02
-5.854708265917791393e-02
-5.686061194001330588e-01
-3.767300957179333665e-01
-3.463263492567508206e-01
-1.101606311635074387e-01
-6.792743888882770698e-01
-2.757827602179641624e-01
3.260264559226901948e-01
1.628003713535424168e-01
7.463058918488256754e-01
-3.549725280770212876e-01
-9.460906677059495173e-01
-4.064637526029828835e-02
-5.376062784218811341e-01
-7.186823540884992867e-02
1.635187604517823190e-01
1.159182656873125050e-01
-5.163008212660729068e-01
6.599845008244380473e-01
5.099845468720447528e-01
5.923392436466111688e-01
-1.821445968818051486e-01
6.664712859011275858e-01
-2.651244781192197419e-01
-6.141228850470688005e-01
3.781754480534117446e-01
1.139085802220979743e-01
6.429331769315820289e-01
-3.580567623920282161e-01
-9.964781564989584617e-02
5.821346963672835439e-01
2.220995882758469431e-01
5.001823325573195866e-01
3.968513675395829443e-01
5.664322276618216634e-01
5.396628519662918233e-01
-6.019379956631749629e-01
-1.855910747481325784e-01
1.326401257582721371e-01
-1.526848038131767282e-01
6.222173232116312569e-01
-4.943490251844334105e-01
-1.070708051212555280e-02
3.535243315822125254e-01
8.672142077445644803e-01
2.751983854791983930e-01
1.253880756740323732e-01
-4.831020897424059823e-02
1.345142537776097477e-02
-8.120458926442464254e-01
-3.070911399623812432e-01
-3.051935422295220524e-01
1.546412359972552941e-01
4.912805991209588941e-01
-2.719873523558014039e-01
-2.108626638124199565e-02
-3.744993174423178472e-01
5.482363317586711471e-01
-1.481794714516422029e-01
2.812477429069302204e-01
-8.881087645234448935e-01
-3.970646314200659832e-01
-7.837619936434297996e-01
-4.298494686646069790e-03
9.112231241795161196e-01
-2.900061613326548327e-01
5.485528429173244236e-01
3.106902668155597791e-01
-6.691932039134805832e-01
-4.917242204498681879e-01
2.772383410335402254e-01
-1.456403496223372951e-01
-5.337665872592506355e-01
-3.567090688402797631e-03
-8.954419252849343813e-02
7.217679987864168423e-01
6.554372243614201565e-01
7.942685849782124552e-02
9.917848752387314892e-02
4.275734999899032940e-01
-1.726267620013388349e-01
8.078535312305473726e-01
-9.235926760265521507e-01
-3.374641102593818331e-01
-8.631303044450611139e-01
-4.252905347508489919e-02
-4.880860505687426715e-02
1.959678334851507747e-02
-7.017112414775860119e-01
2.061861884989495131e-02
-7.848237269192918919e-02
-6.080178866055336445e-02
-8.489874736270625055e-02
-5.756075379308637219e-01
5.154066511602851675e-01
-1.565430141532478114e-01
7.340652119958784860e-01
6.383646447830184645e-01
-3.100837907981401353e-01
5.386685150844767733e-01
4.144745675702820042e-01
-1.095983499895693825e-01
8.311348463665743092e-01
3.237572424133171589e-01
4.026697519295529409e-02
3.833534996938068456e-02
-2.319591526014843086e-01
8.529482686521385748e-01
-5.552089823312381447e-03
3.700591482237811647e-01
-5.576008533208757223e-01
-2.138284585544015792e-01
9.425798745867175477e-01
-4.118033256166117040e-01
-9.102824615897985305e-01
-2.539613310192192497e-01
7.291372762878507718e-02
2.469521692157617132e-01
-2.133506086485125949e-02
-7.325965727465374444e-01
1.447993925441829477e-01
-7.905178442644922310e-01
3.832362670587970976e-01
-7.660495970245079222e-01
-3.568259099235957521e-01
3.409964116007156709e-02
-2.240554265078009144e-01
-7.832401151635021153e-01
7.117236722724678000e-01
1.282080951272927816e-01
1.062719576733878735e-01
-7.662112022117185950e-02
-2.952952690030971050e-01
-1.925974501417025975e-01
-4.491086206709646866e-01
1.537669689028836884e-01
-5.046415528349570412e-01
-2.377383530887122731e-01
-7.338419934005105949e-01
-4.382151370511598865e-01
6.938958429505401870e-01
3.292469656476201267e-01
6.711121833497989408e-01
-4.895572175651946578e-02
-1.345777170401765976e-01
-5.896644683557145800e-02
-6.769876405444923417e-01
1.462677587349472119e-01
1.348779529024561885e-01
-4.183556158035897643e-01
7.953785583027955797e-01
1.579804362081236313e-01
5.139599055864948474e-01
-6.237052824799578232e-01
4.412924675099051952e-01
-2.068119012532037837e-01
-9.246520487750264916e-01
-2.950507653365720406e-01
2.297844572767788335e-02
4.335392700396687449e-01
-8.267380124947611986e-01
2.725039614739794835e-01
2.348369003055669202e-01
-5.529511889229636878e-01
5.344907045192265338e-01
2.417382173885701535e-02
-5.955858121892627643e-01
-7.964053736997405153e-01
-2.156017569020274582e-01
2.934398382462272692e-01
5.615256407860476084e-01
-1.426204602008293021e-01
2.293053007325835946e-01
6.720418390456003310e-01
-4.422872558128580489e-01
2.377265621859986078e-01
6.909127753787663861e-01
-5.038670356128983618e-01
-7.623829499638234974e-01
2.911698190634737782e-01
3.899679208155532040e-01
-5.151214688515037832e-01
4.275958478608014590e-01
6.844678135501156557e-01
-4.475034858812037553e-01
-4.921888150476378954e-01
-5.707570737680792705e-01
-5.599088222794281755e-01
3.826656403148688823e-01
2.347884643409050009e-01
-1.989927428911325846e-01
3.974553355725117254e-01
7.954643457888077585e-01
-2.546902372422644723e-01
-1.390756017654396492e-01
5.416396514416338404e-01
-5.540541695848719694e-01
3.595590252468194858e-02
3.587724889659327232e-01
-4.124829840491630595e-01
6.825691523943951955e-01
-2.803608114850645316e-01
4.254228880509471900e-01
5.441823428861886774e-02
4.303873258022602455e-01
-5.228950398718454906e-01
-2.453780673851377325e-01
5.383295983584053257e-01
4.621154464535009998e-01
5.380071256624316400e-02
-6.514769022759359096e-01
-3.497907731745316662e-01
-4.636205194334814816e-01
3.532769544591179978e-01
-4.010253140568199176e-02
7.802982862680274412e-01
5.189524338195168340e-01
-5.541463817479683751e-01
3.766003198968500554e-01
-4.477164314537706580e-01
-6.395373744610332034e-01
-8.831104584031565508e-02
2.612594820270993101e-01
5.313665678157416528e-01
-5.202928806438855691e-01
-1.438817214842345038e-01
-2.956704418544131921e-02
8.701264357469626898e-01
6.412911763364129714e-01
-1.422713803565648083e-01
6.918237443467849523e-01
-7.185265856767668602e-01
4.565991375385519691e-01
2.702297327226089729e-01
-2.378587203100815950e-01
-1.523631344693490153e-01
-4.111237063381143614e-02
3.215871494444714207e-01
-4.112228445750611971e-01
-2.662100210330672345e-01
-7.316656677569317591e-01
-3.256798110606958785e-01
-5.413033513664069485e-01
1.305058044510163107e-01
-6.103214620586652761e-02
-7.577505294118765944e-01
3.268031067046436866e-01
-6.295928137178481432e-01
-1.237447704524307912e-01
-7.171345469937547845e-01
6.565543350316589422e-01
1.984980628376956102e-01
7.848988295357062217e-01
-8.206885231904487155e-02
7.647368923702937415e-01
-5.317854633872596271e-01
3.113987007083719449e-01
1.231461868515268746e-02
-2.468180208666609365e-01
-3.012264265587547563e-01
-3.710961434608230913e-01
-5.656924967214264077e-01
-7.085894066719808371e-02
6.120256096850410499e-01
6.244015162139218145e-01
-2.486041605508141905e-01
-4.018170606021737035e-01
-2.690238888420192764e-01
1.361663938252688777e-01
4.067576304736948423e-01
-8.809969301655322660e-01
5.150863679650706795e-01
-6.013776817909420869e-01
2.320579535558490447e-01
1.278059253050533011e-03
2.763649269499147132e-01
-6.473809670364181201e-01
6.869060817253627160e-01
-7.457215449636459548e-01
-3.883184677845095134e-01
2.831879246435199393e-01
-5.646602110018673626e-01
-2.924183824348489669e-01
-3.068883478594262026e-01
-7.747962241072058331e-01
-4.108489921660053029e-02
-6.011542758619813354e-01
-3.027583555907697455e-01
-9.646561293252464697e-01
-2.954397126223524683e-01
6.067831371381348093e-01
-5.874597888787240763e-01
4.759461228455833526e-01
4.884120266342154570e-01
-2.036716018633516478e-01
3.203460088033077691e-02
3.253550308307950889e-01
-4.969971292221903592e-01
5.351608139409408382e-01
-4.660058949802643458e-01
2.854550749867883486e-01
-1.133784708341001868e-01
5.726541513608319756e-01
-7.299246455927492772e-01
3.787237314834387969e-01
6.111846554415502064e-01
-8.021948481390930308e-01
2.971526331339824356e-01
5.918569544957558159e-01
-6.356725710568942311e-01
9.883614980706473263e-02
-7.204239952654745149e-01
5.015431583619638367e-01
4.975843288983553547e-01
4.261915383954812953e-01
-5.010034317720443164e-01
-2.520272284036976784e-01
-8.395257189680737087e-01
6.373588213076863962e-01
-3.030589090967638066e-01
-3.342822315380689080e-02
-2.483648331725716030e-01
-4.578968269343336450e-01
-6.520278646998435290e-01
1.504134198962807645e-01
1.805366850113564181e-02
6.182428010950535846e-01
4.178602433776493208e-01
-7.536430333390431446e-02
-4.931164834564127908e-01
-8.453744846156908965e-02
-7.740320478089639522e-01
-2.972197975902433065e-01
3.088015833595544879e-02
-2.677322895134376379e-01
7.002172196614416810e-01
-1.291828769035446578e-01
-2.084903295275348789e-01
3.039385822188758746e-01
2.363971918754406154e-01
-3.659311361282209796e-01
-1.931468272510171724e-01
-1.944794319489993595e-01
-4.853894895439679336e-01
-3.691456944487033764e-01
-6.238551821707898071e-02
4.918275756299234081e-02
-8.877862983518861606e-01
1.403910743473739675e-01
2.489786082795984457e-01
-2.142860185325662706e-02
5.818995054242266374e-01
-1.556272524068791629e-01
-8.692998365357337831e-02
-7.539776564952894722e-01
2.199724466490170505e-01
3.787707948616745868e-01
6.221733419299204648e-01
5.932679993117966344e-01
9.987247279100316955e-02
-5.368544729917540392e-02
1.129281254297639925e-01
-6.733392583691740763e-01
5.524051564320864999e-02
-3.754500029432714658e-01
8.036755168944887950e-01
6.874572904686460095e-01
5.965384451647742781e-01
-4.794151040558829457e-01
1.179414664495577469e-02
-5.786643436522811990e-02
1.890096551802826208e-01
5.957984402435477778e-01
5.886054439735386445e-01
7.702193786897406635e-01
4.987690733616678695e-01
8.623670577268444104e-01
5.162394680562826244e-01
7.775203583247360939e-01
-2.695959125342174412e-01
2.931463768572583062e-01
-6.549271293274288031e-01
-4.899756255728866527e-01
-4.360387437263982952e-02
1.213452847639714532e-01
9.840852649801162810e-02
6.490362779204628119e-01
7.542052117274429257e-01
-3.283774996828587311e-01
7.048572309817189296e-01
6.985356218126628214e-01
5.782935076380362194e-01
2.481917320348145384e-01
-5.168918280471386240e-01
-7.540308355172851140e-01
-2.209451394778263467e-01
-4.700831475676421900e-01
1.328109227056221142e-01
-3.343407413139062867e-01
-5.409179476232165440e-01
6.019417904072738024e-01
-6.110751894901320647e-01
-8.390396586808466228e-01
4.060842208296218114e-01
-1.463955487407662681e-01
7.553779744819061337e-01
3.581533261703853666e-01
-6.346551920081189291e-01
-4.871091865878366400e-01
6.444837834762210393e-01
2.058479383189281697e-01
4.634763792723557430e-01
4.859534034327102625e-01
2.759862999061637456e-01
4.690033186358690820e-01
2.860577659408420903e-01
-6.083137100658623231e-01
1.577877034455783534e-01
2.947000735381631875e-01
2.964374835897904958e-01
-5.986901753550069039e-01
-6.107508187852104253e-01
-1.327430176839937970e-01
-8.522261610668610543e-02
-3.543510870449766426e-01
3.731766459126755198e-01
-3.955947087307088994e-01
-4.134639474872391363e-01
-2.301161579850531935e-01
9.167574762184627080e-01
-1.094859754558006742e-01
5.336493210169129808e-01
-2.350395131009071215e-01
6.573092381265756012e-01
6.454511509757752119e-01
-6.935736240369428929e-01
3.862028894200935092e-01
-2.924556909653658887e-01
4.204888266724122192e-01
-2.267328817551175768e-01
1.695858074639244317e-01
-3.983062845583869582e-01
4.549725600419552429e-01
6.433107883476623101e-01
-3.189577885615842850e-02
-3.851005747618501673e-01
-1.640046852716170733e-01
4.243272048423478715e-01
9.172060492057312886e-02
5.990817859453975158e-01
-3.171132075726424415e-01
8.707827102857115253e-01
1.574574981670376905e-01
-3.158428148266737012e-02
3.147637672324132829e-01
-4.276501734956847933e-01
2.509174451622756541e-01
5.009582746353403310e-02
8.961633925484815966e-02
-2.173982377632627805e-01
2.784952200968237590e-01
1.540999292954402244e-01
7.673993418150623080e-01
4.444134370753782259e-01
1.713895709201769257e-01
3.167379382003323446e-02
-5.803992894160053817e-01
-8.284026084120861277e-01
3.368469972105285759e-01
1.045352984975521024e-02
-4.677636553482739101e-01
-5.336913802467285750e-01
-6.938975702143539426e-01
-6.276184299411099454e-01
6.369188578324637140e-01
-4.519549119188564501e-01
-5.670262455204180263e-01
-5.853572126674128073e-01
-7.539130444862025826e-02
3.632174747703204032e-01
-1.142631660493695772e-01
-9.261746067348530786e-02
2.646444051220690485e-01
4.516284743367733334e-01
7.084621569113747075e-01
-6.158157710289222653e-01
1.266341779321196737e-01
-2.808528812314633472e-01
2.252161694251982593e-01
-2.579809781739842989e-01
-7.229023794411362225e-01
1.072095188892064482e-01
2.912878522913363577e-01
-5.159899283240192425e-01
3.268798009434623619e-01
8.716884543919860562e-01
1.864394598655428337e-01
7.379712031503293801e-02
-1.124021829700091041e-01
6.016942160555642793e-01
6.209277428435244772e-01
2.818168670056910297e-01
2.093551118468815475e-01
-2.486010886600047431e-01
-5.131309526628926587e-01
7.950015576526303640e-01
-4.112903931056606233e-01
-2.054448930507275506e-01
-3.028555651885191935e-01
1.494260629288141351e-01
-9.696618543134802315e-02
-2.622498905056947494e-01
-4.056507819328081799e-01
-3.222945605239720401e-01
-3.661735506891913849e-01
1.676683898804440798e-01
-3.137073933948970050e-01
7.453540599430783509e-01
-5.865751737577886704e-01
3.631416031073990136e-01
-2.481558417882696321e-01
3.630129711322949149e-02
8.600004069386583128e-01
-2.229575281178498014e-01
-1.820880692990834715e-01
6.965685795010226888e-01
-4.142978057130897174e-01
7.529085113065392409e-01
6.357066631563319525e-01
-2.200004591836102197e-01
-5.664087134322791650e-01
-6.605991512183115866e-01
8.332959831725895716e-01
-3.157241806775206577e-02
-1.114985283921016285e-01
4.419067773752048955e-01
-5.569133419266075746e-01
4.068001735966394472e-01
-7.832578213954076718e-01
-1.964902492829411484e-01
-1.903895515224460211e-01
-2.600271719129547132e-01
5.047172535859791864e-01
-3.953886910068723504e-01
-1.072219846773573293e-01
5.169358615039156835e-01
-5.482150731157218182e-01
-5.814452557726204063e-01
5.201960416765709638e-01
6.356799519592629677e-01
-5.690559004146791278e-01
4.335495055696588773e-01
-4.569510776296068499e-01
-3.952789546978821567e-01
-7.008376374841468470e-02
-6.214800122602747758e-03
-7.241122661645895686e-01
5.336489939862530951e-01
-6.851266285089141483e-01
3.919169536952281652e-01
6.664241302610329765e-01
-2.192153671796799597e-01
4.691014323634586924e-01
7.566593187366568163e-01
1.561408094967692284e-01
-2.407592862084247110e-01
7.162428410135888157e-01
-1.612101147495997588e-01
3.101824251391211429e-01
7.161961179203732986e-01
1.609137360909016490e-01
-5.888313063026126004e-01
-7.406281156268859078e-01
-1.877313023160770145e-01
5.723052598496345539e-02
4.901640396804877176e-01
2.711071718395956509e-01
-6.499674433720660227e-01
8.107601833331781194e-01
-6.329022561689316984e-01
2.826519466288829885e-01
-7.066815170803036894e-02
-5.271765070761140759e-01
9.311733894922602506e-01
-5.960859592948801744e-01
1.052507376683601975e-01
-4.714678837565663971e-01
8.455982802514638852e-01
-4.664186312724277750e-01
6.835466825700328153e-01
5.369054827352670589e-01
-7.676487735761469144e-01
6.445300086037175635e-01
-4.108899845909089743e-01
7.998292921993380711e-01
6.874722300260440733e-01
5.267560811321686520e-01
-2.183822865672777058e-01
1.215120729442644848e-01
6.307032752322357938e-01
6.041156994134706526e-01
-4.300692166022083707e-01
4.532865208521413836e-01
1.864203047516971856e-01
5.086042435073570012e-01
3.544501072287155052e-01
1.071664241242940296e-01
-7.093015440906547120e-01
2.185372214837053018e-01
8.524285068375663244e-01
-3.222115387657948360e-01
-1.624997282982200142e-01
8.177467073106388096e-01
-2.080245074510263525e-01
-3.413346674884408238e-01
-4.422183478471621298e-01
2.844902712326122796e-01
-2.730331786699132790e-01
-5.085637202270583135e-01
7.051184987402253634e-01
6.182497330846696837e-01
5.840968722798891566e-01
-5.888509656336681219e-01
-4.704744899649330736e-01
5.218101216284856125e-01
-6.409823115364041701e-01
-3.505588062255420856e-01
-7.060100775116870953e-01
2.226033581464250122e-01
6.655025720038485471e-01
-1.790670555654276519e-01
-5.937213907845589889e-01
-3.769412156804138325e-01
-7.503851346953086532e-01
4.459097756871366336e-01
3.187256307529018895e-01
2.279741086262416505e-01
8.289963857219173615e-01
4.145420552074342568e-01
-2.640724232356849721e-01
7.579100268600191814e-01
3.122950050956922463e-01
-5.254653603318205912e-03
9.249777358293018170e-02
8.591341654456611243e-01
2.935540486352026246e-01
6.903814915867612090e-01
9.686432505651548786e-02
-3.699319582272221352e-01
-5.557518489142994067e-01
5.832068184741135974e-01
2.995006890891129814e-01
1.887787564764432102e-01
1.745923577903959190e-01
2.484310085624103770e-01
4.883004917785017662e-01
-1.454127681952412099e-01
-5.790238238557117167e-01
-5.807387632083743645e-01
-1.949930477970851506e-01
1.700003843312752616e-01
5.573246206170661132e-01
-3.805057505531798112e-01
6.620948937620432240e-01
2.402877235293884584e-01
-6.805067290448663098e-01
9.334559632602172918e-01
1.630005951713585644e-01
-3.005526006127614003e-01
-1.992286070006810683e-01
-4.885594080918018167e-01
7.300521366054686379e-01
7.026909903961509052e-02
6.745485337233847467e-01
1.214182926764266479e-01
-6.229174133262914692e-01
-4.397721220407233567e-01
4.224288552211173942e-01
-3.976088970837479142e-01
9.053268554721580208e-02
-3.995757163439891402e-01
-5.938044415908980689e-01
5.641029517803264337e-01
1.952579688445139905e-01
-1.257928492730544245e-01
-6.489007153420317531e-01
-3.426182888616851052e-01
-4.545500403458586081e-01
8.382650043014375774e-01
2.993768634887455926e-01
-3.027897899797109549e-01
-1.939113785464071371e-01
-7.510533203594880192e-01
-2.721049841654514800e-01
2.129657080459649021e-01
2.461949743362302212e-01
-8.049965685718186992e-02
1.577529343859575828e-01
-1.832235792048114154e-01
-2.418709442429450296e-01
4.750634167180169953e-01
-7.126103373478335223e-01
6.935471721159838232e-01
5.866360048509361436e-01
-2.447858259317732266e-01
-2.609538142697724883e-01
6.609908653670411027e-01
-7.930429391049251264e-03
1.963347015718887589e-01
-6.821684276908043798e-02
9.787809147721231173e-02
-2.958086564205800739e-01
-7.951578108970459580e-01
-7.663538167735803319e-02
-8.705636804169047949e-01
-1.403420755108822637e-01
3.373549175310114334e-01
-3.231998875390461046e-01
-2.916868977372944483e-01
6.714147549372613544e-02
3.628900216067399986e-01
2.345879985042162164e-01
2.227541761523479658e-01
-4.157059144561758846e-01
3.487591391537563368e-01
3.659987759377124616e-01
3.859800117557936616e-01
-1.883032262108650934e-01
-3.847558272472395569e-01
5.563819355803470978e-01
-2.926190691661976762e-01
2.430306633561642171e-01
-8.375022266522000325e-02
-7.890675492707041605e-02
8.585884139231265699e-01
7.283055788100232242e-01
-4.180685960003413526e-01
-4.255677650560214520e-01
8.269640217094151868e-01
-3.241840820516330712e-01
-5.242466620804966393e-01
-8.201519567728013937e-01
-7.031743036205184705e-01
6.695802577182058402e-02
2.805649432732277293e-01
4.817218070421076109e-02
-6.533965070346166026e-01
-1.301643649639611100e-01
-6.097887788287267297e-01
-4.057358857995319035e-01
3.105880930200526913e-01
-8.994547303076116940e-02
7.620368338210643522e-01
-6.646564527662984778e-01
7.567789609049611066e-01
-6.917391373583081648e-02
4.459204863406988073e-01
7.861219936000291009e-01
8.119301805657102022e-01
6.489465299860364134e-01
8.552148747354045843e-01
7.171514605978592805e-01
-5.399373840769494670e-01
-4.574858045463726652e-01
5.214560322673272852e-01
8.007660831464609441e-02
4.500561503401922375e-02
8.255139049369644155e-01
-7.592820438045047027e-01
4.337983075078120226e-02
6.073142670350677452e-01
5.259627468802301475e-01
-4.287756460889878829e-01
5.605132647000616863e-01
-5.700900312389965974e-01
-5.293572119417109256e-01
4.764614918150477108e-01
-6.704656827132191577e-01
-3.853218154086997527e-01
-6.476743921254034253e-02
-6.359264083591472660e-01
-2.055225711319536852e-01
-1.450295978791831253e-01
-3.335267537214492428e-02
-6.364766285089238362e-01
2.706380663550840837e-01
-4.087139207733946344e-01
-2.586542921516580273e-01
