1.922124825808857740e-01
-2.573636008535374470e-02
2.787006828181343709e-01
2.146033705776442813e-01
-7.680124130608265709e-01
-3.363390431463165742e-01
4.376677232047250232e-01
-9.193032590882072030e-02
-6.597208346079019847e-01
5.379612924043372102e-01
2.972648475189981210e-01
7.373869746210509613e-02
-2.503835343706762862e-01
7.612231011451907614e-01
-1.897622394560417036e-01
1.370403436535780339e-01
8.309661602056102325e-03
-1.411734638102568051e-01
8.505263660038958617e-02
7.080206342976965717e-01
-5.435423377867003303e-02
4.486042074702491222e-02
1.269717994049423399e-02
-5.050728019535077884e-01
-3.267612228914286154e-01
-4.615304237094814965e-01
-2.162843098723629329e-02
4.475941757173489827e-02
7.363062540592945071e-01
1.162327359959249573e-01
-4.285770652362376476e-02
2.941129027889399783e-02
-2.932795131351747520e-01
4.588334113981958340e-01
-2.488672012006242773e-01
-5.502226545676189295e-02
3.314027922884289490e-01
1.391883973694063859e-01
-4.242447491460192566e-02
-2.563648651055314698e-01
1.870491842324745191e-01
-7.984527323146182187e-01
1.131459824942973591e-01
6.018584285041694848e-01
2.040156324466715909e-01
3.650025027525574672e-01
-7.216000694662942916e-01
1.400102696634843158e-01
-4.394587325094413965e-01
2.367897704831830111e-02
-2.700161591402551811e-02
-2.573889591558812251e-01
5.253598286577838561e-01
3.715511401822564896e-01
-7.774993073380637165e-01
4.194524947403199255e-01
1.264891772346843704e-02
-1.568726038062745742e-01
-2.627038076622408846e-01
-2.234657763483104409e-01
4.692458007510551532e-01
4.965218141804927238e-02
8.318243450144453544e-01
3.619437599396679861e-01
-1.692578947547277723e-01
-5.294245675520498767e-02
2.582133770101206482e-01
-5.151014488121661294e-01
3.503589194906605586e-01
3.516800297916999191e-02
9.577616472801550596e-02
5.366666997843506579e-03
3.590010587493389083e-01
7.302914765841335420e-02
-4.227260133682823051e-01
-3.866307527952030920e-01
4.113644115938940860e-01
-5.864406113797007158e-01
-2.998826038887855150e-01
4.263693314207343821e-02
-1.446624274863840820e-01
8.493331295015330018e-02
-2.008677090341458582e-01
-3.150489729121734306e-01
-9.774949881843007782e-02
3.824196906656419648e-01
-2.965231503778372191e-01
-3.149305340526770136e-01
2.294894667043704262e-01
2.188479919600039569e-01
-1.479114841087201260e-01
2.764048424301259188e-01
-1.713360617691727927e-01
1.355835286703122311e-01
3.143922702247509693e-01
-3.063385001584002509e-01
-2.238890971883221170e-01
-3.161632921271088081e-01
-2.665749704417441079e-01
1.070932958344064656e-01
1.222879945744360791e-01
1.371545754845649584e-04
-2.135147789979953137e-01
-1.707975246545073988e-01
-7.749024148165180315e-02
6.774024626259904647e-01
-5.708966340084993263e-01
-4.412541587112173147e-02
-3.280616974384504281e-01
6.041653476943649181e-01
3.926068543469835026e-01
-3.441031890723249553e-01
5.209189601011338100e-01
1.150963914291358997e-01
4.100135459665459337e-01
7.388737581293478573e-01
1.251504866266139882e-01
-2.930653434201079266e-01
-4.912271224369988559e-02
1.234544128132250007e-01
-3.160037405894631779e-01
-3.621112240116734493e-01
5.143608621936522629e-02
1.148657796422651173e-01
5.854354927102289885e-01
4.355549380798291736e-02
1.434308406119559620e-01
5.609115674351785596e-01
-1.310274854130231148e-01
-3.384777694124482816e-01
2.118106665440549347e-02
3.106051312930859232e-01
4.861264976864437815e-02
1.391140251971448027e-01
-2.597110437495042112e-01
-2.076414121878379926e-01
5.225847817832540709e-01
-1.992405634051440666e-01
5.690731340867885013e-01
-9.766462872521332328e-02
3.135197507408217510e-02
-1.476307101453478987e-01
-5.110065004744103190e-01
1.616425296336212181e-01
8.433735619555735030e-02
1.701047478918396930e-02
-1.341701841841580478e-01
2.772712472560981412e-02
3.124036109582024601e-01
1.537770321998899702e-02
8.063375477364408128e-02
4.023846816290514994e-01
-4.288669602302280781e-01
3.994614622911688562e-01
-3.427754372694005180e-01
-3.820910422203492307e-01
8.105448928759002580e-01
3.095724424052428980e-01
2.887370137512566548e-01
-3.431149233013474076e-01
-2.395291875748477017e-01
4.387765490372143029e-01
3.164098635780520086e-01
-1.970241288595658558e-01
3.438918987377356795e-01
-4.320364396639422844e-02
-7.327079146636475415e-02
-4.188327667274997501e-01
-2.097276991024814297e-01
1.759182701059664594e-02
-1.720754046566473905e-01
1.724971587932821460e-01
6.498772702993706532e-04
-1.436789944479960335e-02
4.069002054132396795e-01
-8.762402312212558275e-02
1.004329729958757245e-01
4.162688152202296266e-01
-5.448488688698902571e-01
-4.581577816615730048e-01
-5.304355198920342185e-02
-2.186784838971478906e-01
1.892874535076666809e-01
-2.176193144859303041e-01
7.032895611655681778e-02
-3.845133687032780134e-01
2.540513152326011603e-01
-1.489869097580648338e-01
3.461129524235126431e-01
-1.724345223463473464e-02
1.663528273832033276e-03
3.630266759328665827e-01
-3.268591511608648914e-01
5.209073427203335660e-01
-2.671271404789586357e-01
7.107034768900590826e-01
-6.211199043383699436e-01
1.042078966629750442e-01
3.496683834594757068e-01
-8.148162551060283976e-01
-1.593756236342506738e-01
3.165968506731195453e-01
-1.360560875751501420e-01
1.232032170133637722e-01
1.499399305507594649e-01
-5.919580321498479902e-01
-1.654686731406934952e-01
-2.568304966820847968e-01
6.451096370175977146e-01
-4.685832665343241388e-01
-1.357983386191474184e-01
-2.601031629504688691e-01
2.239282932411434390e-01
5.098607161965817980e-01
-2.107085491270349054e-01
4.807380251405869998e-01
1.024252245990655286e-01
3.345712858340124662e-02
5.133229655176498873e-01
6.144239035861434051e-01
1.637530250122934683e-01
-4.659747058691861010e-01
-1.064689881483570771e-01
5.082807247188853017e-01
5.369024766569139295e-01
6.050345300614297095e-01
-3.424715777404446770e-01
-1.845097418169763248e-01
4.930545180664972493e-01
7.153055177646555629e-01
2.124085797768080486e-01
-6.998721564924328953e-02
-6.978572753197422873e-01
7.021938389262450952e-01
-9.708590921686513497e-02
1.145863859312770405e-01
-2.152179981328083969e-01
6.208748398708089505e-02
3.565738173038493497e-01
1.886059211291674087e-01
-1.503575989302713412e-01
-1.987766476884116063e-01
-1.792686760928882961e-01
7.595695699335328066e-02
-3.626026470471652718e-01
-1.890765033700625986e-01
-5.434220237281188748e-01
-7.572423000364099099e-01
-3.446623941141594427e-01
1.441335847585188418e-03
1.581536319785381561e-01
-2.111792411723156238e-01
-2.889665052229828390e-01
2.257416141069424897e-01
2.065112443716649038e-01
1.366783347796551029e-01
6.913087946059570665e-01
-1.051474874571348139e-01
5.155590614437692842e-01
-3.113700337525469597e-01
3.273600410954479734e-01
-1.929592678906021097e-01
-2.352460709537396999e-01
-5.662020629530881881e-04
-6.935399982607172165e-01
1.136899523943193102e-01
1.447423037688734815e-01
4.219331438133087087e-01
5.150623105911094068e-01
-2.112703841373511637e-01
6.295900218120671354e-01
-5.852590249755251772e-01
1.956624769304002864e-01
1.548958406135213794e-01
-2.196205498982957693e-01
-8.429365595481403961e-01
-1.274904125995834359e-01
2.680070691175744368e-01
-1.820920381642443520e-01
2.660980442387039235e-01
-4.279769039372602890e-01
-8.759331852200077928e-02
-3.950738292816893260e-01
-4.724787478568764354e-01
3.011439357680543161e-01
3.950911014736312454e-01
4.759809938759183567e-01
7.237226956304350090e-01
5.170725629959229686e-01
5.748872985019040094e-01
4.680404904717569980e-01
-4.796856824928298346e-01
-5.424780868756897689e-01
1.753087017704779427e-01
-3.484141277237218226e-01
-7.097498919619034119e-01
-1.768273276429378760e-01
5.179480431707269572e-01
-2.267835646485818757e-01
-3.752929474105853869e-01
9.274835950582990818e-02
-2.255566970694778961e-01
-2.807145011344163166e-01
7.142438861537316885e-01
6.883728669391872002e-01
-3.955168652983420685e-01
-1.207069064624100990e-01
-2.254377372788090583e-01
-2.550662286950481361e-01
2.010623296890257095e-01
1.683694993672452123e-01
2.480404100891282493e-01
-3.105259498251804473e-01
3.405455596228419424e-01
-3.711394442486408707e-01
-5.925845770472935037e-01
2.738817048716665203e-01
6.262118506191140244e-02
-3.551682825805775323e-01
-4.123945921802319586e-02
-4.277466693476680848e-01
-3.091324835602540233e-01
5.711886005380962805e-01
-1.265163484167281666e-02
7.161687843194264325e-01
-5.781424434296659198e-01
-1.561735539603195666e-01
-2.077558389623682666e-01
8.308693111059535230e-01
-2.862451202563527919e-01
4.999901202305714887e-01
-2.594598958678051570e-01
-7.642818020200669027e-01
1.473385946755127462e-01
-5.628104380954671582e-01
-1.864256864436412697e-01
5.653333576505659153e-01
-2.349684940440948111e-01
-3.310609225124971911e-01
-3.428917558473915106e-01
-1.501621526575556420e-01
1.685134485112395886e-01
1.780943228640162745e-01
-1.021555822003830105e-01
-5.620529056246179600e-01
2.052832016221564082e-01
1.440702465242873764e-01
2.373718663272880725e-01
3.490214296788921033e-02
2.056770118938884284e-01
1.262768646654002791e-01
-1.540752062848342596e-01
1.082057130374156351e-01
6.680749208600000877e-01
-3.686959902045524595e-01
4.303038309437033360e-01
2.308498902830734001e-01
2.447268125945286366e-01
2.671781344086079368e-01
1.348699354519329874e-01
-8.776863230883341638e-02
2.197102034309790786e-01
-6.073157816416077104e-01
-3.146706084379682911e-02
-2.979173259981691135e-01
2.296924335835964504e-01
6.599797364357944396e-01
3.189182522421210586e-01
-1.107337094534070754e-01
-1.549232055186426926e-01
8.648264504814936506e-04
-4.043441663343682047e-01
2.780123234609993554e-01
4.508700784394395478e-02
2.509993378602801140e-01
-2.079592620898178534e-01
7.533914193001153836e-02
-5.712189587474677532e-01
-1.762191869817377170e-03
-9.099717784227212558e-02
3.892697437221976919e-01
1.249997100764013436e-01
-3.394525022535375136e-01
-3.696139516812366743e-01
1.424832349993047365e-01
2.036314618927012876e-01
6.158524779544942707e-01
3.375493242801689830e-01
-9.277478750527390350e-02
7.073442924572637125e-02
-3.398302456010949824e-01
1.067401210203929168e-01
-1.148496676632711072e-01
3.161724463845178579e-01
1.745021096759610535e-01
-2.157042782326042962e-01
-2.062437357840028185e-01
-3.618929605705933916e-01
-1.961938665737720244e-01
-4.683907914003099804e-01
-3.227753835360925444e-02
-6.028677610824659805e-01
-4.095407808001576000e-01
-1.120837735599920643e-01
-6.836204851143516947e-01
-1.757461024782280834e-01
4.962448992613917031e-01
3.965565110355857847e-02
8.225551894047766766e-02
4.031040420578344552e-01
2.120506151111045401e-01
-2.153598666528044325e-01
1.754584733224055781e-01
-7.432040294929420643e-02
2.618207372482044687e-02
-6.516647423837157449e-01
-6.751987583494108158e-03
-2.171411018128993897e-01
-4.558713247821774006e-01
5.883292954351276860e-01
-1.949983949025952124e-01
4.677446449045805643e-01
-3.074055256108601530e-01
1.708603551757244265e-01
-5.924724042597053764e-01
2.754513368175004473e-05
2.336526241718610980e-02
5.344899846274675514e-03
-2.991674971989543574e-01
-2.617698044495432308e-01
-7.608479994998943452e-01
3.562902693394406906e-01
-6.820490546840515256e-01
-3.695871163883234223e-01
-5.356403230570607743e-01
-3.637239635324950870e-01
-6.621118694571909158e-01
-3.786376123766704294e-01
9.411479102787040363e-02
6.845036956363556579e-02
-6.582591059713103210e-01
-2.058884922138273788e-01
-3.423228768569805958e-01
1.426634410090021898e-01
-1.056139855128204741e-01
-1.452046711045617833e-01
5.394773919780269100e-01
1.336662966693955568e-01
-7.532886757378673415e-02
-4.351739330009459783e-01
4.276975232090622914e-01
3.075373242100577498e-01
6.210701687007674776e-01
-1.403471154650741057e-02
2.745216787281406501e-01
-2.894696286417944298e-01
-3.142308509296581898e-01
-1.650580135775895352e-01
1.544740070017883715e-01
4.548536815445964332e-01
2.400635865705074146e-01
-6.066648799218103683e-02
-1.051379791211206997e-02
2.406629327932455209e-01
-7.023112912851832146e-01
-2.228533120235103304e-01
1.016825670359547129e-01
-3.292904813038747269e-01
6.141980851582198309e-01
1.062214109293375119e-01
1.411102769538829516e-01
-6.128558558595846861e-01
-4.754469155340069753e-01
-3.868908671032957880e-01
4.417030012766837155e-01
7.655691675906968474e-02
3.073480603010728673e-01
5.208455788841410694e-01
1.426986923836042753e-01
-8.327661213570157483e-02
1.939096197656005605e-01
9.452538474092389564e-02
-3.624416572986181168e-02
-4.115779232611566085e-02
8.777415181873041150e-02
2.253041963344118714e-01
-2.677036072460841076e-01
6.629437980322153701e-01
-3.925145354666258468e-01
-1.448211802767376821e-01
-1.304302080426067156e-01
-4.300877604057491421e-01
3.996018578789748976e-01
5.415601390012437788e-01
8.277895173966737241e-02
4.307916889408643368e-01
4.721131157170782577e-02
3.390208087565760309e-01
-2.677624329962179778e-02
3.844960075252646936e-01
-3.994368364465488708e-01
3.372770787443096219e-01
-5.900568145336132497e-01
-3.584756975836260739e-01
-1.283634228395753585e-01
1.058086951929881753e-01
-2.519136505378355984e-01
3.649295651770226301e-01
-7.495820464885956103e-01
-7.959936146374872734e-02
-3.530572940766970036e-01
1.046865069021480354e-01
-6.355811000283905221e-01
4.135086548502637793e-01
4.325628930344144196e-01
-2.982725076450683521e-01
-3.586259564489545637e-01
-5.037653712867173894e-01
4.480041343705968779e-03
5.899399120319670509e-03
4.533228676612390678e-02
-4.221679905353818429e-01
1.792969933616139488e-01
1.983405517432438314e-01
1.292879518400102401e-01
-3.530301860714132878e-01
3.461240070708549998e-01
-4.987517673302207522e-01
-5.980089476901424561e-01
2.252683917067623692e-02
6.757433370279121165e-01
6.445000345534348529e-01
1.788624189221075245e-01
-1.785797204287197237e-01
-4.187271760549926558e-01
4.201238132015828186e-01
-1.474218290695807343e-01
-3.577839074630195237e-01
-5.627464132041122280e-01
-6.075497552369231169e-01
3.377518380158012201e-01
-2.620393322339286124e-01
-2.985378730996924301e-01
-5.669072830882078140e-01
3.800364867799657653e-01
-8.372036018231637788e-01
1.246761006772341418e-01
-2.273060869889372837e-01
3.383252262100833879e-02
6.389790094755245509e-01
-7.916194310993809324e-01
-1.032035052025054855e-01
5.788984274000745778e-01
5.374907203395903887e-02
3.842894059558019104e-01
-4.905387682145260775e-01
3.124294787672970419e-01
-4.015379233664768122e-01
1.241608315916986199e-01
4.788952288450991357e-03
-1.491848128598833312e-01
-9.944492866083761221e-03
7.087032313006060846e-01
6.393032541630495613e-01
-1.362379456737648209e-01
-2.739757772453779716e-01
1.308483488527184546e-01
6.068435087520077653e-01
1.862430093466203029e-01
-1.977214765229579618e-01
1.144283875534540668e-01
5.761687115640754531e-01
-3.711955024221096355e-01
-3.196324781578860907e-01
-8.235445522630175930e-01
-8.230717944819750456e-03
-5.494702066670535956e-01
-7.027948621508435523e-02
-6.189954311431516976e-02
-2.219520342644649702e-01
-4.081030881322313952e-01
6.417477983446510936e-02
8.043379476068711342e-02
-2.407267855214486052e-01
5.999215305925423847e-01
-7.195750135717320084e-02
1.334086133834169186e-01
2.211214660961101086e-01
-2.051341110954568725e-01
-4.151406661674081899e-01
3.163611009711559396e-01
3.019595818146905697e-01
1.902849460309902208e-01
1.725771777816428529e-02
-1.078069840079456665e-01
-7.066370340484139367e-01
-2.077177662214674814e-01
-2.938436802145701354e-01
2.090893400903935107e-01
-3.662467787947255582e-01
2.801685690195725997e-01
1.312379564653676778e-01
-2.589512365417570572e-01
-4.520479304173078416e-01
3.422931979758831456e-01
-5.662008637648463516e-01
1.601786071436782644e-01
-1.254777903818106444e-01
2.389848544957555165e-01
4.604864428683534960e-01
-2.588204104971262853e-01
7.817842374030843644e-02
-2.972532665392002560e-01
-1.137850416972841644e-01
-1.713433887010719636e-01
-1.059091706474885736e-01
4.609198802307513665e-01
2.616984864692537549e-01
-1.223581293100075851e-01
2.637749307024113143e-01
-2.335146123326602499e-02
-5.063520967904481251e-01
1.195491381738638184e-02
2.324965237075931057e-01
9.890858987202987007e-02
-2.255655980582318629e-02
-2.807767020221114355e-03
-5.914530699048954343e-01
2.031840696152727443e-01
4.055465370342440923e-01
-5.553442663236251020e-01
2.981919849411595602e-01
-6.746623062693104522e-01
-1.721342278720717767e-01
-1.833879132959003733e-01
8.313594227580488605e-01
5.976052659062173200e-01
4.761073277152078620e-01
1.154311968864543125e-01
2.082172065814216766e-01
5.190985911812397990e-01
-3.422344504600060011e-01
3.330779958824836573e-01
-6.361146240482565273e-02
3.086685411831421866e-01
-8.543760034573848472e-01
2.948744562043152939e-01
-5.206116680304514466e-01
3.791392585050977759e-01
-5.970763909097183408e-02
-1.539575824598378717e-01
2.085893474556896332e-01
1.131670715072435329e-01
5.752046095604275155e-01
1.323380956835703559e-01
5.158402856418091709e-01
5.197180156022642716e-01
6.982797460362524244e-01
4.281631255098992117e-01
-9.876228499901396063e-02
1.570036963219619830e-01
3.230421896617012845e-01
3.551762484953787519e-02
-3.376943569363525244e-01
2.333871445268955180e-01
1.743819053426580445e-01
-2.417323566678037938e-01
-4.345209330133182890e-01
-4.937263826768681918e-01
1.609160498002162876e-01
1.929922498852480392e-02
-5.842558438903017876e-02
1.787400029853178918e-01
-1.805770434224432952e-01
3.333509965290831767e-01
-8.169827645708473141e-02
6.140223106278047682e-01
-3.796580760750500882e-01
2.199457284132233237e-01
3.399199784038859917e-01
2.618297669148015316e-01
-2.015488826155147073e-01
-5.937787993557638311e-01
2.073912222219221058e-01
3.568860205766641869e-01
7.076285406778229925e-01
-1.599951835958620672e-01
-1.511451407324217733e-01
-9.257941280876230694e-02
-3.571998050163595062e-01
5.548040926525390493e-01
4.863670877852223629e-01
1.439444963644134212e-01
-4.714589777436289930e-01
-1.072220874401068058e-01
4.523959671685358341e-02
3.812391590934163799e-01
2.132623883248301599e-01
7.087159112233251679e-02
-7.236572830082368402e-01
6.859815192104120607e-01
-3.812114460135527239e-01
3.418837628283470931e-01
-4.526389441846381811e-01
-1.817855410032540031e-01
1.363394580959449709e-01
-1.445307001995177199e-01
-7.529284037905875637e-01
-4.784938984510248572e-01
-3.726830272854891879e-01
-2.282575818543605695e-01
4.618385464478957925e-01
-4.704086852930436935e-01
3.564390972522921142e-01
2.973043507885348991e-01
3.944348519933724151e-02
-7.525449417922375206e-01
8.580361789397109584e-01
1.411412109329693021e-01
-1.062318344255036157e-01
3.232150157599192886e-01
4.390634951222367466e-01
-2.722161991011499138e-01
-2.261331071581914598e-01
-6.009620701791316133e-01
-3.763409320657231660e-01
1.585454648552331314e-01
-6.920708295927594511e-01
-5.712068540714090314e-01
-7.725527647469347947e-01
4.023334396655594003e-01
-1.262014675460966795e-01
-4.877839290431943975e-01
6.910704660065781768e-01
9.763729662017342492e-02
7.769104937102856434e-01
-1.079211800258820936e-01
-2.659351762265982910e-01
-3.896683787954523526e-01
2.686630088945445305e-01
-4.510183511882012719e-02
3.297669073194987172e-02
-2.118738834841492891e-01
3.003256896948254817e-01
6.551258679714497268e-02
2.909757534616954078e-01
1.911351466217406370e-01
-2.631630583488947517e-01
-6.093777143815616582e-02
5.040251922888141500e-01
9.861581013748560789e-03
2.500900292454816820e-01
4.726900318933962564e-01
6.366116964680132995e-01
5.854905936621382923e-01
7.525915327377196151e-01
-2.059141510308694911e-01
-5.487728270250902957e-02
4.101516508888563006e-01
-1.675474181245376754e-02
9.405836328065877994e-02
-2.268084930765577878e-01
5.294890520468025219e-01
-2.760695364700853638e-01
2.297082685225410315e-01
6.307580351112027639e-01
-3.246928063466424930e-01
2.233219554466552292e-01
-4.046293282691983961e-01
-7.231513081373134311e-01
-2.542392267858592514e-01
2.208397799023342767e-01
2.241430418412912184e-01
-1.723456381726825026e-01
-6.652053733313201267e-01
-3.028704974985737541e-01
2.450107921200938565e-01
2.306302312280910649e-01
3.371564980485097229e-01
6.922120932591274700e-01
-6.038634975318510900e-01
3.595686663186203336e-01
1.765097479673042591e-01
-3.416329451233564574e-01
-5.553765415614825285e-01
-1.339078657102771124e-03
1.074195129595197223e-01
1.812794967692011039e-01
-1.941670173999614502e-01
-2.720999970908483667e-01
3.248085748583016130e-01
-6.712813208735024517e-01
4.520247038886309188e-01
2.308021990098971521e-01
2.192832644509895290e-01
-6.281320481655170429e-01
7.387031837706106163e-01
-5.770703190120458626e-01
2.877166757137128994e-01
-2.959607106988732528e-01
4.557230950949653359e-01
3.657164370145419841e-01
-4.635134583132676789e-01
-4.921655583289923780e-02
3.182497727239078089e-02
1.768113095697111392e-01
-5.482051502654793351e-01
-1.550554648258553603e-01
1.246871747422371168e-01
2.075204455361833733e-01
9.544787916569302116e-03
7.486980342696329949e-01
-5.553095131893297509e-01
-2.372769833302072404e-02
6.073692734686257921e-01
2.509618467077567167e-02
-6.647496148390416582e-02
1.545941261528832600e-01
6.882377856823481688e-01
4.500003941595840384e-01
-2.356334396481999868e-03
-7.570672887576999077e-01
-3.410582601204646402e-01
2.838752439619554035e-01
3.587012335563648513e-01
2.266355178881963583e-01
6.120859300082892585e-01
-2.276687803998759807e-01
1.469723446059084671e-01
-6.526140062619704141e-01
5.323974617223570238e-01
-1.653599495007470332e-01
-1.339340631469254639e-01
-2.106766669410112536e-01
3.637585865797789975e-01
-4.001945648503423270e-01
-7.758610625487184775e-02
-6.977065084935138994e-01
3.377073789243065227e-01
-1.357353099493512905e-01
-2.723414727266463831e-01
-1.202956537937471954e-01
-5.523353501345266287e-02
-7.580380709444299869e-01
-7.776215335143285556e-02
2.738262675807939250e-01
1.739461952137988932e-01
5.712109752441095756e-01
-1.393056740596755882e-01
8.052876308345655043e-02
4.012134931299851659e-01
-2.295598335612064611e-02
1.046138894074305631e-01
-3.987615791481844418e-01
1.117362311588868118e-01
-4.154145761959275318e-01
1.178938286967519400e-01
7.323159479800108729e-01
-2.280790852346670505e-01
-7.822445324817287049e-02
-5.519851639096196028e-01
3.919796719905331850e-01
3.324761952164905221e-01
-1.028962461973271930e-01
7.134243486893504516e-02
-6.595994528932848378e-02
4.426498528966750223e-01
-4.538840740273811791e-01
-5.454615146788358571e-01
-3.005171399532824972e-01
-8.223676511660657495e-02
-3.559712391445670199e-01
1.125834685826156839e-01
-5.307213520318557198e-02
3.747905192443070077e-01
-2.215140355547423334e-01
-4.260466657195425833e-01
-6.932056295975819182e-02
2.954878582490123584e-01
-8.310269339465793659e-02
2.342673512461939112e-01
3.354599730758737186e-01
-1.387372096123701826e-01
-2.025967613286432101e-01
1.260266493580331493e-01
-2.270874602313185942e-02
2.227226343746015469e-01
1.097407655835684892e-01
-1.183604790500448617e-01
7.881600294448291022e-01
-4.382038947039093024e-01
3.850990280824209133e-01
-1.552941682154508896e-01
7.712882986736493418e-01
1.609586220759376407e-01
8.640527822173166284e-01
2.356222133199592783e-01
-5.172518909144903088e-01
3.100464938699948325e-01
3.564001409358605876e-01
-5.256114569793842728e-01
5.748281266337536000e-01
8.079286526500434329e-02
5.064741746852041704e-01
6.307917950869909030e-01
1.884426217140680593e-01
7.217178537658743842e-01
1.494756307921513705e-01
2.522141994710191404e-01
-2.976591430779709779e-01
4.627112089423243702e-01
8.271061714629922290e-02
3.964542218066708507e-02
-2.672493437588696619e-01
-5.279862574892505434e-01
5.144639475785955929e-01
-2.312770218973883574e-01
4.398546527197873535e-01
9.377054151076699706e-02
2.779523950548218325e-01
-8.026190255338613855e-02
3.887314243989183349e-01
-3.141714282000859781e-01
-5.220470086176811630e-01
5.332161301445419443e-01
-6.014959811380011789e-01
3.692875499149567142e-01
-7.770417513283647271e-01
2.540145345935007071e-01
6.550451587473699044e-01
5.105632945780910203e-01
6.798287228873984844e-01
-7.795645615442083898e-01
-2.732170539293028444e-01
-5.591244112780964226e-01
-4.170328223035087156e-02
-2.953901949164052798e-01
-4.671085573379479827e-01
2.229950332784541023e-01
-6.142353430273709280e-01
3.674387458813124230e-01
-1.079214469627383204e-02
2.775385120821470264e-01
-2.055506393155142608e-01
-1.318089283584372717e-01
1.084098719649702058e-01
4.951388526409552515e-01
-3.089946330250948892e-01
-2.355318673876876656e-01
-2.769312401672030521e-01
-1.512424730989243571e-01
-7.984424591630316648e-02
-6.165068986148363600e-03
-5.577447599034965897e-01
4.598261724194229183e-01
2.031643378954759160e-01
-7.476067079071163635e-02
1.849047041362570920e-01
-5.974650960472355221e-01
4.057574869531337391e-01
-2.092804244614976938e-01
-4.371935807021413156e-01
-1.920222327045775779e-01
-1.744095342596323553e-02
-4.164240352595652284e-01
-8.299849112673909901e-02
7.279861346084497142e-02
6.494736162584207051e-01
8.741452155220882925e-02
-4.371632738012292546e-02
2.821453604714758701e-01
3.338038571290388168e-01
2.870333832721133627e-01
5.823460938789440933e-01
3.361574601767695625e-01
-6.368489292704107019e-01
3.601492044430968376e-01
-6.322327937303464651e-01
-3.992398243368942834e-02
-1.962589069513817341e-01
2.367111108158294064e-01
3.780682485211550037e-01
2.563905217429946481e-01
-8.582742338917832142e-03
-4.101201961941771668e-01
1.949847317624324172e-01
-1.234505931664739570e-01
-4.115171088039062952e-01
-8.048231536210176396e-02
-2.549437764950934215e-01
-2.216549930209034125e-01
-3.456003033947082498e-02
1.461194949599003701e-01
1.384803650683866932e-02
-1.882436349317925250e-01
6.008039528686607289e-01
-1.677212770887833992e-01
2.591504334167565871e-01
5.872142140601479543e-01
1.683093128408432726e-01
-3.234383296706917488e-01
3.723895577805629853e-01
-5.134097102926410416e-01
-1.475416751848656338e-01
2.181234330990281245e-01
-4.404529013002839166e-01
1.839042356824700519e-01
4.557363268215587349e-01
3.823337167073378451e-01
-1.746535853545551353e-01
4.624578229541043140e-01
5.739773808724250026e-01
6.081975257894479681e-01
4.592511084966623969e-01
4.273027339839602923e-01
2.027751618248022081e-01
1.009709442692918180e-01
-6.833695798548844458e-01
-4.940032817866175652e-01
6.184485827491889021e-01
1.307910731509757118e-01
-2.741754121412438017e-01
4.578931405945380062e-02
-5.197802728832121577e-01
4.479834012393827947e-01
-5.203427600148241572e-01
-7.935417411052810843e-01
-9.313871959556621616e-02
-1.493877715027702446e-01
1.130086799389699997e-01
8.953980436387893108e-03
9.762051049772183658e-03
-7.963826758658135163e-02
1.636177808474539863e-01
3.466423095749411321e-01
-4.957306592224297592e-01
4.700845591731127038e-01
-1.400584598778167045e-01
-4.291947479988595937e-01
6.146740613051837610e-01
-1.456810169445921788e-01
-2.645474713929135691e-01
5.592060634031349453e-01
2.502526672457416890e-01
-9.403978623286035621e-02
-2.335142739501488984e-01
2.551589870353652145e-01
1.609116416827394147e-01
-1.889784535229295237e-01
-1.057555089312886970e-01
9.659070205526189279e-02
4.785814940627997061e-01
-5.150811159714345777e-01
-3.359534377506857572e-01
1.196752277045662616e-01
-7.088099051629226377e-01
-1.946911143834244989e-02
-4.768031783617964758e-01
1.500452827229106501e-01
-3.238850965620406613e-02
-2.212704326360012963e-01
-1.099690612988656752e-01
-4.133280337630902967e-01
3.629429269568783534e-01
1.061047364863321185e-01
-5.241659539615113328e-01
2.823307060528449514e-02
-2.984682798909943369e-01
2.739317382220641806e-01
-5.101612358600956521e-01
4.057800571963545710e-01
-1.802559601019697033e-01
8.472218275486481653e-02
-1.585789549935984755e-01
-4.502918412464606002e-01
4.204120689976323377e-01
8.501277974644365354e-02
-3.794216884387034971e-01
-1.089427535662643998e-01
-1.379334891631040505e-01
3.487224067606684019e-01
7.322270993542543405e-01
1.324446614114485089e-02
6.174011869860462909e-01
4.733440256653648204e-01
3.410348206760149825e-01
4.292029720309504248e-01
7.109707604611187337e-01
-6.694234969408181524e-01
5.908723939524187507e-01
1.593979192409697779e-02
1.244584177438796541e-01
-1.626036041433456814e-01
1.033145152304131287e-01
-4.447330063978685022e-01
-3.478132436464386190e-01
1.237916019791730354e-01
-5.904783643055944165e-01
1.687934108371452746e-01
7.586751584061458553e-01
-2.268460157246678377e-01
-3.339381821081228718e-01
7.483270528542093625e-02
-1.211481392552259811e-01
2.920311985671819599e-01
-3.860158017016007692e-01
7.972734271989712074e-01
-3.767732648203832579e-01
4.716915970375981093e-01
-3.009722749857391966e-01
-5.555398717523017948e-01
-6.034868236500922078e-01
-5.461843574091619635e-02
3.906376643722799247e-01
-7.840158774007942311e-02
-1.647180642522968474e-01
-6.430792118229871068e-01
-1.110082179128570566e-02
-3.175865157669185423e-01
-2.009618813135074511e-01
-3.396547648371203709e-01
2.088071687982303581e-01
3.163924914995107363e-02
-2.468121516701377027e-01
5.623643777077622641e-01
-5.950284180150837710e-01
3.237494374194943014e-01
8.181440691062555337e-02
2.259371196076659372e-01
-1.475200082800244283e-01
-1.493798071692567508e-01
-4.320279490935279854e-01
-6.967298737781996154e-02
-8.172233953976075493e-02
3.703277258821351392e-01
-3.451370982465392645e-01
-4.881544114526624456e-02
1.099674431095738897e-01
3.963588550727042970e-01
-4.381916300594782543e-01
4.330431636501415604e-01
-2.796709616219034134e-01
1.282956657456354455e-01
-3.142005780881615973e-01
3.697151368557796136e-01
-5.952828673367640544e-01
-1.080544657028680855e-01
4.975459581955393729e-01
-1.411967233435141023e-01
1.211033468782739819e-01
3.771054998319153251e-01
-2.582461594590549844e-02
5.498235580174973824e-01
-3.115442988286084777e-02
2.633544103315043072e-01
-2.359450993792739371e-01
-4.308588247102714264e-01
-4.293022985479952314e-01
2.903620363731626020e-01
7.026326861993803519e-02
4.960054939100316251e-01
-6.208281869272731512e-01
1.228077283909104894e-01
5.895133420897753496e-01
5.055320316531454194e-01
-1.963205059017700815e-01
4.421767664469261616e-01
-2.260599112385433540e-01
4.647651291178752087e-01
6.411929319980375075e-02
-1.938671071601086038e-01
2.758248915198413531e-01
2.933699407609813292e-01
-2.958550308352687619e-01
9.395451543854402288e-02
-3.871337275811859158e-01
6.271844774908746922e-01
4.187145615835010659e-01
-4.915985941212423077e-02
-2.082594712502978673e-01
3.614999395076897715e-01
-1.666092301411374876e-01
-7.021426458362099998e-01
3.495758600889208312e-01
1.457460580309653808e-01
5.390402831189277100e-01
1.860421874869452874e-01
1.563946275857507617e-01
2.864882364004081028e-01
2.928935914201726276e-01
4.048891185781084978e-01
4.659984872075362827e-01
1.015070964692873536e-02
1.339502564403676210e-01
-8.698309594568948144e-02
2.593408232833199212e-01
4.125748203120995217e-01
-3.026123424407365925e-01
1.406840315840632849e-01
2.308849219302050726e-01
-1.043191405280496642e-01
-4.374621854199822746e-01
1.437292175172182884e-01
1.389655120717454562e-01
2.080477687778580775e-01
1.607570837058293067e-01
3.365874195929878798e-01
4.824888858467308306e-01
-3.262354574828875142e-01
-6.855172531187739282e-02
8.127587192569106500e-02
2.374887564081658020e-01
-6.435551233448676134e-02
-2.642528006327614365e-02
-5.466297233267389810e-01
-4.526450105376339517e-01
1.678939851817889961e-01
-2.287193822098793905e-01
1.365945416963406100e-01
-1.198601539628075530e-01
5.844385484447522927e-01
2.804474212642644182e-01
-2.381618100667209637e-01
3.464911074153436132e-01
-6.671988660460052845e-02
4.680834523070564329e-02
1.555494749001701538e-01
1.878580156991272454e-01
5.902257354023814351e-01
6.007887429540403890e-01
-3.604187361298379910e-01
-7.990801533227420705e-01
-1.454036719527782018e-01
-6.711969803908368615e-01
-2.497908491097848849e-01
2.086552620526124224e-01
-3.786593628155763280e-01
2.918665299912708844e-01
-1.276565985424180094e-01
2.602136532289707205e-01
-1.659230029441402261e-03
1.040068008962795332e-02
3.762157472609995446e-01
-1.533763545193007616e-01
-9.949268199813771085e-02
-1.344951429083603434e-01
-1.391248620481757292e-01
-1.319703426035243321e-01
-3.922453748575598365e-01
3.363318205736671174e-01
-8.502567280840346575e-02
-1.946559268113406960e-01
2.985801563161312178e-01
-5.538393980900977454e-01
-3.465385293655944277e-01
5.465081541169632823e-02
4.274649221685261069e-01
2.704666635315250423e-01
-1.699037040895022554e-01
-1.667972514238880433e-01
-4.336208020791354478e-01
-3.436915974809514052e-01
8.854392162722439508e-02
-9.168436188705354761e-02
2.132040665016945724e-01
6.239967389370517648e-01
3.603034034796394613e-01
-1.104337135799796366e-01
2.291073426997374818e-01
1.927554431392057011e-01
2.949129614036368752e-01
-1.264974942202740371e-01
5.540019352464892188e-01
8.753719278350072242e-02
-2.930325203793597844e-01
-1.073735895502812704e-01
-4.195008188112658298e-01
2.709017760769755201e-01
-3.463130705947086718e-01
-8.426299335797295120e-02
4.292809770236050704e-01
3.789235175616940954e-02
-3.689858197749114055e-01
4.691500420645556835e-01
4.131830209643464480e-01
-3.341173586496778425e-01
3.437585884145915455e-02
-1.399303094500971116e-02
-3.558639962411161983e-01
-6.338174328863256379e-01
6.841820004500881458e-01
5.733554558600059692e-02
-2.811633469046200817e-01
3.053145852998447318e-01
5.185509302688602329e-01
1.008087617000896358e-01
-5.497022712742943851e-01
-5.312001042168783549e-01
6.260245338915219893e-02
-5.626548387301201493e-02
7.607798090162611881e-01
-1.982448983168904055e-01
-1.238972567638828987e-01
2.447387018064604014e-01
2.483593844591663602e-01
2.368579878989100218e-01
2.246614817707418277e-01
-1.212714042783385737e-01
6.141245936842911757e-01
1.832604884065026918e-02
2.919806215278724637e-01
4.816084557019382206e-01
-3.350257569150627002e-01
-1.703502568129674766e-01
-1.267200898696386191e-01
-9.165384481173230458e-02
-4.011516765041091281e-02
-2.523688303804065280e-01
-9.299309490647435228e-02
8.733027910009857897e-02
-1.075736554974935366e-01
-5.674604266598715085e-01
-4.954914521524377280e-01
-2.696104023103985114e-01
4.135395608495292530e-01
3.623620027070969529e-01
4.907157351457321903e-01
-3.609667575062105449e-01
1.445075213696995174e-02
2.801437547828666830e-01
1.618291013081398812e-03
5.152463976868993933e-01
3.960034797050767663e-01
4.266726319980190807e-01
4.880278211740370076e-02
1.087858715382893429e-02
5.240048695306814830e-01
-2.285252723608935943e-01
4.481969460219253909e-01
-3.926267543912689839e-01
2.665422777553029254e-01
-7.605100495232322566e-02
-1.720060304429079923e-01
-6.996730431469526668e-01
7.784735157223302560e-01
-2.157776727363222569e-01
2.836995958126687922e-01
9.161404783338253366e-03
4.917604513707428682e-01
-3.674891678480370349e-01
5.549729688217471674e-02
-2.189575567531489020e-01
-1.913249871031779681e-01
-7.630970767472284866e-01
3.843063514525905111e-01
1.668954980110432251e-01
4.375229263282296444e-01
2.430705821446120796e-01
-5.079843026173751497e-01
-1.679048489436204827e-01
-8.231160615266255309e-01
-5.036101414786238184e-01
3.819421118595843767e-01
-2.980730045348847779e-01
2.704174744640357453e-01
-2.150773638654487341e-01
-5.310298592066468037e-01
-4.422442450101450317e-01
-2.260771305659549923e-01
5.543361347044546694e-02
-1.260872502009942886e-01
3.706773979703742450e-01
-1.512842508177034417e-01
2.738009423526226449e-01
2.734506695292339695e-01
-7.847036380740288197e-02
3.309044044594656175e-01
2.361808502537371401e-01
9.188393516553285123e-02
3.102237699702445894e-01
-5.605900920716804237e-01
-2.492201649774054006e-01
5.275546110753863704e-01
-6.831603698530512858e-01
1.448985274276503032e-01
2.572632830897869094e-01
-1.952727712627239653e-01
-2.024948633096717021e-01
3.736688268588308492e-01
-3.087370804125901154e-03
3.981149469509060457e-01
-3.502278717411643205e-01
1.934492771220334972e-01
-1.856046484713379241e-01
2.612455963834395822e-01
1.992768827208352134e-01
-1.493900039869673346e-01
-4.098088225264269746e-01
2.029187471887749228e-01
1.552009781267764954e-01
1.424949144755036923e-01
-2.421760820160886174e-01
-1.126687359833776769e-01
3.942170904660632358e-01
-2.792900539024446571e-01
3.387839016139292808e-02
1.707253185673748841e-01
-2.031509255442748019e-01
3.892951621432150233e-01
4.546548386054420909e-01
-2.258220313235091703e-01
2.979030828655941654e-02
-6.315479636755596538e-01
-1.541688429076688849e-01
3.901286105809804727e-01
-1.431611070556010057e-01
2.020281093285093005e-02
-4.520161777798086256e-01
1.151067382475496614e-01
-4.421018583933585822e-01
-2.541336538622454011e-01
1.068607457497653540e-01
-2.827939130829406622e-01
-1.724339599428304504e-01
-4.492176204351089330e-02
1.896671446532533500e-01
3.041210283258912739e-01
-2.436471333483825608e-01
5.349358572975482229e-01
-2.992053151234974062e-01
-1.150367911759550971e-01
3.461351510442354229e-01
2.713481791994727943e-01
5.101696789360508077e-01
4.435105518342977171e-02
1.287414292760462320e-01
-1.741988654973893047e-01
-5.286407964528359871e-02
3.380781903084034701e-01
5.067586891415845618e-02
8.475380797386375398e-02
-6.227993053945527491e-01
1.393747793228524157e-01
2.424392944420356022e-01
1.210939812961175366e-01
4.988212494773915928e-01
6.318945635492706492e-02
3.368867770802854711e-01
-3.921528807272603445e-01
-4.658381463795014943e-01
1.870638830317865597e-01
-2.476366524387943191e-01
-4.713479725528894049e-01
7.688148093724848919e-02
-2.148878870163435928e-01
6.609325916863554307e-01
4.404327905998054460e-01
3.763555751078936362e-01
7.037041319703751796e-02
4.347153212284401436e-01
1.319535580481864256e-01
-2.435007220097415992e-01
9.164690062641035750e-02
4.332431973395927671e-01
-1.410336902233873535e-01
-1.541805680410611723e-01
-1.098532554633902675e-01
-3.493873870650761604e-01
-2.593673178134547896e-01
2.899916163309332884e-01
-1.567083005870053558e-01
-4.055474581896032632e-02
-3.951335316551584098e-01
-3.461319576593468450e-01
2.274069970964071596e-01
1.686312858284816640e-01
3.755389956647673944e-01
-3.923430073697151688e-01
-4.568431195158626501e-01
4.960277483244887597e-01
-1.273352788261245261e-01
3.453835779787486904e-01
5.039953365744109792e-01
3.416646639884777237e-01
6.128179744398035839e-02
-4.344017184526344222e-01
6.533417928716265255e-01
6.451515815303940915e-01
7.780163342874969745e-02
-2.453675966252198970e-01
9.670773757783712732e-02
7.417650800721835580e-01
-1.625593597286229541e-01
1.132371044734515053e-01
-3.662025842466477554e-01
4.180230352744078726e-01
1.475734174379820553e-02
1.991662280013556385e-01
-1.648836503910139639e-01
2.905639674195005795e-01
2.250012725837733374e-01
-1.833507853494614204e-01
-3.125749768150604124e-01
6.072355913668190386e-01
-1.819632430970729575e-01
2.999867572785224201e-01
-5.023780715895254101e-01
3.478688598742097904e-01
6.352123993046222550e-01
-1.116825230306338346e-01
-1.123450467802146885e-01
-2.765267780361744809e-01
-3.432225674857779518e-01
2.791009785304108259e-01
-3.981498272011351203e-01
5.549434499338211646e-01
9.111918795148976624e-02
-2.248684202067436355e-01
-5.635120070380080642e-02
-2.382761397977848916e-01
-3.752315436483406597e-01
-1.225039335369778049e-01
-6.158835088145080128e-02
-5.548420693336999499e-01
-2.691967413561757727e-01
5.944851524390694086e-01
-5.765132063387701233e-02
4.423012906445239478e-01
8.478472777037641614e-03
-2.346551810745394762e-01
-5.852547869753750298e-01
-5.023035808306156591e-01
3.738153511897999159e-01
2.002049127988229371e-01
-5.767274190438375081e-01
9.957304494648028248e-02
-2.347009586460814812e-01
2.002867785865353190e-01
7.670373960325819196e-01
7.506943083363112335e-01
-3.232334496032777671e-01
-2.404004026859837828e-01
-4.362523136232194371e-02
-2.475075012881501058e-01
-2.690285705843549757e-01
-8.780590282155019410e-02
-9.161182923800939570e-02
5.223704856446902134e-02
3.480575652578508650e-01
4.793633469785393286e-01
2.485302559825192381e-01
4.139853760590270215e-01
1.178650005360552810e-01
2.939555214039944464e-01
-1.527175122824255549e-01
-4.654339970445079411e-01
-1.474690608189498930e-01
-1.365924455120933467e-01
-1.447389107061120006e-02
3.253857975471290409e-01
6.861382906297832651e-01
-1.778192309993769649e-01
-4.665170238190157193e-01
4.009381612690067487e-02
1.127789156857434694e-01
-1.847134450976298248e-02
-4.307571751286844441e-01
-2.496606180506198702e-01
2.777946001173799417e-01
-3.988722007772868561e-01
2.579523443508864866e-01
1.186606087043844959e-01
-5.914363173153284192e-01
-4.226846619367595759e-01
-2.916364372007931860e-01
-5.991629108736720166e-01
4.599462969071445584e-01
3.807126503275210655e-02
-3.181408947492967987e-01
2.323028096613797833e-01
-6.070368076101664290e-01
-1.243032210856176295e-01
3.432586781739661586e-01
-1.097874307692777752e-02
-4.259219868542140075e-01
-2.094644716467723988e-01
-1.552194728375129451e-01
2.631099212677407984e-01
2.084674364047157114e-01
-7.126454032512982151e-01
-1.326502356520100484e-02
7.531432872375370957e-01
-5.102368344153215274e-01
-1.465361277595391976e-01
3.927928076940713775e-01
3.831053894007073746e-01
4.067940121235549822e-01
-9.433085665025861544e-02
7.692104459558188334e-02
-1.647489180097396477e-01
-6.884629610624114215e-02
6.302097525588414850e-01
3.725650760131891254e-02
-3.913174086427158027e-01
-4.562885852115243779e-01
2.853154694590007701e-01
-2.612971961983484026e-01
4.935160625978742832e-01
2.324964019547389460e-01
-5.449011308641780182e-01
1.088930363639170479e-01
7.917756896292897639e-02
4.827446743995293943e-01
2.484814585689388566e-01
2.904701532177567103e-01
-3.805160708813785653e-01
5.097380741487602673e-01
3.239833807681163913e-01
-1.421526752193308374e-01
2.555341682132530323e-01
3.565994085974864558e-01
5.109018239646664350e-01
-3.301007669675923989e-02
-7.973282168132275749e-02
7.125899878765511453e-01
1.329169094028499060e-02
6.048212508838765253e-03
2.035774444506057435e-01
5.871351047778379240e-01
1.583505462602175506e-01
8.238508046087035241e-01
-3.351126326476557837e-01
3.633977372150151014e-02
-3.135870878693668429e-01
4.416417078266163809e-01
-4.668168370063837114e-01
1.151698469288797710e-01
-1.199502908227410326e-02
3.733897044392248121e-01
-4.828970647729328158e-01
4.243124492409847126e-01
-1.675489342857985620e-01
-9.451769116346299404e-02
-6.708822398763225614e-02
-4.171454628421452093e-01
-1.689541534426898806e-01
2.950026092545393608e-01
4.482717649410722927e-01
-4.423712149032281160e-01
7.249567363799713782e-02
2.491276581203183405e-01
3.680239424599627829e-01
8.829597108657992119e-03
6.236287100402251177e-02
1.140668091685787533e-01
1.105468770320807148e-01
2.883577511920240588e-01
-2.665648138805178924e-01
-2.748033896688697464e-01
4.087753477047451067e-01
-2.691526689282709439e-01
-4.969475723504195308e-01
-6.744348937840172198e-02
9.579346683238909588e-02
-1.155883927863813332e-01
2.124834644226114566e-01
1.058713145386564192e-01
-5.857545726555749566e-01
-2.312367098417817957e-01
-1.067270212009357178e-01
-7.615618233720905517e-02
-1.443893732608055591e-01
-5.347128344273465173e-01
-1.806043686550458105e-01
7.710581502513642604e-01
-2.787164272612488794e-02
-8.790448484022507503e-02
-5.404021060763430917e-01
2.544851279054751725e-01
6.234483147703144823e-01
1.133706733671639988e-01
7.988330349935077179e-02
3.521025890697939698e-01
-3.898744143691083019e-01
4.980109188545096995e-03
2.173840432425556968e-02
-4.115217645462823648e-01
8.640736674020182972e-03
3.441253497934788630e-01
8.910176446925255345e-02
-5.582886736109979875e-01
-1.411454201360825764e-02
3.972882179249649370e-01
-9.127738260294000761e-02
5.702575599096791903e-01
6.459696767236436377e-02
-1.043182063261774289e-01
4.591654237894607915e-01
2.577003509336950882e-01
2.012391929293191883e-01
3.328993102592900377e-02
-6.120939291873059296e-02
-3.004690471860995693e-01
7.011224671167288758e-01
-3.836754368516838154e-01
-4.234064944751239068e-01
5.069689391921611277e-01
-7.902118193015687797e-02
3.448175033261039468e-01
-1.560372829303622033e-01
2.599092946329520926e-01
2.930873578313777372e-01
4.657641016200366607e-02
3.136818572507129588e-01
1.107065259866186757e-01
-4.646477366077890470e-02
-5.115079403295024196e-01
-2.797266856798405477e-01
-6.921622936471714116e-01
3.362158424474176455e-01
1.603531849533107734e-01
-2.832803257819525578e-01
2.453768649236608146e-01
-4.783902928596973636e-01
-2.041162635549425564e-01
-1.155422212831457990e-01
6.134432626364672014e-01
1.669251229201625386e-01
4.459044091951765987e-01
4.013899818440395117e-01
4.821840850493668701e-02
-5.316025726784777694e-01
-3.541948021705958460e-01
5.732072590164651871e-01
-4.287370839546468249e-01
-2.899958996886282947e-03
-4.132909602353119771e-01
-2.470874396248816662e-01
1.057910066353789369e-01
5.040742766352315080e-02
-5.697775852288600174e-01
-8.076735690688034985e-01
4.676181672339567164e-01
7.257852478271480112e-03
-1.737678496571499476e-01
4.519007350417336699e-01
1.658675333533250751e-01
-4.003439468378532928e-01
3.487396936520449908e-01
-3.707688944610911808e-01
-4.319178422871687295e-01
-3.699682254619913735e-01
1.441231028969246208e-01
-1.869600907667470224e-01
-1.289436204227280558e-01
-3.212033016984464640e-01
-3.756373028279511583e-01
5.322018847444486278e-01
-9.279798080006289307e-02
1.642458177370562655e-01
-2.296938916733907987e-01
-8.048466754315898586e-02
4.434448256171465430e-01
3.023252855021905106e-01
1.293566074649684927e-01
-9.938481449791414235e-02
2.552550001440933025e-01
4.561145372807947490e-02
-2.747999924808015859e-02
2.841079346400803285e-01
3.661587345075214550e-01
-2.717457140581337055e-02
-1.786811623099493485e-01
3.672258571075988631e-01
-6.198895544481834996e-01
-3.984697326796148298e-01
-1.929170395123443876e-02
2.442684983974015567e-01
3.510924178916494109e-02
1.596204552122269527e-01
-3.911975301451654785e-02
-4.347157523167066717e-01
-2.422562040598229272e-01
-3.139881774759729627e-01
-8.904704241335416326e-02
-5.666513100889093435e-01
-1.191310303424764627e-01
-7.257392238401795259e-01
-4.780416325316819703e-01
3.927673631637803031e-01
-1.873213547517245114e-01
-6.463947478446211425e-01
-8.741757580809565997e-01
4.975449439565613474e-01
-2.561953884965921802e-01
1.617850453604101624e-01
-2.508893299929538245e-01
-6.404698828271275790e-01
4.142049918643699313e-01
2.156084595582591079e-01
2.297045347112889047e-01
7.234111969369795281e-01
1.891788963173826610e-01
4.023270939527827383e-02
-3.282967235165114017e-01
-6.328385584264548669e-01
1.958782219830113025e-02
-2.097841092450524747e-01
2.132077590931829580e-01
4.441257179578620568e-02
-4.050964769541977040e-01
3.634308246469776238e-01
-3.931534839360479872e-01
5.826138870062225195e-01
-3.127429882852492127e-01
2.096583167019800964e-01
-1.210310978117598302e-01
5.665091050359377656e-01
-2.005639903872896701e-01
-4.643748390869500975e-01
2.182796076685966091e-01
-1.309399702317960712e-01
-2.457276139273588955e-01
3.083507443117855518e-01
-1.508247667943891368e-01
-1.364581892502265692e-01
-4.006931474921806569e-01
-6.313336679631730008e-02
-3.491622061005493216e-01
3.359610788846039697e-01
4.942933716340483508e-01
-6.416301773605325165e-01
-2.480914656248425498e-01
3.599746251738613068e-01
4.114072201851429744e-01
-3.442500421907583597e-02
-4.379719145611871700e-01
1.356653050407479744e-01
-1.206606136114168060e-01
4.244292613816684767e-01
-4.854547612317284405e-02
-3.392518116764201008e-01
-3.441457793558148071e-01
4.194300101317530172e-01
7.174126300997392403e-02
-6.656044879086928101e-02
-7.844028683971622506e-02
-4.299117617300060035e-01
-1.043260475744568205e-01
-4.400726258702655214e-01
-9.110301864578820852e-02
3.589882603741754163e-01
3.101651604335716184e-01
-4.919867354370771051e-01
1.093527663350402773e-01
-2.294570792151861827e-01
1.025134851583046347e-01
9.771162923894805008e-02
-1.709000373287727359e-01
-3.448888630673495048e-01
-4.521948597180798224e-01
-8.183204383264799930e-02
-2.255204622860590979e-01
-2.916297060136118224e-01
-6.692902405580528624e-01
3.957568807104409059e-01
-1.846305662480843546e-01
4.040847865114757242e-01
-1.430920716889718114e-01
1.317622172417658999e-01
-4.298227035216004577e-01
-1.887245037128260639e-01
3.895223030020725230e-01
-1.335867824680124216e-01
-5.427350987811208061e-01
-1.689099417025346495e-01
-5.927199548130615003e-01
-2.038049757456520672e-01
-1.012530489374359466e-01
5.531968068420284323e-02
-3.166713738376855658e-01
-3.563683484054267492e-01
3.972821256459751482e-01
3.034224710290239421e-02
-2.939013401438057144e-02
-1.000958000537990472e-01
-5.108724349876301307e-01
-7.267096377793644812e-01
-4.308702099401619939e-02
7.129210888260063550e-01
-1.247193502037363955e-01
5.569258722031689146e-02
2.093114258478109280e-01
1.740777662465026188e-01
8.216329652622704482e-02
3.622715143354909850e-01
-3.760774114200299278e-01
3.083958278877022563e-01
-5.676901596214780632e-01
6.224661939757563101e-01
3.724444740180909430e-01
-6.311307227551627985e-01
6.568967699156935680e-03
-3.176822986807052440e-01
2.306300729359117216e-02
5.639775881213036079e-01
-6.088853073901121654e-02
-5.941068091408173713e-01
5.473856030919195259e-01
-2.209714436006727234e-01
-4.357093869660810803e-01
1.281032771251978397e-01
-1.568730095544661751e-01
6.767544560689926492e-01
-3.660824351515644115e-01
-1.305045352287332872e-01
-3.641761157401823268e-01
-5.736748581207520292e-01
-1.050385161092056707e-01
1.858244898650552313e-01
-5.723845713271797919e-01
-7.414075567188284088e-01
5.083744841372148660e-01
2.590196459673453355e-01
3.547473692250464050e-01
-1.296319025761829835e-01
-5.079333760581443702e-01
1.460295145961417185e-01
5.904338355627199858e-02
2.901752509547849204e-02
-1.599688811116632137e-01
-3.891871239688700357e-02
1.911639121522047680e-02
3.858322078637066443e-02
-4.266016836728040440e-01
7.323644101960907760e-02
2.424772131179580570e-01
-5.798098449066487609e-02
-2.102683704931306019e-01
1.821800476569408050e-02
6.362559939674952147e-01
1.201042845749185350e-01
2.413009989994949547e-03
6.336897228760883793e-01
1.325279057925259907e-01
2.812658191742415173e-02
-1.388318911083711860e-01
4.664278042013613179e-01
-6.912433074842311287e-02
3.284182067514332948e-01
3.057815672009959185e-01
-3.262719563892068630e-01
6.674679869454161474e-02
-7.295462087772422444e-02
1.543039550986420594e-01
-1.833388433283134333e-01
-4.718442693439328095e-01
-1.389687727898587244e-01
-5.268639708232953911e-01
2.336460992467346287e-01
1.028799556322970155e-01
-4.875818378067577341e-01
1.455291235139793138e-01
5.398884735814242219e-01
3.799045274885340939e-01
-3.652904073771345295e-01
3.981727473024873065e-01
3.583374217263868844e-01
-5.551373040670501968e-01
-2.072990062017176366e-02
4.162102316434773130e-01
5.261743861701537739e-01
1.960501661473114943e-01
1.375197141572233606e-01
-1.489672677866012429e-01
-6.668443376414839863e-02
-1.692037204875230239e-01
-1.661770442277350490e-01
-2.609435647817852713e-02
3.749770211181123192e-01
-2.731364033877159425e-01
4.481290387438273681e-01
-2.382894436960324436e-01
-2.127166298774294251e-01
-3.154102972471899413e-01
7.848143162448422139e-01
5.519952887053210938e-02
1.143659995109085198e-01
8.069920033600962161e-02
-1.155819330192233013e-01
-5.580420266564838361e-01
1.810940187525140188e-01
1.022354944681415495e-01
-3.747497190303339387e-02
-4.031933378843621796e-01
-2.665614812762626129e-01
5.225031106464865793e-01
-1.254132214622491748e-01
8.106095564344510951e-01
1.899347307100068272e-01
-1.090091623225102890e-01
2.237947684746664501e-01
-3.053116159225476856e-01
-3.233797429994227368e-01
4.320251223581129674e-01
3.981437092732273419e-02
-3.389049006856552637e-01
-4.332141120120077682e-01
-7.180897983213534175e-02
3.694690893463484782e-01
-4.888345754111437791e-01
1.709927367104311369e-01
6.201919368595404380e-01
-5.741091902273750547e-01
-3.820927813690317421e-01
3.435052405343466120e-01
-1.724698828863252542e-02
-9.372528252370875002e-02
1.250073419534378505e-01
4.096138679112544256e-01
-5.547151728456212183e-01
7.384797068877407833e-02
3.927320806393568287e-01
-1.646912454206497789e-01
-4.589735555129094702e-01
-2.999591907364211885e-01
4.062247347575815848e-01
1.863894765535366593e-01
4.457890129656481015e-01
3.142433111753318853e-01
-2.397847971344015672e-01
8.893121654655079811e-02
4.473732313350612944e-01
3.244895029672582032e-01
7.084647025807055964e-01
5.081131194301865550e-01
1.657715563116196056e-01
1.775957686316829709e-01
-3.980046536975623273e-01
-1.547432720525619143e-01
2.295109095596285509e-01
8.748035403603428295e-02
-3.193046235297148927e-01
-1.952500324385350039e-01
-1.559068610963530166e-01
2.839900668751793589e-01
-6.782395298966320540e-02
4.260014840516938156e-02
2.013604115799723648e-01
2.395303989960891056e-01
-3.484520205966310513e-01
-2.232031459687010971e-02
4.714251106838365790e-01
-2.001976186181836370e-01
-1.744292577519393206e-01
-1.119171709818616300e-01
6.862534743471251364e-01
-3.563292094058443937e-01
-6.909493854562116788e-02
-6.922426361803442341e-02
-4.707947644990967406e-01
-5.459798807122260289e-01
-5.224101469635203943e-01
5.150629152709742531e-01
-4.031374271436333756e-01
2.902300744426415946e-01
2.862971216385427065e-01
1.769708156559985091e-01
5.537673408438521516e-01
-2.980296707439166748e-01
4.442324282918581613e-01
3.631163186730083231e-02
4.315910256920619803e-01
3.481702206231696017e-01
2.730404297994264984e-01
5.827797034106310115e-01
-1.385317411768540174e-01
1.025973190663771739e-01
7.171060683504194566e-01
-4.493555863283110741e-01
-3.976534342233383201e-01
5.044540979949345694e-01
-2.757989425012731810e-01
2.187731523923293064e-01
-3.425943527388466414e-01
-4.072333779689260025e-01
-3.989341449473144952e-01
-5.729891428856109803e-02
3.870110769535734657e-02
5.922799993199638902e-01
1.494579469581169273e-01
-2.848065799043784235e-02
2.749933729014230055e-01
6.005228770534896121e-01
8.745864586222351633e-01
1.833032780776104043e-01
-4.755731999479035493e-02
-9.572689621133634308e-02
-3.461448589296218792e-01
-1.340445698617516446e-01
-5.246262150100242660e-01
-2.941238243447861223e-01
-1.427241201251154279e-01
-7.385416477265424606e-02
-1.542786815190807723e-02
-7.479907772793614740e-01
6.736769759159215443e-02
-4.449947980318793017e-01
-7.282885615807824231e-03
-8.592750788689203223e-02
7.489689071200573978e-03
-6.884676172522576909e-01
-4.127239593819364005e-01
5.613519657790758677e-01
-7.123753517422163339e-01
4.634065559589501393e-01
-2.746680601517129117e-01
3.911613481161796413e-01
9.031129500165348961e-03
-2.908478985495757119e-01
4.976267822320202261e-01
-2.592839696390483728e-01
-3.535224195949670523e-01
-2.196652024569316630e-01
3.630349517631652478e-01
6.369135566115888825e-01
3.197918173123323049e-01
-4.623506521330876806e-01
6.541589754458895789e-02
1.578202312890763237e-01
1.847747738526990535e-01
2.876000150771855779e-01
1.901729946864637866e-01
-2.240083715941680320e-01
1.679391895384909628e-01
3.078243236813326678e-01
-1.037150662540194668e-01
1.854308972096977703e-01
7.033175035070922398e-02
-1.329882199543167831e-01
-6.006059619741539735e-02
2.815713114213536650e-01
2.877477482322452484e-01
5.508318947440774688e-02
-1.962407952967752667e-01
3.670765150527547926e-01
-2.269634739918846567e-01
-1.070060205193921511e-02
-7.371784561279012826e-02
-1.634903621173958987e-01
2.113709292892225755e-01
-1.616761737069276617e-01
3.933487057991040259e-01
4.636748500036682596e-01
-2.181443743375117636e-02
-3.315246635575151424e-01
1.174074092411707543e-01
4.829884848180457380e-01
-1.867010049354634049e-01
-2.822113937034245734e-01
-6.142487578490921640e-01
4.881457659719469211e-01
1.245571682287785892e-01
-2.058229300012581753e-01
6.255894605238395689e-01
-2.398104205740927974e-01
3.606271396291603204e-01
8.523746348697394670e-02
8.750533016895152560e-02
-4.793889873118838407e-01
3.049705921868838265e-01
3.107768642077970433e-01
-8.671767974875024820e-02
4.588877224200890170e-01
5.745252021107297713e-01
3.715455392980733240e-01
-4.522496081845425731e-02
-2.701557024459401157e-01
-7.520138720043872960e-01
-8.140478880702801678e-01
-4.549769958856488827e-01
1.180776691805837803e-01
-2.907904080554810644e-01
-5.827134625939429657e-01
-2.000003983736726304e-02
7.588133794452909253e-01
1.641717504766141561e-02
-3.233213690892059455e-01
5.545895548296608801e-02
-4.571463683844523285e-01
-4.764134432540580166e-02
2.544400373228108414e-01
3.564602348858900704e-01
-5.484283115759368554e-01
-2.501331844252887016e-01
3.495747822875570621e-01
4.027912386181745630e-01
6.119821607920498951e-02
-5.571226930985044845e-01
3.736345811908229342e-01
-1.439712453728544117e-01
1.165873862427346946e-01
5.335323435030129291e-01
3.784944074522376967e-02
2.163982890991418273e-01
-6.807801766179430447e-02
-3.393164223393770884e-01
6.813130856792205814e-02
1.700877568370342402e-02
6.632950128427650416e-01
2.139319228190321720e-01
-1.924154448512073456e-01
2.530534052599577866e-01
-2.857634575886578987e-01
2.519118582664086614e-01
-5.088788788220207637e-01
1.308725842608599588e-01
3.156826935039026560e-01
6.253619860019885568e-01
2.739916777618620070e-01
-2.380543389675285337e-01
-2.434229491645859833e-01
9.867212009044812326e-02
2.688613515142563304e-01
-7.656528134355168602e-02
-7.839726917580787380e-02
-1.678327227867689453e-01
4.157827202050481397e-01
-3.919594814010307071e-01
-3.755723390808575479e-03
-2.336234517857105064e-01
-1.212830174182428916e-01
1.697019194355135208e-01
5.063786846809932296e-01
1.783216107147558294e-01
3.660611609657028476e-01
5.879617596009902858e-01
4.186901134343181119e-01
5.987288557089074370e-01
5.503830001090757179e-03
-9.291527453258287272e-02
-3.623662399958373359e-01
-6.934312858617361353e-02
-7.407621862728310802e-01
-2.095651203349269409e-01
1.307909911400095826e-01
-5.790218700222560244e-02
-4.137396148433607479e-01
-8.435369847235270058e-01
-2.297236585529631447e-01
-2.292181456861671629e-01
2.745455966410144666e-01
6.275640207953051553e-01
2.099082260202482231e-01
4.533212787154328738e-01
2.509489255610272140e-01
1.462111146963153974e-01
-2.532616249532956831e-01
-1.062909250048598708e-01
-4.260144664441722906e-01
1.584689492829021440e-01
6.061091791220717118e-02
4.131989532088137240e-01
4.951522600151700981e-01
-2.303746071119311678e-01
-2.181638046631386163e-01
3.266610915028955731e-01
1.296534772518054268e-01
8.391363693140847790e-02
5.572019964900568612e-01
-4.219510778081722591e-01
2.241088364766796737e-01
-6.811677017544086610e-01
-2.715836837667878756e-01
-2.371805473224077865e-01
6.276276390114689241e-02
-4.433132482362930338e-01
2.326686050393110550e-02
-3.110167219747413947e-01
-2.058486302552624270e-01
3.554967477643299900e-01
-4.942377990567565771e-01
-3.368656967982697203e-01
1.513909469361107533e-02
-2.668714744187882792e-01
4.453630249484395454e-01
2.490113032685771777e-01
4.850416892308083705e-01
1.859054576142082915e-01
3.051856958434335798e-01
6.332180810486601197e-02
-1.231153455442318551e-01
9.556531964998385420e-02
-3.864521016118496743e-01
-8.778249359230205773e-02
-1.161757788213024084e-02
1.763151387977344164e-01
2.991674334622294595e-01
-2.403435529598738074e-01
-5.716898964057900434e-01
-9.039525371680059984e-02
1.843238655258623848e-01
4.896681727010233909e-02
2.603755107001074487e-01
-6.879992141391403360e-01
-1.580141856283052149e-01
4.389115615645792223e-01
3.297089213561407162e-01
4.318137567503702035e-01
-1.071891098643858453e-01
-5.015694015819043283e-01
-1.138259326189587917e-01
4.603254673361811267e-01
4.273178536510031655e-01
5.210204744402289201e-01
8.712335336463562785e-02
4.036354120385283739e-01
-3.714683623518846844e-01
-3.640458645166996798e-02
2.616213694683436342e-01
1.009881506500162063e-01
4.949730419820785876e-01
2.079930058283363803e-01
2.999256267992631564e-01
-3.653605130873268658e-01
-4.307799863450389455e-01
7.500334580096271186e-02
2.860219621054316264e-01
6.028680712228504657e-01
2.264148194648621659e-01
-2.314873295998772507e-01
2.678033315773296202e-02
2.574041736574538275e-01
2.232154991687171630e-01
-1.648383850644347115e-02
-2.290914862646253880e-01
-2.160376120624430130e-01
6.047004842955080312e-02
3.643971211592340609e-01
-1.831471244487384020e-01
-1.572201066999470015e-02
-1.318634050245220402e-01
8.149178195753069565e-01
-6.587667458029549117e-01
4.784306417803112499e-01
-2.554173069531150975e-01
-2.672176159468768741e-01
2.257057672742733556e-02
-3.587484863842688720e-01
3.210177763395699602e-01
-2.967982747129045418e-01
4.957297952973031482e-04
1.426559013411555221e-01
3.060133525392418896e-01
-8.457471477782960712e-01
1.479834187236976906e-01
-3.213105593857140674e-01
1.084638024663990841e-01
5.760625452989236867e-02
-1.331617833647757987e-01
7.066666642723679059e-01
-4.641490880569430072e-02
2.209223507500073513e-01
1.933714112023868503e-01
-1.132440570498784160e-01
3.353363209037997783e-01
7.099468098753884959e-01
7.615766062203777054e-02
-3.182314476932189273e-01
-2.651029790796383123e-01
5.109146495977340274e-02
6.362415927018443274e-01
3.212077801232312568e-01
-4.617267748758153711e-01
-3.714277475660575090e-01
3.866717945640698040e-01
6.419417817264055914e-01
4.820676928825121110e-02
4.720706362077882745e-01
5.237686010358784117e-01
4.970441449479666707e-01
-3.131900627503408363e-01
-2.179856939534699500e-01
1.418995438225595374e-01
-6.852877641951247156e-01
4.315108317625283574e-01
5.771805019528717384e-01
-8.447498856722495120e-01
6.213240865721079108e-03
4.857721960029688646e-02
-8.032329999047660429e-02
-6.177841719563439415e-01
4.329853140758985752e-01
-3.903788720103211207e-01
-1.386479311872004794e-01
7.321135186796390304e-01
-5.019638665808125871e-02
1.994593779186009108e-01
6.190571305087668730e-01
-4.457739926710549416e-01
-2.580963414511738829e-01
-4.959017654421888910e-01
1.239417403070714185e-01
5.104257422318828757e-02
4.623698354244910880e-02
3.272902138956284568e-01
6.564905692598207998e-02
4.517030116557586572e-01
-4.782732462506854021e-01
4.424833351981578566e-01
2.000182789031320352e-01
1.330415300482986132e-02
5.595505412530372702e-01
-4.760156580501222479e-01
-3.904740194172823253e-01
-5.183229283448257396e-01
1.877807856343703674e-02
3.653004402478240431e-01
3.722758863850297306e-01
1.470725942549181153e-01
6.197128367270260396e-02
-2.119102831190989300e-01
5.060304521384838550e-01
-4.196837871216791971e-01
-2.493731014133090951e-01
1.147780195997730734e-01
-2.021210513563685696e-01
-2.709258216964054444e-01
4.184039911977134318e-01
-1.738584292184831015e-01
2.098142393837372777e-01
5.234508657557610523e-01
4.017301157630648323e-01
4.045468073498419970e-01
1.246304710013808187e-01
-4.911199614604236374e-01
-1.132173656791715111e-01
-4.090812305166699470e-02
-3.227454837690059697e-01
1.904376213097093984e-01
-5.331808264818713866e-02
5.042145519759445582e-01
6.867733496821232242e-01
5.979827052116546415e-01
5.332035845872533653e-01
-3.395457280745049489e-01
2.077539620830544734e-02
5.821884256015117387e-01
-1.044349900901456532e-02
5.446672165476482697e-01
-4.497959883749851340e-01
2.924967370765577668e-01
4.836215875557418886e-02
2.744568523577357033e-01
1.161613100646372299e-01
-5.437981540308396422e-01
-5.573130264025299985e-01
1.537878963958662186e-02
1.353761338728655950e-01
1.527425720784470475e-01
-2.322112398271047873e-01
-4.550132448185689737e-01
-2.005865321546113633e-01
1.988562616148528972e-01
-3.079787545999395498e-03
-1.287851595293234841e-01
-5.058512622340968212e-01
3.433734891798043698e-01
7.623780387580325613e-02
6.337379034282957235e-01
1.649042175394498932e-01
-1.811911411440788600e-01
-2.206211450666545615e-01
5.230750775172706701e-01
4.172481074933308554e-01
-8.217613493775380862e-01
-1.025619729639625777e-01
1.546121527018204378e-01
4.147603941646917924e-01
4.084553166245614153e-01
5.038708754260682321e-01
4.348046301462316771e-02
-2.178735280390072804e-01
2.795183022438513937e-02
4.597316043907551109e-01
-8.011228626947222708e-02
-5.442933704495728220e-01
2.317634068845635109e-01
-6.390928312235623354e-02
-1.685764462241926345e-03
-2.511125983118464022e-01
-1.058639190350006143e-01
1.777816598820735061e-01
-6.509634343381045518e-01
-3.336832182079766396e-01
3.240313875008690725e-01
5.797341363461714359e-01
-5.127048491104568145e-02
5.668363433861106637e-01
-4.345259687999783460e-02
-9.568665113855756577e-02
-1.816871560170450206e-01
8.658688012696413860e-01
-5.698541629973277178e-01
2.031389142586028651e-01
5.134350856652605266e-01
3.164256210114117507e-01
-4.513786101936781425e-02
2.547312585904700222e-01
1.850361926788083589e-01
-7.296379918114864749e-01
1.427661197541263138e-01
-4.469176612492644640e-01
4.797734292601201767e-01
-1.089254978125549500e-01
4.263140181846097887e-01
-1.768533927005514761e-01
5.339785496887373695e-01
-6.845003010128264398e-02
-1.715285731417046933e-01
-5.685897778988240336e-01
-5.332377727327132222e-01
2.924116016389697315e-01
-5.206978000840015719e-01
4.603222716192557629e-01
3.201670198117362309e-01
6.581499701205198449e-02
-5.507191456437730004e-01
-4.092298260265955223e-01
-7.026937455241047577e-03
3.699881605539956375e-01
8.478499372239297130e-03
-3.263631577946901063e-01
-8.196552007942606299e-02
-1.091788803789680955e-02
-2.892420565057510218e-01
3.224808611137190972e-01
5.105164045010056606e-01
-5.793544614339062315e-01
1.257285919775314592e-02
-2.524827878398875347e-01
-8.797074267519759683e-02
8.930132159710554851e-02
-8.946067942924262884e-02
-5.566947218900557270e-02
4.865972221589472402e-01
-2.073768341102436852e-01
-5.908785944628589526e-01
4.929031017011080151e-01
1.819415008483632468e-01
-7.397298262724695539e-02
-2.696938903988453373e-01
6.230802651014197835e-01
1.021582168012843683e-01
-2.850607234392703582e-01
-4.615439960147662002e-01
3.477039269651663322e-01
3.183739780980764933e-01
2.226360636653761799e-02
-1.007085356580113278e-01
1.351509272893864355e-01
-3.768475704888064881e-02
1.231864101180991378e-01
4.339890940551203169e-01
2.132981863780257781e-01
-2.525817207072603710e-01
-3.396419368339398392e-01
-4.219021117259013076e-01
2.403483436388522132e-01
2.531840748407188646e-01
1.372364991892268959e-01
-3.315823390977478136e-01
-1.752322515446256834e-01
-4.245919567737791445e-01
2.347255874398203601e-01
-7.583816684907322692e-02
8.946250346517714558e-02
-3.684449638036874086e-01
-8.668165391150910448e-01
-1.279842105293386816e-02
3.053916428685738982e-01
-7.549735024290307184e-01
1.967056667643140577e-01
3.304801343517524970e-01
2.208062968058038256e-01
-3.509697942170793006e-01
3.480396368108068517e-01
-1.869296954096601182e-01
-7.456230271460884129e-01
6.335940826783853508e-02
-5.350304229555027380e-01
-6.431404341448450079e-01
-1.011993297738301711e-01
3.287232004282986467e-03
-5.645328688276926021e-01
-4.707074270272559001e-03
3.235484513276483676e-01
3.526332598358241643e-01
-5.319798616756419296e-01
1.208745761794206321e-02
-4.068071809919387993e-01
-2.939070058065900715e-01
-3.415552658522065521e-02
5.031491645095936827e-01
-4.014508877890741734e-01
