-3.481782529912251789e-01
-2.002422784014516455e-01
-1.921799762741944750e-01
-1.562858137523293611e-01
-9.059212857089299353e-03
-2.620139629313699148e-01
-8.782995578491201161e-02
2.829100288739769264e-01
-2.738400454233783088e-02
6.382682313342215030e-01
-6.682899409745387542e-01
4.501771747473309881e-01
-3.849405039536915041e-01
-2.788540193085767283e-01
-3.324222037339015223e-01
1.852221898825090196e-01
-7.528311494354308908e-02
-4.352577864076671854e-02
3.425662545168688955e-01
-2.760057650606835278e-01
1.061662822871794337e-02
-1.118027072659611154e-01
1.789039055359804564e-01
2.595977225750981804e-02
-2.801733888572522924e-01
2.309225634733663157e-01
-9.432871649348176235e-02
7.097388466529996887e-01
-1.600528118965219015e-01
4.902864575634335864e-01
-2.999922611746493883e-01
-6.716478187707539682e-01
-1.614733020937310637e-01
5.042501425981337215e-01
2.689523690666353328e-01
-7.824747586588794990e-01
6.066314921795328274e-01
-3.607027377888063491e-01
-5.285504899195497819e-01
2.626002877743274233e-01
2.043643322556800423e-01
-4.185570531065206656e-02
-2.018667555366520927e-01
4.913793271752827652e-01
-1.408895327472390602e-01
-2.909111568597056996e-01
1.659666111006925515e-01
-3.169826388858813515e-01
-4.783367378993963470e-01
6.694161912978078277e-01
-1.510164405326499815e-01
5.531376672484175083e-01
-4.715695575575759579e-01
2.824981665075602111e-01
3.334175280320842427e-01
6.679087793986173693e-01
2.470311147319563874e-02
3.183154171113841135e-01
1.966622631125855003e-01
-1.863518488267925655e-01
-6.772266764533670103e-02
-1.276956330505144843e-01
-2.328072362608593626e-02
1.059070061500228810e-01
1.320569737356601381e-01
1.986579670136409959e-01
-2.084947071758065928e-01
1.694778934005856108e-01
3.180223189236260767e-02
7.617044041107416674e-02
-1.511958614771265023e-02
-1.658348102831873339e-01
1.514235224754916561e-03
-1.084502238558651410e-01
-9.334298948479652358e-02
2.122200569600680292e-02
-2.522861127728794339e-01
-1.508002292852013704e-01
-8.989329604000881324e-02
-1.593419426239048309e-01
-4.193513183412740375e-01
-3.205945465453310939e-01
3.696701939134864889e-01
2.619000270481116055e-01
-2.570354988019006859e-01
2.796715384451561315e-01
1.751944486531172851e-01
3.470597018868649131e-01
4.184414182330227772e-01
1.281283429998578138e-01
1.056034042106611670e-01
3.071740207056704586e-01
4.235007719199734844e-01
3.048397934028177492e-01
-6.327031876154898260e-01
5.637917888115516751e-01
-3.750914716143334826e-01
4.376467665970332765e-01
-1.630232092369499758e-02
1.153549139584275907e-01
2.702278765231469482e-01
-2.488986099757044823e-01
6.623170202604609924e-02
2.577849759133269969e-01
-1.166318983018153066e-01
1.797268849322541384e-01
4.140613797875841717e-01
3.431598363748237790e-01
9.917459668137458551e-02
1.717537539981295325e-01
-7.188649383467522469e-01
-6.672158901661526254e-02
7.522039897226044658e-02
6.117771408751920825e-01
1.167176357678770260e-01
-1.146981616464821385e-01
-4.915674903343195679e-01
2.443331196102102310e-01
-5.231927801367287634e-01
8.446859289979977148e-02
2.241297883433401861e-01
-3.174299496237718010e-01
3.180717422837660013e-01
-5.775364458308503979e-01
6.364407393852916650e-01
-2.079608246988537135e-01
-3.641491587112883899e-01
8.014030242606130505e-01
1.133919581551516009e-01
-5.170114854905517865e-02
4.414589785366855867e-01
3.385142889657221654e-01
-3.006856327442269938e-01
5.237571423221041300e-01
5.647790697845605709e-03
2.475201013106492487e-01
1.235758062892409193e-01
1.021872695336852460e-01
1.847053146664220935e-01
-5.229136811410802776e-01
-9.684966457420557742e-03
-2.997051063757482647e-01
5.864353314212422674e-02
9.421289558811991871e-02
-2.447316323202634036e-01
-6.944868474529686253e-02
-2.595618775092707886e-01
-8.010511451556724671e-02
-3.501080207535123279e-01
3.595941784842973110e-01
-1.343884976822508626e-01
-4.284555665544166891e-01
-3.992073473555797225e-01
1.516924278463670228e-01
3.650347908244683248e-02
-3.111005174268681173e-01
7.333285970817396415e-02
-3.540291820849484905e-01
1.410611938119367137e-01
6.005806166156503478e-02
3.790584908117806684e-01
3.922514254940122624e-01
3.615369654258885346e-01
-4.862656399043050470e-01
-3.391696454802567429e-01
-4.790883771941747971e-01
-1.968370229408727967e-01
-2.269915143428258286e-01
-2.354175140227329210e-01
-2.918366127002068253e-02
-5.431400040977913957e-01
-6.411850697015233358e-01
5.186835675966202652e-01
-1.018426214806548158e-01
-2.238207799044147350e-01
-4.210615624922601219e-01
-1.538388966107450961e-01
2.323810800197240178e-01
-7.616486965412129218e-01
6.633890991976334472e-01
2.580607033847459597e-01
1.751544455945707734e-01
3.472813634274592998e-01
3.211531459733577565e-01
-7.596017740005706065e-02
-1.329247437695153522e-01
6.541230872150077813e-02
-3.877083307763266040e-01
3.494286685316655428e-01
6.247444252266506903e-02
2.445040102402442628e-01
-6.420916198369684691e-02
1.149175410293283295e-01
-4.140149542058859100e-01
-2.142118756727644513e-01
-3.156824668120082888e-01
-3.796152295686051614e-01
5.518050752597949415e-01
-2.215742685305622794e-01
4.465394119648624649e-01
4.207090957843586665e-01
2.115311385834901248e-01
-1.696587285912192627e-02
-4.124899557199109695e-02
2.679981544229198542e-01
-1.313295424553507784e-01
-2.087376028815496332e-01
4.377654078039169283e-01
-3.316118121417677839e-02
2.544234278170484989e-02
-1.451368893563783069e-01
-4.313687798293985298e-01
4.920999537239595933e-01
5.093645936701830523e-01
-1.923726484854679231e-01
1.672821889424931929e-01
4.714634616551534596e-01
9.455218244892053814e-02
1.154994923102520971e-01
-8.201012234064065931e-02
-2.225421912968080645e-02
1.645014693602435407e-01
4.326688779196660173e-01
4.779208680915912888e-01
1.954910674672129950e-02
-7.726024636160427894e-01
2.107339687123891969e-01
5.075019341552242658e-01
3.991534659882208791e-01
-1.795871858982742708e-01
3.326284876895919673e-01
-4.132032797462060758e-01
2.101885438373831128e-01
6.385019975807038062e-01
-2.957299723070643815e-01
-2.631534395459031450e-01
-3.998748939668998470e-01
7.357978911971710945e-01
5.517416252242969277e-01
-2.432102106305191747e-01
-1.256983169016403709e-02
2.549036935026808282e-01
-1.323019754946639925e-01
4.692606311151954479e-01
4.407220777855342386e-01
-6.337380523380015118e-01
8.521884812211551197e-02
-9.186302188513524591e-02
-1.729876710867278566e-01
2.460729733073116487e-02
-2.623290830108232496e-01
4.669087949902113455e-02
3.252879889547291015e-01
7.315942827323442810e-01
-4.662807589064139197e-02
1.628183221476002251e-01
4.894782760058342952e-03
-4.562828224463735260e-01
2.393504873052978987e-01
-6.289189790836003935e-01
3.090618888301231437e-01
6.454708268940426152e-02
-2.265961476086049420e-01
6.829068556340990581e-02
2.860090636705433370e-02
3.704562178247835513e-01
-2.845454565540336649e-03
3.068346943987573239e-01
-2.312031494533445253e-01
7.046706041647643470e-02
9.087251747596372664e-02
1.829708172869559668e-01
-3.361434752177376861e-01
-5.638987701656130724e-01
-4.209004362235202468e-01
-8.445740389264481951e-02
-9.564668951627910976e-02
-1.532199099952781807e-01
-3.904069555937416669e-01
-7.115298496411981422e-01
-4.996392941192126513e-01
1.141684360913559904e-01
4.736073303469593987e-01
8.213219818037725134e-03
-4.560422642210671951e-01
1.734205012391193401e-01
4.253926319132684264e-01
1.917677543879987567e-01
3.396236267428985878e-01
6.235972988698920139e-01
-2.455293982605520342e-01
3.826749669829996314e-01
-8.400897068200006979e-02
3.295599862715301032e-01
-7.152739087089060588e-02
1.525800412411906504e-01
-1.693379050464673130e-01
-5.346598190737261724e-01
-3.152865973170424496e-01
2.431927644460834814e-01
4.953286538924645543e-01
4.230579383141427341e-01
-1.396334415848111132e-01
2.478001574590282807e-01
3.239374259865527433e-02
2.832580282119233628e-01
4.324587118322860135e-01
-2.295709477660697745e-02
-3.289498038405508362e-01
5.087874427002839761e-01
6.227113109073090236e-01
2.851408553512376209e-01
-6.204595020960194107e-01
9.898284433758128623e-03
1.979145322980442878e-01
4.741465410812445991e-01
-3.409670214105245400e-01
-4.877697250926870121e-01
-2.896239680416498943e-02
3.380611870318405154e-01
4.805541493723994861e-01
4.280798117112153967e-01
-1.049139696333030863e-01
4.535890258832409039e-01
-1.546196673886892671e-02
1.586548691922601562e-01
-3.318041957541449927e-01
-4.447758967139487929e-01
5.350131593753230108e-01
2.494669740045414412e-03
6.838220673798515170e-01
-1.961003570360856929e-01
-6.126411749153688469e-01
3.395186788033700553e-01
-2.819430819190813509e-01
-1.442965041283479910e-01
-2.840544388145817001e-01
5.279256922157604670e-01
4.210257358801374750e-01
-8.995325420609924516e-02
-2.114651654016767024e-01
2.669486338098668865e-01
3.360209175254127989e-01
-1.903105778882130950e-01
-1.181414746900300364e-02
-5.222132545128667092e-01
6.818145771869445204e-02
6.100699790818878698e-01
1.222964367002632169e-01
2.625489519516612802e-01
-1.471743451213182452e-01
-2.875352918966876947e-01
-5.480029086127624627e-01
5.154713694952874903e-01
6.394805749961476327e-01
2.082162481158207346e-01
3.104818746091054793e-01
-6.281063579176129896e-02
-3.350389608295456512e-01
1.225105709247553826e-01
-5.411021476090425303e-02
5.846193209685279779e-01
-2.649837252313304026e-01
-3.984782532972116487e-01
7.921476654080386592e-02
-1.323388479326218226e-01
1.723469199355376902e-01
6.192722416654174167e-02
5.028641919504350105e-02
-1.464944984508882719e-01
-3.500298243139127741e-01
5.467137879767296205e-02
2.715115241681070879e-02
4.394202317929756241e-01
2.023455703062265465e-01
8.713091946416663680e-02
-8.850674006978842545e-02
1.158842131399589470e-01
-1.898930515731886426e-01
3.797530859196728004e-02
-1.544767652788066048e-01
9.662577060758195668e-02
6.703883563926639200e-01
-1.717549836781511741e-01
1.642208067737226940e-01
-1.804958766515655511e-01
7.838075083771963228e-03
-2.653211984594897599e-01
1.661310824308355749e-01
2.853088793204918705e-01
8.014631649772598065e-03
-7.824255092867342387e-02
-3.266333243989952839e-01
5.260959133953999611e-01
5.766060578907266504e-02
-1.863745561506597037e-01
5.686391509753386808e-01
-3.650279531688794266e-01
-1.164775762142882809e-01
3.093847940176452926e-01
-3.095765910371367502e-01
-1.576906779996365693e-01
-5.498104278260917965e-01
-6.096809611070048707e-01
-6.639761704919600049e-01
-3.994570980185420117e-01
2.385950659595569012e-01
-2.025740154937692994e-01
-7.041973003813878015e-03
5.510332116518663614e-01
-7.944326963114931028e-02
-2.286087762030593329e-01
-1.039620335554818781e-01
2.470442277630767458e-02
4.936125556948172122e-01
4.608368475904852102e-01
2.800887167004104117e-01
9.930364251009479726e-02
-2.704019512518752166e-01
-1.310547055433725627e-01
-2.249616507055164083e-01
-1.416468267016552686e-02
1.331404111889545119e-02
2.213595385814690619e-01
2.526788586364764888e-01
-2.602394578378135481e-01
2.766772841742167199e-01
3.487183035946539444e-01
6.812644784121604097e-03
-3.645969946054755662e-02
5.990166489036067299e-01
-2.720978661621028527e-01
3.388709960708397029e-01
3.218505620156678626e-01
1.571235761982864576e-01
-2.949261857325301550e-01
-1.214134110444527737e-01
-5.308606890420018987e-01
-1.606644896896221031e-01
-2.934967785961505315e-01
-1.131509778158325263e-01
-1.802829387393114491e-01
5.565575651104688604e-02
-4.411117126251254961e-01
-2.114374763845506267e-01
-2.307999153325597241e-01
6.198527336167708457e-01
1.690325797758644444e-01
-2.099110930045056667e-01
-1.300350140369350149e-01
-4.329287950584427280e-01
-1.441124270426549780e-01
-5.465792385092620442e-01
-2.957790582537402901e-01
-3.094499374054460183e-01
1.941328267499344840e-01
-2.571824420468778877e-02
2.733771939491699277e-01
-3.679522119929585777e-01
2.084814649473447079e-01
1.847233837892722497e-01
-8.718163420093973104e-02
4.120537835913808955e-01
-1.722272523093174024e-01
1.212248582040117151e-01
-2.786931951200958268e-01
1.620858242325036447e-01
1.137651748261361145e-01
-5.513234799184592305e-03
-3.210583083620072858e-02
-3.007935813492355615e-01
2.410366691108245182e-02
5.726775757418642483e-03
-1.370159599808450923e-01
-3.092191777633612193e-01
2.678628596992774780e-01
3.095214690415668546e-01
1.292028502719091421e-01
2.730746578684710157e-01
-3.189722443628674742e-01
2.910430126890950486e-01
-4.259129472585222731e-02
-4.712899299731892477e-01
5.122214356311294292e-01
3.157449028494581644e-01
2.782489744868631987e-01
-9.517086425359420898e-02
3.678094623384192130e-01
-1.935595551667554370e-01
-2.185639265371084328e-01
2.917454396940149727e-02
3.867930941513991194e-01
-1.347765968816914683e-01
6.966846219234576476e-02
4.327278492532551923e-02
-1.988886198241250347e-01
1.720190038362716667e-01
3.804116925496220381e-01
-7.113152792859204210e-01
3.713451829661119086e-01
4.335568626086235000e-02
3.072246425453786095e-02
-6.547916726348200489e-02
-1.948292407103047186e-01
-3.127581251236237758e-01
-6.037198632552313871e-02
3.511062375024637805e-01
-2.809285324223817493e-01
4.323015984139250145e-02
3.778643134470773823e-01
-2.624125194388706728e-01
5.700702514679587551e-01
3.848310594867277445e-01
2.303176735972911060e-01
2.664994778901650374e-01
4.607854389500862791e-01
1.946223460877309908e-01
4.326624026775249821e-01
1.269728551576740361e-01
5.377345226404969258e-01
-5.398857248050578095e-01
4.176310532038187695e-01
-2.327288048991412728e-01
-1.454850343060569429e-01
-1.091421586868970839e-01
-7.817111884877331329e-02
2.014072590036441734e-01
-6.808886474576514303e-02
-2.751956803797578344e-01
3.693316019574890419e-01
-3.550634630618239029e-01
5.044529413978090515e-01
-2.149775074980255773e-01
6.507997307593466063e-02
-5.298387260875142557e-02
-2.980382964452161776e-01
-1.340968698997294928e-01
-4.373652659832171219e-01
5.529631228262763543e-01
-1.429522830772400610e-01
-5.846976355429489569e-02
1.132856381761771225e-01
-6.407398781527574583e-01
5.106984901687682266e-01
-7.619291163453673077e-02
4.834186534275349001e-02
-5.806155986397670138e-02
5.857203868823770421e-01
2.733211815063558703e-01
-1.280509737569869577e-01
-3.463078103517539530e-01
2.760338613866140933e-02
-6.948478998628004888e-02
-6.467942994374047405e-01
-2.113448177265939143e-01
1.923138646209334168e-01
-2.067483658464554785e-01
3.909566876104418331e-01
-4.224412035475345883e-02
-1.551847482287146418e-01
5.228057419023566244e-01
2.885550679753540182e-01
-6.251492284002733157e-01
-1.497345520821126152e-01
-6.885313296852360945e-03
-1.584357301518811711e-01
4.200273191746661805e-01
-4.339171043233332886e-02
-2.770208554514782540e-01
-2.789193312581929041e-01
2.167502198764320043e-01
-5.768934406291363892e-01
3.031097352932671796e-01
-4.402802562784410290e-01
1.315237004778838648e-01
-2.433366595646446751e-02
5.809072343399416249e-01
-2.468221951761241373e-01
5.441724811667624229e-01
1.042539261959489899e-01
-1.992648172254193328e-01
-1.691427060250230985e-01
-3.942843102489303475e-01
3.509173027101060716e-01
4.417022282997118410e-01
2.381482869910577227e-01
-2.153365515273989172e-01
1.893238944939860668e-01
5.084385360799829889e-02
-1.032631821489974483e-01
3.467312417023072912e-01
3.665392117364292286e-03
-2.421065373463505629e-02
-3.090669902673569558e-01
6.265490826317103579e-02
3.850337695410966932e-01
5.817614011922662698e-01
-9.814188426789681452e-02
-3.166160208250410335e-01
-3.425270034067577907e-01
4.963780108539590508e-01
-3.333053597142223712e-01
-2.108265807162036376e-01
5.006416133937021673e-01
-1.462017452108294591e-01
7.259946220820910623e-02
4.507384924669265436e-01
-3.962476567538240624e-01
-4.193633151599178710e-01
-2.662890065835125109e-01
4.954203546908146349e-01
-1.311962818861800162e-01
6.058393578273832403e-02
-2.472620277619770879e-01
1.697271375606007882e-01
-2.105265856925594425e-01
2.162691623767858673e-01
2.574595592723524229e-01
1.413377116074434475e-02
-2.837508258872845079e-01
3.634261316383772811e-01
-6.316813563205361803e-02
-6.882771985173619100e-02
2.963032570042397063e-01
2.173790175483982512e-01
7.422983575037055137e-02
-9.243397393151092656e-02
8.199091561731682021e-02
1.032324421517334390e-01
-1.880246082858185730e-01
1.347621500041261688e-01
-3.621242083298611414e-01
-1.236387893091629719e-01
5.749881658191353662e-01
2.001423322326563448e-01
-2.303634466921477830e-01
-1.678556277902775173e-01
-1.003010364055867132e-01
9.854644616323862683e-02
-3.027474243388459940e-01
5.134581948934806572e-01
5.694273668503505581e-01
-8.439430067664778490e-02
-3.435028773070932795e-01
1.878672230341399060e-02
-3.691745364869698509e-01
-5.384858701133558856e-02
-6.041614678938707073e-01
7.240860352788328069e-02
-1.483062066195943718e-01
2.541670525092724064e-01
-1.758894760861295647e-01
-3.761681802550472797e-01
-1.646911132936941247e-01
-2.428853640634136557e-01
-5.847013429748735280e-01
-6.203872580092613387e-02
-1.155370513461063953e-01
-1.305315930632124366e-01
-2.739652474497882295e-01
2.496493332017472588e-01
-3.115457789168346592e-01
1.563333123572372418e-01
8.163345106904594528e-02
5.467896960982015359e-02
7.181898791604129917e-02
-1.378121433553068653e-01
-3.602974781281774175e-01
-1.897506566067859168e-01
-5.512222788313192456e-02
1.181366638763236554e-01
-5.623708314130525521e-01
-6.351713902681360713e-01
1.359493562237503173e-01
-8.084216948927828161e-01
-3.105715506696585804e-01
6.390678885942630005e-02
1.400420073489796191e-01
1.145364508066076398e-01
6.051719037203057150e-03
-1.517212134987911409e-01
-4.599497246361958780e-01
5.834391903082414288e-01
3.731941147411199644e-01
-5.984838362931513972e-03
3.360395906831969981e-01
-7.442074285021388347e-02
-2.886762566528121646e-02
-1.339044627264882048e-01
2.181350071953295222e-01
-2.143525558185475077e-01
2.820766922662021337e-01
-2.216153633780617027e-01
-1.243023081102405253e-01
2.076483904733226193e-01
-3.040527576026381615e-02
2.146244534192094378e-01
1.244484553934846333e-01
-5.846947127578233649e-01
-1.535126325350752163e-01
1.892382526594088565e-01
-1.332670951426511152e-01
2.695240818633737323e-01
-2.611569938279353562e-02
1.136120540514014982e-01
-5.576709737508803721e-01
-6.285350358521010761e-02
-2.234024866433295675e-01
-1.762168820641004385e-01
-8.614925030254824700e-02
5.485061321078623653e-01
1.349651598091199112e-01
6.502816664857970219e-02
-7.582311120958323825e-02
1.440911011325963359e-02
3.419050074470459388e-01
-1.661288003536328696e-03
5.798786663609138969e-01
-3.540248100005214948e-01
2.230670937464353243e-03
-2.443919703437964219e-01
5.180276586475996980e-01
5.121275379959202567e-01
-8.400617838085296107e-02
-9.913406529182261506e-02
3.945550446345685858e-01
-1.205541888391579580e-01
-3.394524652981082968e-01
1.586134352134459802e-01
1.164451917357971211e-01
1.263888155972488492e-01
-3.401663972825732518e-01
2.596409589431488696e-01
5.381966319161998746e-02
-4.454704873566939227e-01
-1.514618870124420091e-01
6.911751473076328534e-01
-2.137493653339787580e-01
-1.299491392370623055e-01
3.689606711647615001e-01
-4.353022217466888388e-02
-4.754234823177203029e-02
2.114954913182615637e-01
-2.573435615563625101e-01
-1.419007711847608544e-01
1.462067268443610624e-01
2.707883374235418028e-01
-3.935146803287999928e-01
5.013404175880832314e-01
1.362123981880070389e-01
4.199357060755024018e-01
5.017663714289957166e-01
1.717747718734400353e-01
3.825628718519875626e-01
-3.348417800234109176e-01
5.123874420719302936e-02
4.471642458827496114e-01
-5.316311174141506724e-02
-3.455711922645445799e-01
-8.370334774794351007e-02
9.987844366200876456e-02
-3.062528715796872247e-02
1.106660560362067308e-01
1.029874266063190852e-01
1.868570026338512435e-01
-4.164930110038676525e-01
-2.668570476281992634e-02
7.626966981160951398e-02
-8.381790044440573517e-02
-2.327652471895283182e-01
3.091574763777411028e-01
2.414059594459423141e-01
-1.483403809833100384e-01
8.294519564737318218e-01
-4.128025054347119749e-01
9.099229919491855223e-02
-4.145411122222515399e-01
1.500203316213450655e-01
-4.067702342648699676e-01
-8.471058934158004483e-02
-1.687031246948219598e-01
3.140760333105951062e-04
-3.795290071672530186e-01
1.787127737435503239e-01
-3.739369593466856934e-01
2.095704336719239266e-02
5.434415138880810403e-01
-3.660965978733131676e-01
1.497369860206867742e-01
-2.004876829946009853e-01
4.975493020052061954e-01
7.507951930786770089e-02
4.852879766877288836e-01
-4.836003263733682500e-01
7.176151190145554359e-01
2.532855542564189238e-02
-1.957001835592855898e-01
1.779959593246698280e-01
-1.983852343517578110e-01
-6.856162818376742019e-01
-4.531533584806279880e-01
4.098537767639348628e-02
-6.431252856619862346e-01
1.420145636762550345e-01
-1.828236008368489263e-01
1.565554093819251091e-01
1.086930666095431985e-01
3.536561071883560503e-01
-1.645634558085882770e-01
3.122024300395381258e-01
4.242206313833128684e-02
-1.060500944204472717e-01
2.777969609369408399e-01
-2.257387859327824875e-01
6.713391201855373538e-03
9.708846677208443632e-02
1.904247598100570760e-01
1.017660857783360493e-03
-4.464484592833720122e-01
1.971770360647102649e-01
-1.068074266405382722e-01
2.251119755335520833e-01
-3.422492241455348250e-01
-1.025205813817719608e-01
7.065036735130073020e-02
3.851846853205090904e-01
-2.154649467646916061e-01
1.666238397213843092e-01
-3.177679814470940611e-01
1.104079889333639125e-01
1.093957725269142089e-01
3.152986937235841003e-01
-2.756820294619731770e-01
-5.727969718549621447e-01
2.802174881381003790e-01
5.301544062518106504e-01
2.008949100329025794e-01
-4.902216670313941371e-01
3.665613450364570980e-01
1.041429612559804929e-01
5.382879583839760285e-01
3.354719792605670436e-01
-1.142169587178331475e-01
2.641693186744843436e-01
-4.386648835500658872e-01
4.723541747417568937e-01
3.039587542298998191e-01
-2.192640819059966661e-01
5.210664046027276841e-01
8.641082115968186372e-02
9.205233012799873826e-02
-6.233270259046319595e-01
-1.789226303735905535e-02
2.450579275492799081e-01
7.301009186134191364e-02
1.789195717043890466e-01
-3.632683186505712702e-02
3.500019166297671513e-01
-3.250182475174814289e-01
-2.650152189444037187e-01
5.031400841283820841e-02
2.915570701894259487e-01
2.562354525071078304e-01
5.130280846597697897e-01
-9.080700483433080950e-02
4.800425051582719593e-01
-2.355906100616356746e-01
-8.456598882041826970e-02
-2.233836960115525017e-01
3.131615268117746154e-01
4.731465251130355654e-01
1.730424930185069377e-01
-2.655944175380489138e-03
-7.339329493194834270e-03
-2.747812920018217753e-01
-5.523994284334718952e-01
-1.370661607823185461e-02
2.161576909563815985e-01
4.423442945054874009e-01
3.475355240434587767e-01
1.183774972176997731e-01
1.842066520137260466e-01
2.299372346761362207e-01
-3.983786691398584767e-01
2.861517630363555678e-04
2.019366269062118358e-01
-2.930678379251427934e-01
2.776503360995360437e-01
1.275625362470250157e-01
5.438224707131356084e-01
4.598673245353344097e-01
6.355305567192200966e-01
-4.004254440289727046e-02
-4.534340452049352710e-02
2.573717573035663730e-01
3.023961373574687861e-01
1.596081221822079899e-01
-5.637461476097641588e-01
-3.220290965148706608e-01
-1.958144274324870315e-01
1.356379093087316939e-02
-6.195013625427584492e-01
3.151346443757656046e-01
7.326121871260278529e-02
8.624653916606855875e-02
4.789954779358052139e-02
-1.652655614131418038e-01
-1.795629610111359742e-01
-2.842697219746397747e-02
6.705924097880487933e-01
2.431478428259231661e-01
-2.790071670799695869e-01
6.053234320474071284e-02
5.792630612161202563e-01
2.747240280784256639e-01
-3.652645823592796104e-01
-8.097331445925258497e-02
-4.093235439078966864e-02
-2.007475370269395654e-01
1.178865734597654147e-01
-5.002395504875126186e-02
3.340933703702908542e-01
1.900474935475216509e-01
-1.468347671164871304e-01
-2.014601168586949154e-01
-2.600566057190577957e-02
-3.751380222405097109e-02
-6.691352649194339808e-01
1.664795004276819201e-01
-1.039784582976970295e-01
-3.410900897200025428e-01
-3.189898838620654486e-01
-1.330113339434137454e-01
5.443380261113024421e-01
2.477999754184033732e-01
-2.137273653991557665e-01
-2.206366330589605851e-01
-1.599778424990354331e-01
-1.402977278687534135e-01
-1.175178430516796713e-01
9.999483848036411215e-02
-6.530509556254877890e-02
4.367200860913634554e-03
3.194912415140006567e-01
6.874153987281594880e-02
1.933661762319753563e-02
-5.207352391913144807e-01
-2.015455861769369361e-01
2.895189359150149300e-01
-1.393520331265363510e-01
1.549813824224978709e-01
1.238944782993964787e-02
-2.609439619485462991e-01
1.193739945212700659e-01
4.179897660349132238e-01
-3.976056002164178316e-01
3.487420137404336207e-01
-1.260402425956985185e-02
1.229054395545011724e-01
-8.012933850031472849e-02
-4.181254816533503393e-01
-3.036097448903505303e-01
-1.433707810729025443e-02
-9.139939112893546991e-02
-1.609260860457525921e-01
1.792274669663853071e-01
1.567098142821152784e-01
1.437745941697697316e-01
3.021204556151767529e-01
-4.153189023154252313e-01
-7.650077232338999000e-02
1.692156723643854499e-01
2.354071796143168971e-01
4.666399076777679733e-01
1.259322119098466308e-01
5.135164497902838798e-01
-1.889342073948193854e-02
2.684484868798462376e-01
-6.023809558472050796e-01
-7.828106768183379360e-02
1.282352884238185664e-01
-3.763642940646505508e-02
-9.437642421272844639e-02
1.243241836955832624e-01
5.700059253675989618e-02
4.901438475395722416e-01
-1.557340607787616737e-01
-2.205656351769106627e-01
-2.250296272755662741e-01
1.914503328709043217e-01
1.525264820059214210e-01
2.812464746069254784e-01
-9.787560795078356635e-02
-7.768210713248881183e-02
-3.928888746581625235e-01
-1.110577026370474230e-01
-1.742454196149189061e-01
-4.901884907161077609e-01
2.236503478955122193e-01
1.905327328414359311e-01
3.904119707681266011e-02
-3.250502566546785155e-01
-4.180984313236398853e-01
1.300911135475923130e-01
-4.459743978880008342e-02
3.726041643987396818e-02
-7.641267387222336338e-02
-2.538150940862733962e-01
4.413466266033756469e-01
6.640848982871976926e-03
3.095731021362752022e-01
4.626459273753109058e-01
-4.360237990090883864e-01
2.872406925878727701e-01
-6.838430447421750547e-02
9.627022354944987648e-02
8.316232653513125350e-02
-1.960520688701423708e-01
-2.412644170988565429e-01
5.137110018340022149e-02
4.109832697264022006e-01
-2.232757805383670524e-01
2.138363863614196198e-02
8.712685126015551340e-02
2.701093682476496394e-02
-1.411469266646310783e-01
-8.678770202439646531e-02
-3.483833115810650582e-01
3.628713165025344023e-01
-1.466745011768763041e-01
1.296893161996868216e-01
-5.619698099990926288e-01
1.184755270660583087e-01
1.626437224505610790e-01
-5.397797076213996237e-03
-1.046903949823644597e-01
-6.236024305510993182e-01
5.718045574415238086e-01
3.522797591410585794e-01
-3.749979535363386768e-02
-3.984647926502870030e-01
-1.289729213880445313e-01
4.588015991875877830e-01
-3.226798189943657635e-01
-7.157738606773025314e-01
6.721325911857285451e-01
2.456899038391241186e-01
-4.335992982790563555e-01
-7.678965069204513050e-02
-2.467677930179761753e-02
-1.357825225839916494e-01
5.527343221944200913e-01
-1.954056725149523888e-01
-6.086193552161044407e-01
-5.892881061161641121e-01
4.589214064377694635e-01
8.619287482875946649e-02
5.153319078386428553e-02
-9.196601431334003318e-02
7.171689569163193501e-02
-6.819247582371221750e-01
2.081939429089710580e-01
-4.216389916865351944e-02
-2.903738561618423586e-01
2.159100976644754422e-01
-4.668277380749190630e-01
2.177957956497234282e-01
-5.436591560409209656e-01
-2.215270871051213952e-01
-5.559335245584810098e-02
1.059217446726222651e-02
4.718783849170998801e-01
-7.044286124033941054e-02
1.643860916785742643e-01
-4.249473947793745987e-01
-5.253129841173683756e-01
1.464462595165325620e-01
-4.856891823855477575e-01
-4.307781783894193417e-01
-1.536487961254476287e-01
-1.693433370692870032e-01
8.665375494099433751e-02
1.827478311673423339e-01
-2.123362490930483515e-01
1.326816732702012502e-01
1.074173542089619515e-02
1.227878322023488455e-01
-3.404070472886968624e-01
3.663025481711551512e-01
3.269187750954656302e-01
-2.063071231187167398e-01
-8.135042804826693175e-01
4.237036280131153410e-01
-3.208740793478797038e-01
3.257195362033311198e-02
-1.109216886390654300e-01
7.329768955919477302e-02
-2.334767896604637849e-02
-2.945612055892070646e-01
2.944779562961301056e-01
-1.165209042445859988e-01
4.445245296437100313e-01
-2.769435185049546888e-01
1.625892890928765100e-01
-9.879630348349111024e-02
-8.010252722318049468e-02
3.331353975627557862e-01
-4.072786143752271104e-01
-4.585248305852588913e-01
-2.952036796713710665e-01
-3.162229411363668419e-01
-6.804019937636754389e-02
2.171099327488895392e-01
5.037811105045647553e-01
-7.917129465021788270e-01
1.445562211991222555e-02
-5.218647120016860486e-01
-3.168230411396081303e-01
-2.296483451051465341e-01
4.199896640078028542e-01
2.172278711062516909e-02
-5.058257833768313727e-01
-2.189011383820937129e-01
-4.778319170513627423e-01
2.080765172946642538e-01
1.023169607197063347e-01
-7.233792224520615988e-02
-5.119055487970280982e-01
-4.003337831942782032e-01
4.182033852739182045e-01
-5.747658082912436850e-01
-3.371095223092235860e-01
2.561652408088208599e-01
1.980366216350202269e-01
-1.269077007615939390e-01
-4.026337239018076830e-01
-7.659815539775934046e-02
4.473570404777966747e-01
1.951827435943909728e-01
7.469377180511276026e-02
3.202305584954263096e-01
-3.075230526129144396e-02
3.408700219793633357e-01
-5.301468436987337718e-01
-6.436992210882062915e-02
-2.677242852602007561e-01
-1.000526303840957865e-01
4.592673549588835447e-01
6.445433935254867019e-02
-4.936570778040114821e-02
2.735201737094516972e-01
-2.327898886246339838e-01
-1.057633581652101529e-01
7.350481622612389798e-02
7.749335852742214037e-01
-6.070097005870616069e-01
9.787340445859225857e-02
-2.987349989893529068e-01
4.972998791188771306e-01
-1.177841787806218621e-01
-5.263935947549418237e-02
-3.689799764183944730e-01
2.865794952927998018e-01
-1.082939929581968330e-01
-1.960222669686972341e-01
-2.313894275736932959e-02
-9.544967018773515416e-03
-1.014802495754694445e-01
-4.476778381447805710e-01
-2.766497157662795026e-01
-2.511142431870659331e-01
-7.355521471734208228e-02
-1.551264728638276358e-01
2.081686929110150019e-01
2.523017736274834610e-01
3.324250597675708629e-01
-2.877387049056986390e-01
6.396917915653906224e-03
-1.840054135094136845e-01
-2.616738372016406688e-01
-7.479915564658951022e-02
1.568855108687694511e-01
-1.348490298584183456e-01
-7.250886768513672975e-02
-8.236526756770254365e-02
1.476407014175651899e-01
-1.667310731902029997e-01
2.369264906794790182e-01
-2.257953947530286221e-01
1.641907579960215635e-01
-2.841438397958796491e-01
-8.075445250714582968e-02
1.050912124934347686e-01
5.810562575452946632e-01
-1.347484571671396236e-01
-4.071402391067250881e-01
6.538882830244549527e-02
-2.282751283469714940e-02
3.978841440426658105e-01
-7.140890693105550469e-01
-2.166605390309272461e-01
2.624656224673747040e-01
3.018134524907882810e-01
-3.478862774470736219e-01
-1.428920316925260114e-01
2.290486359149483953e-01
-2.786281186981335312e-01
2.957905577143740694e-01
-3.386462123332292240e-01
-5.664311510856383514e-01
2.528653655193105476e-01
-7.954078594027284843e-02
-1.556805020877628232e-01
-2.529493278008670964e-01
-3.782135480352203372e-01
1.170046339014631231e-01
-3.947716687036114669e-01
-8.485500763587864315e-01
2.041603116186397893e-01
3.817388445205715519e-01
5.206670487261900737e-01
-2.420265819845354993e-01
-5.063370218556270119e-01
6.239997436064496916e-02
1.806930988368988730e-02
-7.405715914207662565e-02
4.063500386291793443e-01
-3.187102943752904149e-01
-1.477155061898601796e-01
-4.959032519785681048e-01
1.056743747488720075e-01
-1.806714806320793842e-01
4.017158901088667688e-01
-3.864870206652975537e-01
-2.690953938040477889e-01
8.564998452453178590e-01
2.814786336794068700e-02
4.587748953303190103e-01
6.811066445210507692e-02
-3.336795474732744959e-01
-1.011410001249803403e-01
-9.849693303257550658e-03
4.997400639820974433e-02
1.654459101906120555e-01
-3.055872370508170288e-01
2.458764616702593664e-01
-5.811766322073141922e-01
-2.706357569853282685e-01
3.784581811348748936e-01
5.968110386657114047e-02
1.095607486300418931e-01
5.734953813993537430e-01
5.269415608291136977e-01
1.071275727088655816e-01
-4.038590570135744962e-01
-5.650404827390655485e-03
-2.970049086491135214e-03
3.694316419099441529e-01
-4.206342958125347531e-01
-5.038163353608067323e-03
-2.850776864921916176e-01
-7.989043965885198606e-01
1.493025874786159668e-01
-3.282115113632834147e-01
-3.925836675558124211e-01
2.111327817240688312e-02
-4.109260807247337444e-01
3.719280165666591365e-01
2.462955454889318163e-01
2.838705950528562783e-01
1.047221936871219061e-01
5.547282244910061166e-01
1.246316654210699315e-01
-2.896588971848065158e-02
-3.584501274306304830e-01
-4.119517171532166566e-01
1.137787297171584389e-01
-4.414021535819809827e-01
-2.965610114128532371e-01
2.191339045018200204e-01
-3.382646616823072327e-01
2.506494889876662024e-01
1.894031687581983481e-01
-1.373986908363943049e-01
5.596459278332983206e-02
-3.723088736866670967e-01
3.562510404233253380e-01
2.692586465854350797e-01
-2.495230068996539263e-01
-1.358877436884300682e-01
2.971389318487800413e-01
-5.834030344463450035e-01
-4.474322088747680060e-02
8.644639758219462011e-02
-2.029814242248969280e-01
-7.563448369056387233e-02
2.474295314420678071e-01
3.451304501624123666e-02
1.430248068899434705e-02
4.430729524363000160e-01
-5.176595730828211783e-01
-2.722719529337055272e-02
2.449825958396475156e-01
5.955715591619590299e-01
1.471990464592973225e-01
-4.005166264587871616e-01
7.086579274136723949e-01
4.509798416422503009e-02
1.705246314776238115e-01
7.841626238255285930e-01
4.428947709990531112e-01
-3.070614989661392125e-01
2.345428076569697554e-02
1.067834971660104604e-01
3.726993177200647600e-01
5.485936748304518634e-02
5.573599904476386202e-01
-1.009385706939065486e-01
-2.550047840479118255e-01
-3.430319174792311188e-01
7.178307273552684935e-03
-7.049574481258316649e-02
2.450949102210172592e-01
-6.428844448896173791e-01
6.001069204269912083e-01
-2.121127424212551904e-01
3.389556253492585491e-01
3.993318824341334644e-02
-1.042003247433153090e-01
1.734108198082146834e-01
-1.387553746314795604e-02
-1.296737539302106057e-01
1.129209186594325454e-01
-1.636041222293040942e-01
5.343277800617220186e-02
1.659523534545814527e-01
-3.475754930313373348e-01
3.882150700787611042e-01
1.074191097400175546e-03
3.356648554973979959e-01
-3.302246763839000177e-01
-1.985020522194612391e-02
-7.907897655680486970e-01
3.469062874875156743e-01
6.337337004553973419e-01
-2.570817324201819520e-01
-6.625611561091786506e-01
-2.468440056928322135e-01
5.181487961188811775e-02
-3.503771647686027557e-01
2.523490078767799405e-01
7.994040673213177739e-02
5.106096547430030164e-01
1.244084401096193226e-01
-1.989523547416453542e-01
4.725093627050380718e-01
4.236469357809618530e-01
-1.759001828034476578e-01
2.930989831130528800e-01
3.223231931234754044e-01
4.089847843376064329e-01
4.336414814289979436e-01
2.353587581439089971e-01
2.038564245208235037e-01
7.770939679899878383e-02
-2.824161724708454946e-01
-1.208277083625387271e-01
-3.650253723854650356e-02
-3.552742040962360570e-01
3.348921959422908601e-01
8.937878216362200867e-02
-5.078725985212909771e-02
-6.171534478748322977e-02
5.109185966860367856e-01
-1.945830774226895432e-01
1.948202638790370034e-01
-3.823955211610431393e-01
-1.025172299515049734e-01
4.248185590118777055e-01
7.215356871178980613e-01
2.444792614263806285e-01
-1.201199806551613569e-01
1.760955943456989359e-01
4.209555027055601473e-01
3.522601289756114307e-01
-3.202080558811165045e-01
-5.498251512909357874e-01
2.198321749075906051e-01
1.074385631984989820e-01
-5.211474563568962992e-01
1.565860776121686393e-01
-4.556962990709130523e-02
5.112664769642366602e-02
-1.469999741228570495e-02
1.748453531272113615e-01
7.212865127164815870e-01
-4.260629695497439307e-02
3.382414292222305496e-01
1.328193119626314700e-01
-3.877861109259282957e-01
2.984943157752913967e-01
-2.537412084934088652e-01
-1.080475502964543394e-01
-1.243162053349467222e-01
1.119192398577660286e-01
-1.733034669008259865e-01
2.534961005497580744e-01
1.027404088873058209e-02
4.253691187652007544e-02
-8.589896613146144611e-02
1.528396758758300278e-01
2.312290767159999039e-01
1.061149288836487486e-02
4.934958705027746584e-01
3.735090855904829588e-02
-5.502396688600584562e-02
-7.195892984894043387e-01
2.661311333126295531e-01
-5.983095846967220049e-02
-1.779799586904606823e-01
-3.008935522436220200e-01
2.542254951462172285e-02
3.708347265158618011e-01
9.895800059068630972e-02
-3.307837877066462928e-01
-3.950859778302350800e-01
-4.042420599371966405e-01
-1.609882845631483150e-01
3.525821607171835681e-01
-8.566754673963369870e-02
-4.082971990019269859e-02
-1.663982235976499136e-01
-3.030245016705807037e-01
1.782481806549639225e-01
5.613698506334471316e-01
-2.039868009836191542e-01
-4.736186207105518298e-01
3.925641084674200698e-01
-7.073314631554067367e-02
-2.353380754432805588e-01
-8.567297052353353704e-02
-1.918221504201964717e-02
-1.759159545686090897e-01
-2.402494222936893964e-01
2.906201140397170479e-01
4.160861249630900538e-01
-3.416820897219371989e-01
-5.692695326350468710e-01
-5.194323499005674138e-01
1.464581837372955775e-01
-1.129943819987492548e-01
2.898926152952776558e-01
-4.621889917963437622e-01
1.377794896662970225e-01
4.953876171256107325e-02
4.348862293956780312e-02
-1.605095914636857635e-01
-4.097877373904981746e-02
-6.244613484880303864e-03
6.096147723503838115e-03
6.716330462708636206e-02
-2.659602857085677785e-01
-5.817331145727452357e-01
5.388431973084482074e-01
-2.557035245832529197e-02
3.197339151897368170e-01
-2.255778810311100946e-01
-3.211360618354004992e-01
2.799495516377440985e-01
7.193208530439315629e-01
3.175772750668701128e-01
2.611548572763509601e-01
2.224847560255205359e-01
1.989642011426106527e-01
-3.772056408905296587e-01
1.891365938465783825e-01
1.634723104920942083e-01
1.122543879998649380e-01
8.366283695799035802e-02
1.884775511779962220e-01
-1.015265825939056232e-01
-1.955127896918998354e-01
4.585223438811227847e-01
-1.941803018443966355e-01
3.915207215570329913e-01
5.876476641148384999e-02
2.308172748213855596e-01
-1.992405967145853829e-01
9.124723826526820458e-02
-4.640950410866611503e-02
-3.965879721177781869e-01
9.808956046394690098e-02
-2.892851901024989236e-01
-1.892762581408668765e-01
-1.417941659102127383e-01
1.510084104254384718e-01
-3.812256536690810105e-01
3.000530754135087852e-01
3.360289120193534762e-01
-3.921994419441315882e-02
1.047690110281728204e-01
1.982485349028355603e-01
-1.265391239951934865e-01
6.540260832395443369e-02
-2.201189415539979988e-01
1.001561037593605707e-01
-3.089032562187326442e-02
-1.770752794342770331e-01
2.668701148577146687e-01
1.421600633561589389e-01
2.011786992085888848e-01
1.818341509825143476e-01
-1.241691847226923662e-01
2.767324961557213747e-01
-5.540856206710742526e-01
6.921296914527276523e-02
-1.565784592042274159e-01
1.054925318254371358e-01
3.489653659028762456e-01
1.379290153144939815e-02
-1.436551711611178950e-01
2.332104803209981703e-01
3.163367856151445834e-02
3.099700381232959878e-01
1.174748492420857188e-01
4.723517187992454930e-03
1.000878589353354220e-01
-3.196167226313359477e-01
1.420684154864688686e-01
1.047045595499803416e-01
-2.708635780085814626e-01
-4.033249859034530871e-02
9.191964316549972036e-02
-4.628748239503088779e-01
-2.397396440309510213e-01
-2.491181922902429013e-01
-4.282193242125451743e-02
-2.968911319950249816e-01
1.358236063494879242e-01
1.982593490618256848e-01
-1.061861360792558254e-03
2.031879422571667704e-01
9.611841059703127299e-02
1.719548623972915746e-01
5.381680144102973795e-01
-4.953041731802326764e-01
-1.329090821209683027e-01
-4.918400864471765277e-01
-6.237667340574190034e-01
5.385579343474832248e-01
-2.229202150037798424e-01
-5.651797846727146801e-01
1.631826729433043244e-01
-1.354053076736863419e-02
-2.614746282411317679e-01
-3.586570136364067851e-01
-9.552354061171597355e-02
-1.437976242524343085e-01
-3.247830240678406533e-01
-8.727794217646446528e-02
4.307429601626964200e-01
-1.938179987175458474e-01
-6.104786588624028926e-02
4.977546685912757896e-02
2.402449259089629030e-01
1.948037121884006462e-01
3.630645558488743707e-01
2.675872460441383049e-01
-3.947191417159664484e-01
8.766232957131427084e-02
3.762671302325628075e-01
-4.631349092708270110e-01
-2.806098120841308829e-01
-3.477398283203778084e-02
1.520756804138645446e-01
-1.721357676440080642e-01
1.913882164231261451e-01
-5.094648967650592386e-01
4.196780098508659518e-01
-1.756441576134356863e-01
2.875774564952541246e-01
-1.128056025331846679e-01
-2.452125065545326943e-01
-4.734553008985503686e-01
-9.019355619803369473e-02
-4.440567135727702675e-01
-2.209883549182453666e-02
4.366027326505950157e-02
-3.209869047669398207e-02
2.115176036153565975e-01
-1.649395772329934340e-01
-3.281471843312693815e-01
1.702224805824557596e-01
-1.629360855305198724e-02
1.633352282667237532e-01
-1.752038409891598647e-01
-4.271304336748608099e-01
7.059967577840112751e-01
9.432013328879007563e-02
-6.709975560419670707e-03
-1.266232177810936166e-01
1.623784764713904483e-01
-3.268091725585557938e-01
9.153796295553799645e-02
-5.892433104020344120e-02
-5.590488203741118822e-02
1.221241773843817213e-01
4.387464255897013388e-01
-3.654683468040187400e-01
-1.546835242775099761e-01
-3.146446321887926834e-01
1.398270012098389858e-01
-2.133603929539193422e-02
-4.497088973758091301e-02
-1.311892274385406121e-01
4.543675754169002046e-02
1.827599342849797193e-01
2.950442110828865871e-01
-1.714110988903005672e-01
-1.751229122879932043e-01
3.109926238361593320e-02
-1.546486484805504880e-01
-1.363347210253893493e-01
-2.090654519729276684e-01
1.992380443569801152e-01
3.309487155037335593e-01
5.209034393026168441e-01
4.099337351236916061e-02
-1.782134939770674970e-02
-2.105983307527047321e-01
2.011712878074502497e-01
2.477824062236338443e-01
1.234493022996644568e-01
-4.589734748298759937e-01
-1.881235742180439596e-01
6.233282515241753141e-02
-1.644577276717021919e-01
-4.990728397236308678e-01
3.317366699581598688e-01
-2.597624977281442343e-02
2.514285788665291954e-01
1.844185446432381470e-01
1.616662078331517274e-02
-1.074613797084383177e-01
-2.370984071525212011e-01
1.416241099269633652e-01
4.268561994746336019e-01
1.416776962127281325e-01
7.848848963553915759e-02
3.294476953321452406e-01
-3.972715188769903594e-01
-5.572779651752174292e-04
3.371299538730317957e-01
3.195071449078552839e-02
-3.196442225374475088e-01
4.381057805641068725e-01
-7.022370277250237214e-01
2.287157753802714910e-01
1.671395552720710276e-01
4.894753363467169160e-02
-2.216414899672410621e-01
1.177337211752441937e-01
-1.328631827777733143e-01
2.146579950058938313e-01
-2.227648289767420464e-01
-1.081714675313375229e-01
2.484049698053915345e-01
-5.255977319778208645e-02
-2.751545487836634107e-01
2.372562946273265860e-01
1.988225837092927328e-02
1.582104671194838608e-01
-3.195865116384640769e-01
3.807684864456646889e-01
2.283547401714454694e-01
-5.666528694928607557e-02
-6.163961875057897277e-01
7.791971589920401731e-02
-1.728567225159496346e-01
-5.008902813325318004e-02
-3.115114744329261498e-02
-4.753721813059004209e-01
-1.122524813228724661e-01
8.304526456128158429e-02
1.542636108747877932e-01
2.963776553046450490e-01
1.807666171998530136e-01
-1.183767979414950267e-01
1.745104754545593329e-01
2.207591676776146095e-01
-6.688338643917725312e-02
4.906004463621040090e-02
3.888275204984381062e-01
7.644686325898566448e-01
1.054040556091992153e-01
5.215842478917018799e-01
-2.865337642129893170e-01
2.856074841293487765e-01
2.429518005446439921e-01
-3.347147802291350338e-01
-3.917884916016736718e-02
-8.525335661768657092e-02
1.297859640218922417e-01
2.903643965079694134e-01
7.928723623941892618e-02
4.987391445685245700e-02
-4.673991484755115611e-01
-4.168555648724877605e-01
2.010949924496200636e-01
-6.063531286193583197e-02
-4.126583583402576028e-01
-3.361666750787103419e-01
1.334892630758967302e-01
-4.069851441614587284e-02
3.640733220818000437e-01
-1.037994344005958025e-01
-1.187597272970801476e-01
4.541005143727579463e-01
2.672991126340058532e-01
-3.380456375610428887e-01
-6.090621549260968881e-02
-4.511499573145287267e-01
-4.583221230213434527e-01
-3.169272824026198032e-01
-4.348459645498387038e-01
-5.465807293042732745e-02
5.784928582955528586e-02
-4.246328621068805598e-01
2.328678754165767750e-01
-3.638921035473086096e-01
-7.018624378982084300e-02
-4.636076654213864279e-01
2.226274047022013813e-01
4.721418522264869133e-01
-1.571100596319383036e-01
4.066785522901493755e-01
-9.051539892944655830e-02
1.307880020353668071e-01
-5.443930446536207057e-01
-2.845983162209581585e-01
-1.620825128437040630e-01
-5.390700321048827286e-03
6.824267348334144001e-02
3.117128160844173657e-01
1.295788538707974835e-01
-2.438173241869201480e-01
2.310705644959674399e-01
-1.121100191954504249e-01
-1.160367203059080310e-01
4.113099069294673948e-01
2.954218992148889278e-01
-1.385134619309298931e-01
4.352500316985434270e-01
-2.186087591547301034e-01
-2.509453801983665272e-03
-1.061447487296903608e-01
4.478487455014047436e-01
-3.323054586785325060e-01
-3.229119154088975208e-01
-1.337158154508497065e-01
-5.463537634062491655e-02
1.824288538954269845e-01
2.273909748725675417e-01
-7.311347536013272919e-01
-1.804661331593104268e-01
1.889617881703430369e-01
-3.196685131183515383e-01
1.291325970831173030e-02
-5.359614913128984970e-01
1.908911010814387521e-01
-1.374680941270405854e-01
4.037050734405762675e-01
3.592071609342596950e-01
1.942679830482266917e-02
-4.920011454568695153e-01
1.762830294622995120e-01
1.358836945340887760e-02
-7.560223884235436898e-02
-5.154896241631925502e-01
-5.761972125377186060e-01
-2.083721513679319681e-01
-6.483368184427992231e-01
-6.240326605871823196e-01
-2.988107727893709598e-01
-4.189963489068107005e-01
-3.668138738883786054e-01
2.206331941758635506e-01
1.205401013525671527e-01
1.818400695361118147e-01
-5.366573778850414200e-01
6.529382517744337644e-01
2.041253743583422708e-01
-4.498090277384452218e-01
-1.559452184316105772e-01
2.183988161402972417e-01
-5.822263195613636838e-02
-2.533858412021604001e-01
1.548409530009023094e-01
-3.181702088165155873e-02
-8.622809764386195341e-02
-2.317688179546445112e-02
-4.383934993996624341e-01
-4.483060879329254789e-01
-4.048625755173637097e-01
-1.420593953067254556e-01
8.812174772325884198e-02
3.245465476202345489e-01
-3.402803634427505886e-01
-6.783615525135369695e-02
7.906327525897922648e-01
3.286505483485835932e-01
-3.156481225024856396e-01
-8.948623101425813575e-02
-1.131459399975997260e-01
-2.679277939322672886e-01
-1.275567201740530343e-01
6.460677136365635675e-01
7.382206464799585532e-01
2.800844120043313179e-01
4.823183039478921019e-01
-1.280325890577684311e-01
-1.999268854915592086e-01
-1.392968318434942010e-01
-2.278288503598443482e-01
-3.253406526091464634e-01
1.928071039480491744e-01
-2.203261291691482326e-01
3.556171818100734017e-02
-1.977870094861586825e-01
-3.310835727061937073e-01
-6.411377253726728564e-02
-2.912323084021536251e-02
1.713379776183179271e-01
5.288094992554799589e-02
-1.697088536569688888e-01
-2.735673389106841324e-01
-1.165301233677236599e-02
-9.167938793824610688e-02
2.547910404404490903e-01
-4.251636755457244982e-02
1.176286316390812992e-01
-1.274279440930429774e-01
-3.158019589959427664e-01
2.374134332205950493e-01
-1.820799806979465640e-01
4.665440409279457690e-01
5.433435863865250237e-01
8.514045762428457120e-02
-2.887665386551271363e-01
-4.423083013854280932e-01
9.694755134430656229e-02
1.515287216338188081e-01
4.212649634270095866e-01
3.712956361371735348e-01
1.800229588537785863e-01
1.177969279362732352e-01
-1.312179905487154685e-01
2.133711800923629442e-02
4.623553385903349244e-02
-5.227545658223961000e-01
3.189638339686761692e-01
1.694561960586714600e-01
2.257878916571764427e-01
-1.280594885310398223e-01
3.130468551062036142e-01
2.970445198067370174e-02
4.802910821025933030e-01
4.455601950127455191e-02
1.859584724452665039e-01
7.518988135158714003e-01
-1.143625018509473665e-02
-2.706517550526226779e-01
-1.449288109256208212e-01
2.094705835229609958e-01
-5.768660995632420019e-02
1.240823713766845970e-01
-2.884777269517788123e-01
-5.061470004759496266e-01
1.332732633988952323e-02
-1.751618791076013648e-02
-1.802747534886185721e-02
-1.966470783908481068e-01
3.398582869177889654e-01
-2.469307097777128646e-01
-2.847349991340604181e-01
1.295389627572841040e-01
9.313569622234386947e-02
4.463989887773548437e-01
-1.954010335231204654e-01
2.902047293882871193e-01
-3.145381068701396110e-01
-2.233736297625104131e-02
4.222169574403503711e-01
-2.416360085976481109e-01
-3.400673447064030963e-01
3.341256698156395144e-01
-1.043978130780932184e-03
4.179951767309275645e-01
7.390093633385776128e-02
4.446683041683444082e-02
3.404665792818947212e-01
1.707087461743322931e-01
5.006746684687645166e-01
-2.068143228758347607e-01
-1.071528646533236040e-02
2.290179738358440464e-01
4.607565489781387247e-01
-2.866037799411733089e-01
5.882672811051279510e-02
2.807692670726756878e-01
2.033981181481122336e-01
-6.777888397060426451e-01
-4.596135476084179938e-01
1.504308471775551992e-01
-3.989150012396013301e-01
2.588702813667194680e-01
-6.109157897877710575e-01
4.281846294360348582e-01
5.467049059579918158e-01
3.998109732228979363e-01
1.074409787050744913e-01
-5.451474348196996278e-01
-4.859974355399769297e-01
1.553320910078292427e-01
-1.646307836003814140e-01
2.308312379769336120e-01
-2.031063909701466275e-01
-5.774520463565973455e-02
-1.486208631119977364e-01
7.185851405560401695e-01
-4.753885194295102146e-01
-1.920584916419114663e-01
2.934440001670103326e-01
2.672344263468759418e-01
7.198736363263961158e-01
3.514644552009782430e-01
-3.763587951545939725e-01
-7.880740820271334712e-01
1.510753969211047765e-01
3.229019562698774992e-01
1.571454174115606284e-01
-2.846516656603928497e-01
-8.332135446721448957e-02
-2.651122997454428698e-01
-4.138777055657527626e-01
9.842145909105184942e-02
-1.388521446617292307e-02
-2.445378190670316476e-01
1.747534836328490382e-01
8.778618452547296003e-02
1.334835341751430260e-01
1.419333883784042877e-02
1.328336918985659476e-01
4.314203317647795632e-01
-7.267891585583552416e-02
-1.941867906487195761e-01
-2.636816032065308346e-01
5.168644896422747159e-01
-1.521026729671221267e-01
9.319270031605650373e-02
-5.647116446555159319e-01
-3.424573295222028968e-02
-4.193754281190874462e-03
-2.466531079590327524e-01
-3.688056182463880228e-01
3.410314872639602091e-01
6.856917409975351596e-01
-1.104949475472385839e-01
3.826953017900477372e-01
-2.912589642131114820e-01
3.717158884338042646e-01
-1.850062735020945870e-01
3.646536135693336234e-01
-3.955154316949466842e-01
-1.609489747581394348e-01
2.505465555612367834e-01
-2.605597487196871231e-01
-2.626926302103819721e-01
3.529326641877204573e-01
-1.074670697620411647e-01
2.198834249574034283e-01
3.452914927470202566e-01
-5.267415876603911418e-01
3.023068084893222318e-01
1.647054291460121056e-01
-1.013567029541083964e-01
4.573532456833578896e-01
-4.561906627240840811e-02
-1.616386433775762466e-01
2.345698522602006342e-02
3.403310283851679330e-01
2.555532292388379978e-01
-1.900144323051231598e-01
-1.758543306182759058e-01
1.139483984254877243e-02
1.734392848472114113e-01
6.019649933672841513e-01
-1.421044276778381521e-01
9.654698484134813241e-02
2.140045150343251046e-01
9.666345304304349573e-02
-6.103751353641506672e-02
-2.459754334531240594e-01
-2.728988031308782203e-01
-3.968487729719482049e-01
-4.759449206010519240e-01
-3.322700104537240073e-01
-4.850186671773515368e-02
7.394536804444369615e-02
-5.843317459996828778e-02
3.589753648346098724e-02
-3.542190389141741669e-01
-3.217238003672027169e-01
3.125331917577166274e-02
4.873171981537177959e-04
-2.855384030428729791e-01
-1.578956917120058479e-02
-2.036097559223055686e-01
-3.762135858325509064e-02
4.917464972635555154e-01
-1.683208082802527539e-01
-6.466436267420045958e-01
-2.451136811036426222e-01
3.439633596186482123e-01
4.245788329431674502e-01
-3.263769201137330933e-01
5.998004842668503561e-02
-9.439573038172233144e-02
-2.251604668073909146e-02
-1.887077080028075338e-01
-3.410498701069007710e-02
3.804680432627309261e-01
1.929405128990432372e-01
-2.806410748270796174e-01
-2.661717960861477716e-01
8.769407843613762077e-02
-3.854885749072162748e-01
4.451699483805695579e-01
-3.492906106511189240e-02
-3.908071308058743698e-01
2.304030793511683828e-01
-2.494848012777227675e-01
-8.653675698073912126e-02
-2.273494246224251614e-01
-1.568493073760082179e-01
-7.406238077020256549e-02
-3.973437684881526155e-01
-4.755009092218984157e-02
3.476539220775334837e-01
-2.005893603039868855e-01
1.851302480647551985e-01
-3.237776499109853989e-01
4.142758165504368262e-01
-3.566063287219031069e-02
3.690562276592722069e-01
-2.680729409435139710e-01
-4.655662979081455211e-01
-1.836195450807743823e-01
3.241586954320717362e-02
-2.969015447505942706e-01
-3.904904898421637793e-01
2.862649825849116203e-01
-7.123435070185253348e-01
3.401822906906554755e-01
4.052696124931151611e-01
-4.469661922829943346e-01
1.003147913971218080e-01
2.842109373668733063e-01
6.645001915485552156e-03
-1.673748340715268679e-01
-5.737352510752700974e-02
4.052805945386735997e-01
8.824603473775706475e-02
8.042905415649409528e-02
3.582733413080165796e-01
-4.090724240031978209e-01
5.431686335582686098e-01
-3.347227318181382472e-02
3.609478478750851593e-01
-4.131239328914788622e-01
-1.894086143997573968e-02
5.479915598873977833e-01
-1.792564464959481851e-01
-2.567112288390905467e-02
-1.582522435241680570e-01
-5.059953896995958988e-01
-8.304056525103560571e-02
4.457767367881620979e-01
9.760187258340438654e-02
-1.994050989935383100e-01
-3.648642248997264192e-01
2.737430691395100757e-01
-2.806612660474366860e-02
-7.285474021087233465e-02
4.445667217539570060e-01
3.304417025020141008e-01
-3.211232007140463196e-01
-1.809429110967176318e-02
2.965445947112835962e-02
6.110659838246106368e-01
-3.026325947075485523e-01
-1.286935950217286684e-01
2.166317113488145929e-01
-1.629997783936608935e-01
6.568412583045031561e-03
-3.488203518591100061e-02
-1.042354247413176428e-02
1.463407711504503550e-01
-2.767561690422372100e-01
-2.296754218678458970e-01
1.590337030932802986e-01
3.298666016484403385e-01
-6.464986937588684812e-01
-5.098344658184677386e-02
1.602375096918354780e-01
-4.820966167938273705e-01
4.269436646462761165e-02
-5.288734378710936712e-02
8.870013836958406169e-04
-4.521851591886740240e-01
-7.034637604353286555e-01
6.679944963863443386e-02
1.365164552249435899e-02
-3.953333837205256773e-01
-2.090034074583491108e-01
2.203425367917707933e-01
-2.106454897770729251e-01
2.677019260527824934e-02
4.945941065331910247e-01
3.070497496216866296e-01
-2.993306840708269134e-01
-7.478129553391913431e-01
-4.438027787615673736e-01
8.595265780108066189e-02
3.209636626607165755e-01
2.209368570936162679e-01
4.636951186800070124e-01
3.965482159386025107e-01
4.283421725548000603e-01
3.174259480894887908e-02
-1.254210769448917406e-01
-1.174833896358775109e-01
1.459744911292233938e-01
-3.823003088688498585e-01
-2.828814642183019035e-01
3.513026336815721073e-01
-3.507138388973618515e-02
5.848789433345527033e-01
2.256449100877338521e-01
-3.879953947243702794e-01
1.189980283948214729e-01
1.564949987800630382e-02
1.402629879797251400e-01
1.127580435500654191e-03
9.154563848168513485e-02
5.732191450865707638e-02
1.580507713438414341e-01
-1.298282957983838137e-01
-9.429311657779045064e-02
2.843878411908562845e-02
1.078327795630898561e-01
5.387123718966859709e-01
-1.754142808578367241e-01
-3.781495895970952148e-01
6.117274941712975700e-01
-4.955397840970942602e-01
-1.563105621557278613e-01
-7.087358303686847050e-02
5.651156232813443481e-01
5.933534753066510570e-01
-5.622165682453748037e-01
2.042962160553777468e-03
-2.161018806706004602e-01
3.392188766245304299e-01
4.810406127586703828e-01
2.112985729821577618e-01
-1.634999306911665840e-01
1.132981286767975881e-01
-1.650619276895505527e-01
-2.145268748872741216e-01
2.682297645930963315e-01
1.946104767900206090e-01
4.734049959504221805e-01
-2.218217637230415762e-01
5.674187248556212398e-02
-5.576738122766484729e-01
-3.710374019315916261e-01
4.263694219686487985e-01
2.671464540167596269e-01
-1.378754232688169934e-01
-5.480396492596792957e-01
-3.991049871042554598e-01
-1.394848938566388974e-01
1.989641863592334914e-01
-2.582737951186349634e-01
-1.757173530555512508e-01
2.249475364365002283e-01
-1.648913589621612552e-01
-1.136427593252414409e-01
7.582352936621078454e-01
1.070080363035167542e-01
-3.106742234891627930e-01
-5.784137037532013914e-02
1.713793722456842805e-01
-2.741591107145304601e-03
-5.857704282132250584e-02
5.430425032219843295e-02
-1.238854467007676902e-01
-7.262971792973918483e-02
-2.709487601176806537e-01
-5.984040300235944354e-01
-2.309369918336105498e-01
3.073056176900559877e-01
5.071504592084506990e-01
-4.321157618186569627e-01
-2.134736672620042575e-01
5.021150237081173362e-01
2.914979654612728788e-01
-3.140337328818625373e-01
-3.003997251976967334e-02
-3.057887100382879475e-01
-3.766971256154776904e-01
-4.508912889052324457e-02
4.699189016583163979e-03
-2.304397278157193085e-01
-1.554904962422861969e-01
-2.886229911265147385e-01
2.090269678993879054e-01
5.640959989389353335e-02
1.285721976578634018e-01
3.201900074312428734e-01
-6.194102227236172875e-02
-1.077202561275720366e-01
5.630446494880071429e-01
-3.814311662573868222e-01
5.087103675309574413e-01
1.896850699145981867e-01
-5.229370348537852875e-01
-1.514522047855083042e-01
2.331148338252949370e-01
3.257037996145880632e-01
-6.560321781045105327e-01
-1.171421934460455394e-01
-5.616603372180495324e-01
-4.077304283209484126e-01
-4.167640470459423874e-01
5.742116234908434258e-01
-8.878706471285521817e-02
-2.215575153698835786e-02
-4.663571650243318323e-01
-2.093357753515905362e-01
-4.095510022502953373e-01
-2.528301707058573378e-01
-7.727136392866121861e-01
3.121584972184795470e-01
6.209643024885328488e-01
-2.892279125823170038e-01
4.393767282648004535e-01
5.113389101039181317e-02
-5.119092379422129913e-01
-3.009144810565403394e-01
-1.727717452409325283e-01
-5.015183336550397275e-01
-5.338420542878496988e-01
-1.934248276857880311e-01
-5.660584068578305983e-01
-1.288583503193294622e-01
-1.808969088802340197e-01
-4.095365171700262041e-01
3.833506773647429866e-01
2.779637592977234339e-01
3.806441996522905713e-01
-2.620013612045517526e-01
-4.489703439042920519e-02
2.863178440373880806e-01
3.053424930785451075e-01
-1.571339934299159358e-01
8.042796806534277532e-02
4.652732223108419496e-01
-3.347430052091705521e-01
-5.608757931461592072e-01
5.003160721587168042e-02
2.380744789216137636e-01
3.013393310159435956e-02
-5.578871525700643819e-01
-1.092129594073403542e-01
3.359758520960626771e-01
-1.919943614961227007e-01
-2.704232020413683268e-01
-2.277210093165751292e-01
-3.694186451929887260e-01
-4.978390291751372265e-02
-3.142400255465942899e-02
4.063414280874951823e-01
-2.119755642456616351e-01
5.152335590962632272e-01
-6.488823671236300106e-01
-6.359047686322130133e-01
5.584082643204637542e-01
1.583776193101277818e-01
-3.825683133979732031e-01
2.154280486322475985e-01
4.106690582383466515e-01
2.377780240513951704e-01
3.663046612572767868e-01
3.268266703563350584e-01
-5.392886818090143475e-01
1.576761947689721277e-02
8.635910125241422208e-02
-5.171426927860258566e-02
5.984219548121044729e-02
3.247621972678967767e-02
-1.775143942034109745e-01
-3.211319011658754219e-01
-4.147305589568220374e-01
3.785354433915671390e-01
1.677012233869459024e-01
1.158248461483632197e-01
4.095526537614288531e-01
-2.589000598995482849e-01
-2.694506549064435985e-01
-2.941417677668261010e-01
-7.442497406735090748e-02
4.343318543594799075e-01
-2.759217122558553781e-01
-1.856515390383425557e-01
1.159646192630678224e-01
5.054769877221190200e-01
1.984268692389410949e-01
-5.341934385871683899e-01
-3.573136946322119645e-01
1.608850165218862760e-01
-1.625308333121214532e-01
5.326766559465263562e-01
4.753092663118679839e-01
-5.619324047034779390e-01
-1.018898092401959860e-01
-1.848752856283893964e-01
2.038755827696798750e-01
-1.052618257960341863e-01
-5.981309105352454747e-01
1.141791673754716518e-01
3.349705720506679363e-01
1.714734977082623124e-01
1.305385192880884060e-01
3.178336723765754490e-01
6.991297034351764417e-01
4.193963551915894095e-02
-2.153156204779536065e-01
-2.959627072944520099e-01
4.791537523105092733e-01
3.435236209965033538e-01
-7.371177391771607801e-02
5.202355314519520046e-01
6.722374425543800602e-02
3.242198753636533204e-01
1.170104153414173731e-01
3.075340542660718463e-02
2.703870639963814049e-01
4.744944474376015797e-02
8.762462175738239267e-01
-2.750140663284265097e-01
4.126140681642678221e-01
-2.023091027439177514e-01
2.856452242304314826e-01
1.183407180716931351e-01
-3.290240451890574791e-01
-5.467881565259584686e-01
1.545510156873155898e-02
-2.654080521437856000e-01
7.420927045618659623e-02
3.750423357408355640e-01
6.137294680175056083e-01
3.320987060537097801e-02
1.337666007686305336e-01
3.411285762744400429e-01
-1.207406194643006747e-01
6.451976973025923545e-01
9.288813819358759938e-02
4.891192749116739513e-01
-3.194475261635678076e-01
1.646587524668845504e-01
-8.685990225890585781e-02
-2.821601448327909489e-01
-3.580685546211063164e-01
2.078729723938444462e-01
2.278395581921582314e-01
3.681855478680832183e-01
3.516149964760504655e-03
-6.703508665425390589e-01
-3.409125401702906011e-02
2.753180898283287270e-01
6.969837907455392334e-02
3.443832027045642258e-02
4.071950542192602218e-01
-3.522269894687370950e-01
4.586285732678354599e-01
-8.001143033163399254e-02
-9.311578782323023940e-02
5.322829643090161156e-01
3.571560758857060258e-01
5.231675397256388416e-02
1.057026240939574063e-01
1.418592263239732143e-01
1.605528598440384910e-02
-2.627228392119003719e-01
4.005420099956945590e-01
7.159607254346614935e-01
-9.273965362429013870e-02
4.909915452979737860e-02
-2.491081259442202295e-02
3.738819615861050522e-02
5.260280474198850698e-01
1.133076994642267382e-01
-5.742075656906110714e-02
3.623971074389059632e-01
-5.265505742543467038e-01
8.222130505814802259e-02
5.006375425246269995e-01
-2.137526020881790612e-01
-5.332504410179510490e-01
2.302748024048598685e-01
-3.158111406840112823e-01
-6.246509845935086513e-01
-2.884316552411846923e-01
5.895641862586721571e-02
4.086773810571849713e-02
4.104689806417342601e-01
-5.831903778376108516e-01
3.518699641270671419e-02
1.887015883364365765e-01
-2.698024084021951458e-02
1.231422015080070598e-01
-2.328403364092939964e-01
-1.762972552246491395e-02
-3.535326733675020483e-01
-1.376867255528916589e-01
-2.159302359846998649e-03
6.239037668200949627e-01
2.235717123136706230e-01
-2.692128586103472720e-01
-3.350768985209980760e-02
2.368836326205675802e-01
2.002929428659572242e-02
-2.045235007872463484e-01
4.852511766070407018e-01
7.421149869533104626e-01
4.663066336049097038e-01
4.542681231795318575e-01
1.817162695325580946e-01
-4.707371054828802387e-02
2.629126148559144949e-01
-2.741594939314835888e-01
3.043055914773445947e-01
4.593516560633411627e-01
5.248434665038035352e-01
-2.480534971404176336e-01
1.125812777741373727e-01
1.172851875411881212e-01
-3.533848482976625904e-01
-3.201020363351694265e-01
-3.242664087228207537e-01
-1.365910712672789851e-01
-7.682548821425468424e-03
-3.780370784309383669e-01
2.591858150681767281e-01
-3.918446463056334816e-01
3.422433839417883261e-01
5.256216883236533022e-01
2.932893043019951795e-01
1.693755907887388723e-01
4.775473854414939989e-01
2.935899680908485299e-01
3.667439793074138681e-03
6.029017728318401131e-02
-2.004681379372976191e-01
3.629208959561780468e-01
-2.253675579608335477e-01
-6.910858330319289422e-01
6.910951276308462121e-02
1.471394197243400814e-01
-2.222026560363755676e-01
9.301647492028497499e-02
1.686947872327209663e-01
4.010527105095758049e-01
4.391356623668005166e-01
-5.368479819768940953e-01
4.971989692715313852e-02
1.193570199699238721e-01
-3.247496304197941552e-01
-2.462652908987446876e-01
6.050474287419749242e-01
-4.853152617086870513e-01
2.874005333298276232e-01
-8.724068365441320361e-02
4.009552521263107239e-01
6.007361561210046441e-03
-1.553923423203771026e-01
1.931366666634886098e-01
1.554195823435017554e-01
5.165912351419607029e-01
5.951540387448650549e-01
4.746475846711726287e-01
2.363398861361242775e-01
-5.221599295048607869e-01
-2.608821336205950359e-01
-2.799246242688088748e-01
5.729946712228806138e-01
-1.058624112393244110e-01
1.575987544130660889e-01
2.515352480006516900e-01
-1.551747094903003221e-01
-3.311581737777531398e-01
-4.855773237082963711e-01
-3.012085732941334193e-01
5.619388279696988647e-02
1.840850221784796070e-01
2.722204780259322998e-01
-5.643997118639556554e-01
-1.814135647749101632e-01
2.788472902451562541e-01
1.617828330952731375e-01
-7.577266015964329027e-02
2.911166521651904482e-01
-3.887541148631482590e-01
-4.320661711534500293e-01
-5.069491474191383240e-01
2.397531651282085452e-01
7.169907462669897757e-01
2.265722245518789202e-01
-1.623144633122793334e-01
3.837911113730294588e-01
1.974250599312727117e-01
4.720595983671654894e-02
4.613561968951890857e-01
1.651494331678968475e-01
-1.019862948743127835e-02
-5.320496637990688171e-01
-1.844658132796546390e-01
-1.505294616443292877e-01
-1.441501325834419756e-01
-3.826655986474909454e-01
-3.050767678303987762e-01
-1.657914801015910877e-01
2.773990138932023175e-01
-4.888753425600502744e-01
6.554370356140942766e-01
-1.987559917901398632e-01
-3.820050670031204798e-01
-9.386247251242713086e-02
4.018226621966480838e-01
-2.275793282342053470e-01
3.603501478685118276e-01
2.827696988698165104e-01
4.230411199966965241e-01
2.732620090321726813e-01
2.256459468423645809e-01
-2.843673323680704357e-01
9.658868782374717410e-02
-1.200414289653280175e-01
-2.686447978911062906e-01
1.392136753198260635e-01
-1.543001086758887808e-01
7.009660151658274607e-01
4.076245531712989478e-02
2.443437716880928756e-01
5.664048392126119769e-02
-1.273337503629960177e-01
4.997510512200664667e-01
-1.093009860901733021e-01
1.441666984010801511e-01
-2.087767421285448843e-01
-2.068405695187037485e-01
-8.246585832516291348e-02
1.897339451465946125e-01
-1.242290707733913896e-01
3.034090506277238308e-01
1.133375097003150866e-01
-4.183802170640334162e-02
-1.722354918204498098e-01
4.501592321905245955e-03
-1.384918383653470642e-01
-1.902136921546957460e-01
1.809439919857585080e-02
1.136448578893787531e-01
1.070094710133422944e-01
-1.042619864513698730e-01
-8.979541063536976286e-02
-4.000474082428890910e-01
-3.663998812791207076e-03
3.010646412402510075e-01
5.231349628576738020e-01
-2.928745460664046174e-01
-1.275893538481901249e-02
2.137483380411766554e-01
-1.745434422192752300e-01
4.277006989967546691e-01
2.916693279881952400e-02
-1.927654536306283861e-01
3.038426111888894443e-01
-2.520287854149380058e-01
-1.309740982649668928e-01
-2.512281274746657744e-01
3.995332917586558730e-01
-2.244748481507985727e-01
