7.020949621172195565e-02
6.173016191701421324e-02
2.080592486791420781e-01
-5.177251709077022035e-01
1.764599809277832831e-01
4.010916943808756630e-01
-7.435975388297839939e-02
2.512582566224477731e-01
-6.816292275574674653e-01
-2.905901418985492590e-01
-2.724735275085036212e-01
3.929542510003314337e-01
-4.158911065833420517e-01
9.609748865007530783e-02
-7.529587329883740132e-01
1.830817189214296037e-01
-5.383570143855771067e-02
2.556580764377511805e-01
5.806293208683396129e-02
5.047242904419217968e-01
3.335162312299042586e-01
-1.091080387577547939e-01
4.232912698589672562e-01
9.109664381324855675e-02
-8.920570178505173864e-01
1.950175178751883953e-01
7.190193252174317262e-01
5.351043384986265972e-01
-3.906889854845966847e-01
7.147076735262305469e-01
3.107431711116043910e-02
-2.262591397917175784e-01
-1.844569640792846077e-01
5.978817970261471881e-01
-5.898772708333662601e-02
2.041932203431668421e-03
-5.896899137882566366e-02
2.789218318894782223e-01
4.129148205526355503e-02
2.139473968867858789e-01
3.148084670407712560e-01
8.081754670718058753e-01
3.683955283934675085e-01
1.288696438063554606e-01
-3.473365054191939194e-01
-1.567593483125055698e-01
-4.798782340775967041e-03
-3.806361052801828793e-01
-6.818678421577794024e-01
-2.203179218532201888e-01
-3.720233479919428099e-01
1.954092090278420346e-01
3.295403583935170855e-01
4.903464897142917334e-02
2.240683206867007671e-01
7.980278708983409852e-02
-2.637452389721393620e-01
5.628748817585118580e-01
-2.630482662118414083e-01
-2.114861248406382510e-01
-6.410571903734147980e-01
-5.851017011038879279e-01
2.051426013032146001e-01
3.301299841980153554e-02
4.406428214428209089e-01
-2.320125135767861502e-01
-2.901988866004800438e-01
3.680258700598681432e-01
-6.424675051222913935e-02
-5.554583580114480501e-01
3.728954330761006242e-01
1.533752677009274368e-01
-5.526725687087195860e-02
1.442733645801133613e-01
5.009440767208815648e-02
4.703238174240770841e-01
3.638444366328693058e-01
8.032277589575755050e-02
1.959356794465683116e-03
-2.066282019888949772e-01
6.712187900861322776e-01
1.252452273794629756e-01
3.860823841747162977e-01
-7.052886592022244994e-01
1.481465177545512601e-01
-5.402927619925255165e-01
4.033895353462628175e-01
-6.583483256439840448e-01
-2.393709570143425780e-01
-8.972699100582323117e-01
-3.225309384509195687e-01
1.832455892142937845e-02
-5.980863556988547103e-01
3.798180252124025436e-01
7.576943432534455347e-01
1.421520639980595746e-01
4.827388547779907224e-01
-1.634585154538447660e-01
1.303275547653750255e-01
-2.820216379846278709e-01
-4.578208220969638975e-01
5.315530557643035475e-02
7.175098887454969265e-01
-8.070692206797963619e-01
-4.420210844354767188e-01
1.380576354999721311e-01
6.567058214553781470e-01
3.421343955282498683e-01
2.551684284615081122e-01
-5.301316569570722892e-02
-9.534987709308459514e-02
-3.997318175811639951e-01
4.197548031614773967e-01
-5.250337794425971039e-01
4.346321477183302529e-01
8.772955155977379960e-02
-4.073037144945991228e-01
-4.286876284958648364e-01
-8.164552799033830688e-03
-2.625939051849742606e-02
-2.801034834308034904e-01
-3.888230737364449796e-01
3.532117549953855962e-01
2.528316049097426577e-01
-3.574222688850748897e-01
8.146465243466319284e-02
5.895043680822528720e-02
-3.283713929583583768e-01
-5.024663745058517428e-01
4.822462037206480256e-01
-1.402342325611126150e-01
-2.727236263558084906e-01
4.475846553673606953e-01
-4.151328688129863331e-01
-2.240546956354591002e-01
4.075337380458004533e-01
4.122530121697831063e-01
1.217647009022544691e-02
-4.747307600336755362e-01
8.310356315298098595e-01
-5.014557815453571377e-02
-1.957692033114669661e-01
-5.381131376768527597e-01
-2.114994169304681426e-01
1.105701615680329125e-01
2.333451526515121222e-01
3.322722973667018853e-01
-1.749224470331153525e-01
-1.518256727308508747e-01
1.290033833468285859e-02
4.796626142086994893e-01
1.958977050843648537e-01
-3.418337276691701954e-02
2.507649659030862788e-01
-3.327819602505541208e-01
1.418758443161656502e-01
-1.888091230890324990e-01
-3.345829005745963869e-01
5.113986481886903523e-02
3.557071331556697080e-01
1.261308721287259793e-01
9.309666341149543112e-02
-3.341770828148039191e-02
1.508808070534868873e-01
-4.452441082506794490e-02
-4.004649425240610072e-01
6.918445796334882214e-02
4.841470960188101746e-01
1.740975609950979330e-01
-2.345511861646845109e-01
-2.648218405064978187e-01
-6.205071489637831172e-01
-4.927793909933725347e-01
3.509140922942614038e-01
2.524076090677396245e-01
-3.613381149910130374e-01
-4.052615314312325578e-01
-1.341200932718311090e-01
3.792305476674112108e-01
6.117325408010652055e-01
1.121192352334233477e-01
7.802538401939144164e-01
2.527909195033570811e-01
-1.399817177775643517e-01
5.069669555048104126e-01
-1.085528501829680220e-01
-3.784290150984544465e-01
2.090771110816562750e-01
-5.882969070417375101e-02
-2.138572216804459081e-01
4.477285200300668566e-01
-1.881565631938656447e-01
2.641439196514704379e-01
4.202082352746239757e-01
3.467862104417426261e-01
-1.686525190951508324e-01
1.593110348771093199e-01
2.853468808446100735e-01
-2.495251911955515683e-02
-1.219671024810983356e-01
-6.907929002569321852e-01
1.736666180846319629e-01
-4.644646883899036238e-01
-3.761006548355623202e-01
-3.465332732359860946e-01
4.610512725200238693e-02
2.594877593873523014e-01
7.224581949821588800e-02
6.877171457787503717e-02
-4.360114229967249067e-01
-4.330217475983829667e-01
-2.004524025184907798e-01
-2.946257632223285919e-02
2.657199633551924345e-01
-4.157770721329441810e-01
2.880777047865257789e-01
-5.419727537959226904e-01
-4.121101629038775860e-01
-1.148041817081801447e-01
-1.207582587413677383e-01
-2.194418608378517210e-01
3.567432075172252137e-01
4.464987843584889426e-01
-3.651858287477587339e-01
3.572507889778926415e-01
-5.963065094881566663e-01
-3.871898373473048327e-02
-4.242113045298530061e-01
4.406250227783645862e-02
-6.900665097649655300e-02
4.770906102271170734e-01
-1.634956305473851956e-01
2.629843974258651573e-01
-1.487266836011715519e-02
-5.795400469532070373e-03
-3.181618557971470085e-01
4.230774040477088827e-01
1.082705697497236552e-01
3.826443734902412186e-01
1.069212140025073005e-01
-7.449242122745458605e-02
-2.790691100755596232e-01
-2.338181432163330409e-01
1.838697163047220418e-02
-3.068415644344460111e-02
2.535552924429536059e-01
2.796969882383573691e-02
2.176312098451802790e-01
-4.767067654552265693e-02
6.845251578148237037e-02
1.764414586644730276e-01
5.925510654594912108e-01
-4.937143974826210813e-02
4.538212823903604587e-01
3.911378886346911776e-01
-5.665434750022091404e-01
-1.687338654610105459e-01
4.399325645967301357e-01
1.501417331622382778e-01
3.305631412602910157e-01
-4.506199306922400449e-01
-1.897327034356944553e-01
-1.152070133346575348e-01
-5.241950138467609266e-01
-2.375564068678277518e-01
2.270664922216293902e-01
2.674062863355284453e-03
-4.768238263570171442e-01
-9.039940630670209587e-02
-7.523770616217267948e-02
4.494460383575549223e-01
1.001970971425289285e-02
5.619865654808063882e-01
-1.953045544212278217e-01
1.669134278622079470e-01
-6.613204432917213493e-01
-7.382241404223168768e-01
3.312089751084404954e-01
-3.589531779774659537e-01
3.591076730731821987e-01
3.132284777426215805e-01
2.095604808166366684e-02
2.020244855491029747e-05
-1.118803020946125895e-02
2.444816682850906864e-01
-2.674789241239585169e-01
-4.468714133650425469e-01
1.378027684245382023e-01
-2.459726860002628968e-01
1.699692562265221474e-01
2.076285243449174645e-01
-1.597032829368603135e-01
-1.196160662116601547e-01
-5.320092169702950180e-01
-7.100992147709067615e-01
5.976660552913624080e-01
5.225376822621260464e-01
-4.942964430946394372e-01
3.399226159912995260e-01
-2.685608240200849650e-01
-2.087911923797678426e-01
3.343155370210447175e-01
-1.899236983957198199e-01
-1.876800206820913863e-01
3.279954004895302977e-01
4.739365929259004573e-01
4.111770141280337576e-01
-5.702407492588579263e-01
1.679887980556524912e-02
1.168306290237973721e-01
-2.505487722890010760e-01
-4.181117228336845848e-01
-1.985164478448996420e-02
5.348326615263191419e-01
2.292639887248489328e-01
-8.084386717735728319e-04
3.573961886033533153e-01
-2.284680793371602139e-02
-2.533596779338813110e-01
9.614567486040695443e-02
-4.119956520230538821e-01
3.648073202279666916e-02
-3.128967219737153194e-01
-3.848342644466640761e-01
-3.419401694881765708e-01
7.789314516212106354e-02
1.550670223544807144e-02
3.400581704765804902e-01
-1.317711775025248444e-01
6.786636084162542826e-01
-4.569618239035795892e-01
-4.197276720444033660e-01
1.623345484388483417e-01
-1.558861679064647843e-01
-4.947996179664647109e-01
-3.515923932958064935e-01
-2.904191828970316136e-01
-2.544130832289790978e-01
-7.256612927346365316e-01
-3.391585988096855742e-01
-1.091033164016388946e-01
-5.107268524418435290e-02
-4.582617701094807844e-02
-6.178123078213310082e-01
3.504419728762721009e-01
1.542391835342684647e-01
2.815936449203129133e-01
1.945580178271292746e-02
5.211621489672577656e-01
-4.293867220077445257e-01
3.529036347550597030e-01
5.651382921597722930e-01
5.309375735832735366e-01
-2.084659459048655503e-02
5.661623888363697885e-03
-1.666070160062400191e-02
-9.725455088938433912e-02
8.990452387823656688e-02
-4.740117043864082724e-01
4.034855057119933752e-01
4.471172594684122981e-01
-3.738140043605569507e-01
-1.935047927284781061e-02
-8.223068748521943083e-02
-4.927722323871415178e-01
3.917053790511532130e-01
3.380903279552422425e-01
2.030081996562566049e-01
5.337916267519755564e-01
-4.065716830018402395e-02
4.221952463664419009e-02
4.784975364607526593e-01
-1.350874084536677656e-02
9.208942996938856984e-02
-7.771868712968829293e-03
-2.703946380469012256e-01
1.427956868005351709e-01
-1.814821963810925309e-01
4.571428515952812854e-01
-9.772378826583308364e-02
3.873114134988387969e-01
-4.385395052040893527e-01
1.169612625982087706e-01
3.979522099556126458e-01
-3.165803745051067319e-01
6.425274102148460509e-01
7.365694612410129006e-04
-3.623370485869023550e-02
2.720878525751115884e-01
-2.910812048072600744e-01
-1.475544679150541001e-02
-3.826898428765663357e-02
-2.198596827210544565e-03
-6.462535245833723740e-01
-8.561936430462167014e-01
-3.225531902785555571e-01
3.129284243651047626e-01
-2.157124525057118880e-01
-1.268068036188909620e-01
-2.633315477548866523e-01
1.544120812707091839e-01
1.430296066716642001e-01
-1.194146599504901235e-01
1.878558603642926095e-01
4.091777343087310559e-01
1.535895012577717378e-01
2.970732480971073897e-01
4.913763970307022388e-01
-4.886029422672052425e-01
1.953423767058259930e-01
1.739347014724124119e-01
5.344837193164895250e-01
1.093984771574801895e-01
-4.429345617103291333e-01
3.575073689346302541e-01
2.243161316577693687e-01
4.174930300447488030e-01
-1.753833812011610371e-01
-6.022071991246256140e-01
-3.148740326856282468e-01
7.464856076486883762e-02
3.450788470058352431e-01
1.520702967623264734e-01
-5.334918681489080050e-02
-1.281451330991486837e-01
1.250582202116754249e-01
-3.056470977378154541e-01
1.117907999831540683e-01
1.236400932499853444e-01
-3.151920455240557195e-01
-1.223571310525368439e-01
-2.790122744441408953e-01
1.037134313237899202e-01
-3.430291374876064392e-01
3.463318810712383011e-01
4.754249417826457158e-01
-2.109179286470239112e-01
3.014223079880227751e-01
-2.188488527547104157e-01
1.728670091912640761e-01
-2.882296221167509609e-01
-4.131902584044379045e-01
1.542747359582846145e-01
1.866021855788861303e-02
-2.319035060554544836e-01
5.235173439908128445e-01
-6.220482365043156214e-02
3.407549402161970664e-01
6.114126777403214863e-01
5.162451373665084831e-02
-4.822700616636255155e-02
-2.146919427481347731e-01
-1.017157211519051710e-02
2.058808164455283585e-01
-1.282637932725587404e-01
3.639706878006398472e-01
2.601754995584563135e-01
2.047337381948278745e-01
1.713364420385046216e-01
-1.777254292694718796e-01
-2.270569433021245587e-01
2.005784211555224905e-01
-6.105772437409217046e-01
-6.293038995690516391e-01
-6.545258849926920419e-01
1.534708132353519161e-01
2.541776804086489649e-01
-1.552038224529800337e-01
-2.592179549320477450e-01
-3.615217925826914036e-01
2.512415131655457504e-02
-1.177882580593516415e-01
-2.284641602589137788e-01
-1.806647986808335715e-01
-9.222850543256373712e-02
-6.628079662364844138e-01
-1.785017195272762258e-01
-2.288388941726186565e-01
4.752857135615811135e-01
1.851719303444913922e-01
-2.601065346612247975e-01
1.316212087010742438e-01
-1.360772511744611502e-01
3.940742253140006729e-02
3.483032740355086754e-02
-1.239304421114581847e-02
-2.661951585862927239e-01
-1.876915446617895278e-01
6.338867322037816665e-01
-4.830470055807601915e-01
6.627079623448859369e-01
-6.104208469653938929e-01
-3.205823484066394613e-01
1.316306066353635507e-01
2.749337739261262792e-01
-2.027532134187760848e-01
1.299649197667811784e-01
-5.153453912680797666e-01
-1.725263857604172613e-01
-1.174771608414777735e-01
1.107183120905743945e-01
-4.036422165784827598e-01
-3.396263559639093321e-01
5.894215367705587724e-03
3.285615164018391727e-03
1.420765011740808027e-02
-9.036127841318166709e-01
3.749835341248333037e-02
6.277938711980174391e-02
-3.493240509856199161e-01
5.811634041507523357e-02
1.919486706080159311e-01
3.948822456801864833e-01
-9.746767472154022061e-02
-3.269382838813357783e-01
-2.650551722979401781e-01
-5.221323582397618956e-01
6.371570581981065295e-01
-3.461085534332199454e-01
2.182644057716150998e-01
-5.763490580685605436e-02
-4.020443669991215219e-02
5.364552524623257268e-01
-3.056073584070247429e-01
6.193079877441938219e-01
9.113699142698573896e-02
-1.882352365985662246e-01
7.817338301321841154e-01
5.319837951146273447e-01
2.002672197375068852e-01
-4.651132782553577538e-01
2.129659031950449921e-01
4.015945273613711342e-01
2.925050200596568395e-01
3.865179081929255855e-01
-3.110658975783675562e-01
3.565218484322490444e-01
-2.585172860633222491e-01
2.293163785145756195e-02
-2.913617147663960516e-01
-3.803573245180811302e-01
1.744223685057341988e-01
4.337218592835117431e-02
5.261651661266295577e-01
4.560191884839719378e-01
-4.002819333218310405e-01
1.965161181225449916e-01
2.889329965261966393e-01
1.239396728352358534e-01
4.402141907944715632e-02
-7.160866061446005681e-02
-2.226592143129979551e-01
1.564399711993755548e-01
3.375045698109003234e-01
-3.133219218473363155e-01
5.757401520550907703e-01
-1.508686576813318969e-01
2.168192203157561296e-03
-1.344538604913424473e-01
-1.190820052405290597e-01
-9.684862731188925711e-02
-6.119863335086007244e-02
-8.723473643193552229e-02
-9.696775907031605912e-02
-6.206163158826991655e-01
2.155452388938756680e-01
-4.843383619155732234e-01
3.729774335998222723e-01
1.468650874064186818e-01
3.371956782995723101e-01
2.760171953289441427e-01
2.931620456628565297e-01
-5.153983704406220334e-02
-2.844471823449745140e-01
-5.371061896245639122e-01
1.147172050205002847e-01
-1.936316426105368776e-02
-1.273367207219968100e-01
3.980419129283593316e-01
4.273649933583512084e-02
4.114969515197690331e-02
2.554957793962742696e-01
2.263534165279306454e-01
5.840185221525258097e-01
5.215339370891599602e-01
5.305290756374646255e-02
2.237079708935519884e-01
-1.160725875828582387e-01
6.976099132513796652e-01
3.240265403587980209e-02
-1.740207181050543173e-01
1.163658773668069801e-01
2.919001553898891155e-01
-5.443643052276871952e-01
3.431319752635976217e-01
4.414532573650424840e-01
-3.473402057937793330e-01
2.702527330878346512e-01
9.696676970772466486e-02
-1.227962666689184218e-01
9.286728191862105020e-02
2.953256922266853657e-01
-5.236485761005861116e-04
2.856818946953615934e-01
2.106580288555930935e-01
3.512538544277366559e-01
3.994532982084342265e-01
3.502013991179597774e-01
-1.477196113990702497e-01
7.109159928358971259e-02
-4.292327394627275527e-01
-3.330766496576274549e-01
1.624497432221368998e-01
-2.918573305816199448e-01
3.576686885166335261e-01
3.248293685860249164e-02
-2.284777753266351713e-02
-2.761758657751601787e-01
3.042495303695491593e-01
5.560523287333969389e-01
2.263279334681451149e-01
2.943387980582400920e-01
1.059549408109420054e-01
-6.898045073240495484e-02
4.301143381412685374e-01
-2.530862656746669104e-01
5.076486482395469180e-01
5.770481829280635910e-01
-4.432467552575219960e-02
2.331074350696734632e-01
2.439346325181205033e-01
-1.692191451106912076e-02
1.308913120234941538e-02
1.414362145696449469e-01
-6.416514090819130933e-01
-1.453421710162196290e-01
-2.095005644811085421e-01
-5.761654745417657542e-02
-4.824372650508062521e-01
2.096050455522790457e-01
-1.478436910200758847e-01
3.706943989803543338e-01
-4.334384629008357359e-02
-4.409337243093915115e-02
-2.479929887281717982e-01
-3.513314494838650770e-01
-5.007700720322959265e-02
3.459891194768902611e-01
-2.557627232816739871e-01
-1.098413469255401370e-01
1.667341747449571088e-01
-4.173194651249133025e-01
-3.236265161223703668e-01
1.630410474063385129e-01
-9.895226090230430094e-02
-6.476325044023378830e-02
1.919667551644856918e-01
-5.004263555684800302e-01
-1.381667585331033676e-01
-1.360581425238364395e-01
-3.469151846302399589e-01
1.202564115920648664e-02
1.229909562371557935e-01
-5.112711243867840150e-01
-3.404763050339217889e-01
3.393559000302182049e-01
-1.256277281593343731e-01
2.633771996971083218e-01
3.971796540373255247e-01
-3.783973382562818011e-01
-5.035998818908517943e-02
-1.258668640158620289e-01
-5.953235772017575478e-01
-1.398940596913356704e-01
3.043036549682628933e-01
-2.761495358907620212e-01
3.668183502645278593e-01
-3.839990175775933046e-01
-1.961024123326665092e-01
6.560026878918654436e-01
-5.200169923590527432e-01
-3.481651504635152605e-01
6.115612972213179122e-01
2.753280412841372371e-01
3.490888150100356080e-02
3.128343604085705443e-01
5.356366316662520416e-02
-2.984441881539758867e-01
4.328816179305295941e-01
2.818974867010314855e-01
-2.332511257547943695e-01
2.042688627014804248e-01
-1.566430964178815999e-01
1.512897061637541729e-01
6.231983820238364835e-01
4.812950741362866935e-01
6.640602497814827032e-01
-2.632969371353717780e-01
-5.373530960010983737e-01
8.016306173347849395e-02
3.400693060677644208e-01
-2.493285655331659023e-01
-1.893736172913839944e-01
-8.092551608211489000e-01
5.597357458233885585e-02
-4.114178578708654367e-03
1.926914907388529163e-01
-1.698334919857288350e-01
-4.216180813850669007e-01
-3.194839896953122760e-01
2.689937780816570312e-01
-3.561341705283783687e-01
4.364445019711133966e-01
1.514947925142354213e-01
-7.027422019862548941e-02
-1.016937373303369169e-01
1.495569540796120866e-01
-5.336566312666257694e-02
-3.924741773584411453e-01
1.702909353780168167e-01
2.752065978021557280e-01
-6.702122931326760513e-01
-3.153164103813921315e-02
-5.075828306758706221e-01
9.227203431057545702e-02
4.265655407998768522e-01
3.847444143907943759e-01
3.246953558716367261e-02
1.862267234770673685e-01
1.345041763414532576e-01
6.082281049437836262e-02
8.143418879641051156e-02
2.309265712012713023e-01
2.164468303347559797e-01
5.116672675935081127e-01
2.839547316012125400e-01
-4.154229191081579842e-01
1.207586012172538054e-01
-2.125376184062466312e-01
-1.397514905660540152e-01
-5.944479702021689821e-02
8.360538069008670303e-02
-1.941126987771457646e-01
6.143836760521157458e-01
1.914053248265680796e-01
2.087338086166757589e-01
3.636341441713588640e-01
-1.603194409282229782e-01
-5.708672974918341803e-01
-1.533141160143742243e-01
-2.263328976129223499e-02
4.009676565809328075e-01
-3.426148853474501182e-02
4.812005892818987940e-02
6.110552947643750343e-01
1.174720223744289693e-01
-1.943834938283857047e-02
4.411792308467109569e-01
4.183193988186797441e-01
-1.790231752536577681e-01
-3.215550256848206390e-01
1.792628149569250873e-01
5.195958131403227709e-01
1.094673403789368504e-01
-3.576933162225576779e-01
5.425005897210041228e-01
-1.603187342021618333e-01
1.113080054572306854e-01
2.102229778292901141e-01
-3.889457361193909835e-01
3.143826341399167945e-01
6.542961653404332223e-01
9.816610224288280576e-03
2.884325928740890110e-01
5.659750981518762991e-01
-8.236913898112661891e-02
4.069799426638921469e-01
-1.675548312884367341e-01
-5.454735534070094261e-01
6.218816903340977920e-01
-1.617673506131446781e-01
6.274213681997167225e-01
-7.634938503607926474e-01
-1.543775742264354711e-01
5.175491847543127744e-01
-8.205887234019059590e-03
4.523878506617983186e-01
5.286628532034736150e-01
5.219505317022834490e-01
-4.645329750683270809e-01
5.483314064598534543e-01
-5.589767957557837397e-01
3.882225569621864936e-01
-2.555185709526572868e-01
-4.068376415647947941e-01
1.490961120253318783e-01
-4.182467950954609215e-01
2.115546371234119649e-01
-2.511010245920903827e-01
-7.035322686796641189e-01
-7.557564752934905483e-01
-5.039249644622861846e-01
-2.003966279536907868e-01
-2.214129799206912552e-02
5.296778810640815349e-01
-2.616979735467880874e-01
1.246398884938015594e-01
-6.097380118537916172e-01
-3.463858998982473070e-01
1.910295559846884039e-01
2.011688793250206997e-01
-3.951071474371908171e-02
3.268269738235582977e-01
3.185491606850789359e-01
4.016171403429722453e-01
6.931008674866316610e-02
2.263112671593246750e-01
-7.657337397586815031e-02
-3.874822017917386452e-01
2.957494340384977938e-02
-1.827938721320387372e-01
-5.362743686041985258e-01
2.258127634920505389e-01
-4.860939071882020013e-01
1.117326655550896636e-01
-1.840748227740967580e-01
-2.005493151432199972e-01
-1.235601726734665146e-01
2.530763647700669527e-01
-7.143358467256163413e-01
-2.910666438900815223e-01
-5.797557428038244698e-01
7.227836226753596716e-01
-3.222743706056555024e-02
-6.771862117840972140e-01
5.216783958138262456e-01
-1.855656079960681382e-01
-2.206008664247352535e-01
2.975093891483631126e-01
5.650025243803019626e-01
1.319025238286323232e-01
2.631333250351083342e-01
-2.214936468618258214e-01
2.766625616527414525e-02
-2.758572301913795322e-01
-2.091255047524084310e-01
-2.589125260347898694e-01
-2.234147467585891750e-02
6.019530175284226736e-01
-1.159419057864298497e-01
-3.020205581693632402e-01
2.793865096319037011e-01
2.810808270760562985e-02
9.838623852880086507e-02
3.339828130769126324e-01
3.986850145539868606e-01
-3.871014107530983406e-01
1.965061005954511775e-01
1.963103946334057714e-02
-1.180553704804700732e-01
7.471413079409714442e-01
-9.199629501719979174e-01
-1.970124368595668057e-02
3.450758537806161708e-01
9.858545821257359842e-02
1.747235788684149693e-01
2.210253739209869228e-01
-1.296085540112635048e-01
1.669420648688941800e-01
4.407092992193273329e-02
-4.634127489927456628e-02
1.725672893344830927e-01
-1.382493316286465546e-01
-2.520616273228177273e-01
4.800889010478204266e-01
5.291034858448290246e-02
6.755125204019493679e-02
6.745358817869686607e-01
9.959249153774321628e-02
-3.187409891259265216e-01
-4.083284487095965032e-01
2.513735456352138575e-01
-9.856200197771383675e-02
-1.465534462115242187e-01
1.552702207374129784e-01
6.945580477199416736e-01
-4.818522748751529194e-01
-1.726848916698815739e-01
-2.740448662477447672e-01
1.964058725174373243e-01
6.680922350686291367e-01
-6.212650998570066196e-01
-2.311722064818516054e-01
6.204297555632297401e-02
-5.751085540768089421e-01
2.298415036317961735e-01
-9.351158286579838719e-02
-6.113336061718057657e-01
2.290869602811949068e-01
4.718565010472100529e-01
9.799083745833418128e-05
3.184253297840776153e-01
-3.627929103799414357e-01
-7.849843251274076783e-01
-1.003154908090803654e-01
4.869717357578930428e-01
-1.666100433135901671e-01
-2.744898197932432171e-01
2.831957890172951409e-01
2.819040840108565371e-01
-1.655461404981947993e-01
-6.607231672280482193e-02
-2.712685792121868888e-01
-3.071474012419144195e-01
2.352773008031341651e-01
-5.154059474623327031e-01
-2.281851966971042422e-01
-6.130477057989026923e-02
-4.475062801562994519e-01
6.178868313359748426e-02
4.704058429320917556e-01
1.261020138331291340e-01
1.246060738520511635e-01
-3.877350935548858069e-02
-7.628527052327099822e-01
4.694383711502319589e-01
3.132869272470235195e-02
3.494051344212292798e-02
-5.261688754208201368e-01
3.042272305865105497e-02
-5.957338774918533725e-02
2.398758536161496868e-01
-1.076161989885339038e-01
-2.050221092524762145e-01
-3.027975126078344403e-01
-2.395424250785630205e-01
-1.991084190431384737e-01
1.902905913116652581e-01
-1.983097902769610510e-01
3.429433573412201675e-01
6.619190627930836568e-01
7.278502355411099467e-01
-4.906373332675226240e-03
1.189938002995161725e-01
-8.137320514142842853e-02
-1.736231725136305748e-01
-2.620449479747528204e-02
-1.782743583212660354e-01
-1.414423116554905935e-01
-1.113595437476980476e-01
-5.865780308670694998e-01
-6.805177027122517597e-01
-2.108866521482543610e-01
3.834151298192388091e-01
4.883732791054193334e-01
3.753393436343903100e-01
2.449196211165421966e-01
1.958925908723292975e-01
2.694387914678571944e-02
-5.528341118888267791e-02
-3.810383421834889761e-02
2.205100208222752489e-01
-4.252347969544765238e-01
6.401318750196799412e-01
-5.296492145300292220e-01
2.110524118037873653e-01
2.525363884317253227e-01
1.716120967230486405e-01
4.485458670914116430e-01
6.346709144660199753e-01
4.810424184920486512e-01
-1.802769562089336086e-01
-5.675200271576460315e-02
-1.082471137070197265e-01
1.185607758000450651e-01
4.261020249387380554e-01
-1.542132943685508295e-01
2.049445996551365612e-01
-4.485847280970783890e-01
-5.053961323321705112e-01
2.496339798016495581e-01
-9.486473995902801326e-02
-2.892548984191379291e-01
3.002359509098516677e-01
-7.407915738580470588e-01
-4.160134033186601021e-01
-2.171371471046950330e-01
4.576340780011488030e-01
-6.508918803425055577e-01
-2.025068942997340637e-01
-1.203275172943664706e-01
3.148006899144025761e-01
-5.798682054768716787e-01
5.989284555929199616e-01
-4.255147001207837953e-01
-1.594270226230563581e-01
-4.006139726478235019e-01
2.057011789824390313e-01
-1.317242647186408766e-01
2.808548797915243478e-01
-5.875511181730950216e-01
-4.845873749380765760e-01
-1.315431685427911057e-01
-5.401464886504284690e-01
-2.170537038712023192e-01
6.464380742067896146e-02
1.009467638750981104e-02
3.559704644168867893e-01
4.030381269533953037e-02
-2.791511329938327068e-01
-2.566573365481901181e-01
1.565703277165214902e-01
-8.930997731712761456e-02
5.895923455354885601e-01
-1.811621625831033866e-01
-1.982378496143542279e-01
-3.298530595849880065e-02
3.050291687945581032e-01
-4.286384768424008618e-01
2.539210100422584770e-01
-1.754591557920273381e-01
2.038145064618498981e-01
6.981816951772898960e-01
-2.812977115158718511e-01
-5.131734941321586252e-01
-2.813783176485467052e-01
-5.917084796944769298e-01
-4.994372234287346446e-01
-2.070706114984847412e-01
1.888693547542946716e-01
4.771263547088550605e-01
6.463276455010403820e-01
-1.035778544965415826e-01
-6.138495676423245673e-01
4.116921430261152870e-01
-2.015859772571317321e-01
3.667109882384754771e-01
-2.092480190588758282e-01
-5.578122108598964068e-01
7.137845611689297431e-02
-6.416162786194707923e-01
-4.910445734346747804e-01
4.408398614025740847e-02
-2.847592484749296715e-01
-1.713298801500226232e-01
-3.018092830473328991e-01
-4.408451965979193754e-01
8.275909605156957227e-02
-3.515110179382193722e-01
-5.539584127560900351e-01
-4.964957577154429091e-01
5.113440270511874219e-01
7.483148431817310264e-01
4.476460223055410692e-01
-6.496279518702576805e-01
-1.446866090379256009e-01
-6.471283620239805245e-02
5.691045550437570100e-01
-1.834130485602215033e-01
1.852100459794452370e-01
5.508961474653897294e-01
-1.310693270868400484e-01
-3.578743823865677687e-01
-1.086501418367892269e-01
4.403108676390283804e-01
2.833502639606893386e-02
2.124504985632428566e-01
-7.551307251160836731e-02
2.803763058919894191e-01
-2.862995655767462955e-01
6.382576374417394671e-01
-7.582426458144699843e-01
7.528163688669380349e-01
-2.031673888089541857e-01
1.034122713250043846e-01
-2.954401208405426082e-01
-1.406421070092813141e-01
4.255142823785925676e-01
-7.426821740367322011e-01
2.891123539371657225e-01
-6.997612658250589035e-02
3.404100471711381526e-01
-1.378055062471433279e-01
1.941483959721671329e-02
3.572121329689654790e-01
-3.091199692674683752e-01
7.048760114906693630e-02
-7.591512181786920499e-02
1.715077422076001718e-03
-3.113181656015270860e-01
-4.094977505271674145e-01
1.378247431078782614e-01
6.878624247501129441e-01
5.156819945567273633e-01
2.507871445299999502e-01
3.445482960022897556e-01
5.002666089012792749e-01
4.415310915596061814e-01
-3.048743464335604281e-01
3.883088408948608405e-01
7.849876502844798098e-01
8.136858654923143086e-02
6.262408742825410490e-01
2.701629431315617502e-01
-2.737931606303721233e-01
6.477825875817792844e-02
-5.872075896116236704e-01
-1.591333708180200368e-01
-1.691285638412642622e-01
2.534121652096195665e-01
-3.740593994279520912e-02
-3.975312248311579921e-01
-6.887741077972131531e-02
5.355851332162482326e-01
1.754280420640112054e-02
2.473666273387135628e-01
4.897946279939993097e-01
-2.828348045372529040e-01
-1.411246299482792066e-01
1.967767721261008962e-01
4.323845234515464320e-01
-3.602130587814283413e-01
9.991140665610445670e-02
-2.520472659212200650e-01
3.635925649921937231e-01
-2.225519293999385917e-01
1.384150638998478677e-01
1.538299744246204026e-01
1.031218753346985484e-01
-1.714443200317351812e-01
-2.324816826441172546e-01
6.081362943099526304e-03
4.913482151299733425e-01
-5.090810954070028593e-01
5.771158817635733129e-01
8.497257800317881138e-01
1.909747121396018210e-01
3.931398603640277045e-01
5.066530472022234138e-02
-2.353905325154693473e-01
2.418225771309571448e-01
1.111492482567484757e-01
5.473212766065254087e-01
-2.213719046629853415e-01
-6.005010996169766191e-01
-5.483107369098950690e-01
2.760185284670133576e-01
-1.455433221421292556e-01
-4.593402634534546336e-01
6.057200804435122210e-01
2.515078580778732503e-02
-5.152092239756504988e-01
-3.637195293215652603e-01
-2.133939877655646467e-01
-8.569873617140957855e-02
6.109860276692368197e-01
5.021192135051882888e-01
-1.491576867354430791e-01
-1.667329710180593394e-01
7.665102349535003745e-02
-2.525469962113397471e-01
1.305392198324483444e-01
-2.739186282553568441e-02
7.730137466680481184e-01
4.565688802399803931e-02
4.421259949500266906e-01
-2.970779567255087822e-02
-1.735124088943933718e-01
-8.231641448216407697e-02
6.471582236764458207e-01
3.466190151364706984e-01
-6.230890362022885043e-01
6.700228943502355428e-01
-2.150455808820600501e-02
2.196546004618425696e-01
2.312204020522949932e-01
6.490728157438377943e-01
9.796452990699011654e-02
1.726719509069544745e-01
-1.063403592417393462e-01
2.381377125233113956e-01
5.329215151742285744e-02
-2.239745787180822192e-02
-2.508284499168839665e-01
3.000659501151999864e-01
6.643978398920249995e-02
-4.932123576306769452e-01
3.387622371381944220e-01
3.637173881744862891e-01
3.322683752349797626e-01
3.204243055561329379e-01
4.053583571644266970e-01
7.533642981449006903e-01
5.249931738189288488e-01
-7.844079635500699199e-01
-2.089230480672341905e-01
-1.708995379159802125e-02
-5.399322775764194837e-01
6.387546293344578685e-02
9.920403081602861828e-02
1.532826412741614963e-01
4.986190452825323693e-01
-5.758672098404578332e-02
-3.048117657475222231e-01
-9.760713046352627320e-02
-1.464059857664679054e-01
3.841538337897155708e-01
1.822388179116370410e-01
-3.406401598719220880e-01
-5.308981616283670046e-01
-8.142970080520303688e-02
-2.099540503877587727e-01
-4.267135123242271066e-01
1.202782966552670280e-01
2.022920011212176739e-01
5.226899199701895427e-01
-5.038667408075331311e-02
6.281546417626980849e-01
2.214176545220179482e-01
3.323767842683855167e-01
-7.398220589078347009e-02
-2.201183766837960243e-01
1.235467155229698633e-01
-2.157257755123537235e-01
-2.304473028921934924e-02
1.624307446958834222e-01
7.696561038397295995e-01
-1.010281168326049583e-01
-3.506070278350677527e-01
-3.236820577166348856e-01
-7.751060727774572445e-01
8.294915575094796711e-02
-3.323573756397844026e-01
1.468025752054100130e-01
1.681919219361656392e-01
8.727183211542700880e-02
1.119436593467341007e-01
-1.365095251877289362e-01
-4.189652429646122389e-01
2.867798555879020883e-01
-1.188625776769149239e-01
1.128857218691331626e-01
3.161784296818950790e-01
-3.435210349332153412e-01
-1.133047484902028196e-01
3.257669772489429211e-02
2.250425731951677388e-01
3.669094055189239256e-01
-2.821926522763953393e-01
6.370403084993363496e-01
-1.859693372168240710e-01
1.038799410829339687e-01
-2.093958627487456370e-01
3.925156531654507841e-01
1.954862298205970184e-01
-6.377698591011023987e-01
-4.401740126459720570e-01
3.960212555425755010e-01
3.088541391257337843e-01
-2.459215503878048326e-01
4.838358474897336836e-01
2.481027702441868932e-01
8.264931306204653660e-02
4.278372231735620979e-01
-3.179835930539104405e-01
-2.199140379111388932e-02
2.196645048279487478e-01
5.007796678061472440e-01
1.700613373008194873e-01
1.208980855450507213e-03
7.323870082133359105e-01
-3.086038279608480095e-01
2.364590277316143407e-01
-3.085138560554704368e-01
-3.517680253353410169e-01
3.958249502082168414e-01
-2.960764569019996295e-01
-2.715278227778036846e-01
-2.288141835782625255e-01
1.755395256380254398e-01
3.870379627030506309e-01
-2.079102669650421398e-01
-3.183413154020148239e-01
-6.910845896767552066e-02
-1.005076887095446847e-01
-5.126601913572327307e-01
1.682121615919479063e-01
-6.407103466775105893e-01
3.097270582773091196e-01
-6.940145482361415041e-01
1.522495494657974957e-01
2.821441151193898600e-02
-4.287341002514312160e-01
1.696744126425690780e-02
3.872828825218688209e-01
4.382470969262689531e-01
4.823136749598351813e-01
-4.157073039891212574e-02
2.124901658606893340e-01
-3.318164286932046014e-01
-5.014343523551381132e-01
3.772621616984045967e-01
2.196038908740153006e-01
2.671117854894557997e-01
-1.639454458750249088e-01
2.287245833739585260e-02
1.838297977129417504e-01
-6.476227977225690324e-01
-6.562748964189893952e-01
-2.562742442017921229e-01
3.102152891745071361e-01
-7.011649777263875283e-01
1.767897355745166599e-01
-3.577537050111810890e-01
3.586551340687855333e-02
-1.642729244217366047e-01
4.165478880079596102e-01
4.583807221955256694e-01
-4.224536156985736479e-01
-6.765334115650406543e-02
-6.564651207483385154e-02
2.977797924047799194e-01
-2.611822247094164884e-01
-2.886021606736230982e-01
5.218386111851371911e-01
3.528825361444405395e-01
-1.063807288888014291e-01
-3.765029121021569170e-01
4.436000773032185984e-01
-5.920830817512882094e-01
-8.257543214132855025e-02
-3.767066465197989045e-01
-8.298921724155339241e-01
-2.207868413008762243e-01
-3.273610243474465165e-01
-1.806745118381431967e-02
7.824071682671016603e-01
3.848461859944169450e-01
3.621843918398950923e-01
-1.426349880257319902e-01
-1.052831086924349915e-02
3.970874881825307567e-01
1.849335031106751071e-01
-3.998081636549027928e-01
-5.014627155945819981e-01
3.416180236126939995e-01
2.982752370158602701e-02
9.854047886174117921e-02
4.866652489121670033e-01
-3.564631755012291903e-01
9.647604466962586556e-02
1.983443155341391151e-01
7.060735254286242268e-01
-2.456185120699095892e-01
-5.049773500414376226e-01
-4.162800023809114514e-01
-1.875060400494786284e-01
-3.755728020922541321e-01
3.526416626935891530e-01
1.885153368969036958e-01
2.587161554279091558e-01
-3.817098774490886026e-02
1.239307487843485933e-01
4.383131857349865101e-01
-1.503417834475735959e-01
-7.092278230961939212e-01
-7.980777488633888916e-02
1.529541134824433102e-01
5.438834900993552157e-01
1.178108405304912065e-01
3.356780408762713441e-01
3.800412155035476358e-01
-3.368886320779944654e-01
-7.512377331789887869e-02
-1.215920993353656887e-01
4.238247937071034088e-01
-8.157276727953965967e-01
-3.621880009892430863e-02
1.262715606320220785e-01
-4.588810013851071790e-01
-2.779687164095369645e-01
3.649588059105069449e-01
3.534870511941438642e-01
2.154307342455698548e-01
3.468133688549410731e-01
2.145657122682780305e-01
1.526953544872988733e-01
-2.214678005863467414e-01
-3.623443097906964283e-02
-3.098852937875823388e-02
3.640115593525203863e-01
1.734119910986807733e-01
2.168811828815858378e-01
-1.482282271249379391e-01
5.981849908190828291e-01
-8.484893521953443263e-02
5.861583920677557735e-01
1.455298920509244809e-01
-4.477335453453747949e-01
-5.866103318994925903e-02
-6.679360278568381437e-01
-4.089312954175498005e-01
-5.653197505469127471e-01
-7.944645199859923235e-02
4.998291821753192421e-01
-5.271791475924521020e-01
1.939909925227309706e-01
3.428528392394532276e-02
-1.790072801011682035e-01
-2.282256496369740040e-01
-4.837873058039598440e-01
-6.191266600801802189e-02
2.607705838614450267e-01
-2.599726440950366202e-01
2.863577126958340990e-01
-7.215306128993970169e-01
4.931620870192460759e-01
-2.155662577815811998e-01
-1.873892895086090027e-01
-2.683062533180210693e-02
2.222027333528791282e-01
1.781231076870068153e-01
-5.827316724325792840e-01
-1.416170757088076604e-01
7.327249583578815395e-02
5.376160087000437793e-01
1.111552880571735902e-01
2.028435323423705972e-01
-2.440172019475275456e-01
6.516815891908129821e-01
-3.326713620174329145e-01
3.417016102581095782e-01
4.080199223758584903e-01
4.703352397549108166e-01
-1.989971520983216113e-01
-2.460172759063947168e-01
-1.685245403959446941e-01
-1.892160964068637652e-01
3.118126691801845207e-01
4.734756367476736783e-01
-4.845691150738584002e-02
-7.104827398685967244e-02
-4.748073084726656123e-01
1.370888154133141634e-01
6.607882671993124957e-01
-1.789645488415790020e-01
-1.993291746219569005e-01
2.257364196397094736e-01
-5.340131040784358296e-01
9.253220256734399907e-02
1.363869936513255610e-01
-1.675144646788853664e-02
-3.096526153279230975e-01
-3.696673445752859943e-01
-5.425813591430931337e-01
1.658112579717820889e-01
1.112765269452643119e-01
6.171779288306533662e-01
-2.527461261067938114e-01
3.473018922271134956e-01
-4.120545907964008325e-01
-1.615106403322952855e-01
3.411444915864464411e-01
-6.311889552562971462e-01
-6.215704513837925216e-01
-1.613574305833911926e-01
-4.681048736555644130e-01
6.746206308388941197e-01
-2.414194894044819906e-01
-3.322606661098275183e-01
3.903009256927675863e-01
-1.312132123382023785e-01
5.824596151956848988e-01
-7.018593546983289411e-01
1.344128856918073989e-01
2.331751858729390614e-01
2.064426221678948292e-01
6.359551966284792135e-01
-1.153405036436586373e-01
7.767084948731801941e-02
5.605883481087372555e-01
3.302973244430999489e-01
5.531654941192115649e-01
-6.830511929164508056e-02
4.373482223070070812e-02
1.931598492616569129e-01
-4.263090898224979330e-01
1.514068297150016895e-01
3.627826094078362429e-01
2.087305540307646604e-02
3.667881550347093511e-01
1.826509640550907643e-01
3.328836059693986160e-02
-1.100316020750570778e-01
-1.083616646027001779e-01
6.621751824413064647e-01
-2.977457951901653632e-01
1.206835366922270614e-01
3.305657516345210656e-01
9.556364687534951718e-02
-1.614614289743943332e-01
3.038066118041367059e-01
-7.123299748767811246e-03
-1.147379080812936658e-01
7.179106202826515126e-01
-1.994914384262128637e-01
1.138008968756503980e-01
6.092893127043533807e-01
-3.538211402825780505e-01
-5.534027964445002029e-02
2.145542124168856868e-01
-1.206761181008738082e-01
-9.829691653813855262e-03
-9.515574631724307841e-02
2.723115771134601223e-02
6.913434867731922395e-01
-4.931765679651720635e-01
-8.672141673155585317e-02
9.439188255158960372e-02
3.955834605407397842e-01
-3.438395158695338460e-02
-4.569032571026750977e-01
-8.464791323516762667e-02
-1.918121829816955004e-01
3.168100803574933066e-01
-1.469758955661678301e-01
3.274553592372575483e-01
-5.380610339360194505e-01
-3.706019885701076211e-01
-8.339071043871416899e-02
2.303760412192172868e-01
-1.238896520701276982e-01
8.944923203912936993e-02
3.965145118893683707e-01
-1.387651623180859439e-01
-8.706585410550729542e-02
-3.557060188853001237e-01
1.332889268514633740e-02
-1.464168945765539354e-01
4.363919686792828295e-02
-2.242407174786672508e-01
1.389221694550568653e-01
-2.046754469038698510e-01
2.226802350757388707e-02
-5.593800246083562300e-01
1.244994399976624422e-01
-5.212554950504749707e-02
-2.302419442541712435e-01
-3.248309092228328643e-01
3.772626487442171106e-01
4.856675716629973438e-01
-2.457761669674168870e-01
-3.713925121512504646e-01
-6.817427145721750847e-02
5.920426985575628631e-01
-4.243630952632330144e-01
-1.453416124961915690e-01
1.816367502802524458e-01
1.677297742553202076e-01
3.952573282196069626e-01
-8.774567267424615569e-02
-2.980003844554120901e-02
3.708959495562167558e-02
3.646505967380536672e-01
3.413453697435721579e-01
-8.514038614430982643e-02
3.460956374237399991e-01
1.051210669833809452e-01
6.675629726604349889e-02
-3.654832658737366957e-01
-3.448892636049862848e-01
-5.141851878823870958e-01
2.161622989323189192e-01
-2.608349777704829786e-01
6.173062048550886222e-02
5.315118905859257392e-01
-3.923510805722855987e-02
-8.957917677801757739e-02
5.588727501571097434e-02
-6.851368637489367586e-02
-2.374534760350466567e-01
-7.880351874775771981e-02
2.695556616879443146e-01
-2.098741315667715934e-01
-5.978187512709143281e-01
-3.277910850683422583e-01
-6.683239438537610377e-01
3.928776490351678641e-01
-6.320122517376118854e-01
-2.382478442422481246e-01
-4.966077726207577814e-01
-1.714422507858389122e-01
-4.214903650046172290e-01
1.016708833999023683e-02
-3.799985882420012784e-01
-9.007988705732095092e-02
6.871554712865504677e-02
4.835238411977726969e-01
-1.587259159631094207e-01
9.941790396249314266e-02
-2.067566981032717965e-01
-5.580841263304537891e-01
2.891662796934399982e-01
-1.785960863611534277e-01
8.091730498669796878e-02
1.390997608351719206e-01
-3.645256835608367413e-02
-3.200801676666656936e-01
2.664454470317919044e-01
-4.958556909367491383e-01
-2.519118288786215132e-01
-1.157848126342319456e-01
4.525589611210049101e-01
-2.838734036677993400e-01
2.151437967294966280e-01
5.204440009816504453e-01
-2.889716015230816420e-02
-2.892928568359343089e-01
-7.436765123640548536e-01
-6.725736854415141908e-01
1.770737573489112315e-01
5.398796941355084034e-01
2.346287730132003702e-01
1.109154127660361699e-01
-1.475680559185747476e-01
2.396689944099231195e-01
1.822799489679084034e-02
-1.677724085017859301e-01
2.466157615632500466e-01
-3.216523901768989502e-01
6.613090519142540424e-01
-5.226940823403218861e-01
-6.259247835374819324e-01
2.173409003953373775e-01
-3.399371605985541667e-01
-3.992587391941371244e-01
-3.451623186112059982e-01
5.391967235587071805e-01
-4.156116665891586015e-01
1.999400355425325349e-01
4.545768920672051128e-02
4.666862292332048523e-01
-1.076120514525060884e-01
-1.437630888087537140e-01
5.105091806368812213e-01
2.029216443686006621e-01
2.588284872943513726e-01
-1.929460722774148929e-01
-2.394896263146688020e-01
2.683166968038108724e-01
6.587288849049091621e-02
-8.717529754554138588e-01
-8.776936110928292845e-01
9.046040461444483649e-02
2.208419433875269955e-01
-1.653995146744347278e-01
4.695486212153869854e-01
4.733336822062948757e-02
-2.903724730778464713e-01
3.278628319103711886e-01
-7.409390137159813650e-01
-3.523686756799713771e-01
1.880759037059542838e-01
2.834995625324674418e-01
1.001901358156936650e-01
-2.733348831610762919e-01
2.417390206237703676e-01
-6.498274867052552216e-03
4.143365788729510557e-01
8.226053956590534399e-02
5.950074356081074267e-01
2.120485592047425052e-02
-2.026286425124311785e-01
9.260122773984003075e-02
1.968152974885665207e-01
-1.981215841338224148e-01
3.251444737612885910e-02
-4.028329221502567892e-01
3.159626269792883968e-01
1.743790999624026117e-01
-1.180482928161430967e-01
2.211109583529263234e-01
-1.587697947064878323e-01
-4.051903707357407125e-01
-3.470127229436608535e-02
-4.950655462550261343e-01
1.470910408618910648e-01
3.109348272175242456e-01
7.445587635954959982e-01
-4.946385546081851770e-01
-1.040587573641951202e-01
-4.342999587109352411e-01
2.665403957713476935e-01
-1.101935775731226752e-01
8.077510629548544097e-02
8.107170321708129235e-02
4.889815449605636744e-01
3.296563309291222765e-01
3.142659760568745214e-02
2.631162641968735061e-01
-1.022149631612947474e-01
7.605691214082536955e-02
-3.604174751784850472e-01
-5.120464080082485214e-01
4.893968546378569817e-01
-2.904478559541743277e-01
6.891393202999840373e-01
1.008527226812352406e-01
-3.164370649480610642e-01
-2.915361654882646647e-01
-5.038640521911637027e-01
-6.035220022223884984e-01
2.729130576927462082e-01
-5.225350235456743819e-02
1.052627685636061405e-01
1.226416801355572628e-01
-6.859070413608409078e-01
-1.650414505666956966e-01
1.908294724492163308e-01
-1.879779203271159105e-01
-1.813884133886788375e-01
4.345417013562563602e-01
4.254546631294013892e-01
3.214946107698114092e-02
-2.261394994777478351e-02
-3.053241058028596799e-02
1.594575394028661663e-01
-2.235266770382638435e-01
-7.825994757084600920e-03
-1.514283449141123894e-01
1.380200703860888778e-01
-1.362996920119402544e-01
3.648280510925605569e-01
8.008555447747107287e-03
-1.110986081529247160e-01
-3.541569483961750642e-01
-3.994759393421530302e-01
-1.325341974899056086e-01
-3.011707912962682462e-02
-2.848773643930955779e-01
1.514729577643150471e-01
7.569277525288349295e-01
-4.752465240633627075e-02
1.464901561253157958e-01
5.206856918817697605e-02
-2.925952274596054226e-01
2.492096534534291377e-02
4.385296629389315304e-02
-1.792291861389033736e-01
8.504270731323025634e-02
3.981745058155043704e-02
-9.309429588521159898e-03
5.547800842268939547e-01
-2.189850834345913044e-01
4.825457731426857633e-02
2.301754241763815517e-02
-7.548302990825308534e-01
1.151681655615274802e-01
2.953043077170608988e-01
-3.266347882443135231e-02
-7.320496138381135665e-02
2.198763463073524771e-01
4.714774582548174608e-01
-7.936304144050397857e-01
-3.638251204689176843e-01
-2.404980765043981117e-01
-1.833667047701061925e-01
4.193224283922338813e-01
-4.465245090073761691e-01
-3.366367013824502208e-01
1.495856917049678547e-01
-1.364671673792720585e-01
2.276909075017417572e-01
-2.033561701856286819e-01
6.104115881410436817e-01
4.344697518544645143e-01
-9.752743689645183844e-02
5.145463616807490759e-01
-2.763822937333721419e-01
4.056793735146226043e-02
-2.247132476146759816e-02
-2.425597591814838694e-01
8.970799564413606264e-02
3.779142649116535441e-02
-3.864007748063631453e-01
2.922853673596260693e-01
-6.525213879279281315e-01
-3.342915710173418598e-01
-2.984572391891822662e-01
1.270819018624438079e-01
3.942699660425363906e-01
-8.529290627758687182e-03
2.764065794903597384e-01
5.240994998581783859e-01
2.137781464191664538e-01
3.494136457737207491e-01
1.744805388056935025e-01
4.739917783996955986e-02
-4.178679222118142911e-01
2.872561031637211326e-01
2.176131023384655916e-01
1.280254264773012240e-01
2.275458206681580942e-01
-2.382906167788815810e-01
2.726981809766895193e-01
2.438768226678482143e-01
-7.523132748454373075e-01
3.228743262987111007e-01
-6.652528092308294116e-01
-2.027010541678829492e-01
-1.534660082328790365e-01
-2.411382416654946348e-01
2.456951096544684188e-01
-1.619596863687517985e-01
-1.814054668194634290e-01
1.862460674351066048e-01
7.214449499618319495e-01
2.490960888431557607e-01
-3.517782967799467087e-01
-1.488764037884147962e-01
5.150829903000784249e-01
-1.531390187697224611e-02
1.715597354328425306e-01
-1.192645667759863193e-01
1.425535583175341348e-01
-3.056529328507192472e-03
6.285330715207014529e-02
4.121704897919442057e-01
2.784328926488162034e-02
1.048646844003644635e-01
9.910591852235937915e-02
2.687198639804808664e-01
-4.410982503595695658e-01
-3.675531480115551419e-01
1.378394124371891127e-01
3.880991035788298738e-01
2.762079132972492523e-01
5.474753061764913581e-02
6.957411511255424674e-01
5.259809374747965727e-01
-3.801473761475145929e-01
3.959893843812174463e-01
-1.025155567706258625e-01
-7.125675285921782010e-01
1.353457531914063205e-01
-6.151136211519420138e-01
-7.124077993489469351e-02
-5.594562453978184635e-01
-3.934716270925592285e-01
2.654207271639332788e-01
3.485356072349661272e-01
-4.845007495312523838e-01
4.896700387178162805e-01
-6.830306115628881347e-01
9.609113155695994668e-02
-6.062969401636161271e-01
3.317198205150875823e-01
-1.245079764065446792e-01
3.902010540212968448e-01
-5.757816606767236500e-01
4.099696833462036505e-01
1.985258998778846318e-01
4.899394568701435082e-01
-2.999104552385019051e-01
3.245377637826660777e-01
2.327953439354363274e-01
-1.913969261962600310e-02
2.607618179508245926e-01
-5.432310097305637769e-02
2.305320476791761775e-01
-4.214793675031045517e-01
7.042762940361699808e-01
-1.717764356129857228e-01
3.749894183007952408e-01
6.765801921899137206e-01
-9.522359787158116151e-02
4.757700454584552485e-01
-2.279965747453571723e-01
2.532794208651796275e-01
-4.241699741625113429e-01
6.278295125483102090e-01
1.169463829682948139e-02
-1.963096846184567701e-01
-3.508606886530368785e-01
4.416066844385856983e-03
5.186007897488540408e-01
-5.359792774044631614e-01
-4.999137431658936537e-01
4.972886321090524420e-01
-5.143985347239093953e-01
2.001069481677293649e-02
-1.967460313278164841e-01
1.714051855954371595e-01
6.331593313545451629e-01
7.295917422848303968e-02
4.963735468564206554e-01
7.920851311706535169e-03
4.814743484028674581e-02
1.150343919443876615e-02
9.934592784843068736e-02
1.624161090419371789e-01
2.772640904665278350e-01
-4.316329462010471962e-01
3.708775579432612574e-02
4.324453523771853991e-02
-1.098106630495528091e-01
2.155966822881039413e-01
-5.231540592395625966e-01
3.531289898875294986e-01
-1.036401819757322429e-01
-5.242454089608772350e-01
3.607983076370463449e-01
-2.612899124853861332e-01
3.415651991921276887e-01
5.791521825271752633e-01
3.782999951976174224e-01
-1.810459155774566883e-02
-2.617968949304635973e-01
3.008191340359643307e-01
4.413792347226621615e-01
2.145254810003732748e-01
3.071549707094010095e-01
6.579567290102086852e-02
-3.663565572985348906e-01
5.849535544955913879e-02
-8.474123128554050810e-02
-7.421733989024357214e-01
4.636503440853694258e-01
3.442306576648337391e-01
-3.719911490358725203e-02
-5.264984124018577960e-01
1.385527006604022615e-01
-1.331768854943419234e-01
-2.520294567517773476e-01
-6.522798759916009770e-02
4.291952376430916427e-01
-1.598842188527206942e-01
-1.482784127525986256e-04
4.068041475522805595e-01
-6.207066764151781824e-01
3.676182186552859887e-01
3.083369942528195184e-01
3.737976450434499220e-02
1.216937376995300274e-01
-3.284589429434896513e-01
2.882066968002892082e-01
2.532130505966272427e-01
1.986157078285251398e-01
-9.113636975749062064e-02
-4.134370110500533158e-01
-4.525465044679094495e-02
1.998949587576209774e-02
-5.026559954826821386e-01
2.254075653582479910e-01
-3.159478596781455373e-01
-4.049174209577998118e-01
-7.106013659985147002e-02
3.806911890102662732e-02
-2.326212391818968661e-01
-3.529097645035244590e-01
-6.089884095701917355e-01
5.323011354743375501e-01
2.481018702853047264e-01
-4.150688754962086335e-01
1.718178424670988302e-01
-2.660091373730946035e-02
1.094906865744340284e-02
1.012378262584811145e-01
1.458743562340453215e-01
2.610479740905792267e-01
3.116453077882107570e-01
-7.710808381773321708e-03
-2.301110257250503777e-01
1.513683117908045106e-01
-1.495461506427038234e-01
7.406607068016818340e-02
-1.603084675512009838e-01
1.116448837475438188e-01
-5.677575800200703598e-02
2.298769386402862713e-01
1.398199960061434211e-01
-5.188909988756911645e-02
-5.920130174807939349e-01
6.389005880189178033e-01
-2.796414558933179584e-01
1.389942644813561001e-01
-2.355635871101555701e-01
1.589529100808172168e-01
-3.171351889060354257e-01
-1.828279834915494950e-01
-1.325547141677735075e-01
1.207306528730437978e-01
-9.753064055158974788e-02
3.525502295199642311e-01
2.373769128901649927e-01
7.190444292308845187e-02
-6.609209064901110098e-02
-1.551832194947709020e-01
-5.992442426095963282e-02
-4.581866232504363395e-02
3.239437044370778278e-03
2.138721643346343515e-01
-7.608523079521066768e-01
9.852400077991117777e-03
1.414502736538839622e-01
-2.101235843489312471e-01
-6.431352528774529898e-01
2.264715308654325354e-01
-1.554562939731296556e-01
-3.394220224101023864e-01
5.672283739299189831e-01
8.862563472754736438e-02
2.726396851252742559e-01
-2.785838574074863128e-01
-1.125593578317167776e-01
3.036809736909303892e-01
-7.254712634742491728e-01
-6.189914656979232932e-01
3.773677851054185184e-01
-5.729787675687598725e-01
5.164257664148225180e-02
7.379405671996465133e-01
1.290728935758951590e-02
-6.527068275902054850e-01
-2.242561900612711212e-01
-1.381236857795828110e-01
-1.653179964601822829e-02
-3.306495786680763160e-01
-1.267664419497544492e-01
6.241014902636647932e-01
-1.177963127779123043e-01
3.858883403054343825e-02
-8.892473327088619151e-01
-1.675166847508884060e-02
7.112864236192235901e-02
-1.550493115578714665e-01
4.658752586292463360e-01
2.443336815524046746e-01
-4.263459780239757524e-02
-8.088723449913282071e-01
6.737631100079564117e-01
-5.528605938349157728e-03
3.781247899954615632e-01
-1.365780936689219016e-01
5.225102726451447827e-02
-2.467431396648527009e-01
-1.603275009488417113e-01
4.079711539120322028e-01
6.678011987520654502e-02
2.364807914570086211e-01
-3.847866791925356189e-01
6.351638922472309101e-01
1.084226750627644981e-01
-3.137696100201222693e-01
-2.253358950611476508e-01
1.301143369283654788e-02
5.422045846008505254e-01
1.490704815590190302e-01
2.416837255380348826e-01
-4.501722171493961477e-01
3.039685881340479234e-01
6.207778472698514960e-02
2.213359294515165610e-01
-4.932283070222412413e-02
3.474467542438458567e-01
2.217727524395453620e-01
3.659655114204383164e-01
2.220365369692803292e-01
-4.313007408630434303e-01
-5.729585146548874519e-01
-9.766988400906001511e-02
4.359756701260135425e-02
-1.898508149133469880e-01
2.260174526638303594e-01
3.690759507045030530e-01
-2.881397600588957442e-01
3.456644509711861435e-01
2.241629233981791425e-01
2.887101561456351800e-02
-5.614734190778205569e-01
1.756670946104278153e-01
-2.261553406513203135e-02
6.283381546309155241e-02
4.636311603857983660e-02
4.527574969683996198e-01
-2.400401101240348667e-02
4.549059961923609952e-01
-1.485001420588873688e-01
2.499707748549499231e-01
2.082531914484358759e-01
-2.253053803554387891e-01
4.273285495608436513e-01
-3.432904029631115295e-01
-5.422256246454300044e-01
-1.816436509168144475e-01
-9.647908857778930702e-02
-1.635363722009470222e-01
4.136647596210590860e-01
-4.823332743143363688e-01
3.542306841596011280e-01
-2.347488145154200678e-01
-3.741080400644236637e-01
4.615273552988236050e-01
5.890109586474209791e-02
-2.008437197212598058e-02
2.504683196484122631e-01
1.071579105739950671e-03
-3.840108980839396779e-01
3.548383397069150291e-01
-6.188944938903677695e-01
1.945162237569218189e-01
8.337351306014934016e-01
4.499710965991123718e-02
-7.148330662723297868e-01
1.116342409457994900e-01
-4.415815559597049411e-01
4.257307407264485644e-01
4.502911690939276901e-01
3.837089840530047979e-01
-1.956946075342836378e-01
-9.138344162952291572e-02
-1.258828968092146061e-01
-3.772466226352483298e-01
-4.362658337525877061e-01
-4.378621417336226451e-01
-3.372320684286229109e-01
-5.087945940995595301e-02
-1.537222346385848093e-01
-1.684088539464047574e-01
-2.251098136091487512e-01
9.979677298367431448e-02
-5.405521605815664099e-01
-3.849811431380108229e-02
-5.066348124082962201e-01
-1.798123687263639692e-01
-4.589329627357272567e-01
9.665557219697544500e-02
-8.082173711454088139e-02
7.163994555491162153e-01
4.731944180633789188e-01
5.024123953560259981e-01
3.417918341882020261e-01
-6.120527412143941109e-02
-5.857854896617901153e-01
-4.259781317785621968e-01
-3.912890175433673123e-01
-5.086095860273802671e-01
-4.591960354537962252e-01
-9.920366539006700290e-02
-9.935556734631351139e-02
-1.557646293672481641e-01
-5.288377183562512768e-02
-2.887896202122219869e-01
-3.231953975473929319e-02
-2.485314191138237871e-01
1.915479340070917469e-01
-6.215158844417617567e-01
-2.836255931207207204e-01
-2.198272668062773993e-01
5.868195912580147500e-01
2.199783871216298703e-01
1.390194202576105209e-01
8.875214437808683077e-02
-1.317583493590726851e-01
3.399134384249184460e-01
-3.294985288974641158e-01
1.481299329349464733e-01
-1.018831015313607091e-01
-3.158645872138996641e-02
4.313318573704991721e-01
1.548644610906744490e-01
4.056651491294157585e-01
-2.033352826228326249e-01
1.906724905770420253e-01
-2.026035537838191680e-01
-3.046360823053024802e-01
-1.338671218320353906e-01
-4.799380090122628562e-01
-7.368487378254889864e-01
7.085361090904862547e-01
2.477049468466187010e-01
-3.178964444003277157e-01
5.890036333407210334e-01
1.913360395210279286e-01
-1.362728453675718376e-02
7.540467672249200060e-02
-3.728807981074723221e-01
-3.589929289869518425e-01
-2.318253818640078068e-01
-4.047399417006110334e-02
1.509425688226722628e-01
5.307163753743852075e-01
-5.172184382596332064e-01
2.770411688245051907e-01
-1.287819704369778939e-01
-3.653527562546076135e-01
-1.435002721038716733e-01
2.159105669858319976e-01
-2.045219578851218412e-01
1.654936918956723402e-01
2.380471091246557369e-01
-2.064653209076019735e-01
-6.869789606053603448e-01
4.096433987412815281e-01
3.988390060374489843e-01
-4.415691605895510907e-01
3.996798421035826498e-01
1.960916223191857544e-01
-5.510158390166463027e-01
3.149283805058042396e-01
-1.914849581475535634e-01
-7.305531403064123575e-02
-3.161898036997994321e-01
-3.023559178800401814e-01
-1.182513530068310670e-01
-7.506650837043140623e-01
2.090199415238228053e-01
-5.445247979404539418e-01
-5.342397286731599415e-01
-6.317456575379806205e-01
5.512869494792436154e-01
-4.390726127755585906e-01
-7.030682877148677346e-01
-4.244370873957750701e-01
-3.778352307463482274e-01
1.078738412384270540e-01
2.419045628693132777e-01
1.684652645570791640e-01
1.185658477949326078e-01
-3.576816506934401008e-01
3.211546476444918641e-01
-2.041080037697747679e-02
-6.317354967542159194e-01
5.895124333423050478e-02
-2.797110437342470446e-01
1.901648839694725091e-02
-1.469450986717718288e-01
3.087517866319257065e-01
-5.989952640921538674e-01
4.155974028482343208e-01
2.735638548429047967e-01
4.908843544655261404e-01
-7.083343490346406535e-01
1.475131577427834795e-01
3.231920588720683662e-01
-2.120997174859808390e-02
-2.244360956035888477e-01
3.493020478239621807e-01
-1.518990049317957836e-01
-3.978433332160983271e-01
7.048113304468988094e-01
1.395017780701743870e-01
-1.359960965525773835e-01
-1.410095241892764251e-01
7.317947152911492836e-02
6.853737849831857964e-01
6.096899790799102936e-01
1.922128332004893747e-01
-6.241987932984076615e-01
3.883518800073070265e-01
-1.227476425767525942e-01
5.021633060494001821e-01
-3.366096310249637735e-01
-2.803291249112188077e-01
-2.118772718527574261e-01
3.816319671886423404e-01
4.027123479224833935e-01
9.621979791065320142e-03
9.131427201215855383e-02
-1.267317377692478431e-01
-3.695153892652894290e-01
-1.866149374248838796e-02
2.667349475416996418e-03
2.657309438231798548e-01
-4.480475782349903069e-01
-3.067112364790968160e-01
8.597317890289829512e-01
3.397309723409507876e-01
2.259184233301732014e-01
-1.483724279805209156e-01
3.506487440057292071e-01
2.427040371985927369e-01
-4.209576734581526591e-01
-7.902965877601647593e-02
-4.792275637191705795e-01
1.605451706500258049e-02
2.833361490774142233e-01
6.100155829807424324e-01
-5.137474050341935827e-01
-5.982313421258181885e-01
1.067733643172321667e-01
6.373719898255385263e-02
-1.888082437708329675e-01
-4.018473523573577455e-01
1.599698144735653416e-01
-1.948882966488951207e-01
-3.944972576968542866e-01
4.127940642445178665e-01
-1.306429304359076615e-01
-6.947088737335924691e-01
-1.269632153467205593e-01
2.706026548559803957e-01
-1.206868949872315355e-01
-2.676735406026340969e-01
8.690560049003417942e-02
2.937469692716537240e-01
5.261880010660432427e-01
-3.815681000456957461e-01
-4.383285876277455417e-02
-1.033894482134054688e-01
-5.260041928218499585e-01
2.154358197688427956e-01
1.333295768913919654e-01
-3.554872057594981039e-01
-3.100103351985571964e-01
2.480572192037279189e-01
-7.041928552478503578e-01
3.941913693488294790e-01
1.945857141576777527e-01
-1.272132919813049046e-01
-1.807216723820114779e-01
4.178223738661596132e-01
7.597414730324497656e-02
3.026748921984340757e-01
4.046448023996543353e-01
6.922002793463358228e-02
9.403537743975111385e-02
-1.428174544985685579e-01
3.498637567305459828e-01
-1.841592774021031526e-02
5.983210860871666092e-01
1.844237418021023034e-01
2.248591028018664117e-01
5.616798975714164532e-01
4.264821766594790176e-01
1.892580843490300202e-01
5.211258168264961549e-02
-1.941790005048955603e-01
-5.295234373031817432e-01
-3.438758260373710463e-01
2.382552062533032367e-01
5.102220998857317502e-01
3.576641076983930745e-01
-3.853418958314185905e-01
5.208334096574814831e-01
4.661410739658819469e-01
1.924096460504340911e-01
-1.346471150451075682e-01
-4.552681788207550012e-02
5.871801585523330758e-01
2.392358332144070565e-01
3.645603347897712343e-01
4.199650290160473753e-01
-4.500185216339466082e-02
-4.033724762238908301e-01
8.438760619186116974e-02
-4.420347451218096246e-01
-1.587013461575217943e-01
6.073442362104652936e-01
-3.272171087409230239e-01
-3.788592679938396768e-01
6.560569488231718371e-02
-1.326882914767950616e-01
3.486081365812297439e-01
-5.772590611916355030e-01
-3.329479134279295094e-01
-7.878500041198701620e-01
4.431312281775103834e-01
4.881242591641502537e-01
3.167252549313331889e-02
6.034811215579222177e-01
2.028458575083433909e-03
4.405521815005448288e-02
2.739676103538123408e-01
6.570905559338215962e-01
2.008230520269212172e-01
4.809684529625350702e-02
2.422823970258324022e-01
2.122648122485104039e-01
3.136520740770701310e-01
5.881772771321520654e-01
-4.942616619417052048e-02
-7.513722563672389221e-01
-5.314327166775736355e-01
-1.882021020804602318e-01
-2.472445844310272589e-01
-6.025558959970839928e-02
3.540450726899692091e-01
-3.783239478468921613e-01
-4.393105799778526110e-01
6.378437332399766735e-01
3.713282308441195195e-02
-1.673571080823888779e-01
-4.575174297294226644e-01
3.399674092584020757e-02
6.847987091769300871e-01
5.907964413544435356e-01
2.937485712631832113e-01
-1.017434854069706324e-01
-7.186176180433039018e-02
-2.021319717863221399e-01
-7.575054743904971466e-02
6.922820803752867125e-01
2.546804660169015300e-01
-3.436455528949988736e-01
-3.137648038807402395e-01
5.383119090519598027e-01
3.369375539766885641e-01
-3.808526970424276348e-01
-1.672479891327800505e-01
4.884055421639739158e-01
-2.072208306011084911e-01
-3.061966312023071124e-01
2.794939741561314195e-01
9.419369684828798883e-02
3.763909027668013718e-01
1.395872433938839530e-01
3.634055789710224915e-01
-2.695554669898847164e-02
2.466619016181216262e-01
-2.606676851580234100e-01
1.121523709881182829e-01
-1.306023215479826527e-01
3.081364835285465009e-01
-2.695008710329222512e-01
2.044355333702875532e-01
-1.628119253017936696e-01
-2.067770175491689677e-01
-3.299174869541158794e-01
-2.843095865482868634e-01
-2.683899932012531186e-01
2.202185516278047928e-01
-2.023508536274032377e-01
-6.556920353974231563e-01
-3.449483105220421675e-02
1.998417154454953659e-01
-5.603199039585615715e-01
5.389031567309316983e-01
3.683367672899612866e-01
2.124871625657170915e-01
2.197706106374352764e-01
3.730129845863578986e-01
1.877171189728391032e-01
3.765341766940795420e-02
4.244424541192282074e-01
4.062582838683713726e-01
4.451852459990625066e-01
4.317029826486537200e-03
-3.557071474553332724e-01
2.958208803866420600e-01
2.450321819428683823e-01
3.786256222220118484e-01
-4.078861329084769727e-01
-2.070714363286605686e-01
3.765847857108228225e-01
7.116107661813441121e-01
3.883146292637051356e-01
-1.275295339277307261e-01
2.888553591057604342e-01
2.943966538966998892e-01
-2.751094184578675717e-01
-7.349100338316139069e-01
-2.346253718007880462e-01
5.998418101482285575e-02
2.123841069178353247e-01
2.496382560951975749e-01
-8.781134882940556941e-03
-4.069272505675298746e-01
9.147517730357544730e-02
-4.849882955705126647e-02
-5.414132391375049702e-02
-2.310346988070639263e-01
2.625533684958460956e-01
2.436373197174963867e-01
-1.005127604579686695e-01
5.894537140068188963e-01
6.702070546507623572e-01
4.089399369941455059e-02
-1.335946233654570492e-01
-1.622686240260589607e-01
-1.918867420890936204e-01
3.982280318617851256e-01
-3.143631300838927167e-01
-6.294226971701011308e-01
-1.628585253749912365e-01
-1.034701060109883830e-01
-1.030794767352201935e-01
3.626327636401303622e-01
-4.723593111382293208e-01
3.217738636475755420e-01
2.683225879673600267e-01
-6.836158935919911528e-01
-2.099652403433204251e-01
-2.107461656883658219e-01
-1.012885816152855473e-01
-2.482594068989893987e-01
7.194786441299194646e-01
-2.567652324537636477e-01
1.882749087552117451e-01
-2.150572044158639007e-01
5.587769304617864474e-01
-3.506259684133327115e-01
5.786969157904423011e-02
8.208651932396362483e-01
3.650226463871091009e-02
-5.274251984903255419e-02
3.586683178867433597e-01
2.212097394711527998e-01
8.168440296229495523e-02
-4.180309458637583298e-01
-3.022674429537248741e-01
-2.020555203009132827e-01
-1.650054344604229839e-01
-6.417641151766255714e-01
4.772470776793108493e-02
-5.205248785651870325e-01
2.739505582540230355e-01
-1.947130942348908045e-01
-1.560201033770286516e-01
5.437637079536066231e-01
-3.272275977318355178e-01
5.588239250029676253e-01
4.718359097993667373e-01
-1.380505880842497202e-01
-1.886421215758904424e-01
4.775779141772977243e-01
1.930889946322071893e-01
2.645598137781816073e-01
-3.234409667748532335e-01
1.274388740489862393e-01
-1.175116801595865214e-02
5.266744281174723374e-01
-3.413125356553367018e-01
6.236320771664188856e-02
-4.123331873289427518e-01
1.163015610146568984e-01
-2.299698508232984884e-01
-5.506444410516702082e-01
3.652479879893756887e-01
1.272363281938500845e-01
-3.315160130266641136e-01
2.115368965432426474e-01
4.036336763701054986e-01
5.774936659190637034e-01
5.280598737719717495e-02
-4.084740290839882215e-01
-1.551295995432220298e-01
3.336160496691708000e-01
-4.237142135580934110e-01
-2.713945604395010536e-01
-3.266317271570428477e-02
1.423320988455270553e-01
2.325190737021781973e-01
-3.174979227899203948e-01
-1.315491471435927817e-01
6.151811040030461530e-01
1.124670024588543538e-01
5.823960398310267239e-01
-5.100080382987827177e-01
5.161705930530636754e-01
-9.049575316487643017e-02
6.205607189388012701e-01
2.147730223676852790e-01
1.170141035616518166e-01
-2.610766289754526959e-01
-2.323700489909797662e-01
-8.054420903735410864e-01
-1.844695991863527229e-01
-4.760044233427624394e-01
-5.137593569399505622e-01
1.012049309659138474e-01
1.469690966559994427e-01
4.477028502547371058e-01
-6.740298061717331368e-02
-2.675351394371328073e-01
-1.694483598573383876e-01
-1.647830169856974725e-01
-2.703718168649239528e-01
6.855331310750392704e-02
-3.039898079357713501e-01
-5.033436805141652121e-02
-2.281139144920066308e-01
4.860121031502309119e-01
2.221488279539746147e-01
-2.111011142027629794e-01
-1.241222586558125007e-01
-6.351745617976987113e-01
3.822777131984682608e-01
5.606761678397526039e-01
2.433843724892914453e-04
-3.693389020298568637e-01
-7.654242674430757898e-01
-9.748633746852165827e-02
-1.290116079178063035e-01
1.598892000208306241e-01
3.856615343317724154e-01
2.365957712754878373e-01
-3.638986262946676264e-01
-6.646048392837045071e-02
5.026825958373820624e-01
1.529837062981201923e-01
2.608365605988844926e-01
6.444311562070631494e-02
-3.905197090724440434e-01
1.774218226371825913e-01
