-3.433881041420328573e-01
7.150021163080969022e-02
3.686024952736371429e-01
-1.112592316673792769e-01
3.096176219998902912e-01
3.088229515711846118e-01
-2.871760228494317779e-01
-2.189121697010971701e-01
8.744600751931060068e-02
4.315280693127355738e-01
4.467294825131179481e-01
-3.452175624105744411e-01
-1.346692536807137242e-01
-9.828946693157052106e-02
-3.982395190970543508e-01
-8.234136023472996557e-01
9.070127056075938388e-02
-1.998241202576271636e-01
-4.434567442860872233e-01
-1.567361213469180004e-01
5.850922379279959173e-01
-9.268582993217061583e-02
-5.207839980912681854e-02
3.475518220236885059e-01
6.358240080786470294e-01
-1.521031523732087054e-01
-3.297733605127703971e-01
-3.044267380142707813e-01
-8.233245082304025964e-01
-1.105027512022655617e-01
3.964660844814504870e-01
-1.925856912600069359e-01
5.282132906340500922e-01
-3.970889881494716334e-01
1.971658265976704572e-01
2.603301935648558718e-01
6.541089468287168973e-01
-2.327428285267569008e-01
-7.506260826025748512e-02
-6.702397152371288858e-01
-2.779920211182828615e-01
3.354593862473506105e-01
-3.020929540820149750e-01
-1.645684415714460391e-01
2.436521492150783008e-01
-3.272842982479448048e-01
8.497860290205710987e-02
2.489629131534194517e-01
-2.023400538245748725e-01
-2.009288320900957658e-01
-1.493579761757483082e-01
4.349766619630125453e-01
3.668592340105761990e-02
-3.457197408788308113e-02
5.481803957692661378e-01
-5.434749603761812597e-02
-3.265218369244389240e-01
2.996960662611874993e-01
-4.589654225995801196e-02
3.702511657390366029e-01
2.299032852600566001e-01
-7.910122851774981090e-02
1.857810427696409694e-01
7.408761394023328783e-01
3.933814691671455033e-01
-2.962318355269826786e-01
-2.475816520914613794e-01
-7.344342537267449511e-02
2.951988241638040522e-01
3.126333251180806183e-01
-5.712722946279694680e-01
-5.418677816545831166e-02
5.226597861881785573e-02
8.755993934502243059e-01
9.998774433304748188e-03
-1.820138735961679965e-01
8.104461536738356564e-01
6.497645741689594967e-01
6.266749926858972142e-01
-4.246596159081386102e-01
-6.718439977779874228e-01
1.586851172714217606e-01
4.822005204834144410e-01
4.323236373518106190e-01
-4.262820751049836709e-01
-2.967868909213559614e-01
-4.836185169021505782e-03
-2.802556734850271680e-01
2.691612463179827650e-02
3.420857719619601056e-01
4.825250730547984146e-01
3.732414309256096852e-01
-2.490969700882953441e-01
4.658555685631060594e-01
-5.166702558197491246e-01
5.513497464647283408e-01
5.080038202215743093e-01
2.596948925061267066e-01
-6.010717182991609508e-01
6.201719076937197705e-01
-7.955450225358626781e-01
5.996246608023927255e-02
-1.308943333842391699e-01
5.743327996857834628e-02
-8.656132746634267461e-01
-7.324277290340421021e-02
-6.238913503027497809e-01
1.026430465280545046e-01
-9.317663277420029991e-03
-2.785314287450211257e-01
-6.496388478628987162e-01
-7.093558817394532978e-01
4.308544185637715462e-01
-1.030828962274932259e-01
1.289634053014160342e-01
-1.793267856287736328e-01
-8.048487101647659736e-02
5.141368696331582999e-01
-1.976991492113230608e-01
1.646097607368122995e-01
-1.770268937413210508e-01
-5.369961445839879222e-01
-5.648325609089350774e-01
6.725354588337331685e-02
-1.001835262512552338e-01
1.786596246894468221e-01
5.514411347112230244e-01
7.420337926986774191e-01
5.404159662275684894e-01
-3.526372982836476488e-01
7.933047894767113195e-02
3.672234655998807707e-03
-1.294645349198637052e-01
-7.524106088649982205e-01
-7.599953913445723908e-01
-8.171802749574089142e-02
3.627631518074991290e-01
8.456495851307390677e-01
-2.224829874909941552e-01
-7.817478986470889346e-01
-4.882265804712481172e-01
-4.309079485026605649e-01
-6.573395964572568140e-01
-3.944524336165271955e-02
-1.831665632288936862e-01
1.539416171684915013e-01
3.078070942277955080e-01
-5.563930914798379535e-01
1.514017299653968029e-01
5.709045182457122003e-01
2.415414435003626903e-01
2.508536245105749130e-01
-4.210912626743924525e-01
-4.477409417446075457e-01
-6.012438379928388699e-01
-3.448843450453283888e-01
3.976343515539609297e-01
8.648107068769454731e-02
-3.262921612322604581e-01
-8.844885347569474143e-02
3.367968890207907462e-01
6.438737824690348166e-01
-5.958589639191974596e-01
-4.528944370493859783e-01
-3.462346003578277709e-01
4.038989862833598510e-01
-2.226249740636784824e-01
4.175896464177247802e-01
-1.262747561433018584e-01
2.652772765522192211e-01
2.822234338180505397e-01
4.151634990678766957e-01
-5.843484064880720696e-01
5.431148310359905640e-01
-6.237718571417274482e-01
2.202753874237279585e-01
5.588408685487560312e-01
5.061126069152661611e-01
-1.049048934163455404e-01
-3.510912972205916804e-01
2.230429373169542234e-02
7.214926701194641634e-01
4.651302062538037463e-01
-3.262165113858231380e-01
-3.069059345371517589e-01
4.348301176703616155e-01
6.672921387759606603e-03
1.884875406702679890e-01
2.710345197767656256e-01
-5.866946387122631140e-02
-2.395073848643203274e-01
-4.713818925546490179e-01
-3.218155499870707370e-01
3.049856910584514691e-01
1.362969047538679923e-01
2.121351790387649566e-02
-3.095713155439466790e-01
-6.002086701848340367e-01
-2.460891411239539139e-01
3.506427385969115296e-01
2.855490999735799118e-01
-5.358447361858300617e-01
-1.980765728785686131e-01
-2.207901974544379253e-01
-7.331614298020423526e-01
3.488122347034719462e-02
5.422309146394337365e-01
-4.527626726889828757e-02
4.422118713981992855e-01
-6.143040917299977949e-02
2.024229510208569172e-01
-1.968250366908131654e-01
-6.485060405607143696e-01
4.244763930066162150e-01
-2.599191340476265655e-01
-3.322745191351033078e-01
-7.918622368721972560e-02
5.661805646857803742e-01
4.498599019751104433e-01
-5.652497532899659616e-01
-4.944749736134743112e-02
1.038640693244197860e-02
7.985926531877169943e-01
-6.392808028319834079e-01
7.185521852677714261e-01
-4.463510534762299420e-01
-9.301131156963222679e-01
-5.883484171226893711e-01
-1.304786057587422055e-01
-8.869495286120225863e-01
-5.140150997003046784e-01
5.407678921806134964e-01
8.377346687022063643e-02
4.545111371107530829e-01
2.807123743396195900e-02
-7.545393606210986093e-01
6.516700777694884872e-01
-1.020335383565723619e-01
-2.980143421980300800e-01
3.617121643448437673e-01
6.554966449501853365e-01
1.153507278094359906e-01
6.966696582127239745e-01
7.413404546113424587e-01
-3.999591304562787331e-01
5.639244710098021418e-01
3.890494382385701888e-01
-7.787169526412995868e-01
-4.533432038116053109e-01
-8.828504006641196833e-02
-3.485380805685243111e-01
3.529416432205465526e-01
-7.373692621999227148e-01
6.160442877782960069e-01
4.764506665597970647e-01
7.993484481054423663e-01
5.260931742179026926e-01
1.051286746367006975e-02
-5.950380953717294696e-01
2.835680145822635501e-01
2.135200592899033634e-01
-5.690213639535697254e-01
4.664130630174967984e-01
-5.582809333138939456e-01
-5.409934287808366715e-01
2.624884985300750539e-01
-4.890764880759572719e-01
4.398023585001093472e-01
-1.657141090157662200e-01
5.166535569930749000e-02
-3.561950492061718987e-01
4.824031035777949783e-01
5.247879522623495330e-01
3.116452356190732020e-01
-8.414792421615766571e-01
3.887199345748712509e-01
-4.777440624011227710e-01
-7.045237083646700427e-01
4.950698195981993038e-02
-4.486596156852564743e-01
-4.046673015306147952e-02
-7.850561080487478138e-01
-6.617180627118161018e-01
-3.700725062276785104e-01
4.220035821751308980e-01
4.851464895716918746e-01
4.780150114755878921e-01
3.194791261477370609e-02
3.918329656551516882e-02
1.760015648678568134e-01
-6.215853360941674399e-01
-8.179627804537979718e-02
-1.930089609358147940e-01
3.246582024654038334e-01
-1.320315170034954966e-01
-3.683194159107696097e-01
5.332058909611885056e-02
-6.903935107397483062e-01
-1.227796973506955214e-01
3.595664399211267320e-02
-4.947523447495147941e-01
6.237802560181279210e-01
7.600246018009899629e-01
5.122206719505684180e-01
-4.532958027258106037e-01
-3.627678475037044437e-01
2.690166829454884723e-01
9.303985750792795328e-02
-4.277719683374165971e-01
-6.137929061674731596e-02
1.287250625055381681e-01
4.820908233311219648e-01
-5.941805485651485697e-01
1.227031452115450727e-01
-3.591146384054353380e-01
-2.358849637602837279e-01
-1.986175867051969204e-02
5.441398877678600421e-01
-3.359086451837629828e-02
3.229192411891732561e-01
-3.491906857165156253e-01
4.185345480881759173e-01
-1.281142806202828499e-01
-4.810732077772773008e-01
1.761350155190155864e-01
-8.243262770259804917e-01
2.618245927301154907e-01
4.218475990530294595e-02
-2.449555017650482669e-01
1.835304809683457328e-01
-7.961960909345666693e-01
-5.185874418881840642e-01
-5.271584305665385495e-01
2.164705396309357655e-01
-4.371823205477749497e-01
5.826799147491759090e-01
5.444460573798255709e-02
-1.695127855198342026e-01
3.557388514029155568e-01
3.554086911955950390e-01
8.590324974843446260e-01
2.615238779975225247e-01
-8.424936722527168187e-02
-3.771070135575416704e-01
-3.746698993033232283e-01
2.198162633178941117e-01
8.206304385884168138e-04
-6.462882545048572736e-01
8.158444310236423469e-01
1.220376303980345023e-01
-8.987771831348206897e-02
-5.180254115723222919e-01
5.971283437782888281e-01
6.072025795420747940e-01
-1.293632397695547165e-01
2.003424892614733555e-01
4.835709768543547393e-02
3.184552537997776267e-01
-6.003768221121301707e-01
-5.076985741296612398e-01
2.881863269503808778e-01
3.853568018271348594e-02
5.752498721776147517e-02
-4.137150073082651591e-01
6.841353212933394268e-01
1.461353882950471861e-01
7.248762770218103446e-01
-6.616383328644370732e-01
-4.120776957696915543e-01
5.205285332192350900e-01
-2.139245093631085282e-01
-5.284938478807460482e-01
-8.851387073707342457e-02
4.239217287581800719e-02
-4.874137973950382063e-01
-3.287871319903368228e-01
2.501419763946659547e-01
1.871265755979962392e-02
6.769918022778795841e-01
-1.377599792960296776e-01
-3.143025422275491643e-01
3.893365842641697272e-01
-7.545416506003552182e-02
1.596836746506950233e-01
1.819427463639697040e-01
-4.379376829213703637e-01
-2.479925248798290349e-01
-8.800440942826361912e-01
-5.389795865022031229e-01
-3.900334695747343372e-01
-4.612705967363907589e-01
-5.185825456212579398e-01
-3.264944705056193608e-01
6.929453680486479250e-01
2.919120907376094864e-01
3.535307948358911156e-01
4.363328012514274268e-01
-3.469288222238346431e-01
-2.390522808068345773e-01
4.710479914227457265e-01
-1.240901337324333276e-01
-6.977385057605652030e-03
4.595598275767783653e-02
4.142114584385342413e-01
3.446058303111856347e-01
-4.440038042438725768e-02
1.750987504524612326e-01
-1.299072245067839915e-01
6.308380094627149548e-01
8.297630650115702874e-03
2.170457766639550257e-01
3.658871917629401005e-01
-1.067326079119873122e-01
-2.302672203642898985e-01
5.064693567640665695e-01
6.169920286591981107e-01
-3.097084001699637046e-01
-3.031123730855961318e-01
-4.457892326918629911e-01
1.044390478802107725e-01
-2.540141858282901066e-01
-1.642277132080313118e-01
-7.632649596850532570e-01
4.895226000712438186e-01
-6.733123183615645768e-01
7.009731549348917623e-01
-2.237444763495027300e-01
-6.037578583947148525e-01
4.883686700753205323e-01
4.630901290679578231e-01
-3.097174600142491019e-01
2.192194180078664290e-01
5.127774719090275740e-02
2.278451948371593705e-01
-1.025470901863181489e-01
-1.446684505463604331e-01
1.378432591564166532e-01
3.861990008783996453e-01
1.086218449893862625e-01
2.769441062016544941e-01
-7.222489014620162018e-02
2.091860707914874884e-01
-3.749726623057045849e-01
1.194206838494432654e-01
-6.526714651228890940e-01
-3.706100589731619044e-01
3.099280763613515011e-01
-5.590508202281253558e-01
2.426352872889493140e-01
8.234114253670177241e-02
-5.500240858448562919e-01
3.323802666998752486e-01
2.704831381150859526e-01
7.054526614056859657e-01
3.395028515950608838e-01
5.848972897030944029e-01
4.016893399216128202e-01
-6.702190901680248336e-01
4.163704576230934373e-01
1.678239052199538561e-01
-3.449381813834460631e-01
-4.111876428201339251e-01
-2.458140209810626420e-01
4.081471071289081709e-01
5.067442605157493896e-01
-7.943180924802974996e-01
-4.172651409756072405e-01
2.059250460070468497e-02
5.877864537339390072e-01
-2.408570392158741469e-01
-4.985967328446683222e-01
5.563246820753843247e-01
5.407156006715676533e-01
2.602631018944523422e-01
2.405164635323405742e-01
-3.414050663088898374e-01
-1.767147201851442528e-01
4.219523919476240725e-01
-4.352610956462316660e-01
-3.042214149622121666e-01
-5.851566554551949073e-01
6.070221678396419129e-01
5.181249053715070163e-01
4.322648421689307408e-01
4.901882358016699803e-01
3.498335823200369177e-01
2.138923594591480570e-01
5.457163625768234327e-01
3.620662914624147577e-01
3.903730057116366337e-01
1.248070437135977324e-02
-4.248007729233698737e-01
-4.980513838645488772e-02
5.189091344583901533e-01
3.655500629220436726e-01
-3.109618196789637121e-02
-3.695330668462798451e-01
3.703628488345018788e-01
7.473467419499217890e-01
2.883919673283104057e-01
-1.536135025486031758e-01
-4.287382535533973416e-01
6.022354753586435516e-02
1.081621112454617117e-01
6.651836874637839792e-01
-2.236092390630388116e-01
4.837143874710755354e-01
-2.110193673662162095e-01
2.205529652083719205e-01
1.974387011589184837e-01
6.672887315289373067e-01
4.713926113753064140e-01
2.826658496871623516e-01
-3.649018294384736016e-01
-1.218649086574299656e-01
5.081123145920949380e-01
-5.074759664898303990e-02
-6.157749468218173261e-01
4.669664059673390155e-01
-4.356124318957745878e-01
6.480376797179582260e-01
-3.932086622812923649e-01
2.311018081771289423e-01
-5.052524627685552883e-01
2.831025118755001180e-01
8.307336317960535566e-02
-2.132002705859276925e-01
7.441974432528732919e-01
-5.057878938740269226e-02
6.513649620613045643e-01
-5.174072761749330951e-01
-3.571693647409318606e-01
-2.200247802131140018e-01
-3.732041248434980196e-01
-2.701809578249279031e-01
-5.340290023381906170e-01
-7.700477798635916304e-01
2.941666734862189991e-01
-6.140635739313519137e-01
-1.341174419418297847e-01
-2.100151834706225767e-02
-4.670198451589108180e-01
2.628918850273664343e-01
-5.553054607951736221e-01
-5.474260431172006669e-01
-2.493699047587040127e-02
-1.818518301431713002e-01
7.939618605037044308e-01
-1.023370514898478689e-01
2.768434889768452423e-01
4.541169687672074184e-01
4.101561433826087510e-01
3.669021735401741813e-01
4.826733722333597099e-01
-3.121832853723295331e-01
-5.135758762703876990e-01
-2.728768088163926464e-01
2.354299259451945181e-01
-1.291106463300473010e-02
-5.828260563925143911e-01
-2.808271356599757462e-01
-5.896703729319276999e-01
-3.271939215252103739e-02
-7.698150823969139855e-01
5.272503834800804645e-01
3.852119727528168225e-01
-2.199640252554395103e-01
-4.600372311004625736e-01
-1.198765917933347219e-01
-4.655058161610823309e-01
-2.856997860738343803e-02
-6.456584327744148144e-01
-7.565218117876565396e-01
-8.003856319595842317e-01
-8.250918694295035216e-01
-1.011549630961514901e-01
6.812849063700496810e-01
-1.222607226081446341e-01
-6.984310953414827328e-01
-8.222106708126998287e-01
-5.440164971603869137e-01
-2.968556382376109637e-01
-4.224754971199333742e-01
-9.454375331522841819e-01
-2.826068823157000254e-01
-3.211746856827515373e-01
9.872059195720826741e-02
6.892503594336445438e-01
3.596111931973123843e-01
-5.740707901951576098e-01
5.670053507342336097e-02
-7.726295919382226984e-02
-6.084576211002852286e-01
7.282870958002715112e-01
-7.130335944763115386e-01
-8.640694929203521779e-01
4.544190782973029918e-01
3.837234392610500144e-01
-3.004578764891331355e-01
-2.497951959904488786e-03
1.069718190053131623e-01
4.900686119034241006e-01
-8.692090966681143005e-01
8.676753423293324108e-01
-1.655754835346404663e-01
1.052607568765436680e-01
4.934689239433498464e-01
2.352319880960403453e-01
1.745606832207039494e-01
2.422031172310871727e-01
2.499719602837501692e-02
4.034588001345942865e-01
-6.619894611550866115e-01
-5.759543150608957829e-01
1.909250540970208396e-02
1.482383537409945051e-01
4.229662790975059483e-01
3.562940711967785279e-01
-1.382908241627926194e-01
4.815572037205282929e-01
-6.313905356538959679e-02
-3.122980994508125357e-02
-2.873518807856887403e-01
2.878602446257385594e-01
8.867989984114621471e-02
3.203697171189560655e-01
2.307494885468571177e-01
3.947355556001822530e-01
-4.688718931721909122e-01
-6.424970256508797384e-01
3.655243523933952021e-01
2.361254714847010328e-01
2.077089920415466362e-01
-6.747761537014264066e-01
2.560979270098855398e-01
-2.508152737277937749e-01
1.530628411975472059e-01
-2.186951112442071798e-02
2.464429230308201879e-01
-3.518545348111785653e-01
-8.442047758761401788e-01
-4.878767041530127635e-01
6.615684099239838023e-01
1.149608849167815111e-01
-3.119008014038537890e-01
-3.019475695520023109e-02
-7.888198208419447965e-01
-6.599345618742551434e-01
-4.261975370743146807e-01
5.968108241956775473e-01
3.064222123423983590e-01
5.776017063735535695e-01
3.962405443997575327e-01
1.720666618786965280e-02
-6.672338309088002850e-01
-3.432734102078399685e-01
-1.182677823513136328e-01
-4.055357764042337720e-01
-3.259174440641089687e-02
4.514305697940357853e-01
-4.531767636299964819e-01
-1.825820035741567426e-01
-3.689753615186210367e-01
3.205727255773335171e-01
3.523344972062321112e-01
7.477080466509998802e-01
3.601545864515714492e-03
5.373256614378640883e-01
5.263510506790963772e-01
-2.292901279124190395e-01
-1.376941619765595926e-01
-9.092782890513722016e-01
3.569596883437017865e-01
-3.452429422120226188e-01
-5.063245587170134288e-01
-5.650095966567972861e-01
-5.691306121606973800e-01
-9.072659375923927683e-02
1.030363026048313757e-01
-4.072828610934061122e-01
7.277349551086821355e-01
3.062866171707505636e-01
2.794028094113007454e-01
7.079679535396898871e-02
-7.278772497301059241e-01
-1.922389817223022768e-01
-4.443087530936103979e-01
-5.249343817903775467e-01
2.137049923842675447e-01
6.409076108171319897e-01
9.767676896831961608e-02
4.899770297496425786e-01
-3.719092365797232458e-01
4.772618645820196903e-01
4.619819992983326129e-01
1.777473562400306850e-01
5.785051362048454493e-01
-5.421075824245875641e-01
-5.217119061081334497e-01
-4.317343022810247177e-01
-1.137450422763305879e-01
3.388811665032548381e-01
-1.478639674017444006e-01
-4.530322273791832777e-02
9.301913942012135506e-02
8.188282140974525447e-01
-1.173901696681233370e-01
-3.267298652176927054e-01
3.840208910990186575e-01
5.844491000930580604e-01
5.026903371923578945e-01
-2.182524117424787247e-01
4.600073986503173673e-01
4.716335172152509303e-01
2.024793758189688542e-01
5.240991934934292606e-01
-6.002724719786993735e-01
1.352448110415284954e-01
-6.390997232018346130e-01
-4.091414233072943052e-01
2.214424219116055692e-01
4.317498180146508435e-01
-5.291601938406930161e-01
-2.751520364476433764e-02
1.112193954482863512e-01
3.621927426683873574e-01
5.873119852042678612e-01
3.906842255082770832e-01
1.567967990486654820e-02
-1.850591029182146741e-01
1.427163362617654419e-01
5.251615676516523390e-01
6.373024224321430786e-01
4.631385539514502048e-01
2.180698103033164026e-01
-1.034834469026448128e-01
6.592858670970569435e-02
-2.669816021985114141e-01
1.426781092947979335e-01
-3.338993874058068800e-01
-5.554729452206347284e-01
-1.411194012896331840e-01
5.423184363707785893e-01
3.248761902333191509e-01
1.391413782075383992e-02
3.163503884790085374e-01
-1.383295309174801258e-01
-3.815821185111605285e-01
-4.136818819721702623e-01
-2.694089682764876925e-01
-6.237045821830486947e-01
1.991774210975065795e-01
7.659994697902563487e-01
6.873278277811316617e-01
4.153411222433202044e-01
5.682806182128533612e-01
4.091051734019944819e-01
3.104610976385061699e-02
-2.872355555735366384e-01
4.586484634084209144e-01
-3.473086290693759848e-01
-4.361550756268830487e-01
5.497808660300960160e-01
1.422270369102126009e-01
8.049277363607099112e-01
1.046923038701040171e-01
7.103941461129554824e-01
3.713505865687315444e-01
-1.625569302210999045e-01
-5.189942417738120373e-01
5.512703753213302749e-01
-3.807481137785500014e-01
2.544918351585311878e-01
-2.057781544791479345e-01
3.493308849421557505e-01
5.735570368480072401e-02
3.302603871407475133e-01
-3.159992621792570011e-01
-9.140170958865725392e-01
-7.203359922455703224e-01
3.278975934232715161e-01
3.504170574587196774e-02
-8.597148019158993293e-01
1.271617863143437166e-01
-2.449350668539514719e-01
-3.193964520766392479e-01
-4.430110480232490877e-01
-8.022144598571480725e-03
4.084832940401587204e-02
4.454949557696221696e-01
-8.152631891673243203e-01
2.956661394826600175e-01
8.963024066958731328e-01
-6.742896512434156664e-01
3.296154424436960051e-01
-2.766185455480493771e-01
1.610516747565729212e-01
2.930303530958902059e-01
-1.970491334152410512e-01
-4.737408062027902433e-01
-4.466230868119503983e-01
6.658003921537161696e-02
5.690875651886568853e-01
-1.024951177793280988e-01
3.276111337226482734e-01
-2.144431835196107528e-01
-4.261019776153979199e-02
-3.577074505728526921e-01
2.649945326957446334e-01
3.995462391526776180e-01
-5.872158468677267373e-02
7.263804672730426182e-01
-4.759031263619465379e-01
-6.044402106203327490e-02
-7.564681548064534633e-01
4.347793351408535401e-01
2.815619424039905727e-01
1.192978252454204857e-01
7.446217166045566715e-01
5.328876022087889464e-01
-2.785677179661222858e-01
-6.735568362248519313e-03
-1.232489503425326371e-01
-4.547221571489287045e-02
-2.495368418333732685e-01
-1.614515313711605005e-02
8.835603717803384161e-01
8.971461952132762097e-01
-1.141384635524257535e-01
-2.942369087866480992e-01
8.072171663747435000e-01
-3.678409368601080476e-01
7.276784547843495599e-02
-5.564015979976396631e-01
-5.911413810489039022e-01
8.549103211929892643e-04
-1.018895851382753542e-01
-7.859268658559428467e-01
-2.870400018165517042e-01
-2.380607333438776174e-01
-4.638929047990212329e-01
-3.382919840053150717e-01
4.473641431327085027e-01
8.273502548603803297e-02
5.792680305520258033e-01
5.446893803641720266e-01
-1.223715161315625487e-02
1.931961031705127230e-01
-2.734532070935952880e-02
2.391146603843414820e-01
1.698948506459428687e-01
-6.071733038119611070e-01
3.727638374549973044e-01
2.486339868466477254e-01
6.499413808669748382e-01
1.879775392286124336e-01
2.702189840826117462e-01
4.659299778540326731e-01
-3.076413457470472679e-02
-6.737135675346249686e-01
3.324304407018814356e-01
-1.808575366472758295e-01
7.310888995038917759e-01
-8.622837613487813885e-03
-5.296456289679742080e-02
6.327164100198494623e-01
-5.083897961630228224e-01
2.260536966968460515e-01
-1.813090249378252194e-01
3.186599886218637323e-01
4.182285246736084372e-01
-3.338814788239034548e-01
-6.984966388690028172e-01
7.867065767679624066e-01
1.868756277916958823e-04
-2.328708490682703802e-01
6.585398872299664808e-01
4.818851282634495359e-01
-5.038127293590950045e-02
1.586484513532352425e-01
4.850198124877685979e-01
4.129628999619227026e-01
1.518247259990165021e-01
1.980169639015569860e-01
-2.492459598433061640e-01
-3.593809757697480345e-01
4.938017991236477444e-01
-4.766297075920009063e-01
-2.658845009524360981e-01
-1.760722948397094034e-01
3.886244211270825089e-01
-2.567871576261250288e-01
-2.448350060555153918e-01
-1.501629925422849898e-01
1.804477033046094914e-01
8.302694206776045638e-02
-4.940247101641846994e-01
2.638972991269101231e-01
2.605712959347596391e-01
6.948562488144578442e-01
-3.671075653324002985e-01
-7.202415090433674782e-01
-6.051231257987593759e-01
3.851031304438180813e-02
1.094957942333938256e-01
4.462296110170853591e-01
5.716334994137766551e-02
-6.006673979520206208e-01
-3.842113023080862555e-01
3.207379346490817351e-01
-2.769204927679181916e-01
-8.035986473363967431e-01
1.928615460826354489e-01
-2.831265200803989024e-01
-3.224301426124377007e-02
5.475614934414454460e-01
-4.621794021734820235e-01
-5.915832615625178648e-03
-5.418964050834049195e-02
-6.920678097538842666e-01
-6.990330074572270735e-01
5.205411883957443420e-02
2.660311339444344780e-02
8.566966414107010097e-01
-7.225029551996893507e-02
-1.797785194890237637e-01
-4.473894450637793119e-01
-2.721053114868107400e-03
-2.652072656153968144e-01
-2.595781853362104097e-01
4.389743930442751574e-01
-1.578839858267750418e-01
-1.054319132430359129e-01
1.467853626684118284e-01
-3.009871567970447970e-01
-2.973459641925423336e-01
4.123124731046733937e-01
2.586674181700611141e-01
8.569468380744250935e-02
-1.584253848243104001e-01
-4.360238515375278734e-01
-6.304231861380585888e-01
1.103349434723889522e-01
1.307170406462952184e-01
3.290293237634171059e-02
2.501741310407608054e-01
8.223058582770609304e-02
-2.745825286124086717e-01
5.525786300350663538e-01
-7.725850644153997582e-01
1.452251396797915040e-01
-2.291118517067327609e-01
-4.057194144710716266e-01
3.607124276550491282e-01
1.464898437957935784e-01
5.831281849968918962e-01
3.442834986086032445e-01
-1.048673569264779171e-01
6.639632730679938775e-03
-2.992159107434738674e-01
5.327610907438022902e-01
-5.329032924914041125e-01
8.299646894872679814e-01
1.510866282566812324e-01
-2.617449368245252095e-01
-2.486930771096472481e-01
6.719416219002756208e-01
5.161586647425046026e-01
4.358068401108377565e-01
-2.317104714171915880e-01
-4.289964897483259515e-02
3.672349618377809821e-02
2.681760342047139201e-01
5.225018420704945488e-01
-4.523604004547858159e-01
-1.559225941882096123e-01
-2.398749987114437154e-01
-2.876038160837086632e-01
-3.540466425865921307e-01
-3.413500873825175974e-01
-5.238619030373943275e-01
4.704592098246221932e-01
6.725916454026508173e-01
-6.024768462233771604e-01
2.350666344721751011e-01
3.235926782444307759e-01
-2.969089903319091506e-01
-1.049570749838158873e-01
-7.968236447002907674e-01
-2.375459070112112825e-01
-1.437985070646611852e-01
-3.056292834846819351e-01
-2.698941707068858165e-01
2.575526753145944148e-01
-2.249159652322154279e-04
-6.506823181329698391e-01
-9.489368600129653997e-01
-6.007788893510147554e-01
-5.505299227690778341e-02
-1.143308336874442610e-01
4.802960266810356038e-01
-2.626668431688998148e-02
-4.319939460466045572e-02
5.609035182724457780e-01
-2.369471890260754221e-01
-4.677305062076562714e-01
4.504574148793349386e-01
1.053061148854168710e-01
-5.281568562383099907e-01
-2.337485212850331229e-01
1.840749061888655447e-01
6.587673795030313251e-01
-4.688354785130403879e-02
-4.970457784354003206e-01
6.192378070206276952e-01
-3.440208506463945937e-01
4.211511071954537888e-01
-2.160739804639022488e-01
-7.068782550408769794e-01
-6.308172684276559805e-02
2.634075660028418198e-01
-7.975752836445652028e-01
1.735596634496065493e-01
2.604617084903317337e-01
1.488903300937251539e-01
9.524596019805099678e-02
-2.598462583544495219e-01
5.798518068128288849e-01
3.421066759103356669e-01
6.672576541217819512e-01
5.501408408232960623e-01
-1.962632000264229876e-02
1.198840962280840472e-01
3.089872231774903888e-01
4.133920259378328632e-01
-5.922482492075795690e-01
5.003026781163589370e-02
9.311149628361517494e-02
8.605438208661769783e-02
-5.248441678911390795e-01
2.592861521009183767e-01
5.181939733318241537e-01
-2.312709388994096116e-01
4.393200201405516592e-01
-1.839493524691505622e-01
-1.858783457354395430e-01
1.424429108989224424e-01
6.600732354213188768e-02
9.779606943468525937e-02
2.932985641591562831e-01
3.390735372980430151e-01
1.256749745038253929e-01
1.504961333107401600e-01
-1.100397925975206831e-01
-7.357750548103195731e-01
6.994344143253298229e-01
-5.711750444812242755e-02
7.435903331059057209e-02
-3.274942626605152896e-01
6.549885087748252843e-01
2.846978675634424527e-01
4.111632704801542748e-01
-5.065150021856934526e-01
-6.647523894524780264e-02
2.268322663135325934e-01
-2.540432639956252681e-01
-5.437098506488229344e-01
6.085892826076840789e-01
8.027504807397228825e-01
3.050905030789909447e-02
2.190793949627601045e-01
3.338908001578918538e-01
-2.538579794865849365e-02
-3.370407914046297249e-01
5.433677240943188824e-01
-1.662004084158474337e-01
-1.645858315392369209e-02
-4.665755569120489943e-01
4.394562552495042684e-01
1.195349008112179257e-01
-4.795150065106411064e-01
-4.532559455594381559e-01
-2.436027871493159358e-01
-2.601096594821890318e-02
5.097085097231561779e-01
-4.587987551342312398e-01
8.816419027827870902e-03
1.267710982321088864e-01
-4.015893623639305021e-01
-3.957940842924820846e-01
-2.924648041821900080e-01
-1.627657583779766604e-01
6.458480641343844475e-01
4.075042963067999069e-01
1.095255373133794952e-01
-4.565343106234371340e-01
7.922766732530868161e-01
3.322473811548309897e-02
-2.591586914443053669e-01
-8.134632269323033640e-03
2.130636396215734585e-01
-8.614567954106173708e-01
1.771863102911254984e-01
-5.670140746606797677e-01
5.574863843229114213e-01
2.608937606913849239e-01
4.892059888122011202e-01
6.429747317738122581e-01
6.114198404708213325e-02
-2.120860699889992318e-01
5.240740565426675879e-01
-1.528764491955333649e-01
-6.240379701993022943e-01
-4.732484769039125849e-01
-2.570061551398963307e-01
-4.069498598775229958e-02
-2.281204837511807970e-01
3.416393473773212675e-01
-1.031839969571277521e-01
-3.447952307305776065e-01
-5.237237513270788514e-02
5.399184732607387183e-01
3.646943948195654484e-01
-3.708765834984970589e-01
-2.732902634147361121e-01
-1.043090043112912119e-01
6.831696577532010428e-01
-7.960269869833948020e-01
5.758158302836056119e-01
-6.091336718464641642e-01
7.835820929478119756e-02
-9.551436226968179621e-02
9.139315730446875841e-02
3.356002194246215931e-01
-5.173086665231074743e-01
-5.507999642000463991e-01
5.275473973256145088e-01
-1.140630390550152612e-01
8.698344953327438733e-02
-2.572409482821610971e-01
3.850158747210772892e-01
2.731312359863837802e-01
4.984165543211339644e-01
-6.890061672582539765e-02
-7.364848077856457342e-01
-4.320563359490674493e-01
4.071206587772528973e-01
-1.188623115884028802e-01
-1.858325833579551611e-01
2.593832915032918129e-01
-6.402520877985675707e-01
6.080164167510798690e-01
-1.436726769875147913e-01
-4.346757549018774869e-01
5.204996357670269580e-01
5.341747248328039266e-01
-7.279516633206825071e-01
-5.758353883911054155e-02
-9.362501749566780329e-02
3.709652468544917814e-01
-3.094833973399266913e-01
-4.718891086821945247e-01
2.850185298368546061e-01
3.306988280674256764e-01
-7.916575914228137778e-01
-2.834038572049375482e-01
-5.473413749990069244e-02
-2.318632854385847819e-02
3.074155346247869902e-01
1.299637666624941026e-02
1.190029545367469604e-01
4.028898367325516316e-01
-2.456293269970219462e-01
-4.602232201383774646e-01
3.338606009495460047e-01
6.595773912274849327e-02
2.257579862936308010e-02
-3.860337192715769250e-01
-3.334681399297536042e-01
5.117654154054224191e-01
-4.530439654232339963e-01
-2.036554896656349034e-01
1.777038409511890737e-01
3.105826929322605956e-01
4.806145039671765318e-01
-3.531122015568490813e-01
8.943302667831043440e-02
-1.273843346914470542e-01
5.559596434745228688e-01
4.040259054729786747e-01
-8.105833946121827893e-02
8.003039395588271709e-01
-7.805769398942305481e-02
-7.617865637085876607e-01
9.755514173171959957e-02
-6.414013622593611741e-01
-1.989552942805545566e-01
-1.128585248362516114e-01
6.523221671907575292e-01
-4.796393200774239918e-01
2.163709786858379891e-01
5.584583548403709852e-01
-8.382193804037334495e-01
4.329791800189636275e-01
2.394964378103009162e-01
-3.596037773755493827e-01
-3.891037238233051587e-01
-3.958938313426649813e-01
9.979671657939040430e-02
-1.703914311924974445e-01
2.572374321268580677e-01
4.450545307444493393e-01
-4.586854269517488536e-01
-4.691800318931654834e-01
-1.329655725843870984e-01
2.295067924661655656e-01
-1.167492667459433392e-01
-6.243554190009336091e-01
3.416032932385594245e-01
2.079924764921174674e-01
3.769415739413110589e-01
-2.435566903348534984e-01
5.565032549488537761e-01
2.680013084967926007e-01
-5.413370852269090011e-02
4.319432229923502176e-01
-6.396522476650783329e-01
2.525589714640209538e-01
-2.487604248229442483e-01
5.665538444172947274e-01
3.546281756747166058e-01
5.965234211909898887e-01
7.907125200585745153e-03
4.457747248470326773e-01
7.471125908273000549e-03
5.349451946157298687e-01
-9.430374341723276460e-03
-4.397806830843310061e-02
2.248646035041020341e-01
-8.158735746414729206e-01
1.353612097844143214e-01
8.494977138880241974e-01
-7.157767983279603730e-01
2.109536221339652073e-01
4.724609986026767627e-01
-1.070139312038272811e-01
-5.873443579654908930e-01
-5.735106934709286453e-01
-3.359667627032107418e-01
3.543262229137824071e-01
-1.543183703519631078e-01
3.797572015221841735e-01
5.710310178734274711e-01
5.576774487565208660e-02
1.779030617040519568e-01
-5.219951557088076122e-01
6.771834338030778833e-01
-3.471541884576170300e-01
-5.237884960535574286e-02
-3.363954713024371879e-01
-7.404455819563145191e-02
-7.105530817112721831e-01
-4.771667817247132182e-01
-3.898535650081607629e-01
1.743429110574766516e-01
-3.790103060124181411e-01
2.213539118628128910e-01
-3.040003301359047727e-01
2.092834479775942946e-01
5.500298815680130030e-03
2.221389902432746033e-01
5.294763562347255120e-02
-4.210283052549507188e-01
-2.722673495917768416e-01
2.918029967108686784e-01
3.434572112881606465e-01
-1.643312120800325890e-02
-4.592109717419675663e-01
-6.974615216599364675e-01
9.075506248315558244e-02
-6.828537119227185981e-01
7.645334654013493658e-01
3.119702704986411224e-01
4.354815467413737928e-01
-3.699654257379759725e-01
-9.375853804951493620e-02
-2.699384483499696064e-01
-6.587812059450678936e-02
4.615605866570824944e-01
-4.923748169840288513e-01
-5.473958156224358884e-01
7.572567874127043852e-02
-2.254005240318728287e-01
-9.692762762631368378e-02
-1.637213613251370103e-01
7.008613068189049056e-01
-4.872282982576139898e-01
7.326117353007423338e-02
5.941881561880117957e-01
-7.319367144497384015e-01
-2.137592489732025869e-01
-3.005600927639497932e-01
1.076038157977183135e-01
-5.642568785426956834e-01
-7.567152736106457223e-01
2.393264412920631246e-01
-3.579319514260865254e-01
-4.253108168818472423e-01
-1.769921936268883944e-01
2.189706144634914753e-01
-4.991541995865667047e-01
-2.153345116485195221e-01
-2.815902453195580635e-01
9.921521204454528120e-02
5.096973243614145721e-01
-1.510502842231808418e-01
9.523850464484912015e-02
2.364342813405788946e-01
-4.330302697491946740e-01
-5.609828439440273096e-01
-3.553167670349834384e-01
2.291938916868214438e-01
7.859795064612153104e-02
-1.360827024647363048e-01
-1.951203321895542686e-01
2.562570542300233734e-01
-1.884007633264162540e-01
3.833646531753175379e-01
5.930725635995077738e-01
-2.908396459553158619e-01
1.078855832478486654e-01
-3.475591696369042527e-01
6.626111252804057772e-01
6.889709412965228097e-01
-4.186050338366419377e-01
7.192549744604306294e-01
1.298978318297061008e-01
8.810276046675591388e-02
-7.023774914086057253e-01
7.412418708956934887e-01
5.750509452060518223e-01
3.574308253118061995e-01
-2.824909374310510257e-01
-3.823477352564152443e-01
9.148912533034697647e-02
-1.747571241603664005e-01
1.143031186044423664e-01
2.323175857249861198e-01
9.706373014573903557e-01
-3.203998480584863695e-01
-5.102036542447471179e-01
2.506425542042876042e-01
1.872772625379959255e-01
-7.602452718781265162e-01
6.754752168646688260e-02
-5.526568461942151789e-01
-5.180751020072444923e-01
-5.476534342747469974e-01
-2.488470596026190473e-01
-1.696322291080543804e-02
-9.828288190658356072e-02
6.221056797954821471e-01
-3.776986707846857749e-01
2.284298439277951953e-01
-7.009012887911050260e-01
4.274861007244580291e-01
6.697280899727450776e-02
4.095225512708670079e-01
-5.190016291272798732e-01
5.367463036155216416e-02
-1.640931909133638289e-01
-1.848620355041277882e-03
-5.793109186417766399e-02
-1.986281647992103883e-01
-4.958039818204105220e-01
-4.373594462950318174e-01
-4.919697311379206961e-01
-2.416868277100582899e-02
-1.452023346301160311e-01
3.249225583947457641e-01
2.525981178959740281e-01
-8.189356425102353731e-02
4.103333403170568161e-01
8.477545273105598911e-01
3.241614570711699450e-01
2.001423336106279705e-01
-2.411495902788385326e-01
6.540968806673085334e-01
1.092546244887189211e-01
5.669339401998538808e-01
-2.440234904298432539e-01
-9.496917426193554959e-03
3.334412398800189886e-02
-4.188809837589419494e-01
2.989120725526502875e-01
3.901258382635656996e-02
-5.293829713723192665e-01
-2.548275840529861669e-01
-4.276026051876591350e-01
-2.451329523965919965e-01
-6.979943959406603726e-01
-2.901452296263921093e-01
-5.847565136449281997e-01
4.025478538431267461e-01
6.036938302160319569e-01
-5.599523168214027846e-01
3.206511841765531390e-01
-2.395201854641072214e-01
7.125542642446951180e-02
4.897030826357376410e-01
-5.832995170283921116e-01
-4.535531835464157724e-01
-6.269709559165691504e-01
1.903101932170570276e-01
-5.775171212700100920e-01
1.750253899907933397e-01
-8.817747931572106346e-02
-3.031798082617616630e-01
-1.929193005028578267e-01
2.435808935599730329e-01
-1.685460285915676426e-01
-7.518532153520968153e-01
-8.312977588071350787e-01
-6.527698100294414552e-01
-6.042615760034230066e-01
-5.310914297923964300e-01
-6.531306663016535063e-01
-1.803855808952221362e-01
-5.742199917355552685e-01
6.050797295388371522e-01
5.523447216761426803e-01
-6.223624327783596755e-01
-2.456796813267642099e-01
9.626936258529220081e-02
-1.770886631478922890e-01
-4.899737960877144083e-01
-3.533110393490514478e-01
-3.777286715976841958e-01
6.401450943962139206e-01
-7.020791918603118409e-02
-3.238031887655656860e-02
-2.250149838827160409e-01
-1.833585710496777876e-01
8.048074122739522218e-03
1.287794266193089884e-02
2.882220752117347143e-02
-1.920109320395336217e-01
7.666036514720699913e-01
1.660136018630398447e-01
3.312451617885584509e-01
1.107071472600211839e-02
-3.122297545608243574e-01
8.683465927837592524e-01
-1.393240052769383758e-02
-5.267585831042645994e-01
-8.781207421362481613e-02
9.326774912453315025e-01
1.565978297154615451e-01
-1.282948654281604595e-01
1.913967001535312254e-02
6.739814659657418217e-01
4.960843763253980909e-01
4.572774940035990721e-01
2.486398771501588945e-01
3.524104693308052760e-01
5.336265443628193106e-01
-8.186127201789952235e-01
-5.942975743011913448e-01
2.674331037752221141e-01
-4.281459613007707055e-02
2.135189119920001821e-01
-1.747810200524188215e-02
5.045409012666162152e-01
-6.275335460977005120e-01
-8.583010285800000971e-02
-7.375995714505183265e-02
1.239131888599935560e-01
1.154755035866630586e-01
-1.325175430513885755e-01
4.798891122424324696e-01
-6.664510571456220278e-01
-5.215708353108158279e-01
-3.514352088616965464e-01
5.460472227016759383e-01
-5.339114490974651572e-02
3.243219837964064212e-01
-4.880480019664166780e-01
-7.454496301646827867e-03
4.573189756101381231e-01
2.862148870749572360e-01
1.905930324096137551e-01
-8.446655543391541343e-01
-5.559116325884221332e-01
2.625493121713274314e-01
-4.098405357440101371e-01
-1.312849383183127272e-01
1.381765350420345040e-01
4.231066471698386594e-02
9.739557560471243103e-02
-6.745280965380963112e-01
2.455773835228984014e-01
2.888982570833222852e-01
4.872488533252344878e-01
-3.106490983401191119e-01
-3.831291985992820726e-01
-7.746969492918659439e-02
-3.366197821027323844e-02
5.303398484721714989e-02
8.954803655157863584e-01
-5.010972443948801258e-01
3.738614245810131242e-01
8.776311712612569829e-03
7.180985987741745902e-01
9.768084272382240862e-02
-5.254635511724352614e-01
5.022149959507148376e-01
1.574402309998769803e-02
7.615474702688958264e-02
-2.774238237974059329e-01
-6.495919605281988973e-01
3.739574646175988226e-01
-9.913083656864207782e-02
3.623644474502775159e-01
5.321662038352541479e-01
-6.090549716643713918e-01
3.691648376369903173e-01
-2.511403846174971588e-01
-7.079512195417392295e-01
-4.987702536283337151e-01
3.739445192554480268e-01
-1.847414306265391173e-02
5.687536539210998887e-01
1.831743740899506867e-01
-1.398019447615068966e-01
3.516903427831834517e-01
-6.147814598873159453e-02
6.919961620839423233e-01
-1.154091672417091596e-01
4.445330335959031820e-01
-2.571854989759343457e-01
3.902507216607162266e-01
-1.423647651540565495e-01
1.475833939744181089e-01
3.230857757272865838e-01
-1.439451978065307003e-01
6.401213486334098590e-01
-3.759002740562242262e-01
3.254446329147832051e-01
6.942693645220672227e-01
8.642466876394556963e-02
4.349450905108790955e-01
-1.502382155369529348e-01
-4.004452675757426416e-02
3.473664875117389861e-01
2.188360065379708619e-01
-5.284969395680729765e-01
3.341705453067096709e-02
4.692076370850455924e-01
-6.046566858983083437e-01
-6.477685026990268602e-01
-2.755784545338012537e-01
6.576836897158742090e-01
5.651126931336096781e-01
4.551182811950090640e-02
9.473694872711194148e-02
-1.243982004958706367e-01
5.739845179874709935e-02
-1.934032597067857073e-01
4.791105303000796622e-01
-1.473896922158708656e-01
4.508166721024618462e-01
-5.114149152247956520e-01
6.328511613776349742e-02
4.780269318823963665e-01
6.733941856649588997e-01
-5.996842609854775574e-01
1.339450355780809621e-01
1.860549009445573443e-01
-4.955555314729269689e-01
6.908048002384785669e-01
-4.284695181670609143e-01
1.926665966541699637e-01
-1.667863826825517759e-01
-3.303490907892004946e-01
-2.990290321410293828e-01
-2.856982285967900048e-01
-6.165959372977495440e-02
5.375261746505670679e-01
3.578115305120767586e-01
1.328897775802099501e-01
-7.613921616381576912e-03
3.795520545655362565e-01
-1.181067121712853357e-01
3.146954465732027528e-01
-2.991655073207765136e-01
1.713523123139149701e-03
-1.214789099190854427e-01
-7.522681701332305237e-02
5.544558547513076530e-01
-5.184819396376127987e-01
-3.928536021360827801e-01
-2.401210396654334875e-02
-5.286053935276818772e-01
-3.687185124758607380e-02
-2.640748071360051949e-02
2.263865178364347919e-01
-8.477906564744839280e-01
-5.840404535790802987e-01
2.619133238634887006e-01
-3.081253129153790349e-01
-1.816741299503574769e-01
-5.043389578899595826e-02
-2.243287831420559542e-01
5.710896655630204322e-01
1.612073294117963851e-01
8.142400128509212909e-01
1.680148257989341198e-01
9.854602442578840396e-03
5.179049916391335051e-01
-3.908658636376152185e-01
2.721732836613497408e-01
-1.444492103059957233e-01
6.748979557730043141e-03
-6.450126082107914272e-01
-1.331139682960536808e-01
-3.713209315691765044e-01
1.442795539064944121e-01
1.380383600853543891e-01
-8.435728542462185287e-01
-2.248700619715025273e-01
-5.218047377039167212e-02
6.101234422948927927e-01
-5.609541963080391103e-01
-2.117724570266427686e-01
-2.292846803632986041e-01
-5.429053060461144220e-01
-7.187062717469092643e-01
-7.938480215646774862e-01
4.459027170564370257e-01
1.251310897498017216e-01
-1.248562171349189426e-01
4.631317905340296970e-01
-2.858452637108546135e-01
2.812810415803971287e-01
-2.448892968032896911e-01
4.955807134445818773e-01
-4.311669341317150295e-01
4.764357738963399119e-02
3.691591941693724843e-01
-4.047769892298186400e-01
2.623092535392227975e-01
-4.377562329333761215e-01
1.408011068970966007e-01
-5.913126252300443531e-01
6.504598721914623960e-01
7.865419610863015887e-01
-1.260336990902185816e-01
-5.817780350063556094e-01
-4.222478917440444790e-01
-2.145146849003992662e-01
2.486794117931680759e-01
2.965068272713359751e-02
1.755239640314637528e-01
3.054304995323040561e-01
6.264426632915968129e-01
-4.888709026327375806e-01
6.237976981083543926e-01
9.668401309719418246e-02
4.130957376653933144e-01
-1.078938701979872267e-02
6.045610570967185904e-01
2.483899913278506955e-01
7.028935062184131777e-01
7.333544453571996247e-01
4.071933262541566068e-01
-5.138280018968505169e-02
4.740693173291051221e-01
1.387711748212117624e-01
-6.314567810837522499e-01
-6.763558760288432281e-02
-1.552121275144882073e-01
2.867995658941897008e-01
2.346744570021954135e-01
3.299684352428317036e-01
6.367860211062725817e-01
-3.388393187740554313e-01
-3.048885250766255051e-01
4.522912355099517612e-01
1.289157728545898274e-01
1.189113378426591150e-01
5.767945470895082805e-01
2.112090465263642969e-01
5.964718306664491126e-02
-1.521362653379019769e-01
-2.367099715930705006e-01
-5.940317956782338316e-01
7.816377065110963196e-01
2.177322403255962102e-01
1.063304599644279425e-01
5.430215649208149920e-01
-5.455968091120927399e-01
1.988069008490033207e-01
-3.447995940855935748e-01
-2.459853014032892804e-01
5.978985017147551984e-02
-3.665366804739375595e-01
-8.314221714557705478e-02
4.760890172195814118e-01
2.844383031127535252e-02
1.336436685293213300e-01
-6.494303310322669942e-01
7.187872037939511127e-01
-7.667702944960665123e-02
-2.482628518098131676e-01
1.281733779712878052e-01
2.621820516735351436e-01
6.922573929791442371e-01
1.452131515286469998e-01
4.035871690344209339e-01
1.277889332457253224e-01
3.966021477116636329e-01
4.036110245559599852e-01
2.475229313940878820e-02
-8.277987406266222592e-02
-2.912779932336080901e-01
3.509297238309587730e-01
4.377831113660580198e-01
2.346656676734228120e-01
-8.168226986173585114e-02
-7.156982952874595405e-01
-3.864435972619886805e-02
5.352383933622921475e-02
-1.392478573983433610e-01
-3.151967574684989559e-01
-7.941304190356532344e-03
-2.635782845812312258e-01
4.081685375617963851e-01
7.955893104859673715e-01
-1.784562769563905194e-01
2.734691135787582494e-01
2.900081898161284699e-01
7.021725382887388234e-01
2.029557732276243698e-01
8.564835847634518773e-01
-1.878029654719632346e-01
4.510017045068871466e-01
4.906383598201576879e-01
1.028735500486100685e-01
6.834735548242873437e-02
3.719334845237489556e-02
-2.258643955997421682e-01
2.358603560997631632e-01
-5.873565232151469750e-01
-3.485022780067633663e-01
-5.704084255287356076e-01
4.900062121224149081e-01
4.571442919374064662e-01
1.026789001284250658e-01
6.613233879422102390e-01
-3.847002808589285450e-01
-7.290743268837741875e-02
4.110634736675161660e-01
-1.986557046625332112e-01
-5.008270599215959296e-01
-9.433219121858512635e-01
-5.281419920870782381e-01
-3.393834840436787958e-01
-3.890825360967118951e-01
-5.736276866869003399e-01
7.786875837504501074e-01
-3.842808686963082310e-01
7.585390267904001949e-01
-5.688732394486122057e-02
2.347190911274031067e-01
7.893304407508265896e-01
7.548336752572546438e-01
-4.852685326502463592e-02
8.526425220510936986e-01
-2.811604262653070174e-01
-8.805770632472893489e-01
2.360648508354437625e-01
-3.791371038898260770e-01
-6.961354806661845807e-01
-6.051785021019070454e-01
1.301712883881563920e-01
-9.676746506642787127e-01
-7.019753425931943847e-01
6.891622737069397209e-02
8.203324610842543940e-02
6.021826448058310577e-01
-1.762790853450078299e-01
-1.418869796803840233e-01
-1.275264392922298151e-01
5.888078589189335021e-01
3.050857839578083319e-01
4.693682997646263511e-01
-1.926966647760365026e-01
5.087662057577425623e-01
-4.967916690961027282e-02
-4.909056816992167227e-01
-6.915646892176496863e-01
3.844903567985235582e-01
5.448306922490310233e-01
-3.277691000121515930e-01
5.889876874058588285e-01
-6.074881557172124857e-01
-3.260070389293495685e-01
-1.460235913503072913e-01
-7.684587920402951022e-01
-1.747570740268298284e-01
-7.990646484763584689e-02
-1.263920717371997127e-01
-1.288546610577175622e-01
-4.183955061513267015e-01
-4.784814874285968633e-01
2.061947921439517550e-01
-2.441566864318282515e-01
7.532858144574636761e-01
-1.277334415446537419e-01
-6.227200539950455277e-02
-4.668687173190972928e-01
5.761881538221249599e-01
-1.814333511720747083e-01
7.451831543955419468e-01
-5.511071979685883138e-01
-7.903346349642121904e-01
1.035677824625984567e-01
-2.693696345788910707e-01
-2.023513083946874846e-02
-3.293060351397391061e-01
7.448019228805569103e-02
-4.065320328960612684e-01
5.031506607854739910e-01
-1.294776676919222325e-01
5.264315363560678751e-01
-4.616182219517470098e-01
-8.507414920666900304e-01
-2.741055564999858238e-02
-5.595276513274737296e-01
2.630548170770130034e-01
7.613206864225658954e-01
4.290839800605131260e-01
1.604312090011745517e-01
3.478265857060895971e-01
-1.077795494089627271e-01
-6.052796670265789825e-01
-2.558008284286283907e-01
7.895011187173492373e-02
-5.222510309855216137e-01
5.119954077365708178e-01
1.322005134524462111e-01
5.452409667625095491e-01
3.750216253089762031e-01
-2.116407293838614735e-03
4.121255461487986493e-01
-4.056812550076057122e-01
-6.641445720928522700e-01
2.240574004588794521e-01
2.225789402138330375e-01
-5.536209837660497346e-01
-1.067558088941513716e-01
-6.686700780902300467e-01
-1.151734626022560826e-01
2.093873762897875690e-01
-6.097029600861260112e-01
-1.576300423139089246e-01
-1.859671747271063325e-01
1.189370281990899669e-01
-4.984246929416803473e-01
4.717652001021738761e-01
7.126394269271758841e-03
2.071732924126000117e-02
9.996092540685780348e-02
-8.403823089106486899e-01
-7.550527975196466013e-01
-2.072616957306657737e-01
6.878209143007506521e-01
9.624062537944344520e-02
7.901540371000000118e-02
5.656663439292554732e-03
4.455311561918404717e-01
-1.845074182900272586e-01
-4.284709309589611603e-01
3.083243462950139846e-01
-4.530641513946052079e-01
2.511517604754267066e-02
6.986969298839224018e-01
4.051380667839034055e-01
-2.021092556404981977e-01
-6.913784455759024450e-01
-9.231256096456047500e-02
7.385737674660269869e-02
-5.198117889926011648e-01
-3.871623087389749474e-01
1.635967395045503647e-01
4.683294684545701303e-01
2.421290380113908791e-01
-6.539946966360733471e-01
8.788742460956314173e-02
-3.969840884337114684e-01
1.746142564243117756e-01
-2.045935287914506517e-01
6.022198018722516588e-01
4.761577126012968633e-03
-1.486631184625303824e-02
-3.968846203600504344e-03
1.511771847865513441e-01
-3.737775722108554466e-01
5.342806672717248517e-01
-2.077183226740824673e-01
5.212811944776298001e-02
2.487138683187463672e-01
1.361411995460650726e-01
2.138385524134670326e-02
1.662064250099712925e-01
-2.613881949683904415e-01
8.200458366445857461e-01
4.016406699933057212e-01
5.637662285949747165e-01
3.086634230363023423e-01
-4.537720814928920821e-02
-3.235238340945030266e-01
1.552363204691379894e-01
-6.831878793202952882e-02
2.008903503988954120e-01
-7.858670032401512962e-02
-6.504094078167643733e-01
-3.041328614975189470e-01
1.317349899083222198e-01
2.430462844808042311e-01
-5.803707340248038804e-01
-4.089850975328037097e-01
-1.568676534354296881e-01
-4.588875370495874573e-01
6.605178058866314483e-01
-1.146937731043665837e-01
-1.076321513251651818e-01
3.769252546074246535e-01
-1.013580360990871121e-01
-2.004781218215946625e-01
3.909613314205180323e-01
-4.888794368484220554e-01
6.247078128898100879e-02
7.681353861328171773e-02
-1.893813420963878225e-01
3.297958913868772601e-01
-5.955203905686734522e-01
-7.124372870162160335e-04
-3.222436392181138864e-01
-2.994188577508556659e-03
-2.820344916815844538e-01
-2.558922387040429153e-02
-5.236391517533514062e-01
6.589390304602644743e-01
7.670019120347437713e-01
3.855866684452639026e-01
-3.186869056508926379e-01
-4.455054971334401759e-01
4.908934090289979180e-01
5.544293457947970793e-01
8.103031736989414063e-03
-5.443795306919212429e-01
2.123970191258894580e-01
1.642495440722368805e-01
-6.782151146638687456e-01
5.351068834968517596e-01
-5.235903901548873973e-01
5.217095941407969839e-01
-3.530519817589879428e-01
1.731115615005422714e-01
-4.425316728023792612e-01
-6.064806980238487411e-01
-3.344687330813011505e-01
1.251090737938573838e-01
6.352265180943540424e-01
2.193783086534076276e-01
2.388386640214648082e-01
-4.179183517278299842e-01
-2.749678928921496235e-01
3.600849140946736360e-01
1.646337249696951943e-01
1.030469493442103257e-01
1.056887178286395057e-01
-9.644900006964041844e-03
-7.650373530080800677e-01
-2.891409891908785015e-02
-2.003248104818695918e-02
-1.659880095858424776e-01
8.920152970564257378e-02
-1.423683210403430266e-01
-2.081399612822585343e-01
-3.565224148914236113e-01
3.925765000251497105e-01
1.327906470591517507e-01
4.155490700544642868e-01
-5.241032732914199244e-01
-2.707015795358484467e-01
-1.901173780387100942e-01
4.024632869107411942e-02
6.518868341394727650e-02
-4.778341546857549638e-01
5.274387418360532154e-01
-2.112644748572553299e-01
1.402765987794683811e-02
-4.037663811708162576e-01
2.676923932700677744e-01
1.620233990212290309e-01
-6.604528699417280824e-02
-3.730654154781482545e-01
1.978043510280803052e-01
2.571823192617604947e-01
2.910721945603778060e-01
-7.462435966280194233e-01
6.326796138518699930e-01
-6.364279191570394456e-01
-5.982251920099109777e-01
-1.152353590906627090e-01
6.962447932747592994e-01
-6.041376680627968954e-01
5.347420519685845974e-01
-3.096627907583084371e-01
-7.302421979068626223e-01
-1.742242205840494051e-01
2.936313420623257175e-01
-5.562991169109554601e-01
6.422400096394835778e-01
4.738708222294416572e-01
-6.938252831440400170e-01
5.777249024657435950e-01
-7.954545842687199553e-01
-1.878899264381765910e-01
-4.294245531330563304e-01
-4.531856297803151801e-01
-5.109829237639962329e-01
-6.714176405427969563e-01
3.704495335025003167e-01
2.057794970574239324e-01
6.014147641605085415e-01
1.066465967973031642e-01
4.523716251679684719e-01
2.012490673304598854e-01
3.204271167237041640e-01
-5.668798523574214432e-01
-4.403925073311771299e-01
4.791681274594081219e-01
-5.388370862438884856e-01
-4.196342976795369717e-01
-6.084581983148479312e-01
3.032427098359730816e-02
-2.667407880952807342e-01
1.284126782022656024e-02
-2.294619030484968680e-01
1.063935761883363362e-01
7.322058592508039476e-01
-3.932031526119545567e-02
-3.599345598732092144e-01
-5.669289376720330065e-01
5.760027244028206317e-01
9.594959200889936757e-02
3.556763820893904526e-01
2.085390948800774358e-01
6.688132320825598276e-01
4.485705824329219160e-01
2.194209949644003455e-01
-1.327074976641856030e-01
7.434010675808236379e-02
1.187007363810075114e-02
-4.264783363863739463e-01
-6.320523980211074644e-01
-6.247483649865941402e-01
-1.706090912240270652e-01
3.496612004653974065e-02
-1.961692229151838218e-01
2.851197618874790618e-01
5.809130447607807612e-02
-6.589420665229701601e-01
3.606421037578541045e-01
-5.374892389424101857e-01
1.206836009219177941e-01
4.761167899071064857e-01
-4.879632079852742610e-01
-3.384542032496906661e-01
1.897005435079085756e-01
4.934072997178644004e-01
-4.809465773047640336e-01
5.170579329423227732e-02
6.856979631909301265e-01
-2.819183727482085788e-01
-8.441589801399342896e-01
-7.425701307564066544e-01
-4.649599724465259265e-01
4.395187539996953108e-01
-7.929043458803746169e-01
-7.528226295274749180e-01
8.804094888699418586e-01
8.269346213674940715e-01
7.616570490031933094e-01
-1.497194665049799145e-01
-3.611140649356461285e-01
-1.477507567713114978e-01
-4.174116510402660629e-01
-4.062396462533893748e-01
-1.904705016955428876e-01
-7.392294117058191283e-01
9.217279072074435753e-02
4.396198822714900145e-01
1.969763126172286716e-01
-4.402737767795653068e-01
2.058192573832585692e-01
3.361557175725370938e-01
8.227623367283405376e-01
-6.177621084744393948e-02
7.594645775045152369e-01
6.167417558621842710e-01
-5.859862480050116451e-01
-6.255722493262100281e-01
4.900899791590304644e-01
5.346897818856189977e-01
2.071926420594515372e-01
8.629514725485296078e-02
-7.515126167885045616e-01
-1.021944739428140292e-01
-3.946017218531005510e-01
1.064185782424982157e-01
6.504452407595580077e-01
-1.327577235769517305e-01
4.619458411779718832e-01
1.819986009956025275e-01
-1.477205724504047357e-01
2.039628052130736460e-02
-4.241643459199175847e-01
1.754517158570569890e-01
-2.080075819554504934e-01
-5.002107599328492471e-01
4.296088364617764999e-01
-7.995479462752516642e-02
-1.594393663847250842e-01
-1.057258367314634628e-01
-3.763214616509886756e-01
-8.743609114686714395e-03
-6.445508974303184591e-01
-1.616534851777831072e-01
-2.594192651648772469e-02
4.654490053567886809e-01
-5.979119442431066744e-01
2.025168869722818177e-02
1.577076973048283370e-01
9.405102657280822731e-02
2.685673689396497199e-01
2.289780787153214980e-01
2.168713469018623829e-01
1.471312317998107189e-01
-6.208415211225303265e-01
-4.008342125078902946e-02
-3.174408419994692032e-01
-4.330787676621429827e-01
-1.453062652637534813e-01
4.862913662813508342e-01
2.305400907778430986e-01
5.123818680852145757e-01
6.595084555614487420e-02
-2.354418863295963393e-01
6.867571993189970636e-02
-4.444275931482519759e-01
3.800904227143338532e-01
-1.151328599157674104e-01
-3.470775351937681052e-01
-4.360529991693596896e-01
-1.997815196101930812e-01
-4.577175102000469176e-01
-6.047467214974220351e-01
-3.224257830125780711e-01
1.689359101648075789e-01
-5.200462005139077082e-01
6.995418904004934157e-01
7.387877226578144427e-03
6.748138037974805714e-01
4.870227021426459246e-01
-4.648816699132642949e-01
-5.905330386354245009e-01
-7.367779994571738156e-02
-4.782936437747909997e-01
-4.275009137815275473e-01
-3.569450752257868203e-02
-4.468462739279998042e-01
-8.124542049632527130e-01
1.859746624406103388e-01
-8.211778535421696001e-02
3.969944700243161484e-01
6.041584033135589948e-02
-4.785454067905804965e-01
-2.834764952839361474e-01
3.373483933128860190e-01
-3.781443009826689905e-01
-6.335771850351554768e-01
-1.313019270001172245e-01
-4.728049938744159353e-01
-3.638366390889675728e-01
3.270355287217999174e-01
3.857350122494577344e-02
-7.907685935022196189e-02
5.765712722360762932e-01
1.854194892165723918e-01
3.990347808165941590e-01
3.256508183520211847e-02
4.479624762591025156e-01
-7.406870877257875074e-01
-1.164616650602933595e-01
-6.472618795565476812e-01
3.015126938132427492e-01
-7.422904580797871077e-01
3.944155450849526900e-01
-1.239782033262895322e-01
-1.004014538641048448e-01
-4.092458299793070298e-01
2.708311155953831428e-01
-4.073208746819752778e-03
-1.218467359129941641e-01
-3.972358192468912752e-01
-9.352089500840955749e-02
9.561551653631612802e-02
-2.137358183146745305e-01
-3.128367041233334755e-01
-4.510255511631069969e-01
8.135634331826771537e-02
-5.973074086917667946e-01
3.591132011177508021e-01
-2.509648140929681137e-01
-4.983482965403815412e-01
2.499955413730652887e-01
1.887049631777122372e-01
-8.227859002227319030e-01
-2.802276051911951060e-01
-8.158236956620159575e-01
2.549475453129159686e-01
-3.174165716678413740e-01
1.765612648522996153e-01
-2.738356010943232208e-02
-2.651177878245940533e-01
-6.767262664344996237e-01
-2.679566639897131286e-01
2.075875862696251462e-01
3.349125043847613059e-02
5.264142164445229088e-01
-3.259929001012188965e-01
3.762137943305107063e-02
-1.397862696948220795e-01
-5.646790925587079624e-01
-4.783220312829771226e-01
4.128456389973436114e-01
8.668857372021134822e-01
-6.335228590181540831e-01
6.652675038991274770e-01
4.194698618785446254e-01
-3.250337094060565812e-01
-3.668290544424372412e-01
2.364039048322919001e-01
7.615402477447849594e-02
4.519907128207029112e-02
6.736188231287796313e-01
-9.384879428837898663e-02
4.158282947311649907e-02
-5.601188760644376652e-02
-1.956742017067716055e-01
5.643553394996754236e-01
-4.342282056245772015e-01
3.392621791180613355e-01
-1.455157432205674006e-01
5.491676939706946481e-01
4.158862010486049643e-01
-7.728415555852580221e-01
-1.531533741520156588e-01
-2.579635274407577894e-01
2.676561498501969782e-01
-5.191592112216489863e-01
7.306038229142025608e-01
3.959440623896650080e-01
2.105824514770243128e-01
3.979119422306290343e-01
-1.878005618140233535e-01
5.186372850449995076e-01
-1.179620140728777217e-01
1.718336444953826314e-01
-3.659801095074119437e-01
9.185245695630213092e-01
-5.770347594742053499e-01
-3.815845252654943842e-02
2.694998335821184865e-01
-1.066476167149255638e-01
-8.864417617251363346e-02
2.460202086063205049e-02
1.129141095974966758e-01
9.357146437603973688e-01
3.273142958697428662e-01
-6.472366797616546652e-01
3.463060045957566668e-01
2.494948475983089220e-01
-4.172443842963469152e-01
6.761375837164511626e-01
4.262473427632752776e-02
-4.171561803771135502e-01
6.719662183370261888e-02
5.087817625738044747e-02
-2.120159711469077612e-01
-4.450048958262092236e-01
1.676805932015365194e-02
4.660143935013639771e-01
-1.430943204878664388e-01
-3.467488551300077493e-01
-3.065774877417790645e-01
8.204184591729566378e-01
4.449643697655540353e-01
3.178538343017677237e-01
3.976240019718078056e-01
2.430250550982053503e-02
1.873084550920296465e-01
5.774564545307517838e-01
-2.926550222042132998e-01
5.446600391481449810e-01
-7.477472623579051181e-02
-4.446640562363917137e-01
3.030244207217096530e-01
-1.940783163454203875e-01
6.979851110197103636e-02
5.804352624000923555e-01
-1.961180523830509670e-01
1.436584968352473402e-01
2.074088598050872478e-01
2.158694496782825045e-01
-4.307669820863408994e-01
2.040273968071097399e-01
8.602389230830778111e-01
9.559724457795600039e-02
3.959404136205518787e-01
1.211910530163960165e-01
3.692121018177919045e-01
1.498738612827534844e-01
-2.957278172136310057e-01
7.447773250708595860e-01
4.170624000051140201e-01
5.061796940516927190e-02
3.453408433994875626e-01
-6.651242186697605696e-01
-5.677311306925320045e-01
-1.219798877903996576e-01
-3.262563453270140856e-01
-6.145424565666577355e-01
6.005656890620463262e-01
-2.620192276062388026e-01
-2.839680834204851290e-01
2.663303441278661587e-01
-8.076945791365370830e-01
-2.844579028776735852e-01
2.149298147846334939e-01
4.487184465581846582e-01
-3.268291221091070287e-01
-2.312872257640937734e-01
1.072417068392698437e-02
6.686806284435020675e-01
-2.327365288678937549e-01
-6.916119236136600845e-01
-5.241412939817725603e-01
-3.836164531715605674e-01
-3.806129302118866908e-01
4.021216257430950680e-01
2.441514076737787975e-01
3.245026901690798438e-01
-3.107349278888342781e-01
5.013490976159812318e-01
1.089808975732280277e-01
3.919702739618636800e-01
1.833745544389837612e-01
1.817942750273558727e-01
3.757725046956118531e-01
-9.452882158423546455e-02
-2.479549453287123728e-01
-8.627958206447276790e-02
-3.158290045293183912e-01
4.071122939010831665e-01
-4.905220580388779394e-01
6.993108253379618500e-01
-1.778465979717601675e-01
-3.901727263352696151e-01
3.010894395496480080e-02
4.633233883802787556e-01
2.980052518267021777e-01
4.036480007362294176e-01
6.175224630829638794e-01
3.690155543201460442e-01
-3.442896834062803002e-01
8.344369886291282956e-01
-1.857986441915372711e-01
-2.741042551453092280e-01
5.372401557107783221e-01
-4.943254011191892117e-01
5.376866285807868628e-01
4.983401260710306202e-01
-4.744871561629201984e-01
-3.034260004990158716e-02
6.466410904589801056e-01
-7.609012717416122618e-01
-2.599935981359231540e-01
1.534928522778016835e-01
9.120490120421020919e-02
7.078392438075407078e-01
9.119389756645250866e-01
-5.849661745602824370e-02
5.745404050556073006e-02
3.869694438655872926e-01
-7.652858098493406924e-01
3.853303569067533241e-01
-7.258562857199067908e-01
-4.391121731707318121e-01
-3.669981450751086949e-01
4.809901829777529225e-01
3.531634586248107999e-01
-7.022599680431581559e-01
-1.516006239145231693e-01
-1.186656671478110436e-01
-2.748870379069187631e-01
-5.741791369119060295e-01
3.817513314746248665e-01
5.306889678725781878e-02
4.838812828704304458e-02
4.904359141902937536e-01
1.493099995706019534e-02
-2.282473609140845128e-01
1.774342942923307631e-01
-2.281273140376473829e-01
1.066738085928578290e-03
3.022089960959443711e-01
-6.080304748755929189e-01
4.778104597313839186e-01
-2.820030203737449170e-01
7.690621049237353346e-02
7.481566328725784976e-01
-4.390193542869146315e-01
-5.633386494158375557e-01
9.057318187401119935e-01
-6.208988696381841921e-01
-2.057771480798443464e-01
3.774092350333623641e-02
-2.058486547078907103e-01
7.761435091764901095e-02
-1.035340624182273656e-01
-2.234098398915530526e-01
8.020906064671617930e-01
-2.920013218468462887e-02
1.631993368733395539e-02
-2.542232500069798590e-02
2.330420731191196748e-01
-7.107785759647468060e-01
1.560031738074433849e-01
-5.318476867594867930e-01
-5.439372699838151970e-01
6.586754148171365397e-01
5.171695605888659841e-01
4.311475122314124553e-01
2.797551413765148598e-01
2.174788882246121435e-01
-1.521430097884971522e-01
-5.724862586604427192e-03
4.843743438595526918e-01
5.756238665388599962e-01
-3.488368126184416829e-01
3.374780068428112068e-01
4.168025132777349318e-01
-2.987234181234748043e-01
5.415111002557588815e-01
-5.838924293384081254e-01
-3.045799677675656292e-01
2.426503518226605371e-01
-6.014204875317379767e-03
-5.816103920796907856e-01
4.311752219597616564e-01
-2.079940564248794477e-01
-4.666065164956397782e-01
3.399178643451630233e-01
2.139937266821462791e-01
-1.739986797577406374e-01
-4.935688298528084772e-01
2.718807235855082993e-01
-4.230287032544396975e-01
7.369960942816302651e-01
5.432977367703006877e-01
4.508000623745747060e-01
-5.968936881917781268e-01
-5.863033843750609098e-01
3.301006092941876635e-01
-3.535383803214414700e-01
-6.568798373245772204e-01
2.171380683124022049e-01
-1.695820163307913131e-01
-2.012513117299645216e-01
1.054721802611979786e-01
2.027195164932873994e-01
7.482736763432791260e-01
-3.213697909159848320e-01
-3.174142444778989269e-02
-1.680056996199531250e-01
-2.251063648446910703e-01
9.939603122346313616e-03
5.902975377845032234e-01
-2.658490640160795504e-01
-2.363354001882846667e-01
4.030969522904717106e-01
-6.577173315886848393e-01
-3.820759747847022325e-01
7.668067362328183645e-01
-7.886906564764631367e-02
-2.585117452817493611e-01
4.802349760033411408e-01
-5.971586141177456231e-01
9.993549519737802977e-02
-8.443182444380672447e-01
-9.846275702870678492e-02
-5.620654904241784156e-01
-2.013706894886209686e-01
6.337452931049608607e-01
1.216452702325852842e-01
1.600756340181638815e-01
-4.788017224558227536e-01
-5.961875259119105985e-01
-1.584871727597793600e-01
3.142630194909935559e-01
-2.613513716398935260e-01
4.941856927843369940e-01
3.265709499061434928e-01
1.624194658842969263e-01
3.915916121140104733e-02
1.318058741092834607e-01
-5.179225062075891728e-01
-3.201382177210401747e-01
-1.306623625426532424e-02
3.913493978842942367e-01
3.116626354517409991e-01
1.263240181924694117e-01
-3.459644640791188497e-01
9.535826526648560897e-02
2.983646378035155200e-01
-4.307537831705748332e-01
6.759731417380786533e-01
9.096990296430132461e-02
4.289779699779114330e-01
2.466399911022350844e-01
-8.190586462248856670e-01
-1.775055509335176918e-01
1.043191028876698789e-01
-1.741018449150247838e-01
3.216087159713431620e-01
5.332043663931287369e-01
-6.146037982522087884e-01
2.609320261957977921e-02
6.369175831358062645e-01
-3.469174529688286435e-01
-1.621576294675391161e-01
6.160820576453859276e-01
-3.474452114583979068e-01
4.660280311112627860e-01
3.645354209971919668e-02
2.890832787298699968e-01
-7.811019251771122995e-02
-3.850560609614583907e-01
-3.702297854668631927e-01
2.289579458019334324e-01
1.918624460994627634e-01
-2.880854287794991087e-01
5.456894614710001701e-01
7.774432566542696654e-02
-7.073760916621402162e-01
-6.179102367873164914e-01
-6.007412029796883601e-01
-5.735905144972244796e-02
-4.183596731997840101e-01
-5.861526338556698190e-02
-6.283123478399524897e-01
7.781799375047357969e-01
2.881609850671247308e-01
5.158874242264633869e-01
-3.536429541955762312e-01
5.820770634162342194e-01
-4.641421076506206944e-01
-4.479439589165466751e-02
4.519303700960300985e-01
3.116581146561405724e-01
-2.424181802602668606e-02
-1.404285966697361165e-01
-8.329512846660667158e-01
3.769345484704517135e-01
1.801745560033553017e-01
-2.588881661884089302e-01
6.676483626423435069e-01
-6.325838625620128219e-01
-5.331577713823552889e-02
-1.810793652494248340e-01
-3.340318360684799148e-01
2.389874107814391260e-02
-6.053364689037206148e-01
-5.383754585378497381e-01
9.264052448617292324e-02
3.187287861564688241e-01
-7.752591648862384721e-01
-1.139403588340403423e-01
-1.604052253125902716e-01
8.799237604923278999e-01
