-7.274632808774277037e-02
1.169101372251821619e-01
-2.995896369818289995e-01
-1.937635186099065376e-01
-3.468441147538151026e-01
-1.141021247643260739e-01
4.260418814033553603e-02
-9.096128418330406973e-03
-2.912064861291428497e-01
-8.589544688894024116e-02
2.385043204231621361e-01
4.884717413942012143e-02
3.948523320165747141e-01
2.888688065558182166e-02
1.855592006354198908e-01
4.345612091230591223e-03
2.718334117691222906e-01
5.000856294739962349e-02
2.752591572538297671e-01
-3.345141710902307386e-01
-1.804236983143636397e-01
-1.706644568930133499e-01
2.893137499543625979e-01
1.689228828463506804e-01
-1.577741488565941874e-01
-2.437907814134555595e-01
1.867714031648377848e-01
-5.777752921035591571e-01
-2.718941329540688900e-03
-2.063860646974622903e-01
2.019928411812894065e-01
3.920243280250722551e-01
4.378632381382969174e-01
2.617119151135458011e-01
2.327826494283396497e-01
-8.968220209318408798e-02
-1.014839137996408347e-01
-2.082231576880821666e-01
4.284826577249322144e-01
-5.473895766227543369e-01
4.539266596003094789e-01
1.020671116889941971e-01
1.755768449914418827e-01
-3.985573249261059048e-01
-8.715669100477232978e-02
-4.609756615822721004e-01
-4.398601001512690289e-01
3.486588445233166911e-01
1.415392640177783878e-01
-7.901432113703492355e-02
-7.239090435419150149e-02
-1.333843002317343374e-01
-5.701874694608426442e-01
-6.841066010485024051e-01
-7.491447487994250254e-02
1.405040633067690392e-01
1.589597677341615667e-01
-3.974697791790380297e-01
2.401560113402787522e-01
1.253890967643712384e-01
-1.285168877297936108e-01
5.688782471042490574e-01
1.226241314555993889e-01
-2.960983370862730890e-01
-3.348566931959631038e-02
-4.526536634670580428e-01
-2.410410851026854595e-01
1.143802862623063271e-02
8.436822248768197086e-02
1.039440062178989821e-01
3.383622195263840116e-01
4.875272838028399947e-01
2.757891192184950824e-01
-5.359924036172175610e-01
-1.943497562050855443e-01
3.848188532339885115e-01
2.856974971462982182e-01
-2.173742580456428652e-01
-3.041325981788312038e-01
3.774905888468431114e-01
9.154391847322659870e-02
1.595736982667825821e-01
-2.027479108316404821e-01
8.800017974149032529e-05
-9.508874859313815042e-03
-1.002131863701035963e-01
-9.861460201719769725e-02
-1.986442733683911888e-01
4.594334429129831587e-01
1.054844645656256713e-01
-7.417598253138131537e-02
-1.556415721000026509e-01
-6.075583544498489030e-02
-1.923553027252853931e-01
-6.022126738614967945e-01
-2.051065445056578784e-01
4.519497534639602687e-01
5.132464243431793249e-02
-1.148529523124324214e-01
2.929896008926684003e-01
5.225506079220543221e-01
-2.692101406623510773e-02
5.339566320055125909e-02
-1.328363589280617263e-01
-3.386657505693536074e-01
3.168349561089187257e-03
-2.755757209611917058e-01
2.478695606517003214e-01
4.060974947168284610e-02
-2.020868625954073405e-01
-4.173135547303389314e-01
-4.552083518373695181e-01
7.311030990214155423e-02
3.727828603795033113e-01
2.936645206152736082e-02
-2.205689834069134436e-01
3.279579046461160163e-01
3.724965011913923263e-01
-1.716273050798013955e-01
-5.393537126809905269e-02
2.042124715755632980e-01
-3.462318420618816228e-01
-2.398216341364765025e-01
3.923763878346619993e-01
7.012474840991994585e-02
4.657110973089801931e-01
1.605684661224133225e-01
9.472837980812710834e-02
1.743582970139948285e-01
7.429800278147342951e-02
2.119371731579133833e-01
1.793318203832839908e-01
2.916072670996369687e-01
2.140866565117660880e-01
-2.604818463310214494e-01
4.202896186159107428e-01
-3.075573330063313682e-02
-3.908422458863589632e-01
-1.612988535424187547e-02
-2.414004550155140760e-01
-3.898924096661446348e-01
-2.918367760750938955e-01
2.507511379808301522e-01
4.215729448247762523e-02
-1.927402091879003299e-01
1.065491896319293100e-02
3.810305751688763398e-01
2.022771153758308460e-02
-1.198221381350306480e-01
-4.298345572719962093e-01
4.828204853073139041e-02
6.449102843177659250e-02
3.316867521480930669e-01
3.931452752711495635e-01
5.026631825372843698e-01
-2.671882088942122424e-01
-2.360557292383884953e-01
-4.155835879504630181e-01
8.637410333332738027e-03
1.360869323740430681e-01
4.523232612228398342e-01
-3.226037623434546697e-01
-3.492690539001331307e-01
-2.749017078514911505e-01
-1.167518738122463456e-01
1.270174323828473506e-01
-1.338121764129649727e-01
1.476312798138564031e-01
2.098073015955445875e-01
-4.218339720263896142e-01
-1.590860870411301420e-01
1.767121230484167971e-01
6.778167716187814829e-02
-2.132727821517441669e-01
2.977770880625598138e-01
-3.072120127685714075e-01
-1.869493570187254761e-01
-4.415865205391545922e-01
3.723368062689831615e-02
2.317450874932860116e-01
1.963237474416241191e-01
2.034618434426241906e-01
2.922490455449817670e-01
-1.052450438273324629e-01
4.237112083330917822e-01
3.704042537276105440e-01
2.606488691353329168e-01
-3.528648768428334359e-02
-1.004355188916341984e-01
4.291457274123480770e-02
4.387072045903829265e-01
-1.556126622740932053e-01
-4.163210355650729388e-01
-5.363624184154827113e-01
-1.256793699487759874e-01
1.355359483327522596e-01
-3.350118913671792376e-01
2.347058389165194436e-01
-4.694692405276070790e-01
7.494601194299618796e-02
7.970117727840662913e-02
-7.830679431383193168e-05
-3.154302716617609637e-01
-3.158360158366671500e-01
-6.627702118781738649e-01
6.116720546399146167e-04
1.127791673353975010e-01
4.007905497137238537e-01
-2.468249857929794289e-01
-1.682290335079722476e-01
-2.220718100779020543e-01
2.204125940856642152e-01
8.802028090544158911e-02
-3.205809474201223863e-01
4.699494281436065735e-01
1.830399614973969302e-01
2.513767304126667268e-01
2.310702065735575073e-01
-2.428474333444537864e-02
1.852210833849187999e-01
-6.273298658828185825e-02
3.148266852701737117e-01
-9.018756257721169400e-02
-3.205240759341996259e-01
-3.087043396906516413e-02
5.222055961955642811e-01
3.909763254730909132e-01
2.941763940116509657e-01
2.658764448833361715e-01
1.688909438654021822e-01
-4.764161362199547112e-01
1.717335135651202466e-02
2.238335605743456691e-01
5.401726523066101571e-01
1.624046832194329659e-01
4.650997505114489727e-01
-1.914306812620074905e-01
1.350553859509518451e-01
-4.770556253657355916e-01
3.902544889927639926e-01
-7.786292075633862719e-01
4.258682310884412958e-01
3.933684795465790529e-01
1.585955835395808367e-01
-1.432240283445982976e-01
-4.882849329507360503e-02
-3.871400298260962991e-01
3.942240460987037620e-01
5.745240107352704850e-01
-1.086937610243252361e-01
2.946825540011281386e-01
2.687091913167785062e-01
-1.104872492502424197e-01
8.492139142344308500e-02
-9.952168720413557754e-03
3.398039900364117627e-01
-2.460396968025834741e-01
-2.020586442487078416e-01
-4.011630593975138437e-01
1.414286864750536887e-01
-6.624584336185831424e-01
-1.752668723120751060e-01
1.274893782318997082e-01
-4.115474780729864168e-01
-2.514264451094591624e-01
5.291578930871154718e-01
-1.427154224044235586e-01
-3.418122791484056733e-01
-2.456955838631546818e-01
6.964272137273597174e-01
8.202959395732417613e-02
2.459794284175479129e-01
-1.192116283005095756e-01
4.877222398138295612e-01
-1.044593067633696609e-01
-2.744589241368505794e-01
-2.252778328841364974e-01
-1.462830044348950587e-02
-1.724422267352130472e-02
-9.669980623783527851e-02
-2.567134202248375074e-01
-4.600660937770628678e-01
-2.912992633610399507e-01
-1.416849272170132013e-01
-1.549058281310725649e-01
-3.411244797951279439e-01
1.666181607901269512e-01
2.334389389256587288e-02
5.166195009351826073e-02
-1.384754083296873828e-01
5.296876572631865378e-03
1.564811233614095409e-01
1.451828763119301924e-01
-3.768940925549613685e-01
-4.471301095154937844e-02
1.039190023162809284e-01
-3.009915340415255172e-02
-5.903268345104664139e-01
1.476621781321178495e-01
-1.424107211943753670e-01
1.069502670716251935e-01
-5.421556780659165797e-01
-1.920541411686162991e-01
4.927794455278149133e-02
-1.708394992442024973e-01
1.415237936933592677e-01
2.407524373835785991e-01
-5.103226728498350129e-01
-2.075891563801304518e-01
-1.946599122517614078e-01
1.959044151241833565e-01
-2.575597412638274131e-01
-2.516576286411731367e-01
1.858241037308505650e-01
-5.429019867209035344e-02
1.639361556610067217e-01
-2.152183903061433701e-01
5.174470681576228692e-01
3.238485823233380745e-01
-2.350760767064590251e-01
-9.345733749886687980e-02
5.048660766478176853e-01
-1.803178267138677016e-01
-2.813960141145752658e-01
-7.307169203336226493e-02
-2.669777374685203264e-01
2.215625714259188972e-01
-1.139935388768688052e-01
-2.266466881003027095e-02
2.591338891854497728e-01
1.360251389958964940e-01
8.555013863465468771e-02
2.437995885089875858e-01
-1.031625621142299443e-01
1.715269534109176985e-01
1.710036421430579934e-01
6.632243376704544113e-01
2.518793681187648792e-01
-1.196345599215957178e-01
5.765770584555576783e-02
2.137756019861024870e-01
-7.573219852664636598e-01
-2.379559152072121264e-01
3.596153051003884715e-01
-2.792697971007936930e-01
-1.703157913609613938e-02
-2.592518558903592618e-01
-9.855918716750955433e-02
-1.306845975814607541e-01
-2.881068077455934962e-01
4.354362013579766155e-01
-6.469054125625225971e-02
-3.856477258704219535e-01
-1.720702836909260847e-01
3.040592305061744494e-01
3.110344530819380005e-01
1.003163625886611537e-01
3.309230851831905795e-01
2.811022198100600611e-01
-1.971088697807294454e-01
-2.213868779942300968e-01
7.132396776441252140e-02
-1.946290493869746174e-01
-2.818894881318013690e-01
-3.575040458450949865e-01
1.332333681328687069e-01
2.314365935285742637e-01
7.215595308580460832e-02
3.630019860359545714e-01
5.539494949495335496e-02
-9.352775595633790184e-02
5.701634658923183663e-01
4.853181122723595475e-01
5.462555688877172022e-01
-1.991248402213330604e-01
3.089713265598200698e-01
4.899143783713473255e-01
-2.019790972462083278e-01
-1.760700474004421034e-01
7.480610050453513626e-02
-5.188780482449033976e-02
1.207487467648223622e-01
1.911772162272590281e-04
3.952514696067814803e-01
2.159464020809603868e-01
-4.391671867957606112e-01
1.482776786174204442e-01
2.375507875805514812e-01
-1.037234090754535487e-01
4.541698912590088483e-02
1.174291897471844981e-01
5.142464877439352211e-01
-4.108788192873408240e-02
-6.157689320808745065e-02
-6.601284804644427240e-01
-3.507991262845029934e-01
2.776057660994557530e-01
3.683246747059244763e-02
-4.090365204206163341e-01
-9.096598016959880906e-02
-1.396269114983554882e-01
3.324381218445985331e-01
3.316190268691051601e-01
-4.959121767664415037e-01
-7.243354616877226704e-01
3.511807026028334056e-01
-5.780234951770086838e-01
3.586506878005820687e-01
2.052390338090568644e-01
2.282592398753437168e-01
6.769972511544795069e-01
2.373402373868843118e-01
7.230108035438423397e-02
-2.137551287202621442e-01
4.150130103313735552e-01
9.836691324035348738e-02
-2.017127400144002325e-01
3.901434302660433118e-01
5.046799563695819613e-02
1.740835209547944018e-01
-2.653679491310628746e-01
2.231999390583511433e-01
5.701746365204234390e-01
5.718949687688895667e-01
5.060848925957716488e-03
-3.538750861667644410e-02
1.238165152112122025e-01
1.856459145645947273e-02
-1.918855472919119357e-02
-2.751719769642650970e-01
3.354806214744318615e-01
-3.106493177978020825e-01
-1.187226546080898115e-01
-2.283968166285929580e-01
-2.010886367167007416e-01
5.002105313700728750e-01
-4.844096662565187672e-01
-3.823311384330609353e-01
3.940172596424342255e-01
-2.410269761835534541e-02
1.567577638609356783e-01
3.337577372955453092e-01
-4.237856493671182667e-01
-4.114126094159812896e-01
-1.554809269923052295e-01
-3.852052399620713163e-02
-1.424511555882102265e-01
-2.652845517050400614e-01
2.214629364211165297e-01
-7.469710992790808135e-02
3.211570515233717060e-01
2.929341161166164331e-02
-5.665875395737121067e-01
5.331052005927924831e-02
4.175123702001248827e-01
5.795648187888290392e-01
2.211243412197516980e-02
3.509709188782041966e-01
3.220108910466204510e-02
7.098417355530203254e-01
2.164784988884077277e-01
2.661673745522096790e-01
6.223825804128373385e-01
-5.582964937917236359e-01
-5.078506749611465532e-01
1.140305383098584452e-01
-1.490343923639540769e-01
-1.005063985259834897e-01
-7.258649498728658722e-02
2.071454471439253819e-01
2.249680305614422671e-01
3.163337377565159647e-01
-2.249488481363229875e-01
-2.120655140691485030e-01
1.798137647416013229e-01
-2.964608306702393725e-01
-1.793057142079411692e-01
-1.985226215022599661e-01
7.511243446043640304e-02
-7.232494226121503889e-02
1.710940348111394949e-01
1.059857393791467650e-01
-3.387660574425988558e-01
-7.080646697348923491e-01
-2.113418669344062362e-01
9.000570378758622481e-02
-3.223166142702773018e-01
4.907243468614110316e-01
-2.596395816300461346e-01
1.548106631840368563e-01
1.425738710768040263e-01
1.062697007883909306e-01
-4.202504914477281361e-01
1.690492037320939500e-01
1.544604226649678724e-01
5.542055794819151782e-01
5.871948125909103033e-02
6.296993229829753735e-01
-2.568643314179620551e-01
-1.328278031418094474e-01
5.318511922244414936e-02
1.236946172278099165e-01
1.741664294429644821e-01
-2.291076133459801767e-02
2.006691493153775208e-01
5.848053532510885666e-02
2.452107843528536502e-01
-2.385849023722499962e-01
-1.440771215898695168e-03
-1.624118287358435886e-01
1.987427272991551253e-01
-2.001192343546172037e-01
-2.117057607820624354e-02
-4.590337887586326548e-01
1.505116816988079087e-01
1.468904540016186255e-01
4.503983946299105513e-03
-1.128765021748655978e-02
4.887997576862720406e-01
-3.555408684209758752e-01
1.752844923008263500e-02
-1.156275988051214676e-01
-1.241245186418798441e-01
3.454813156390995621e-01
1.001806869423870969e-02
-4.379161718592418095e-01
2.171980356858241312e-02
5.832175509744939035e-01
-3.982091244272864539e-02
2.794436725370159080e-01
6.266642670350323074e-01
-2.389684117649999995e-01
-2.307334978219567345e-01
1.192003642082155035e-01
3.422884866758153510e-01
2.017762263900996222e-01
-3.025807269279473521e-01
7.294370391162730005e-02
-2.047128064765847688e-02
-2.354919668158551305e-01
1.225787036060582980e-01
4.399426493496988444e-01
-1.845495224527033962e-01
7.364958876931869403e-02
5.508657192529612390e-01
-7.132224254287049536e-01
-2.185379840338936008e-01
-2.738334792526530004e-01
-5.811405496385646519e-01
-2.236524026835783330e-01
1.134718553850048856e-01
-1.566743957899566567e-02
-1.240597133040092781e-01
-4.580614032538172786e-01
-3.007164890706264249e-01
-2.479632049422206275e-01
-3.429015528761913956e-02
-1.349801639500598782e-01
-4.055296579613626995e-01
5.090255493438892165e-01
7.032586704189586202e-02
-7.459189041034743062e-03
-3.142740389705710458e-01
-3.347543634728283313e-01
-1.013218434266016515e-01
5.716437274294485643e-02
-5.743141986178341291e-02
-5.532749485872903022e-02
2.708865446201448313e-01
3.784996195913202244e-01
2.427742211198683775e-01
2.560734694234325648e-01
1.781445929831129427e-01
-4.167954606028105580e-02
4.685241765063417052e-01
-8.129344759599560488e-02
-2.381002457461500188e-01
4.073794194010058045e-02
-3.867005126262099135e-01
1.067765623334094166e-01
-5.641269288769670126e-02
-5.446776352234103946e-01
-3.684254665610151580e-01
-5.175434680104273877e-02
1.249649244299451400e-01
-3.688004846862174002e-01
-2.371552459151819447e-01
1.685593370078065367e-01
1.132625924098212555e-01
-2.059383706669842273e-01
3.228209690133073684e-01
-8.485845126208053923e-02
4.287704124288207463e-01
-5.351907758334029097e-01
-5.767203245355093794e-02
-1.321380607612822888e-01
-3.795206474588150303e-01
5.181398559405938492e-03
1.989803301157310744e-01
1.232980107320059623e-02
-3.840437496659611649e-01
1.530870748599830189e-01
-7.363068732284428798e-03
-2.564169994684561971e-01
-5.662381238685412210e-01
-5.404266487572118027e-02
-1.051002672587747211e-01
4.390597763868230308e-01
2.937668984486864199e-01
3.563346448702272573e-01
-3.891386969370246862e-01
1.658336938409332717e-04
-2.047406951539718079e-01
-3.665004368638748872e-02
3.058520376389624040e-01
4.521039375773439062e-01
4.198957330177215952e-01
1.305950320834039224e-01
2.794352179676492520e-01
3.178142708202608135e-01
-2.252541733660426149e-01
2.531480714096603357e-01
7.342827730304155032e-02
1.697403429588319884e-02
-6.900015924752873897e-02
8.352760812774454036e-02
-8.725813252971956202e-02
7.033378629562217488e-02
-2.299371978195793864e-01
1.241906673733152583e-01
3.070192214578160161e-01
-2.024736390854846024e-01
8.875949821326559186e-02
-4.066375865910043519e-01
-3.298107849623991839e-01
-1.096878169627944488e-01
1.263593460214007258e-01
-3.594423169939801599e-01
8.154332749566807481e-02
1.499160110097444779e-02
-2.008807405730904938e-01
-1.445051981166870503e-01
3.024080904843444786e-02
-3.454552882400456770e-01
-1.389365630053501777e-01
1.651357920820090974e-01
-5.010837565500642077e-01
-1.609013646472916004e-01
1.286819908385984923e-01
-2.860115345834127881e-02
1.250312511371002022e-01
-5.529782320656387307e-02
-1.222595540795737290e-01
-4.939061086395889477e-01
-3.535633572535545714e-03
2.130303201174498229e-01
-9.496823241411633809e-02
1.910090543550102826e-01
2.806966591919534126e-01
2.268992162397518164e-01
-1.434678369096896444e-01
2.324066978258317873e-01
-5.476944340349721996e-01
-2.151496971419177007e-01
3.391190611632304286e-01
-2.486283264021061368e-01
3.319123942533917515e-01
-2.540765024402295152e-02
5.042742265669272750e-02
-5.408790094598640852e-02
2.459758488830358081e-01
2.373930667536548467e-01
4.420277883181967238e-01
-3.140145265908386718e-01
-2.042586581221624287e-01
-3.228466763606335777e-01
-5.654349464617786786e-02
1.518442612699461292e-01
2.229999973960313797e-01
1.558348007400713053e-01
-2.203681840221022870e-01
8.347394404148192337e-02
2.723261663426487095e-02
-1.864917309827787695e-01
-3.838895736378650919e-02
-4.478339298080794562e-01
2.246826989277998787e-01
-1.957769972346267984e-01
-5.050319611892243321e-01
6.919511475093338693e-02
2.744812197114734897e-01
4.094301424894072894e-01
-3.338191933834864789e-01
-2.389276579784695986e-01
3.746803030775645027e-01
-2.955423867038159402e-01
3.702280574851559702e-01
5.360364418205252335e-01
-3.517665606888716878e-01
-3.503582196618342248e-01
-5.176858683399970795e-02
1.763649288178960606e-01
3.783921966830905426e-02
-2.093809060073595352e-01
4.392360537549609978e-01
-2.913824634051491169e-01
-1.003952273919914567e-01
4.806400678212393029e-01
-3.530533347468736705e-01
-4.733325299915512319e-01
-1.109549483997609165e-01
-7.481298251101263508e-02
-8.145107624768221921e-04
-6.720057109029463349e-02
2.167463026586388675e-01
-2.965915730657688876e-01
-2.952742931959385642e-01
3.540605748388084978e-02
7.693544238916162348e-01
2.734876814506839726e-01
3.897033559760277877e-01
1.449184992579780340e-01
5.228120533735211017e-01
2.828117808844601289e-01
-4.253912529406571608e-01
-2.429625992436421911e-01
-2.811138765808099960e-01
9.625940622020642823e-02
-1.103390491578762761e-01
3.155926742494341575e-02
6.083639727343111148e-02
1.885757300421682103e-01
-6.035921927845381424e-02
3.360282269075374750e-01
-2.915801412657955116e-01
-9.536618500811509802e-02
-8.206816948973340298e-02
-1.254282669383663951e-01
1.488424526274870763e-01
-7.661333969009440081e-02
-2.859413797273209212e-01
2.744056615790217007e-02
6.579507317831722046e-01
-7.096812918497061307e-02
9.457416052403347373e-02
-1.204276796006724798e-01
8.415829757071398298e-02
3.955598970616122645e-01
1.842540041106517923e-01
2.712463091322616648e-01
-1.554500838730446532e-01
1.101789240002779419e-01
3.159102381495338396e-01
1.705797843515288181e-01
-6.828451992197100973e-01
5.582481668600449698e-01
5.692800927567712721e-01
-4.028791301922035606e-02
-5.114301340804895402e-01
3.556769925656386722e-01
3.641568100759349780e-01
-3.368219078241774800e-01
-3.671046087525943191e-01
2.485162006864009565e-01
4.117030668106050340e-01
-4.613913960264729441e-01
-1.340699808450270814e-01
-9.052497692579122845e-02
3.675996181970110355e-01
-1.813384534088786915e-01
4.885421483314705826e-01
3.009273471669841882e-02
-5.475840191946962365e-01
-3.997211248491776558e-01
5.027267079332236044e-01
4.562760986736534852e-01
3.770972936845366497e-01
-3.675682954249418488e-01
-1.702392921892113553e-01
1.743539743400646380e-01
-3.524154038776782238e-01
-3.382102986822187463e-01
2.568983352914726015e-01
-2.455350056014196647e-02
-1.383015759254862809e-01
-3.108656666891973508e-02
2.584644095525440721e-01
2.257671900899585749e-01
4.623754952462061363e-01
2.993860556808288775e-01
-3.527176056264875736e-01
4.137093110438379989e-02
3.949590852961810672e-01
4.788081233527370917e-01
-5.569857493063913589e-03
-5.003663179593194066e-01
-2.551623626635786679e-01
3.737126953093633519e-01
3.496358584404067882e-01
-1.635494356790234000e-02
4.337328341074103699e-01
-1.602723152427434350e-01
2.325001181392433169e-01
-2.761069887970481473e-01
-7.492167263549699696e-02
7.335566135700193231e-03
8.801234145684060095e-03
-6.617577045286630044e-01
1.197374534930274181e-01
3.252922981581475304e-01
2.513506976044982966e-01
2.257274369576635631e-01
-1.973431605411956058e-01
-2.382211109250741421e-01
-3.116461115295119932e-01
-1.589663835413608894e-01
5.117624810267723534e-01
-3.824928453705394443e-02
2.239397776330069589e-01
1.367429585443835915e-01
2.546795638663165023e-02
-4.944395028714050344e-01
6.375334937901129262e-01
-6.251009293565290559e-01
-3.818384949440271070e-01
-3.140907344542229751e-01
5.852139371425256753e-01
-3.843855194406708975e-02
1.711632426712716981e-01
-2.740014330150967736e-01
-4.088267004589481446e-01
1.214503705714149312e-01
2.698684852428138992e-02
1.567742963330657213e-01
5.664107488027338988e-01
2.103612671952818647e-01
2.398588740225165439e-01
-1.045082852939527573e-01
9.814301721508141008e-02
1.769230974250412536e-01
1.577715018607682984e-01
-1.456778484399343272e-02
-2.529677910942091934e-01
-1.289864886180905335e-02
-1.317760562198010965e-01
-2.648683960437352436e-01
-3.411880337831841442e-02
-4.237172863523675503e-01
2.098336637766504698e-01
-3.879697041048679740e-01
3.102627784000384081e-01
1.349572761123205844e-01
4.790994508533448770e-01
1.283341741887797371e-01
6.660124828976385913e-01
-5.973268618247120493e-02
1.692490158593493860e-02
-5.576046753325289984e-01
-5.245118763921865490e-01
4.852175705872517793e-03
1.573197977828004190e-01
1.140371560237971871e-01
9.733938217862284081e-02
2.105191044390296862e-01
1.329117745206009338e-01
-2.058674190474861498e-02
-1.266779681788361978e-01
4.685693303147898947e-02
-8.482268421589242435e-02
-5.095720701379417017e-01
5.123925760883234481e-01
-2.761913883642624357e-01
-1.848504107268638397e-01
-2.149529796546051641e-01
1.015320162299643281e-01
-2.260442068840026741e-01
-2.706526881243908056e-01
1.278789639245685172e-01
-7.716057437644416317e-02
-1.095407679296711151e-01
-4.321057794821661080e-01
1.850753474247928410e-01
-1.676577256848939268e-01
-3.072060437830911872e-02
3.355818808931907982e-01
-2.735626227477385708e-01
-1.287780131801040048e-02
1.830222042797435000e-01
-1.716931021039145300e-01
7.106166089801861652e-02
1.707462614141431745e-01
-4.028740226241870476e-02
2.342770168905681516e-01
-1.478563410502602982e-01
-1.437321696878167132e-01
-1.805147213238768034e-01
-2.059671819627961753e-01
-5.459813768951158330e-01
2.604023162304727190e-01
-5.123901736873577306e-01
-1.329883408060857641e-01
3.279794313023868813e-01
3.219111645145593115e-01
5.899614029958553107e-01
-9.914052920611619857e-02
8.263596115850070645e-02
-2.163485701786653226e-01
3.412884764446028063e-01
5.580930730145217122e-01
-2.367258394422332990e-01
-3.244937316321611087e-02
3.695852845121048724e-01
6.649819084241975764e-02
-4.348497401864278578e-01
-1.087309119638261018e-01
1.429534914303828008e-01
1.761471834027245331e-01
-5.576044026931484821e-01
-9.148177994727971218e-02
-2.563481483216941692e-01
-1.096129856985259832e-01
-2.301872107275305113e-01
3.403001566177723536e-01
2.812786605165177312e-01
-1.043200370018308593e-01
8.879810815934219281e-02
4.142355171339883735e-01
-1.562917239242479217e-01
5.654418690451749885e-02
-4.880556691416911008e-02
-2.282606746951389431e-01
-1.917919364038614405e-01
-1.349103541826049135e-01
-3.165727552288956359e-02
3.167513501616612270e-01
-7.608415499918556868e-02
5.337722981890671153e-02
2.175289124317547618e-01
3.215950664457709607e-01
-1.864797225867630970e-01
-2.264007010767023556e-02
1.335920727820395781e-01
4.150140278675477218e-02
-2.627050591037042304e-01
2.864907806848029370e-01
-2.987372946235122839e-01
8.188718475303373434e-02
-4.232807875689252319e-01
-1.544947808546489609e-01
2.225506301329142345e-01
1.241099073070174863e-01
-1.044388784217712279e-01
8.213436992560929628e-02
4.977809725465304758e-01
-3.657474767441466490e-01
-8.042150020235784569e-02
-2.857945758877832032e-02
-1.898575622231090942e-01
5.584838473318142205e-01
-3.281311705075592444e-01
1.116505457264306972e-01
-3.569766491315370938e-01
-1.286721978075842654e-01
2.243922230454362121e-01
-5.785474030211489732e-02
1.981722654261517946e-01
-1.515557879122689244e-01
-5.574493868850829426e-01
2.720223702046103975e-01
-3.196105909622143360e-01
3.446148111857590957e-01
2.693917614134847538e-01
-1.198002242983696453e-01
-3.056860727237391551e-01
-1.557662186392958781e-01
-5.215742686531237016e-02
7.894143861008874608e-03
-5.286282165012963219e-01
1.355417328833360135e-01
-1.003958628995982039e-01
3.196731573635130941e-01
-4.821080639034668880e-01
2.368589990430323422e-01
-1.081510437037639175e-02
-9.839549422176788185e-02
-1.992257106349590023e-01
7.039439975559129703e-01
3.305121849719991345e-01
-6.947606502901560940e-03
-2.491354724410077548e-01
-5.518943943135429242e-01
2.579136539475515577e-02
-8.565871663876352404e-04
-1.488603091880107317e-02
3.575143940494178718e-01
1.553509576866018982e-01
-3.131116039006254237e-01
3.078243381803676959e-01
-3.264828804961344977e-01
3.573366137643447793e-01
2.658467664064652070e-01
-2.791389460218202112e-01
-1.242678127482685080e-01
5.092693473512752145e-02
-1.766526660609519239e-01
-3.651872387308964796e-01
4.987100309230386302e-02
-2.444017631270574697e-01
-2.519791425933783358e-01
4.344997894872916211e-01
7.385975011756155950e-02
3.351608986726005712e-01
2.897407429735008311e-01
-2.368767605916385077e-01
-2.275028323176057077e-01
-4.077406396288514312e-01
-1.448612135052771421e-01
-3.193440554875682791e-01
-2.340007443464552084e-01
-7.378385205956500270e-02
-2.623197375747295390e-01
1.421302875663460752e-01
8.451701709323028444e-02
5.462539138924332738e-03
-3.067433413835611300e-01
1.046045557221741557e-01
5.470406697577964161e-01
5.384980904082947717e-01
1.912726007907095682e-01
1.149191051578597467e-01
8.609384146721364706e-02
3.250218702547946759e-01
-1.730796752915430003e-01
-3.314931619024776288e-01
-5.419217403214942053e-01
-5.394469661389349469e-01
6.185274231552887469e-01
-2.202987194139143790e-01
1.170313098427430143e-01
3.542261377950062240e-01
7.476324338631183675e-02
-2.450099421543153466e-01
2.245287938923199444e-01
4.562152506735165369e-01
2.086236369312520489e-02
-1.245285277225317011e-01
1.997875498301316943e-01
4.602501478784888911e-01
-2.547165775178075742e-01
9.629151753808920522e-02
-1.689107084413357662e-01
1.455714404621237801e-01
1.663350238369885603e-01
5.435903806374135783e-02
2.517548229135228022e-01
-2.248998088159581688e-01
2.259203881320501379e-03
-2.960899234359412047e-01
2.106301246493834933e-01
3.111803512866198607e-01
6.743210491093435364e-03
-1.651404476452294490e-01
-3.636731836235111981e-01
4.510233235747026365e-02
-4.527517717572679956e-01
-3.875753992629452638e-01
5.590890464089826734e-03
-1.718961427372809880e-01
-6.848434633562181517e-01
2.363374406249758863e-01
-9.265287611282453650e-02
1.198355776173003900e-01
-9.850136616356734709e-02
5.666908800597492135e-01
-6.736152195900026174e-02
-2.283817792669652902e-01
-4.989365623424171781e-02
4.402197887260415887e-02
-4.132829067830865455e-01
1.033941053302000618e-01
-3.714755416003961280e-02
5.967707832383990496e-01
3.466685880344982928e-02
1.738417335707352351e-01
-4.708853174412256370e-01
-2.146371162533007859e-01
1.951131972603328268e-01
-8.217278654744292199e-02
3.170594715818341180e-01
2.418020828789363419e-02
-1.034363940113750546e-01
-7.135314264827929964e-02
-1.478365116963405723e-01
4.616485793143438460e-02
1.256173924536584385e-01
-2.382190104070284198e-01
2.669956215545687961e-01
-1.889694178577840389e-01
1.334272026955671264e-01
-1.449949636348113746e-01
1.909553206354206167e-01
-4.468555311685643572e-01
-4.185017602631323219e-02
7.782498741387200436e-02
-6.532725168726766229e-02
-3.133151660777099279e-01
2.406454384613193886e-01
-2.174969035145713631e-02
1.855548070879158573e-01
-3.850438239663825368e-01
3.714362037591101978e-02
-3.906287113611077166e-01
1.547019371945141386e-01
4.511710884794065818e-02
-2.962131016168651626e-02
-2.207655593886291290e-01
6.785755472789620213e-02
2.949725588839934298e-01
-3.818136817486296186e-01
-3.279550530542462705e-01
1.339558221674337912e-01
4.121187864328274553e-01
-6.495311226683683770e-02
2.198623812385999340e-02
1.183272428302784840e-01
-8.101216892447431206e-02
2.547125729385507076e-01
3.596894458414642837e-03
-8.211902638204933436e-02
-3.659128091598450871e-01
-1.290933342616653046e-01
2.147642853822069875e-01
7.628184426819703545e-02
-4.809961930215134879e-02
1.630817366330547524e-01
2.881836877303380340e-01
-4.103841547420697955e-01
3.665976810433389521e-01
-4.878844065424408072e-01
-3.085446673251030503e-01
7.378103099182288516e-02
-1.832800882562792694e-02
-6.332216374476619114e-01
-7.648169746647419664e-01
-1.617599178798486692e-01
1.589763294144739825e-01
1.936339992377489883e-01
6.379005956040799397e-02
1.469430082966987905e-01
7.990234911205248980e-02
-5.045912557178894309e-02
5.769043809605864936e-01
-2.487267225248305236e-01
-6.280644660323933537e-02
4.741872182432817218e-02
4.102132472325616952e-01
-4.445910415033303420e-01
-5.251118663401822539e-01
-3.971489952812128771e-02
1.776581590457304571e-01
-4.427041472789401688e-02
6.259139340015908159e-02
-3.869694122049240348e-01
-8.526281403220470345e-02
-9.434059281914645989e-02
-7.362726541886238651e-02
2.470169701298151888e-01
2.878753226618778749e-01
-1.401156185143443422e-01
-2.823767985314153406e-01
2.178107681963530051e-02
-3.921599059404703436e-01
6.440698246156643936e-02
-3.583104579796113631e-01
-2.659790845916399915e-01
-5.947822905917412445e-03
2.583341489667614899e-01
1.973214432369613247e-01
-4.508840415698045501e-01
-3.258668432248886249e-01
-2.186164094437147154e-01
1.732064143369759779e-01
-4.857251146223469374e-02
2.077875508533209847e-01
2.600328936836163729e-01
-2.933912163926366556e-01
-1.081090377244990630e-02
-1.527238229658842705e-01
4.476297259848368570e-01
3.672908744506731687e-02
-2.747644412988933804e-01
-1.466425686081532231e-01
4.927723550019569299e-01
-7.446827406707097474e-02
-1.939655297651593224e-01
5.094008947379691232e-01
-3.727342861921863482e-01
-1.939452883460681676e-01
-1.107574817969954190e-01
-3.999515325845754976e-01
4.513758287589388907e-01
-4.029175565096287936e-02
3.231930091914344549e-01
3.001797979012048034e-01
2.898099978486399220e-01
-4.184040352407067398e-01
-4.578801801539197358e-01
4.105861591029605906e-01
1.806663799625657721e-02
-6.271506503270826149e-01
-9.242949877722939078e-02
1.019027308079253624e-01
-6.361390552010764976e-03
-1.413930132885288793e-01
1.213211430721787276e-01
2.809170510124620601e-01
-4.008002012041332884e-01
-5.932322682270283476e-01
-6.923274373104316703e-01
2.258268649609260770e-01
-7.864524208201806310e-02
1.109158592894157330e-01
3.859324616803069471e-03
-1.309014369108811304e-01
5.686621204385416961e-01
1.588879876107122113e-01
2.565950981436999206e-02
-1.437589400771447368e-01
-8.725111933154636179e-02
3.410137982569704240e-01
4.782779902120899984e-01
1.042904663409502664e-01
-1.122970727392612333e-02
5.584421887502659665e-01
8.403069303092522424e-03
1.118759221063189702e-02
-1.649432771672309506e-01
-2.731203082746281319e-01
8.432356317917602540e-02
7.116401516567227858e-02
-1.019149110074117209e-01
-3.486914506249583212e-01
-9.845110965085568377e-02
-1.039455399498508265e-01
-3.982233078717571373e-01
2.268667039400124041e-01
2.501784187728993691e-01
2.265764559314134008e-01
5.221814682289514786e-02
-4.619366614877157828e-01
-3.282948859493705074e-01
5.662636723649628889e-01
7.150600805076715583e-01
-1.199905995565138384e-03
2.146531625015637990e-02
2.473620757004988402e-01
2.715324566734601541e-01
-5.107098282278943469e-02
-8.802846422921434266e-02
-2.569405573336104309e-01
-8.016083769140042170e-02
-3.931634548615673408e-01
-2.156529339590682048e-01
6.002075769769765756e-01
5.368133089809645764e-02
-6.035518030167205117e-01
2.276489758545409414e-01
-2.795790726686864236e-01
-8.222977430940793531e-02
9.163193079284118192e-02
5.489765950361770175e-01
3.328252105370502756e-01
7.204688698211277054e-02
2.490425285197180871e-01
-1.982200746376170525e-02
-3.586376861424335205e-01
-4.355630197663822867e-01
-5.025428335414501291e-01
-4.521167420621876598e-01
1.289519034117351248e-01
-2.605134031658081217e-01
-4.029128699001163216e-01
-7.888102030590476987e-02
2.782686666426296695e-01
-9.551367216379388209e-03
1.127159501491361571e-01
-3.273763763157116480e-01
-4.290008008804470085e-01
-2.643522314245084770e-01
3.735085718626864337e-01
8.056814145521422332e-02
-2.532935267809047764e-01
-2.416819340448316811e-01
-2.304437373351094498e-01
-1.023591049575145601e-01
2.681770810717756803e-01
2.652382802289991823e-03
6.364243436819442268e-01
2.371685807517306399e-01
-1.728779673436678932e-01
-3.855035132286186439e-01
2.067408517183814132e-01
3.224389300844631712e-01
3.326353784364770583e-01
-1.808564655928069920e-01
-1.576908618921535332e-01
7.289136181025843153e-02
-2.611750870091647525e-01
1.703290830425909785e-01
-9.267616504660430854e-02
3.171084239120396109e-02
4.197919244624745416e-01
7.894470185583163380e-02
2.388036752539468843e-01
6.638858300727844275e-02
3.563303740116908758e-01
-2.094045263561605461e-02
-3.056574755855526182e-01
3.037921329869084919e-01
-4.381781313246054799e-01
-2.482137965562170590e-01
5.068176034543393771e-02
3.918431542410014123e-01
-2.013894811471664825e-01
-1.576275944377381610e-01
4.956633740785123532e-01
-2.113362171114437638e-01
2.302850773195280754e-01
2.193056851609306857e-01
3.495712085609745112e-01
-3.510350608388432825e-01
3.350240602177556037e-01
3.658927976145360250e-01
5.061939172350585769e-01
6.256442772357433402e-01
-7.647100850908571112e-02
-3.867325577603628606e-01
1.066302256863842779e-01
-4.867344871151368935e-03
1.087945465767540948e-01
-1.399161770527245496e-01
3.160991959983349697e-01
4.309357925545032053e-02
3.004858200395491355e-02
7.190083086244613009e-01
3.218286244327897561e-02
-3.056156327962409464e-02
-4.997402545367140014e-01
7.256528800327662065e-02
-1.847365745517657865e-01
2.898236515634551869e-01
-1.107361367714322642e-01
-1.981681315029137636e-01
-2.242690993705302172e-01
-2.361059103133409387e-01
-1.179601412155051737e-01
2.302500931735549095e-01
-2.965355523265393312e-01
5.341730709815042250e-02
1.227981552842487278e-02
-9.738914377501994846e-02
-5.080712719787514597e-01
3.978851916741978911e-01
4.908378922931325161e-01
2.007423455876625462e-01
-3.171713987461265843e-02
2.132307906095506356e-01
-3.953063729942103699e-02
-5.532630292086250234e-01
2.727275236663329050e-02
4.136503246779667936e-02
5.548935424731183536e-02
3.254845987253941475e-01
-1.095008071993355259e-01
2.948600898466168241e-01
-1.782371108204786614e-01
-2.547252356418695518e-01
-6.697914932523911513e-02
2.707613378417527694e-01
-2.683635793161793237e-01
-1.120675815610636533e-01
-4.814823472434202056e-01
-3.310576666850277294e-01
-4.745942338687585832e-02
4.737884440031723265e-01
-5.341474138833817581e-02
3.487388368746133782e-01
-1.728437763907072766e-01
-2.858276549294297975e-01
-3.077989785263684497e-01
5.398338194864467365e-03
3.444706876469429829e-02
3.009937718580235622e-01
1.401953364886235863e-02
-2.183702020557250489e-01
6.328091787011894120e-02
-3.422947497942700479e-01
-7.590945378272939692e-02
-3.913082121067090746e-01
1.019272663428627684e-01
-4.613285356373180157e-01
1.869429230593911695e-01
-2.593803671159684576e-01
7.644867686407066376e-01
5.637456837656482783e-02
1.444499267387552854e-02
2.293773537206380553e-01
-4.700495605531557208e-01
-1.260980831065862673e-01
-3.944521995818283666e-01
-6.186173514651785998e-01
-3.308957620686802659e-01
-2.806264934557923807e-01
-8.643732850777815502e-01
3.066962773691120914e-01
-2.019055331542583820e-01
-4.038780423128126573e-01
3.580324251943700631e-02
2.809764672741300873e-02
3.794245379183380784e-01
-8.018870560196326991e-02
3.669810738310026743e-03
6.782062470846605962e-02
2.122861217438904435e-01
3.616107232410396000e-01
-1.076096184908854753e-01
-4.061405696632582885e-01
4.159797896016461105e-01
5.017612463401376066e-02
4.576890833702932371e-01
-3.838446277011081653e-02
9.320444862134930064e-03
-6.577696574194016321e-01
7.841283893139075478e-02
-1.860408947790944192e-02
1.211206208372637844e-01
-2.454794178648688763e-01
8.194863928866044644e-02
-1.524076907965551259e-02
2.771471816873163907e-01
5.631655024845260565e-02
3.181131685243113738e-01
4.100295324574121381e-02
-8.260527600908215695e-02
-1.873779853241613891e-01
-2.676767053545885400e-01
2.628461530420168057e-01
1.132844040896528598e-01
2.836798264095521244e-02
1.168564698906767868e-01
-5.424392565749860395e-01
1.870501142443000975e-01
4.616971917447747487e-01
-1.146280389361337970e-01
-9.356030711614710116e-02
-3.698457021497753017e-01
-2.026912036399330097e-01
-3.300777502720128511e-03
2.352635710657687840e-01
1.638260267619557342e-01
-4.170336648878253949e-01
-3.837409233116561430e-02
6.773769271279488358e-01
5.441323111247129418e-01
1.381226996547190722e-01
9.662676476697291961e-02
1.133012343925415832e-01
-1.305752219725717089e-01
9.727742930446120484e-03
-7.115715998007136889e-03
-3.194018873274921400e-01
8.080036712711968772e-02
5.804349062995109443e-02
-3.770320183702645656e-01
-2.014880301787189132e-01
6.011745735266411650e-01
-3.798806997448192502e-02
-3.580534551798779663e-01
2.938470704886554929e-01
-7.557736932684040732e-02
-3.247918152995483698e-01
-4.211710791952741895e-01
-1.855446244774257569e-01
-3.932243729317939085e-01
-7.915963357818342483e-02
-1.649121052120427200e-01
-2.213364156251956261e-01
-6.266199272882214677e-01
1.859410130987661780e-01
3.457082065582396391e-01
8.420968791982486046e-02
-5.918923094202053203e-01
-6.342251000010931672e-02
-3.877938545146897287e-02
2.383699229824164378e-01
-2.049949959152998769e-01
-1.330146133428054475e-02
2.614127447566664264e-01
-2.195911091607462007e-01
2.146232257902284390e-01
8.256469729440732430e-03
6.060169079505355327e-01
-3.571402311246681949e-01
2.409969364874834097e-01
4.573218681111079209e-01
-6.933621806570351431e-01
-5.239268977018890494e-01
-1.868200369744283940e-01
6.301709022927365345e-02
-1.321166551457000626e-01
5.751001627878610939e-02
3.050914561943202097e-03
3.051933091528561404e-01
5.939686078101675815e-01
1.868484307991017390e-01
-2.035441268482131305e-01
-4.932404042987356685e-01
-8.341766403112244044e-02
-1.954898402585625306e-01
2.709801172234260203e-01
1.643390374480718230e-01
1.082884725516777835e-03
-1.011632358582676694e-01
9.911339988197356843e-02
-5.436829607930869501e-02
-1.399569528150861331e-01
-3.380297323827967659e-01
1.298176931057319905e-01
3.164783188312966233e-01
-2.493254937289709344e-02
-8.567322923749493002e-02
-4.991871115930945901e-02
-4.373623779783435972e-01
3.989590313602009441e-01
7.119715648810429065e-02
2.723708988783253571e-02
-5.124126679598715040e-01
-2.150883450865521407e-01
2.323631171577666132e-01
1.472047694035299448e-01
-8.735422939220258143e-02
3.566413578940267337e-01
2.565202222040246505e-01
3.776771095018050528e-01
1.641256579766260382e-01
-2.694652830912764863e-01
3.300896326964311567e-01
8.482540296363330623e-02
2.896562908755342391e-01
1.317373706637408326e-01
-3.013854878606314069e-01
1.210643964153045038e-01
-5.398164108421503737e-01
4.275200322349231863e-02
2.420278119527721483e-01
-2.360854206588530180e-01
-4.528262172827738352e-01
2.201643084637879277e-01
-3.096690117941743314e-01
1.458070035032930645e-01
-1.268615782148527771e-01
5.574336661838471541e-01
-3.136193639140277822e-03
5.016823760176034042e-02
6.412232599689623447e-01
1.438073114640844308e-01
2.216158428376237000e-01
-5.363754768057724664e-01
-5.689287896334636052e-01
-2.874743784537661107e-01
3.627903276358770968e-02
5.238656059969620804e-03
6.027485758590913623e-01
6.640808214700884005e-01
-2.267359006653524023e-01
1.770102404853713951e-01
-9.764309764644861500e-02
-6.596026309340036198e-01
-2.085194917291677552e-01
-3.056819194505643877e-01
-1.226611760301044296e-01
-1.520586731430186023e-01
3.262405465024053458e-03
-7.614214111496407644e-02
-7.650408936198065113e-02
2.723624156781475070e-01
-5.499472450492692843e-02
-7.120705882005429199e-02
2.668364164637836988e-01
8.171052612027292217e-02
4.533285769025786616e-01
2.862329439873207981e-01
-2.008331818977648342e-01
-1.238491151355827491e-01
6.476449773417772282e-02
7.282802060388300636e-02
8.536145427419628007e-02
9.864169944034215098e-02
-2.101728152181089049e-01
-2.956531840929593202e-01
1.123880574535757459e-01
9.842704404538497182e-03
-3.982727262905125243e-02
2.999976174103140547e-01
-1.312107876557289110e-02
-2.942871372085179571e-01
-2.235870837740825401e-01
-1.454590562840120949e-01
-4.312208911076753637e-01
1.677702467181676343e-02
3.608435671363564579e-01
4.467545672326890260e-01
-3.864990431703450025e-01
2.684536473692645808e-01
2.978379136427619645e-01
-3.330819200895692722e-01
-3.748405485943222260e-02
-2.268972168408462387e-01
-4.877258365374980559e-02
-4.163540630763147843e-01
4.986100810131141037e-01
-8.687216580860677995e-02
-2.760258883842542366e-04
-1.990258897189673692e-01
-2.136534791271916256e-01
4.329073409582437915e-01
4.193071386474844786e-01
1.386320632487121618e-01
-4.997754715779237356e-01
-4.486786852902914235e-01
1.904723928898088836e-01
-1.535926087776523508e-02
2.540417221328157837e-01
2.821884102968888475e-01
-1.717972548520561027e-01
-1.430687365756520280e-01
-1.670989575377510583e-01
9.118889515614235497e-02
-1.847880053825625979e-01
-3.856296421491788307e-01
3.966785364623938437e-02
3.269440325250165813e-01
-1.286519494123961604e-01
2.115164176083500491e-01
-3.054387847412032286e-01
-2.384845739138127252e-01
-2.540830524590305117e-01
-7.577836624361370399e-01
-3.663411417571390549e-01
1.979317581447716246e-01
-1.910689223075759391e-01
2.559591032170344116e-01
-6.081725708094227745e-01
6.061009407118483905e-01
-5.209828914705925129e-01
-1.139020632095032043e-01
9.271208768362883268e-02
1.682810236769502130e-02
-1.376919676970714546e-01
-7.945876947970240134e-02
1.594358267095396242e-01
1.237691581081796222e-01
1.972895957020825430e-01
-2.521291777399501388e-01
3.418064142294521823e-03
-6.085661141835090326e-01
1.025578543454952474e-01
1.068450352002735804e-01
2.324211200435144786e-01
-6.657983310381793141e-02
-3.611056089988716189e-01
4.298672147420553036e-01
-2.070031883983390608e-01
-3.974995383996540177e-01
4.969059548756376010e-01
5.363875672124913951e-02
-9.780712948274340734e-02
-5.780468900719000214e-01
2.243233627912653294e-01
4.366008271350421688e-02
-2.629659578138643927e-01
-5.206802348500391142e-01
1.853361265406334724e-01
-4.787691290930034538e-01
-2.756224944683924871e-01
-1.445849811365011450e-01
-2.274393071498560237e-01
1.442412051079993429e-01
-2.123519820525276991e-02
7.359317213095550869e-02
-1.495696385867095468e-01
5.758412044384646489e-01
-1.950419353291762622e-02
-3.006898057431905413e-01
1.257550263814478653e-01
-2.657846166604880406e-02
6.634852514982889637e-01
4.413095800282463288e-01
-6.953575407973565381e-02
2.844966056289055523e-02
1.413949226359314248e-01
-2.481383157590374144e-01
3.887953797677930479e-01
-1.535015602994601602e-01
-2.397659214987075127e-01
-2.411053674190616614e-01
4.473534828695205912e-01
-5.477733153708110869e-01
-3.882818545949719424e-01
1.885288043046552120e-01
5.522710588579434754e-01
2.136945863072158280e-01
-2.403545857997830548e-01
1.476921758367659709e-01
-9.911646042697601355e-02
3.537922901558189781e-01
1.242964911297537653e-02
2.681421260695254771e-01
1.035409354021886719e-01
1.255432090615045959e-01
-4.323154678476498480e-01
-1.360582089571515108e-01
-3.525748205872967361e-02
5.034198052438091375e-01
7.193979002517773835e-02
1.253995713505506870e-01
1.523057524098551663e-01
-2.524006723090861382e-01
-2.008581776157777193e-02
-4.551309482793687300e-01
-2.365619506627427704e-01
-3.987668590836228599e-01
2.252264842421291408e-02
-3.053398417264026055e-01
-9.169661711724816366e-02
8.882556289547378914e-02
3.584578119842806165e-01
3.809220132691983063e-02
-8.231292655554237059e-03
4.716859642930798513e-01
4.873232932825964370e-01
2.228962983060531200e-02
2.282430175706253173e-01
-3.241134459300024639e-01
2.439627398691815441e-01
6.386121755988367898e-02
-4.433845159962137572e-01
6.064055892614811372e-02
-1.593678766674476721e-01
1.203536754102406958e-01
4.591000415384718925e-01
1.313871109622022915e-01
-3.374826144243873172e-01
-7.483054240080343200e-02
-5.593392273829361772e-01
-2.265475761135528066e-01
3.763892556173382281e-02
4.388446921191395123e-01
3.663070068996670536e-01
-5.171005592896503744e-01
-1.267486147188459367e-01
2.978301992598761730e-02
1.730441116353373665e-01
-6.600767034547189160e-02
-4.142591014448196440e-01
2.780466147779752095e-01
3.397048722503250295e-01
9.457493137200917444e-02
3.581767217807274029e-01
-2.976956402887047659e-01
-1.075814564383157507e-01
1.225754998549153235e-01
-5.164617383327880784e-01
-6.196910319543399992e-02
3.326032169940541516e-01
2.261725079698949648e-01
-3.326717452074521297e-01
-6.838121399072533135e-02
-6.428397471146720665e-01
-6.127673566039228970e-01
-7.621059273810489379e-03
-5.108567558876844217e-01
4.391990793104825763e-01
2.350409913349522928e-02
-1.902702952865848729e-01
4.854725980333386981e-01
1.649608166587583358e-01
8.006469862589149500e-02
4.129350677696446148e-01
-5.747643084891952414e-01
4.540030369769622598e-01
-3.032816686586140009e-02
-1.576416501772268108e-01
-3.007716780479221530e-01
-3.123495063772236194e-02
-3.455275231671162683e-01
-3.087257940393879352e-01
-2.572104567009995679e-01
2.513046999322823827e-01
-6.044932573624227645e-01
3.097485527175053432e-01
1.260857483869201601e-01
2.714174311845206633e-01
3.590023160138146041e-01
4.996852626346521831e-01
4.187626256711962647e-01
-5.483073973924982442e-02
1.122550581841343376e-01
-4.372099517169916738e-01
4.266230355858141587e-02
3.764931017005842540e-01
-1.203387406456463832e-01
-1.942642788553172739e-01
5.685009000559529957e-01
8.227439698171049032e-02
3.073665357584022262e-01
-2.812671012171604756e-01
4.584996361773995277e-01
-2.085261523741989420e-01
-1.568617657825211453e-01
3.253933464373701678e-01
-9.729667608637107556e-02
1.887392682495756813e-01
1.573400432486419531e-01
4.829814447351292450e-02
3.503965241225933669e-01
2.439492876406153810e-01
4.660833575052025779e-01
-2.330506867978113933e-02
-8.976200371474224449e-02
-6.245734637041646525e-02
-8.776402188987011965e-02
3.573904590927502734e-02
2.232620719840679169e-02
-3.344107750754875541e-01
1.315441223452883390e-01
2.458722209683050774e-01
-1.420928191406213570e-01
1.287377371249482164e-02
1.765146102844041553e-01
-7.730862316811170087e-01
-7.812254325090247642e-01
-3.579493821541646636e-01
5.028895921334159552e-02
1.315981463444983735e-01
-3.305182743155536396e-01
8.832600242782125133e-02
1.003965664313639095e-01
2.511492695802173269e-01
2.343096168541726199e-01
3.286605534162057030e-02
6.071867300859947608e-02
3.463771422526730481e-02
-3.092418297898131274e-01
-1.543419455861284595e-01
5.358124232988858981e-01
-1.310831145798216357e-01
6.355196200238036885e-01
6.255911598917951455e-02
-9.924214862159407013e-03
-2.434468164058795348e-01
3.661686955631953677e-01
-4.759034915481158423e-01
3.016836239495921390e-01
4.657303105877437510e-02
-1.036714036027445718e-01
1.749484763922137254e-01
-3.568106247322572200e-01
2.543054849761681169e-01
9.383117405067217809e-02
6.891890586452724399e-02
1.901885199110401048e-01
1.911051424859637748e-01
4.196002235462311658e-01
-4.326696680548592910e-01
-4.036069204957628553e-01
-9.275772918538342793e-02
-3.130481170571418059e-01
-1.920279192552050984e-01
1.327823207620308643e-03
5.226713706498686829e-01
2.618875497532013874e-01
-1.715213070988744204e-01
-1.509695243478527127e-01
1.352752134348640667e-01
-9.759045157462538367e-02
2.394860052867757438e-02
2.992636914188078756e-01
8.320796387244748515e-02
1.583821519790106214e-01
-2.588145812494611619e-01
3.813907953829354103e-03
-1.019745752386268384e-01
4.946794328164808019e-01
1.711083999937188238e-01
1.718513606900470836e-02
-2.066065863648743617e-01
5.442502527280475288e-02
-8.197765786180367942e-02
1.010979532147957549e-01
-3.485470416169190733e-01
-3.759420002972053143e-01
-1.218961866759820378e-01
6.986066500340883112e-02
-8.427665789702679100e-02
-7.791947805152071860e-02
-6.326308566849483950e-02
2.696320349162362184e-01
-1.194504453200474076e-02
3.554975140190880234e-01
2.675174951182809902e-01
3.959021215100954061e-01
-4.868891618648297781e-01
1.462028538929092958e-02
-1.263665918948558842e-01
-2.224644746554722274e-01
4.719516406721454560e-01
-8.928055847626213681e-02
-1.792966524765334246e-01
4.523841290352003108e-01
3.164564252032893155e-01
7.858858994802969677e-02
1.599347755817820405e-01
-3.974101986303066880e-01
3.861434206036835626e-01
2.100918624110956201e-01
-6.979688299809801155e-02
1.702336664169641911e-01
-1.965555336635766981e-01
4.403717393220283327e-01
-2.479747717132982088e-01
-7.611258224185597776e-02
-3.425338348802431931e-01
-1.106076134733514071e-01
-3.327759683220951059e-01
-2.368818968569317007e-01
-3.517802214049729481e-01
-6.583204680096130801e-01
-4.464868120190975537e-02
2.659634755961376440e-01
1.757470347736522776e-01
3.169871385853539891e-01
3.767552760322537275e-01
2.283035087421798615e-01
-5.882174980661516450e-01
7.830846145364632749e-01
-5.326700337804382568e-02
-8.420647718494816969e-02
-3.017730378994094020e-01
-3.183872202153668063e-01
-1.182279219903791534e-01
-6.217222447528983897e-01
6.138951445172103893e-01
3.367991808251671881e-01
-1.473281110303451269e-01
-4.246670481711813383e-01
-1.111161738495299034e-01
-3.997310799382700619e-01
2.578029193094618643e-01
7.197707416676225878e-03
-7.381104947386141202e-02
-3.344700935508462120e-02
-9.292994325550030243e-02
-4.024044421895915935e-01
-3.318060781143047921e-01
7.332049494011548540e-02
-2.463041772854928368e-01
2.918773245018640439e-01
3.817785688836715097e-01
-5.592395992562738255e-02
-1.819633607426436317e-01
4.616103253924471600e-02
1.075522663176065874e-01
-6.205171821220496486e-01
7.601224288673016916e-02
1.762238807589327494e-01
6.637520548748243598e-01
-5.595704071431969462e-01
1.700774688162375869e-01
2.917858966807848620e-01
-3.744618473178447648e-01
1.106779719152427843e-01
1.442828370505603308e-01
-2.551087577452383348e-01
-2.268305072027915481e-01
2.829843195561740354e-01
2.380410733372176346e-01
4.817108720325195131e-02
3.580994572355848948e-01
-1.497054081191525471e-02
1.701160452338577322e-01
4.429914005784858499e-01
2.363611223717348442e-01
3.119626937972679870e-01
5.692007130688930827e-02
-3.043436385435057678e-01
2.883576840893570803e-01
3.749243052867864412e-01
4.348677865645702023e-01
-2.828444491953521212e-01
-2.257647101765585251e-01
-4.057410069909321293e-01
-5.025102586999078413e-01
-2.642168962902750606e-01
-2.190902379623170249e-01
4.792537239525877790e-02
2.298253603004143941e-01
-1.847225819652751344e-01
1.579383372832051657e-01
-3.742503103155837563e-01
-3.424360422056752645e-02
4.506854003096018579e-01
-1.855783480021821474e-01
-1.240854164765229639e-01
2.641938105787902669e-01
4.834450381764613391e-01
-4.764760678142241357e-01
-7.856685444258251771e-02
-1.947290830820228302e-01
3.915294981178306655e-01
-4.328113330506082601e-01
9.241564763375273439e-02
-1.858509663775508303e-01
-4.263731597466652312e-01
-4.195278027921842678e-01
-6.998851660973502697e-02
-3.272451398406764911e-01
-6.260223277920242690e-01
2.912150922963652189e-01
-4.622569440403457852e-01
-5.802534258231514253e-01
-5.393268480043161145e-02
5.035868394578671969e-01
1.598505374578364779e-01
1.576190030603563108e-01
4.355772639435165905e-01
-2.040661520116628658e-01
-3.784430082718885924e-01
1.384065576009970433e-01
-1.271166560644443055e-01
1.038243674484806700e-01
-4.955210199296718465e-01
-3.301538021525332600e-01
-4.128940719837878581e-01
3.306234783155884704e-01
-1.589645001589757856e-01
-3.855795024254762837e-01
-3.785191936054982942e-01
-1.508165464904736019e-01
3.942704304496294498e-01
-6.210540108195310438e-01
1.757246835393760573e-02
1.801235393945246344e-01
-2.946861541274745089e-01
3.515839400204229803e-01
-2.908271984088122569e-02
3.914043091659253487e-02
1.085518457289748051e-01
1.829022640439983138e-01
-3.225834375463079162e-01
5.786897264480369563e-01
-3.652991714717063187e-01
5.239937256510169838e-01
5.638122390713104504e-02
-2.744641935211242223e-01
4.363315309029291988e-02
3.169527377368727694e-01
-2.029061684759994877e-01
-8.347391318865318710e-02
-7.697139286330993702e-02
1.168006541552834843e-01
-7.021989683656645886e-02
-3.019842760885205202e-01
1.437715253796563626e-02
-9.710146877358469264e-02
2.048196075249618560e-03
-3.427237669046598323e-01
2.387239743851090890e-01
3.771044376885436256e-01
-3.986529934384975826e-01
1.550845404789498450e-02
-4.018921518298690376e-02
-3.312117819884108916e-01
1.289035468903049764e-01
6.246899882592202302e-02
-1.927920631700302811e-03
-3.304859427382564330e-02
6.731508487505902250e-02
6.986730734757165551e-02
-1.455116132922925076e-01
3.156487633748358279e-01
2.521870799355486192e-01
2.826057167126584946e-01
-1.957869205702191251e-01
-3.063384941756258639e-02
-7.137332154500553028e-01
-4.316233356521627096e-01
-1.894056005350815142e-03
-4.575739740354958229e-01
-2.476548039527542711e-01
-1.438053426908754151e-01
2.046135084037282170e-01
5.110344206134951328e-01
-4.012829016793648673e-01
-2.166905772795240936e-01
4.095763515169277280e-01
-2.951630266579073902e-01
2.938366045782891955e-01
1.728795615507791317e-01
2.785270656264552946e-01
1.803347548964916169e-01
-8.425072141725309383e-02
-1.592934131081982230e-01
-1.046535861766737796e-01
-4.213170769565772189e-01
3.127251674152647931e-01
-2.539720505654334826e-01
3.163185789487827360e-01
9.601912466657910872e-03
-3.902174849420737002e-01
-6.237746737009208786e-01
2.869511339918991988e-01
1.464168070586351067e-01
-2.034926814866137024e-01
2.514201670927306842e-01
-4.333651872631233415e-02
-8.117461962133004638e-02
-1.041376426438959668e-01
-2.267390714030784460e-01
-8.795172059185124569e-02
1.847722708777550238e-01
-9.754896470703659783e-02
-4.363604669042169260e-01
-7.110119551787759395e-02
-2.072282962373340198e-01
-3.540148530794733905e-01
2.627855177707667522e-01
2.528472470201432176e-01
3.529575009832048860e-01
-1.669550827691883566e-01
4.213495128652600674e-01
2.452886280431215149e-01
-2.673948816050436203e-02
4.121228748302681322e-03
-4.031334318618336188e-02
-1.512119125283173382e-01
-1.647136743369891909e-01
1.529284627626689708e-01
-2.973990852013960184e-01
-9.435487736216423282e-02
-1.228655277262995504e-01
1.993110801384501696e-01
-1.327427325725482055e-01
-6.965136619272552232e-02
3.137091034531090394e-01
6.466344517642109990e-02
1.707290726641391421e-01
-3.523836482211707005e-02
6.861193700442558274e-02
3.168752980817456794e-02
-3.923321631796666265e-01
-2.202426054514272091e-01
-4.685781566110106544e-01
-2.263279353682299266e-01
-1.713131850495121788e-01
4.771716892353217165e-01
1.013648365123842043e-01
-1.877252770350245070e-01
-5.021666439973177833e-03
-2.153882609354109967e-01
3.636745555096642518e-03
-3.413169512085358903e-01
1.570506646468101120e-01
3.079223301725676487e-01
-6.852153538878982819e-02
2.461374905415373571e-01
1.329757732744609733e-01
1.313396678874050039e-01
4.747427043326036822e-01
-5.466884881145677166e-01
-2.072794554899067276e-01
-2.566683823995944969e-01
-3.659858310937457171e-01
4.219477543181470724e-01
3.695546203691355558e-01
-4.688686501034693421e-01
-4.149292250951713834e-01
3.412249709541700371e-01
-1.645939864866355351e-01
8.779138096105897071e-02
1.244819718582771545e-01
2.850385797604914062e-01
-4.832682205741041237e-01
2.864647413820607946e-01
8.945189702334327073e-03
-3.528912574357868648e-01
-3.065263052150564160e-01
1.281257414828985974e-02
-7.569330064997160934e-02
-2.502232507059062305e-01
-1.314203516658901394e-01
-4.889802842351826939e-01
-2.187621169790860409e-01
2.850163301007503924e-01
3.296678521467211187e-01
1.834160473582777673e-01
2.425619826462742379e-01
7.123439768396339078e-02
3.434204862746264575e-01
-1.881712038834864320e-01
8.972523990185946041e-02
1.154951580163479097e-01
-1.675895893391649016e-01
-1.138507197033717250e-01
-8.792747005829645857e-03
-1.612335596513375102e-01
-1.195982400050211447e-01
7.023832725101931684e-01
-1.817077436718590455e-01
1.628245772602475439e-01
1.305636000603514202e-01
-2.278041313111902888e-01
2.214555910815072248e-01
6.501790675203724668e-01
-1.011663571127445205e-01
-3.916981982347442215e-01
1.139800766238700525e-01
5.446573022643156348e-01
-3.027891381447613828e-01
3.003583222935696240e-01
4.437442879657597095e-01
-8.214167538180529304e-02
2.618915270874823675e-01
-4.736584310226403249e-01
-2.763358730842830902e-01
4.569705046904862927e-02
-7.106875785910259369e-01
-1.278290943292063608e-01
1.390557574557386156e-01
-2.305099862459413507e-01
1.219396744903992608e-01
-1.632258445921608847e-01
-1.029163094393020783e-01
-2.590113691075137115e-01
-5.660265187898843031e-01
5.288868996767345093e-02
3.296126865432793401e-02
-2.791796929522967763e-01
-6.534907426325360369e-01
9.043474250305050255e-03
-2.004596186609025610e-01
-2.354788529266703678e-01
-4.029558921835410534e-01
-3.576119245602619179e-01
4.777015740436034719e-01
5.449322663744762263e-01
-3.243119428672444071e-01
1.276892428766776277e-01
1.800917165016518440e-01
9.099849247626549953e-02
3.423872635818406840e-01
2.607252094918957597e-02
-8.381781516926230247e-02
4.182949738481794300e-01
3.680081729006084990e-01
-2.037890909850522403e-01
3.835417623998949588e-01
5.696193475779166154e-02
3.254445843734335986e-01
3.541338038069051786e-01
-2.249546276404170986e-01
4.040773827720899880e-01
-6.971265403962688401e-02
-2.980779397597229097e-01
1.247430726713472104e-01
3.791468886869041599e-01
-2.933841174658168294e-01
2.711949364431378018e-01
-3.764497256316675089e-01
1.325380218117612752e-01
3.627992981250906940e-02
1.880774130787739307e-01
2.243593831053990462e-01
3.349212416205194498e-01
-6.197405882858102177e-02
-1.332563325680473365e-02
-3.182809495308949188e-01
-2.349452368576482042e-01
-3.830015920181814026e-01
5.252908007791759482e-02
-5.019847777841601744e-01
8.996607914440581111e-02
-1.013386254660308960e-01
-4.507172391315436566e-02
-4.876053848200560120e-02
2.857931723152556391e-01
1.297061326852864405e-01
8.202958680456280682e-02
9.016083772338613633e-02
4.540280128794504932e-01
-2.704558431850745404e-01
-9.938111359002715917e-02
3.014480890374880984e-01
5.754578271754148266e-01
1.927252424825249277e-01
6.729616184761897518e-03
-2.730729099032040419e-01
-1.093043312301169023e-01
2.346888965505520563e-01
-3.983591064823616135e-01
2.214331244695772749e-01
-5.063874657423516057e-01
4.581604382815049892e-01
-1.614858267567888528e-01
8.923815854584782326e-02
2.748646664548211049e-01
2.161381489330271022e-01
4.339453432916594577e-01
2.371250534044312130e-01
-1.488517484482032027e-01
-7.453132905180342993e-02
5.494486771861785135e-01
1.538437348199303556e-01
-2.749914359425055799e-01
3.967636482959391309e-03
-2.314098594722746871e-01
7.002138019463916008e-02
-7.592547490541994015e-02
-2.945367433531124179e-01
-3.448887933670833905e-01
-3.676984043974297900e-01
1.787702849243749115e-01
1.681048887921488544e-01
1.762260756235522682e-02
3.860338044776899236e-01
4.522746133757891140e-01
3.437897171223159853e-01
-3.011918814335614591e-01
-3.066322666923663731e-01
4.480946525434629790e-01
-7.723970267566055981e-01
3.680086733850566200e-02
2.592836976913970304e-01
1.675585395023971857e-01
6.878575534815851988e-02
-8.152532407896895261e-02
-3.176318730041207683e-01
1.537904856230088713e-01
-2.378444680331953665e-01
2.329415532996615412e-01
-1.375760480707925448e-01
-1.249480478068868278e-01
7.214982111867615511e-02
-2.909953048035280876e-01
-1.374842844487220161e-02
-7.273493000451783375e-02
6.145958849094182996e-01
-3.484214957160828852e-01
3.292401104268460887e-02
4.127995051595014231e-01
3.780742389490133193e-01
-2.655488519132103153e-01
2.651824480847080334e-01
-2.720864474290778379e-01
2.018231988975421054e-01
3.186775938972435940e-01
4.209563294851761950e-02
-1.096858948949157864e-01
-1.534093380706360588e-01
1.836666232232397888e-02
-2.858343943939700704e-01
1.922032710401744837e-01
-3.740513662185253052e-01
-6.097941964901976153e-01
-3.410239114460199977e-02
-1.170468870540866541e-01
2.478793851535337489e-01
1.586577139631367983e-01
3.710360423914232930e-01
3.297211579312229190e-01
-1.319135921745481083e-02
-3.244230460066261368e-01
3.270973255212881181e-01
1.461880280419149136e-01
1.359126502632810457e-02
5.179647982670914086e-01
1.378124842495506430e-01
-1.273956930926307130e-01
-2.549441941138741452e-01
1.745982414257496451e-01
-1.144996726009234606e-01
3.717584495229559471e-01
2.594080403630982801e-01
9.970913759664921938e-02
-4.475845599140952924e-01
4.951989299333473538e-01
-4.035797496013766583e-01
-1.345534134785756342e-01
-3.065264785912665269e-01
-1.100451458743585270e-01
2.767177765952663626e-01
6.434466352485759821e-02
7.043005181636660672e-02
-3.197461450821691142e-02
7.210096531396146258e-01
3.884345344302327363e-01
-5.964987214289457773e-02
3.857524998563172658e-01
2.050608425209495822e-01
4.029297552929461124e-01
-5.034670424976107617e-01
-4.593416090838641636e-02
8.472862304879159867e-02
2.044598026925484868e-01
2.049071074513635071e-02
3.014964377102727355e-01
4.503426274481576730e-01
3.093335313454430024e-01
-9.406083802441317365e-02
-2.920634934866016552e-01
2.501150712238716101e-01
3.712117764269711739e-01
2.646341132720331224e-01
-7.894244285762885838e-02
4.967473088882689014e-01
-3.252641841235177633e-01
1.143464058132976913e-01
2.000345623035613696e-01
-3.155909252549080751e-02
2.327133170856348077e-01
8.812128418468644087e-02
2.568633905229591452e-01
4.439937706001982898e-01
3.243431504395774545e-01
-1.468396157635272481e-01
-2.817276484545596649e-01
2.247350657693011067e-01
3.912434878491002355e-01
4.252494379876125552e-01
-2.692829171331660998e-01
-6.360907403137494587e-02
6.569444927679960432e-03
2.976979177888516293e-01
2.982508495601736698e-01
-1.799526672466467137e-03
2.133810723122956943e-01
3.380366877753836485e-01
-2.327969877102887275e-01
2.205320290181596310e-02
2.498574285395977757e-01
-2.301047730182780304e-01
4.853361034943205754e-02
-1.702958364054902862e-01
3.476293233383949688e-01
8.098542746276616855e-01
1.421703165653656065e-01
2.339763493211072243e-01
-1.411302167744014069e-01
3.867649683898269353e-01
2.413166543067337966e-01
-1.546879273331324967e-01
6.122628038995623356e-01
9.452165879093328560e-02
-1.452794650809364208e-01
-4.698123558682135159e-02
5.561663576847593049e-01
2.558688944097836093e-01
5.788836549147149263e-02
-2.233569519510079648e-01
2.370415365360635240e-01
-1.015046611804732435e-01
-1.562201148648679483e-01
-4.859993090367341617e-01
-1.404032311981097680e-01
2.199350078632352490e-01
1.338823935969314927e-01
-1.800506664964587056e-01
-1.722570727537535706e-01
3.279381341600556832e-01
4.627582478019861556e-01
5.439481214095136519e-01
2.562902553239299608e-01
-3.405558481712394059e-01
2.169415986493298254e-01
1.350242128896980143e-01
1.318968696940782392e-02
1.414876602096921260e-02
2.656708107791813309e-02
2.172522430526414861e-01
-3.369777446517660535e-01
1.948691435322224830e-01
-1.115808595504500789e-01
-2.503658349902637692e-01
2.928223404386596784e-01
3.825019645781859157e-01
-5.437533777492328246e-01
1.608602300878464453e-01
2.640160306088426556e-01
-4.545050912478587057e-01
4.873586168239109062e-01
2.640481434648714876e-01
-9.843206693705501553e-02
-2.970871100619546512e-01
2.687432191269998327e-01
-1.035922165762865749e-01
-3.043647905884088734e-01
3.396573684395742254e-01
-2.166616477246890438e-01
5.878870328702682363e-02
-1.298535994809726091e-01
-5.481073990939357848e-03
-1.921367149941675401e-01
2.487618295658408363e-01
2.553666371196340948e-02
1.416457554980206646e-01
-1.217742731058174960e-01
-2.185434494273104933e-01
4.770158470488286562e-01
5.424899506773370739e-01
4.776143344058923490e-01
-2.607424212982724643e-01
1.839304367144837249e-01
1.822129663912647746e-01
-9.021842382230710333e-02
9.817158064637333814e-02
-3.587808923580455556e-01
3.390741724661874845e-03
-3.912081974638637050e-02
4.358119362652405210e-02
-9.529910642504593743e-03
6.963570344066064011e-02
5.253467193748464492e-01
-2.311820580923508173e-01
3.555248010851428386e-01
5.353714730767613617e-01
-3.786088548714632296e-01
1.269809897361083573e-01
2.666586460733388342e-01
5.014297010608700367e-01
5.040594772768938192e-01
-5.438830269935371331e-02
2.654696079692270977e-02
3.464942572047916003e-01
1.338789836443723125e-01
-1.010014606953851465e-02
-3.186244111462162576e-01
-3.094952639118945248e-01
-4.302902327519975145e-01
2.006469489067090328e-01
-1.740837567329757696e-01
-9.375410141495675587e-02
3.159089360056049900e-01
7.479393085320622525e-01
6.418819821673152903e-01
-1.093538782598286602e-01
6.927867074713935924e-01
-6.473538029302461361e-01
-7.789966196600206505e-02
-1.048361471509115378e-01
1.978648183879052336e-01
2.619771946462945977e-01
1.935453697727992639e-01
-8.737547200111114853e-02
3.789043909413972178e-01
-2.577070545415220959e-01
-4.405007569835578396e-01
-2.107821375814952491e-01
2.398151322576445865e-02
-3.182476475749732581e-01
3.598152637090261674e-01
-3.773118847635940631e-01
5.436484898616997796e-01
1.413628575102022222e-01
-9.510825335343853215e-02
3.273719000919245170e-01
5.620403629339043583e-02
-2.660384927982967218e-01
1.361445486997653054e-01
-4.009154184868427562e-01
1.971362360884313658e-01
1.112642365508797748e-01
2.171490526795071541e-01
-2.310742599689909194e-01
3.705630610296838379e-01
3.807363834189928520e-01
-1.506857567069880277e-01
1.507244898321785376e-01
1.133359935281521708e-01
-2.263157386599872756e-01
4.549192062741159726e-01
-1.432453617859575368e-01
1.018461253134226030e-01
-9.428399658135776240e-02
-1.160835933909357409e-01
-1.799479329966907071e-01
-1.417014382118010063e-01
-2.676440436366585018e-01
-5.261406635181372637e-01
1.593993682847419380e-01
-3.530312974049633068e-01
3.398467686387219855e-01
-2.751556852361095040e-01
6.730718250684779580e-01
3.288136130722485451e-01
-2.134443170658231470e-01
