-4.587194351116602453e-01
-5.147474879924116564e-01
-3.543868329748463553e-01
4.086532634628164268e-02
5.244962418924711267e-01
-3.692719812713629035e-01
2.717169864309039173e-01
2.814989780500669059e-01
2.839087346967177350e-01
2.196451664155806838e-01
-1.521409167624249437e-01
-4.338567763779382913e-01
2.330776852955030454e-01
-2.602749089514425074e-01
-7.662758006836570268e-02
-9.370234762973132792e-02
-4.649869385908632635e-01
2.980462241055801820e-01
1.666734529895453343e-01
1.411572959858720944e-01
3.683551529932895252e-01
-4.280873150252222925e-01
1.908639744436062546e-01
5.573073057619347681e-01
7.699483005373572997e-01
-4.005316315930981808e-01
4.785609958987888102e-01
-4.529520571509952631e-02
9.828081195354454458e-02
-4.068399109046844098e-01
3.255146568978448118e-01
-1.645972304606259096e-01
-2.028516755156072326e-01
6.271547569349759932e-02
5.860263252656121580e-01
-3.931313092342921256e-01
-1.615063279807312790e-01
7.111209669948453937e-02
2.831223475422288138e-01
-3.862407219171930528e-01
-3.154262813765584816e-02
1.717788266072954595e-01
2.831595333084445665e-01
8.539986120687956261e-02
2.815226780224009406e-01
2.308820596330414254e-01
-3.579026816631637464e-01
1.058383259143833577e-01
2.870218762476209865e-05
-1.481578759783538646e-01
5.211322630380685883e-01
3.017772277916360157e-01
4.974149291664919370e-01
-4.424318236310507135e-01
-5.428075093328816880e-01
-4.030020268445858589e-01
4.012093602937660819e-02
2.588195557464423313e-01
6.646001077047021988e-05
-1.174980162872243383e-01
-3.480133426551187403e-01
-1.430079124296163018e-01
-1.170903017978635052e-01
-1.884662667086862697e-01
-9.276195134265945164e-02
8.065023142722807514e-02
-7.478680519431751827e-02
6.732600211225641118e-01
-1.555325188341467879e-01
5.291499012040749017e-01
-2.012633580377591325e-01
2.470555037339408275e-02
-1.980452142944355010e-01
6.374788716765193708e-02
4.599199776829960423e-02
-4.883014592001232446e-01
3.108196408608637773e-01
-5.240518740316054552e-02
-7.009912256685705279e-01
-1.058525447133003838e-01
2.878830607659432772e-01
3.826774719731340646e-01
-6.212893324882057255e-01
3.616122299607211210e-01
2.346656475221026855e-02
2.570612788080977457e-02
-1.643998209665194221e-01
1.822403283297323318e-01
2.423113164678173392e-01
-1.377920347145987767e-01
3.540769057485657623e-01
-3.738845770778898014e-02
-2.967578860494745063e-01
-2.622486777503899580e-01
5.258611734384923686e-01
-6.170988959354812842e-01
-3.322419248601057862e-01
2.293474616739058641e-02
-6.385488106204384451e-01
6.299283423151819106e-01
-6.041837326562868316e-02
-5.660698131761142671e-01
-5.866424792006269540e-01
3.571768265664460040e-02
-4.780956278876045129e-01
-4.572108934553208333e-03
1.168676002799895822e-02
1.768085996986134001e-01
4.059502950587343117e-01
4.501329070481772110e-01
-1.128159075792583427e-01
-3.252609806349561761e-01
2.423442584753715823e-01
3.805084660538964325e-01
-4.705574423596267132e-03
5.533855995537153571e-01
1.912864541899647608e-01
3.368588167883711515e-01
2.758474880497220894e-01
-4.531062538731467360e-01
-2.474251370913980452e-01
3.473731560446988165e-01
-4.239944494579877543e-01
7.542185842098628190e-02
-2.438769087077397590e-01
5.603840850034912391e-01
1.452676453951888894e-02
1.869410255910040203e-02
-1.611528128701011642e-01
6.350833738828097486e-02
-2.519513254918399614e-01
1.065349905231881798e-02
3.761492892984771852e-01
-4.444141093284235122e-01
-3.508359189298746461e-01
-3.432401050037635626e-01
-1.367188080686509433e-01
9.416352336636177323e-02
-9.814939974624688201e-02
-2.970269952759684376e-02
6.285530772805475452e-02
-1.364165328126784316e-01
-4.390293443405980933e-01
-3.103379259267251555e-01
-1.059567464138038706e-01
-2.036395223365132234e-01
-1.106980160331862972e-01
-1.245892983700889189e-01
-2.130141213757527352e-01
-2.429851410449428983e-01
-4.671417374807024792e-01
-2.573717637639582057e-01
-5.922197062670300216e-01
1.231256570486123914e-01
-1.531094037320559487e-01
-3.028337779618655023e-01
1.180343001007697484e-01
-1.302192763781731266e-01
8.942851949130620204e-02
1.282168394416062784e-01
-1.735211100728272504e-01
1.029245159026294723e-02
1.550021434558492284e-01
5.459677583162171610e-02
-1.994285643851010925e-01
3.759226990093281762e-01
5.658573899721711653e-01
-1.435385352263024161e-01
-1.556576014497711852e-02
2.368475736590601177e-01
-4.099552194313185044e-02
-3.729770911145857681e-01
-3.444833781916818993e-01
-2.448659773775637427e-01
-4.116648399229777544e-01
-4.571521731869402361e-01
6.120136515805403576e-02
-6.305988220999885208e-01
4.601592634573778984e-01
-2.989910566436823069e-01
-6.197391858343356263e-01
1.382016760135389710e-01
-3.003556388210433248e-01
3.572927031766887640e-01
2.056377481156071996e-01
-2.341812717278313472e-01
-5.371736957141507451e-01
-7.377489370665291091e-01
1.293285922151857226e-01
5.512375056270129026e-01
-1.699342444954801412e-01
-3.857322591565476300e-01
5.001357432717004614e-02
-3.210661933821386260e-02
-2.665112693208929739e-01
9.508753572613126703e-02
1.799735936718067086e-01
-2.614756262168893008e-01
-1.084500592083991258e-02
3.256329100141614474e-01
-3.310749082994450254e-01
-6.821937011205444490e-01
-6.344274134811931365e-01
3.694767186533020054e-01
6.075059336703182433e-01
-2.055361993885995997e-01
-4.678817193810387853e-01
6.102465693574828931e-01
8.522361961955352005e-02
-5.345596377888841566e-01
2.413066739893681145e-01
-3.189794796276148037e-01
-3.052754962252991477e-01
-3.784993182911618875e-02
2.565941754239189354e-01
4.375440182474819584e-01
1.305133849160997062e-01
-2.725881092799325445e-01
-2.075487986055669920e-01
-3.034407988631324105e-01
-2.733823152098470710e-01
4.880678692493092274e-01
1.728443826650976067e-01
-2.191421692524195275e-01
-2.375430652981607715e-01
2.155813561528817646e-01
2.234603250494463234e-01
1.559843409687083349e-01
3.973764999775860618e-01
-1.165972573225639713e-01
-1.799475548271248226e-01
-7.374129941278492750e-02
-2.183940433353476554e-02
-1.324606302526098178e-01
4.180795539426108709e-01
-2.079509011912062943e-01
2.501263041495599415e-01
-1.678410694688110549e-01
-7.297638546413973692e-01
-1.626344356998316032e-01
9.175409350864820179e-02
-1.840635486559474288e-01
3.029497657895882101e-01
1.566293678648840171e-01
-5.442756565133462926e-02
1.621278929227852050e-01
8.203746087291399758e-02
-2.187313880760246299e-01
8.267321454908382883e-02
3.699598293753300071e-01
1.971368268912844501e-01
-5.391681407696421457e-01
2.331194622360277247e-01
-2.252737593209269695e-01
-1.232982860426820315e-01
2.478301564193039971e-02
3.295196205063720685e-01
-2.894859136167193814e-01
1.364017014520847171e-01
-5.500534297823527208e-01
-6.871607462012097045e-02
9.793235001849584509e-02
3.758213607773221998e-01
5.008634705434490408e-01
-1.036762247851046870e-01
4.789038760224729185e-01
3.574650496240779907e-01
5.044362704622051830e-01
-3.967784045195623666e-01
-7.991243724239383006e-02
-2.814867265166616228e-01
-5.305752017980250868e-01
-3.141970526020301108e-02
1.946860085844936972e-01
-2.988750013106989400e-01
3.950016223266273330e-01
-4.913388687317978010e-02
3.024276302809027483e-01
-6.571303840077915570e-01
3.902490765756140290e-01
-4.909683881391098126e-01
-3.508370007711321403e-02
5.814179170300045607e-01
5.787365970641117352e-01
-4.786051496206151223e-01
3.218126657871658858e-01
1.098450812742963328e-01
-3.602775644429451196e-01
-4.850246232366733357e-01
3.330412514742998042e-01
-1.562441831475927523e-01
3.722720531090085161e-01
2.465103312353278953e-01
1.782692546851073478e-01
2.562012461363411542e-01
-1.596594926350558552e-01
-5.189563577071536482e-01
-1.958935201408675553e-01
3.181732070368784027e-01
2.787143675978603907e-01
-6.437451870000792109e-01
-7.347977202514027750e-02
7.668224323819980773e-03
-3.615681414723630471e-01
-1.610591938973379156e-01
8.549847797611455358e-02
5.378916862512864716e-01
1.784539242436400663e-01
1.864588813725132077e-02
1.716582875293748423e-01
1.159358404430799010e-02
-5.259456804291591236e-01
-2.272160311939321886e-01
4.217668547212899410e-02
4.950407723576843444e-01
-1.810722785935124646e-01
1.075194148360645169e-01
6.648178678928842178e-01
2.375677922836797740e-01
2.089065570106749536e-01
-3.042726313737095234e-01
-2.070253006952883501e-01
-5.684991265564223184e-01
4.603700296616188292e-01
4.825251539251166899e-01
-3.610334817351060210e-01
-2.831505598572781612e-01
-3.485774867298036539e-01
-1.208444027268367471e-01
1.350789853371431593e-01
4.124818294527906604e-01
2.974801002525117033e-01
1.454909998278678673e-01
-3.418906278407932847e-02
-5.360548124662496416e-01
-2.150583461927839668e-01
-4.997553062696656612e-02
-4.355950925052020500e-02
8.183411047845390307e-02
2.060487924866909182e-01
7.208868977051037241e-01
1.348483455920894761e-02
-2.281639509402058619e-01
6.948537254118829498e-01
-8.534587533250637126e-02
2.854095110206859159e-02
-3.966808001619221979e-01
2.881529710469764027e-01
-4.607987356165676451e-01
2.690904054179896199e-01
2.385609286597761280e-01
2.485927037500320069e-01
-5.058945052045551449e-01
4.395827091905509798e-01
2.099105881968261755e-01
-1.025477805643379703e-01
-2.967820502266946825e-01
7.204144799439888835e-01
3.003948592604513412e-01
-1.148128491521741429e-01
3.322129100382600897e-01
-1.266535488046615088e-01
4.680100071783296345e-01
-5.125529796405419170e-01
2.428259924545186910e-01
-1.582883060324405955e-01
3.859724349115649378e-02
-2.101273471927350422e-01
-4.828662938261295973e-03
3.197622968575501018e-02
-6.673268390868005717e-01
4.499526678810237268e-01
-1.370994646723550092e-01
-2.844460761496112600e-01
4.447395536251589343e-01
-5.317038891239225240e-01
7.023116758790520775e-02
-6.083894692462840093e-01
-5.600588099482770588e-01
1.684439073298431011e-01
2.503076971137400686e-01
1.375114263106975987e-01
-4.008513748782157604e-01
1.791994583308020583e-01
4.957953110927653118e-01
-6.002473834019037002e-02
3.950152567964240746e-01
2.872388505011687632e-01
2.046599633747604730e-02
1.819533935495084298e-01
2.104698518708353616e-01
6.386817464412719580e-01
3.627333945680293326e-01
-4.039658445356093530e-01
2.741044936092235096e-01
2.334661155253051623e-01
-2.979578673842653846e-01
-3.062659034618085974e-01
-3.373799749040279350e-02
3.737334035491217121e-01
-2.919807771626679611e-03
1.082671651529400376e-02
2.438286888937284402e-01
-2.716636545217109289e-01
-3.778988459572743541e-01
-4.167129538411044054e-01
-4.234559499381477798e-01
-2.579333799777772662e-01
-5.400561058143780180e-01
1.805241190050725919e-01
8.156707918539812807e-02
1.123291032250115506e-01
-3.583929790955091566e-01
4.796998962199899852e-01
4.000291526650110452e-01
-8.660214800555417203e-02
-2.637850261898295745e-01
-1.277586452889944435e-01
-2.998878257158759664e-01
-5.758704014053371845e-01
-2.811917897773420494e-01
1.118864246815883257e-01
2.165269381148673122e-01
-2.513588535945609492e-01
4.517592765654925291e-01
-3.763372555247060935e-01
-5.197721947754781885e-02
-4.764815800536573165e-01
-1.602677596965901008e-01
-1.812978509455612230e-01
-4.196616106161384918e-01
-4.077337500859561370e-01
-1.955211912861492540e-01
1.161686203465790712e-02
-4.229681058190419563e-02
3.113684335915341550e-01
2.040426259569328923e-02
3.903489948456513869e-01
1.636519722601013083e-01
3.575564253087560873e-01
2.550614307193859419e-03
1.780159311780196152e-01
-2.418850274797814670e-01
-3.069197136349837152e-01
-1.622352942196856329e-01
-3.585754368900422318e-01
3.286771936765719992e-01
-1.573301665476588562e-01
2.716634008655126609e-01
6.098404904244904001e-01
-1.255463741992424442e-01
1.186394938035595370e-01
1.404482542759371011e-01
-1.924219394452133525e-01
5.457756843686313308e-01
-4.577039001074763303e-02
-2.152694592663905171e-01
-2.473960521917633881e-01
-1.261840281829313404e-01
4.682376213286855160e-01
-2.596063185388235439e-01
5.650611488357897699e-02
-2.293247740410223612e-01
3.980436253838840477e-01
4.762376728825722938e-01
-3.977530441980062781e-01
-2.234017180823364701e-01
-2.670679933823819630e-01
4.599795337169131360e-01
2.728762280549158481e-01
-2.473523987517331837e-02
3.788789683625040094e-01
-1.994595860017811251e-01
-4.482259658737566266e-01
2.059070346228442094e-01
5.382940400361964084e-01
-2.866078770927328878e-01
-1.517116733408034324e-01
-7.553190545266713629e-02
-6.795615115453880473e-02
-1.228906896745165789e-01
4.258976168874147872e-01
-4.125533682641402966e-01
4.036100769696291876e-03
9.148506393757147026e-02
-1.776384175020052636e-01
1.857134195910097318e-01
-2.869350071275394987e-01
-5.304619620185291318e-01
-2.808015048618660581e-01
2.955128895119423782e-01
-8.771911831868314802e-02
-2.434334921178322453e-01
-3.847115116289122061e-01
1.236060370357987548e-01
8.589853690522597507e-02
-2.610591133638215378e-01
4.126553726835069380e-01
-2.291755225264129336e-01
-3.952926975388075803e-01
-1.393025074983100797e-01
5.034790327420664291e-03
8.327439242816769838e-02
-3.850598576949270102e-01
-7.121846487064982245e-01
-2.177003272826131541e-01
-9.628808335416798314e-02
1.192670812049991119e-01
-7.350115976596277578e-02
1.494948773767457162e-02
2.407783458948513644e-01
5.407694454897457592e-03
-1.069315999240898624e-01
-2.252403763909850420e-01
-3.511991490285852890e-01
-1.040962842204948453e-02
-4.180067793782957231e-01
-2.260205767554178402e-01
2.492019732761039941e-01
3.211121568310490448e-01
-4.349108757448899576e-01
-2.750710669969337330e-01
-8.561247541071358436e-01
-3.280550682691986686e-01
6.188794407232632577e-02
5.846159203165065543e-01
-4.330954327333722542e-01
4.578368847597726887e-01
-1.434867891716473109e-01
3.408093143779880041e-01
-3.266081505572437926e-01
-1.109905379528584313e-01
4.745548766147067443e-01
2.679395892116268052e-01
-1.212191380714465055e-01
-3.635403905600379515e-01
3.488849416330026820e-02
-2.849341029160414318e-01
3.048876024572997126e-02
4.751392022012024263e-03
-1.581779400432692106e-01
2.143413491841765495e-01
-1.485609372976648690e-01
1.660840269906666833e-01
-2.159194147663233768e-02
-2.220578319613659424e-01
-3.100166235149128813e-01
2.274682005674539265e-01
-4.236669655133833978e-01
6.007674790479712590e-02
-2.473332300368588643e-01
-4.318249378627935786e-01
-4.530700550215920885e-01
-3.163764693843434950e-01
2.770882783758408241e-01
3.193101171328999177e-01
4.166058223198775001e-02
2.259371098147503754e-01
-2.300209674176866004e-01
-4.265592247824504524e-01
1.186777018148259255e-01
8.509591204978867590e-03
-2.367758697736822571e-01
-8.412562059265230041e-02
-7.158483994525687288e-01
8.704804716489697447e-02
-3.201951004233692943e-01
-2.149590189115500871e-02
4.552639540961825881e-01
2.398507457726853920e-01
-4.000783525352582526e-01
5.972465267064847039e-01
-8.071225079921719170e-02
6.510633696017175120e-01
-9.177160614600698985e-02
-2.805520534336982189e-02
-7.069142504608971755e-02
-3.150263169733822921e-01
4.307836253455982201e-02
4.658472741744419388e-01
2.077461333068036375e-01
-1.716043524067720483e-01
-2.758194763198764665e-01
4.868022019320643601e-01
2.342815895259202086e-01
-9.660782877735418772e-02
3.262205847673562142e-01
-2.839857952108592598e-01
-1.161831975659838312e-01
3.397860081659991732e-02
-1.899706403959668943e-01
-7.268789174596702596e-01
5.599708904606965909e-01
8.653037535776594846e-02
3.442065404029205355e-01
-8.174373667967380075e-02
6.137516942823550981e-02
-2.980620430429334888e-01
-6.731119262131756154e-01
3.974563840723871477e-02
-6.487020559194214830e-02
-5.877878074257780056e-02
-3.016061589679581711e-01
3.344010096159085177e-01
1.093671123084953706e-01
1.640050912653930326e-01
3.031146763386896419e-03
-4.092225460638648782e-01
-3.608875395375045758e-01
1.996861435186244871e-01
2.472778889491245025e-01
-4.238356980997389778e-01
-1.143354979645174740e-01
-2.540529375921687372e-01
2.735218896161413227e-01
1.393888043398984200e-01
3.620033097272976619e-01
1.100223343126704445e-01
-4.460822401495723177e-01
-3.403875519892997636e-01
-1.601543760466743460e-01
-3.893615158145352639e-02
6.653003921065005211e-02
7.214381009777086004e-03
-4.208257215277451391e-02
3.860361387182276172e-01
1.210921166937974358e-01
-4.971606361612473934e-02
3.502714482272738933e-02
5.756664374018894970e-01
1.620130376115138660e-01
-1.401244130763753537e-01
-2.804397631026918358e-02
-1.488085330928434202e-01
-5.679068096622731376e-01
-1.541259322741624638e-01
-4.156448116902360795e-02
-2.283722102331224024e-01
-2.056256418017980703e-02
4.436111196765933906e-01
-9.985611686247025665e-02
3.283738440312825024e-02
-1.164072265558334374e-02
1.218624905166118960e-01
5.550413791039567890e-01
-5.126965874139688406e-01
-1.012654415947159409e-01
3.637365653530932330e-01
-3.409326629712809975e-01
-2.896984445459654944e-01
-2.833750746809975962e-01
-2.812158097324979344e-02
1.190392749760339763e-01
-3.438090368879391234e-01
-3.128266448816939826e-01
1.582133969394249606e-01
3.307322614868994926e-01
2.625541028589331027e-01
-4.833984052716877589e-01
-2.383071677946342615e-01
-3.079292145804490843e-01
1.165076208371428057e-01
-3.029494662912172176e-01
5.226907462088932199e-01
-5.024590699188722365e-01
1.485973215072287634e-01
1.004524537383576915e-01
-1.301924788271302882e-02
-3.717785518004463330e-01
6.149862409213283643e-01
1.417313506738437923e-01
5.067862501003546349e-02
-3.326764131883848674e-01
2.991336882399891484e-01
3.011315977700038671e-01
-2.356636626183290228e-01
5.380339926063437694e-02
5.260724572935533416e-01
-3.019998536378164511e-01
-5.587721771222158296e-01
6.724558893340505383e-01
-3.721508609700487913e-01
-9.129991682261424935e-02
2.343937981562554604e-02
3.778172977390983900e-01
6.763300929425779540e-01
-4.663472171622929929e-01
-4.091430939387823429e-01
-2.089978095353146603e-01
-1.364196772206097974e-01
-3.490826941176328191e-01
-8.844694854041493248e-02
1.837597853464080222e-01
3.492415429616263500e-01
8.917654784291646070e-03
-6.686903311276748418e-02
3.375908586474585249e-01
3.371992758572363025e-01
1.038443839465741370e-01
-3.038202330827954878e-02
8.323183335259269622e-02
-1.417577999361936403e-01
1.331116389378202668e-02
-2.802077227160761907e-01
-1.709504326591645973e-01
6.775691157998839365e-02
1.585365567396952724e-01
1.491906450045693555e-01
-3.872301314650586912e-01
-3.016067153711963766e-01
4.103854931001723050e-01
6.471251117291754174e-01
1.912635405612397518e-02
3.233636613270721716e-01
-8.914636791137826866e-02
-4.063198193678366765e-01
-4.992639332858329615e-01
-3.164571533403863768e-01
1.180697605999690702e-01
1.938181781449425933e-01
-6.635100364316147414e-02
5.928379761152648975e-01
-6.221223905396669474e-02
2.648141203874957439e-01
2.811189508449038477e-01
-4.215244611474598946e-01
-5.044470763353275933e-01
3.075755121962261418e-01
8.537015467119914158e-03
-1.413607147220223015e-01
-1.785043577075309251e-01
-2.372937350646732169e-01
2.103879961665888407e-02
2.688014709346233655e-01
4.194124255371247667e-01
2.970989803595373152e-02
-1.622492391603005957e-01
4.528943335835697304e-01
-2.775148967582666826e-01
4.128101294485093664e-01
5.972301653426494994e-01
2.202802035537328451e-01
5.195604196112417750e-01
-4.127117046798255418e-01
-4.088940890083471169e-01
-3.218491656542123991e-01
5.861631028196258308e-02
-4.112701638354165357e-01
4.601350877157985297e-01
-5.944637262317810367e-02
-4.034992530963151802e-01
2.390874721433408623e-01
1.702214571999943749e-01
-1.588629331748713236e-01
-1.083393858139664045e-01
4.271551731529903972e-01
4.736530268908318853e-01
4.718385123543694659e-01
1.062701904478869919e-01
-3.430699295753105171e-01
-4.269985239588724307e-02
5.179731295219378584e-01
3.669755879032137180e-01
2.628959453382833655e-01
-3.535447751181052256e-01
-6.292276540256295236e-01
-9.662969021697687122e-02
-7.861949658664707519e-02
3.085224043680968031e-01
-5.214321877320285958e-01
5.525546091501593038e-02
3.354225967567557865e-01
4.058586688370577900e-01
-1.143871134768403852e-01
2.490437316784143151e-01
3.210551373841784573e-01
-1.437911298406906180e-02
1.152029034752777986e-01
1.986864652480394011e-01
-1.711134829644538891e-01
-5.160015842640341965e-01
5.911269158181173267e-02
-4.312586914602113963e-01
-2.655035219806519201e-02
-1.763890787971847118e-01
1.233915935659458431e-02
2.162179281937481323e-01
4.551659410744169909e-01
-5.121700355085908596e-01
3.010677081322056248e-01
-3.705289503544188512e-01
4.419875537110272701e-01
3.916596806120104662e-02
5.342640162007595422e-02
-3.484041800387900345e-01
2.678443292885169247e-01
7.434067643250807933e-01
2.175353440956835360e-01
1.368055252044892561e-02
-2.455416686067628806e-01
-1.173009955747839062e-01
-5.027118174196635453e-02
-4.915752905890701657e-03
-9.544119776388375678e-03
-2.648704450622718642e-01
-2.513664004916503214e-01
5.940001597554255275e-01
-3.803864227262770403e-01
5.625084885104039353e-03
5.454994398207407835e-01
-2.504649377224991702e-01
-5.723916296827784578e-01
4.658725560597548609e-01
-3.648461465141075166e-01
-8.951199338293625712e-03
-6.981656337197902351e-01
5.997422265602019020e-02
-1.736400380829512535e-01
-3.427376283029758275e-01
1.446952546262115225e-01
-2.717152855844175985e-01
-8.440122027264221685e-03
2.736089012730857223e-02
2.557170340981254064e-01
-2.041877358418853761e-01
-1.709265531359902279e-01
3.607117658967554097e-02
4.565410174414009092e-01
4.420091437905314669e-01
-3.599184311387976232e-01
1.947526892762885820e-01
-6.104750978075290657e-01
-3.535527071637767915e-01
1.299713634374745075e-01
-2.704046994135765880e-01
3.801451993250929418e-01
-1.149615461256880133e-01
-2.546239012118655665e-01
1.818995379903826093e-01
1.004246392245420338e-01
2.238793260389427831e-01
4.569932218127172735e-02
4.235771720762931958e-02
1.449344092412469531e-01
3.635161145810065220e-01
2.545913180509164556e-02
1.141168201374124225e-01
-2.098597556609406167e-01
-3.949407414004142969e-01
2.738406513370054696e-01
2.409783432012675419e-01
-2.835183191881636144e-01
3.053796337386203152e-01
3.184075048094640592e-01
-2.246029456283319958e-01
1.330532344887531693e-01
-6.769351135232590244e-02
1.005480192220114810e-01
-1.663335933025636704e-01
-9.831095075097406877e-02
3.494186321212397472e-01
-1.011977411902645618e-01
8.685953591968234577e-03
3.816173603069918374e-01
-3.135081771376703030e-03
2.471325712612234549e-01
2.279007432394959121e-01
6.519307873117420327e-01
-1.683032255602073812e-01
6.373181181218817715e-02
-2.391213256483772920e-01
-5.298912728567820585e-01
-3.165300531468939749e-01
2.969331403287975464e-03
7.292671861491173239e-03
7.243566668306458678e-02
-2.878372240091106593e-01
-2.891829298438665721e-02
2.213784729213192914e-01
-3.295279154432851354e-01
2.428938198093798517e-01
-3.120507616813788521e-01
-8.498432878834089044e-02
6.044016307324069359e-01
-6.100697667431140836e-01
1.113042689525499118e-01
6.228783568504328017e-01
-6.736610464898157291e-02
-1.064048313263220302e-01
-3.001087603732984221e-01
3.229102323042945533e-01
-1.267011387830978449e-03
-3.267148343260382198e-02
-3.037271722351459480e-01
-1.636869719848537963e-01
-2.329400548537776672e-01
-2.877454611673492257e-01
-1.402439065679449426e-01
1.403806146397845456e-01
3.624574669039916097e-01
3.649412217891808141e-01
4.765158897725967346e-01
3.202793165751257609e-01
-3.610432326263179337e-01
-3.822317548950165400e-01
-3.701623879399283390e-01
1.129333491041423637e-01
1.501793097995504644e-01
5.840899036494831553e-02
4.247255642188166314e-01
-4.263818333771707270e-01
4.590237633327519384e-02
2.116135938659763349e-01
9.991490157942790884e-02
-3.111938852534008593e-01
2.938796196851959364e-01
1.272798522893864304e-01
2.395250503212035253e-01
3.565745014180553563e-01
2.779215058129154148e-01
4.225457982700238091e-01
5.457702638291151986e-01
1.011006273024937646e-01
3.076527238099157069e-01
5.461800744785622053e-02
-4.059139766308001995e-01
1.722306070564218194e-01
3.035307374370079248e-01
1.047140670303220444e-01
1.935833965209839413e-01
-6.198005062852238733e-01
2.685321326224167082e-01
8.839348686905498798e-02
6.547973993969059825e-02
-1.458203548234908165e-01
-1.748766389724961401e-01
-4.462653824100323158e-02
4.377403951180095509e-01
-5.706938637011786941e-01
6.400780286088901538e-02
1.625394782509737845e-01
1.665363571430808487e-01
-3.324033025906380362e-02
3.775591625309178134e-01
2.813341728193154978e-01
4.504056640645127674e-01
1.789035901077369872e-01
-6.006307533942568666e-01
-1.640634766734671568e-01
8.239920434923232728e-02
-3.909015227076271248e-01
9.636522575787527523e-02
2.613260365502028670e-01
-3.543512182681031464e-02
1.284826275533811069e-01
-2.732727632795396433e-01
-7.405583189186892845e-02
3.843491991680689779e-01
4.412711942337146365e-01
4.842301072918655525e-01
-1.086280220361767780e-02
1.085899581497839356e-01
-3.289966670125578641e-01
5.364692619327443568e-02
-1.209120890296516426e-01
4.679959689767599906e-01
3.008233130483718432e-01
-6.385396354511449490e-02
-9.947692221361834064e-02
-3.396742708902554808e-01
-1.613670162375582806e-01
4.631113854944923780e-01
2.695591976852125260e-01
-2.203658814646627662e-01
-4.304940059179792472e-02
-2.736321445424136911e-01
4.236767683321350786e-01
1.823451115534845124e-01
2.530113227253505404e-01
4.220669353633514920e-01
-1.332178764598845044e-01
4.932989070707763379e-01
-8.191584417690858655e-02
3.774237642403157067e-01
1.587928141822643122e-02
1.926448498074201654e-01
4.972444969969301853e-01
-4.242447434165101394e-01
3.554070697389675182e-01
-1.606709305480731875e-01
3.079737026498115537e-01
-1.945345660029576887e-02
-3.602178758523931767e-01
1.986183556390578864e-01
-9.058858752373524087e-03
5.236847764742986744e-01
-1.588727323719010265e-01
5.164496213860142459e-01
2.051160503300330784e-01
-3.057947179044491481e-02
-1.901582900500909390e-01
-4.611805178441481107e-02
-3.297646771153131540e-01
-3.565573562205375663e-02
9.670144405380193264e-02
-1.979841148193931810e-01
1.148200600592202969e-01
4.462543495074507982e-01
-2.471425032792207710e-01
-9.114662813278828768e-02
6.817427930612329767e-01
-3.728049371781486793e-02
1.191926811357796601e-01
2.254740616335285455e-02
6.160105449057748372e-03
-3.269790131056919957e-01
2.462139496171279474e-01
-2.177509238888697962e-01
-5.622404297740977164e-01
4.041159629549817556e-01
4.975712191924274719e-01
1.450693010150925222e-01
-3.575296842529515629e-01
-2.162551378270848729e-02
-7.092624256062825261e-02
7.340338278777412961e-01
6.262061551307083196e-01
2.329100085731509728e-01
-9.435681958464703020e-03
4.573352665313638044e-01
1.762328758560405273e-01
3.361558542370119973e-01
-6.339088445354370549e-01
-1.012645728398796213e-01
2.222242646235179642e-01
-4.929911462003123968e-02
5.394373214742674838e-01
-1.979444569414003374e-01
-9.150553106219530553e-02
1.736577406285529090e-01
2.870226977732912577e-01
-1.225191661238274055e-01
-1.371507899096215954e-01
6.770256333949839500e-02
-2.118680506473269443e-01
1.889563174709565641e-01
-3.473090525666553963e-01
-5.188517862275955350e-01
3.130479047148128358e-02
7.818752322011915390e-02
-2.145946680337185858e-02
1.338020247374342442e-01
4.124005804645194950e-01
-4.139563247936678958e-01
1.487795616898543449e-01
2.101016881973579442e-01
-1.291651463437880620e-01
2.349758316629648736e-01
-1.365311325598055374e-03
-6.421146762978715561e-01
-5.409605068176457365e-01
4.215301981377974627e-01
1.484316169115075246e-01
-1.503120724151757737e-01
-4.863365196680038416e-01
-2.584113139976716988e-01
-2.811727283062153138e-01
-4.666147871012028547e-01
1.282007379051412765e-01
4.449200145117902794e-02
1.454621645983853462e-01
5.190362319210253261e-01
7.748901723719907320e-02
1.368704432252671743e-01
3.890177294804239017e-01
-2.661958352019104801e-01
-5.184991248214884108e-01
-3.112765049265058814e-01
2.670683543982190766e-01
1.993016103176381004e-01
3.778495321356044601e-01
-5.392809243052798518e-02
-8.996103401095342789e-02
-3.177450757909042744e-01
2.552717531084527924e-01
-5.168422434173285396e-01
4.509555526283633986e-01
-3.494079323369229939e-02
-1.995945407055332854e-01
5.287745623699807718e-01
4.886083895344259798e-01
-4.291440153138834090e-01
-4.025867495671096030e-01
2.941756438415422670e-01
1.912612939001691048e-01
-5.076773001899252680e-02
-4.660134476135016635e-02
-6.437450600879170981e-01
-1.777609707740205602e-01
1.939687848626353850e-01
2.272858378362777598e-01
2.209747061927833656e-01
4.560344390483238031e-01
2.546528052344345650e-01
-5.648970466444727667e-02
8.407572606611736499e-02
-2.894549785170522638e-01
-4.225897539869785113e-01
5.159458317109679726e-01
2.521061190472453362e-01
-1.876217280908887286e-01
-5.106709844687329358e-01
-2.298100715487579049e-01
-1.564221126327958733e-01
-6.192162239921482347e-02
-1.562564124805618238e-01
2.123555161108088285e-01
-1.181979295924827089e-01
-9.038632405520793944e-02
-5.298679902951801690e-01
-4.577678392512346539e-01
7.693887325602091765e-02
-2.470269208294623986e-01
-4.035679056374200102e-01
2.905333957509440013e-02
5.637334521499341028e-02
-7.594010791395002791e-01
-4.688329978330026127e-02
6.197319490661522962e-02
-1.460117804076799253e-01
-1.985960071808505478e-01
5.806127852447734439e-01
4.229466708190270374e-01
-6.327505493049603302e-01
1.310167477296484417e-01
-1.751155171182082193e-01
-4.080350577251955491e-01
2.324278075855983894e-01
5.708757035256395440e-01
1.335715896522974011e-01
-2.600402596908703012e-01
-1.810320388485760490e-01
-1.323539712644919986e-01
1.398936518794291484e-01
-1.546686104748253854e-01
6.149071682676547981e-03
-2.414285042574338402e-01
4.194556952220174217e-02
-4.385935399567112425e-01
-2.930163762044685205e-01
2.729625222026310638e-01
-8.464921496350952257e-02
6.064030640468309752e-01
-2.562847587976638808e-01
-3.509713626683417798e-01
-2.204570022502773743e-02
-9.264099112874635278e-02
-3.564412853300993334e-01
2.337279694020168996e-01
1.685313636295955320e-01
-1.235577746774808028e-01
4.416524463483768037e-01
8.455140250615121589e-02
-4.639839529504829335e-02
3.899091521812380612e-01
4.270727708605408512e-01
-1.238764559100423990e-01
1.069557972226990172e-01
3.504534818360965920e-02
-1.527951516172418311e-01
-8.869769194346321939e-02
3.273968148340072881e-01
-6.689508875193506121e-02
-5.483372767909890783e-02
-3.553985400514299009e-01
2.180607661515759910e-01
-5.612263969460761226e-01
2.802025871261483170e-01
-3.837154709927632079e-01
-4.538034873362989385e-01
1.090215880066935511e-01
4.675656855630599962e-01
2.277348573778591456e-01
1.428065954074433062e-02
-4.378968432331443728e-01
-2.084688138328326390e-01
-7.484345066714107042e-02
-6.537092802842169315e-01
1.543968724955825378e-01
-5.196467812148217735e-01
-3.296012245713423328e-01
1.267713836170163144e-01
-2.601699566031239197e-01
2.480451700000302073e-01
-1.791631666078727370e-01
9.933126175169193495e-02
-4.656297792651563072e-01
-3.187121590579719554e-02
8.716440576675092700e-02
2.120449146154002873e-01
-4.081723163116153796e-01
-9.201894281687153510e-02
4.412545596806850545e-01
2.599756480631241762e-01
6.489571073378401778e-01
2.779386907414268526e-01
-1.138291529894994436e-01
6.313988323944901004e-02
1.029876947031943685e-01
-1.441028627257880668e-01
-1.746694089868052469e-01
2.652301432065419240e-01
7.837972826637894519e-01
-2.718244912566325500e-01
-7.468242934013034906e-02
2.916106602385247770e-01
-1.148773248889882886e-01
-2.091596671526516418e-02
5.321978936968916329e-01
-1.019591682055290549e-01
3.776476839349468539e-01
-1.112399308577094979e-02
4.202056243303580740e-01
-4.642202251047818362e-01
1.290793312252850877e-01
1.728843652137007636e-01
-1.518382250150134838e-01
-2.519649777820323622e-01
-7.666731792974693094e-02
-4.753066368437548483e-01
5.927365159166190223e-01
1.988197358016576821e-01
-2.505005987586266664e-02
-8.141052160269790505e-01
3.443623277152262907e-01
1.971070223411205691e-01
4.394346147447643625e-01
9.322892538025484566e-02
-2.903149212788168065e-01
8.057267332966314144e-02
-4.556501382941541278e-02
3.855162835352422546e-01
1.100906588425960494e-02
-4.600125494378459190e-01
3.412971618606076007e-01
-1.656348668062801455e-01
-2.629802903167686723e-01
1.105827409185794058e-01
-2.609423293574921199e-01
-8.148329502780301062e-03
-2.408577117515606769e-01
-1.715742539152209992e-02
5.250459698785268220e-02
-3.143115483792321418e-01
3.198024588131359591e-01
1.431100431078207724e-01
1.790903953424032580e-01
2.624473759543715645e-01
-2.944489278428399359e-01
-2.176661220556718179e-01
-1.125648851989736882e-01
5.272232102533657150e-01
3.881662754238565105e-01
-3.498606377660430367e-01
7.682738049847448458e-02
6.299720244717383899e-01
1.941205438807724615e-01
-2.484828074927248123e-02
1.553922972444951867e-01
8.953523191848777874e-02
-1.838379032639513369e-02
1.141021868607406120e-01
2.474897191174426914e-01
-5.153157139846902268e-01
4.851467084082504780e-03
-5.152439651950877497e-01
4.040061287181405669e-01
2.909870371357062627e-02
1.372654490035891406e-01
-5.021510955795562836e-01
2.998256322117336947e-01
1.876143693874248591e-02
-8.622258711175609935e-01
5.828970523899232870e-01
-7.485111813295064476e-02
-5.703432607723946807e-02
4.118231638644942461e-01
-1.809229013263971564e-01
-5.021561141475238549e-02
-5.196117599186583780e-01
-1.961265028180891878e-01
1.038472509289048024e-01
1.708799968472795860e-01
-1.844943792357230383e-01
-3.006950352065902998e-01
1.506766373291283378e-01
-1.021363264215251199e-01
-1.549067663992860777e-01
2.884218192438601225e-01
-2.143845280751024984e-01
-2.623248546360366570e-02
4.459768328845217233e-01
2.567967698597323212e-01
1.315180536260104338e-01
-4.299199793267862585e-02
-1.435642138879044405e-01
-5.371787611639616822e-01
-1.324094053233766666e-01
1.966047369002989487e-01
-2.830701304485914727e-01
6.661776485657913138e-01
-2.878776452129706009e-01
6.096180458051304180e-02
-5.704306431114780640e-01
4.561372869582866474e-01
-3.548243522075607004e-01
6.400552382382965200e-02
3.174991571474687357e-01
4.283430409117539028e-01
-1.632355900414792504e-01
4.633042571864105508e-01
1.518241047381760911e-01
-1.235802722979345014e-01
1.515999346817066273e-01
-1.015556276010898956e-01
3.681217442699463716e-01
-6.868414015793479210e-01
2.834532911097836227e-01
1.876966466371637887e-01
1.081250411430385305e-01
-3.360277246800593698e-01
-3.320625092957226188e-01
-3.359037347192845302e-01
-5.564521476395815902e-02
-6.241516337809311921e-01
-4.991020421876927182e-01
2.531544816032041401e-01
1.580057887779553749e-01
-9.123656845513986036e-02
6.810595201269623034e-02
-2.825642966827167646e-01
-5.000503410123158243e-01
6.878522678998120199e-01
-3.377341790542712219e-02
4.792860525568017338e-01
-1.060912046349290344e-01
-4.884333756436048946e-01
-2.596755956965166590e-01
3.069922287929214774e-02
-2.072498741121660548e-01
1.903877550550625020e-01
-2.064122359326516776e-01
-3.734287834473517531e-01
-2.643960637105215450e-01
8.654971140831257959e-02
3.802143023340239791e-01
-4.133226890615572247e-01
-1.327170714076148506e-01
-3.023864947635319933e-02
-9.671606624990940204e-02
-2.674498653896025813e-01
-5.495404772071728061e-01
6.785006359401917209e-01
-2.216091432997139427e-02
-5.987478973561812801e-01
-1.785680697165628605e-01
9.635982333221589091e-02
7.226285103725824666e-01
3.343143170280333254e-01
-1.854984760323568904e-01
5.604065547751515552e-01
2.647772610148395045e-01
1.841007069660543505e-01
6.915053679352989313e-01
-2.784798371358881419e-01
3.359016249882180727e-01
2.061533840386520211e-01
2.110283103680622163e-01
-2.861849550732180614e-01
7.359228242888917748e-01
4.492493227793395438e-03
-5.008973769089560824e-01
2.237121663160809848e-01
-5.209719372177556984e-01
-3.640233990649046625e-01
-1.678231542063301773e-01
3.509467902547125928e-01
-1.228973032201550325e-01
-2.657078609757781984e-01
2.724087729110844514e-01
5.042815738109436285e-01
3.634055865980546640e-01
-2.491058571379321518e-01
-1.417721962918404577e-01
-1.867216124479564310e-01
4.778715518692426903e-03
2.273503889921719701e-01
2.674209690570116260e-01
3.800240654978822574e-01
6.075059661443437536e-02
4.963302999746668220e-01
-3.462313610480976522e-01
-3.650038323868005086e-01
4.115905717453734658e-04
-3.012049495739310134e-01
-2.775382516831349788e-02
3.399720897059723690e-01
-3.815155698251035954e-01
-4.510144143516865989e-01
-2.090713792682207250e-01
-4.333007324081560308e-01
3.317540261446680905e-01
-2.493479270049879515e-02
1.119537393295944455e-01
8.237696912740680166e-02
-5.365668067525178678e-03
3.192605443132424253e-02
2.008421154936699538e-01
3.755737839880616269e-01
2.469669883035746083e-01
-3.104174070574721722e-01
-1.410098085971312754e-01
-2.564998429216365783e-01
-1.029752317153116853e-01
-4.170935535007048722e-01
-5.596545194927986522e-01
5.291174210298823510e-01
3.564403849472845276e-01
-2.609094634265228252e-01
-3.246454581561006303e-01
8.415834181489785237e-01
2.496237496980077686e-01
-9.132169664244985108e-02
-2.618319379093049237e-01
-1.816415460633833134e-01
-2.614797565741741603e-01
1.319686968121560888e-01
-3.165385089918122397e-01
4.124338592639705814e-01
-1.288091631955951173e-02
-1.082196343377304637e-01
-3.172521862562722728e-01
1.644570529388425517e-01
1.560555225375443722e-01
8.969193480739397206e-02
-6.547816431646862334e-01
5.247135226314676437e-01
-2.596525016781846551e-01
1.004908983050498694e-01
1.498368740943518129e-01
7.847446094180560161e-01
-4.878809412434220172e-01
-4.249082870023088709e-01
-2.822931235162193242e-01
-2.737478845927523996e-03
4.070302789348528849e-01
6.214505891286814521e-02
1.163912803970184179e-01
-2.086686540667956058e-01
6.930538056323458651e-01
-4.766197891566365530e-01
-2.696868016354115882e-01
1.284929385132989044e-01
1.341915224514845795e-01
-2.287370544790393034e-01
-5.599021284294878331e-01
3.960549654912656758e-02
-1.763430261566700241e-01
2.056485127507845789e-01
4.677710394756938728e-01
-3.629308144834780259e-01
-3.211141503047103274e-02
-3.259491408439953442e-01
7.392274591912351145e-01
8.780245584834386885e-02
-4.733026493305882987e-01
-3.541388530282955083e-01
-3.410522068166845777e-01
-1.691141910483148769e-01
-9.911381988215174632e-02
4.163153296054569186e-01
-5.923589842925677806e-02
3.781426689910735162e-01
1.123609029751518884e-01
-1.933339368881389908e-01
6.124031141940398104e-01
1.708976598401257818e-01
-4.963857839107490011e-01
4.277622349252248046e-01
5.919250534570381639e-01
-5.623490216159304778e-01
7.050362643306025134e-01
2.682347427938421014e-02
-2.972134293250432990e-01
-5.631274449250642938e-02
1.886379593199940530e-01
-1.033368379571580620e-01
2.971695698669773456e-01
-5.011768970187899797e-01
1.151887227402792480e-01
-5.074443126982670638e-01
-5.044291072348234400e-02
4.302106294436221501e-01
-3.326258104627927703e-01
2.121590477809321695e-01
3.498497317142934548e-01
6.093843036758435083e-01
1.682227945706135652e-01
1.479621962642002631e-01
-1.628130733535194663e-01
-5.037689996736892661e-01
1.990429609901890884e-01
6.187800510611264626e-02
3.161147998117745661e-02
2.972188056948528168e-01
3.560819790339591062e-01
-4.356042795647462329e-01
-1.726293091307488925e-02
-2.875601809195716951e-01
-1.863299647141458959e-01
-2.833124788623908596e-01
-8.187292050843969493e-02
1.792326487037978477e-01
2.373810985024627784e-01
-2.979388156426364676e-01
1.090654830721105861e-01
-8.264719212127651093e-02
2.155367146380154364e-01
-4.321765532706466351e-01
-1.075277358368007669e-01
5.074796642537289237e-01
-2.047395572775579098e-01
9.532539120374539099e-02
-1.783472757374793272e-01
-1.565440079797447148e-01
4.212615877231743466e-01
-5.155180084974437388e-02
5.393387030796581438e-01
-1.603941597975681865e-01
1.479151945484632191e-01
4.258448236908064510e-01
2.654779627702381628e-01
2.768267222175001541e-01
1.096375522613320802e-01
-1.422146041061131128e-01
-2.000720268522211409e-01
1.675926954463002327e-01
-2.071373023584802686e-01
6.215136632392613825e-01
-6.453208103693344189e-01
-4.699794310102415329e-01
5.219553539879765447e-01
4.708284820206784516e-02
2.363977063574312920e-01
4.856157341757906531e-02
7.410544351877287328e-01
2.798723919699734330e-01
-2.388559695605040056e-01
-2.311158989332499913e-02
1.274100892554698994e-01
6.625379200930167634e-02
7.657839978501779221e-02
-3.705883535820649888e-01
4.943776280542893642e-01
-1.626309535112798743e-01
-5.951225275430749306e-01
3.128788169025023547e-02
-2.646281209288776637e-01
2.182917980220688559e-01
-5.169253257902879373e-01
-5.223218405339367099e-01
1.825139867591688558e-01
4.005634861125713098e-01
4.955011547419375662e-01
-3.132445900809597839e-01
-2.021249122769838147e-01
2.058202465087805855e-01
-2.895787183551515320e-01
-5.741453446240911695e-01
5.701218339565455873e-02
-9.360492003211120376e-03
-5.095644658120070947e-01
2.293704595313443562e-01
9.587010578382219872e-02
-1.557268083370586531e-01
-2.428624033417402794e-01
9.743478040189307299e-02
2.666699596453966925e-01
2.234443121892146777e-01
2.332803477394817526e-01
-3.971542902781858841e-01
-5.294096556308690998e-02
2.589275797667524026e-01
-1.183526858150701078e-01
1.110606078040687061e-01
1.547691590173715381e-01
-2.944774047089870339e-01
4.288782559645153980e-01
-3.709517503664187532e-01
-1.017139937930465199e-01
-3.964417258733292093e-01
-1.577472262809573311e-01
-4.395051384902815550e-01
1.608705378891464866e-01
-3.795617098634165298e-01
-1.213171167179256521e-01
-2.119805320927428127e-01
-1.530758874057215613e-01
-4.413461125380024885e-01
-4.700144136912741133e-01
-3.105345851735922258e-01
2.531551348742098195e-01
3.609056913854702398e-01
-2.499772320427620098e-01
-2.769635090023397916e-01
-1.695705724181997831e-01
-3.033372970768234977e-01
-2.042983747840095010e-02
2.751225267382521045e-01
2.549539689357268046e-01
-6.521280416295774929e-01
5.873239169129176318e-01
4.495175016602920848e-01
-1.697366545759461734e-02
8.364453585907027922e-02
4.830344908199566412e-01
2.102219111311914301e-01
-4.425357618717872810e-01
3.225463718667241353e-01
1.636067741459459601e-01
-1.521019657730229013e-01
-4.725559353375172709e-03
5.083180450870774525e-01
-2.841900354327660597e-02
-3.969067763657626591e-01
3.639115130113979024e-01
-3.200544149952000428e-01
1.803732089561322360e-01
4.553135789777137399e-01
4.076045495193731938e-01
1.608809305388877176e-01
-2.972052560453652958e-01
2.090050668721926685e-01
-2.059109268093744713e-02
4.374151507088892138e-02
1.868174843933014251e-01
-2.995654991669681189e-01
6.725409776158571828e-01
-1.017602756914872952e-01
1.196317047003614131e-01
3.308679031819520278e-01
5.277002035178434136e-01
5.389792236917997914e-02
3.553995798134496759e-02
-1.113393325727621563e-01
3.240836028145184233e-01
-1.265993155998657582e-01
-3.816085259540249464e-01
1.779072046934480900e-01
1.413356883242434525e-01
2.227096746797545268e-01
2.691332144834334139e-01
-3.275685263253450552e-01
-6.867612568674219542e-01
2.705919077256410676e-01
-1.282994564830697015e-01
2.576191422362608119e-01
-1.215351472999279536e-01
4.768338853346281714e-01
3.904768581424441498e-01
3.435535244451954906e-01
2.454149278197371165e-01
-6.235414853304550864e-02
-7.620484389827908434e-02
5.517921804300739141e-02
-4.697005301153563822e-02
3.908909324709320399e-01
-9.575478074498550152e-02
3.009828088650393085e-01
-4.297770035347800999e-01
-2.410874205093145040e-01
-5.028920138842990495e-02
4.958002503529194277e-02
1.574001859663511915e-01
2.240985444602714705e-01
-3.369781569972405966e-01
-3.552230431140906280e-02
3.156836099301800203e-01
1.549824734857364883e-01
-1.315815872825102512e-02
4.508590955283980350e-01
8.932347000908599788e-02
6.845200893345067261e-02
7.444077009224106534e-02
-1.452370939403638088e-02
-2.129804757896832101e-01
-3.493233271495511660e-01
-2.796121218200919162e-02
1.951017108882906470e-01
4.872474740705811103e-01
-2.278638482471599322e-02
-5.041730596388765973e-01
-4.596624247258349061e-01
3.951943813350271006e-01
-2.120851618052431442e-01
-2.076951910701629322e-01
-1.149212935959549042e-01
3.207641002252939466e-02
-3.012833934691721560e-01
4.498143879659040056e-01
-4.846205805432427516e-01
6.243381069256624671e-02
-3.142920004320966521e-01
7.776807243760379407e-02
-1.670346883381795544e-01
-7.434639899969935906e-02
-6.410545117462536080e-01
5.756311175386408241e-01
1.581703545808864630e-01
2.401474911752615182e-01
4.237253751359366105e-01
-2.812603126199353376e-01
-1.717070324035313567e-01
-1.051178030696316712e-01
6.020402631744855571e-01
1.645514146130433453e-02
1.311437388598814535e-01
4.477365592246340675e-01
4.428482727403667552e-01
3.254984092461250533e-01
-3.335752201377008008e-01
1.837042571049574413e-01
-3.817567781541988947e-02
8.183308487221079008e-02
2.479628509983463139e-02
-3.077249572849930642e-02
6.141961239450044463e-01
-2.130119421785343081e-01
-5.345804060691472688e-04
-1.371250035618807595e-01
-3.129256558596804072e-01
1.618998520401336294e-01
-4.335561054650478585e-01
-2.274906129153969891e-01
-9.902737827696350692e-02
-2.569108670660249505e-01
3.340779201070722126e-01
4.129572435400565844e-01
-2.218479341843565544e-01
1.028637034298307412e-01
-1.915320579769359266e-01
3.066129095066348897e-01
4.808335686990242164e-01
3.186690293747685976e-01
6.020564699622306115e-01
2.208095468040923715e-01
-1.797562533813363006e-01
-5.178695198781572279e-02
1.345032481236577704e-01
5.215985788081858691e-03
-7.297115714979368617e-01
5.052423213812292646e-01
-3.908935382549876270e-01
-1.828093695902989757e-01
5.744543096375482882e-01
-3.329938560914496443e-03
3.608648651892341075e-01
-7.626885038636850300e-01
5.768937907961930317e-02
1.338474450529271165e-01
4.699277263060139820e-01
1.024393422893423236e-02
-3.229109556180717044e-01
2.744618145459792324e-01
8.316147490291696254e-02
4.117209959659981489e-02
3.123966256051558150e-03
-6.073437777544060667e-01
-4.972429010455648446e-01
-1.934825103186672834e-01
-2.500001238686316851e-01
-2.721880869481948517e-01
-1.325849791672493450e-01
-1.630403832020962396e-01
-7.293537223069275488e-02
3.538898892924549622e-02
2.389399516147146518e-01
-5.691137512568132939e-01
-2.028423755183568836e-02
1.220373280078030365e-01
-8.606627160465740722e-02
5.380347685018272985e-01
2.553871366755632311e-01
8.078307242038108849e-02
-4.214447487578827922e-01
-3.976397963261218971e-01
2.792133444131225106e-01
-2.401921007699106114e-03
6.393007047878407345e-02
3.726168080754173328e-02
-8.818496742935338917e-02
2.907978110907740721e-01
-3.842389831590343197e-01
3.343547106220702558e-02
-5.620836636809147663e-02
2.765419105665418154e-01
8.279557006722398915e-02
-3.635972903511391352e-01
-4.669705314125263684e-02
6.755810830895428443e-02
-2.040266538989896072e-01
3.910226297117559424e-01
-7.638047100646502274e-01
4.035117835761413696e-01
-3.819805741562090629e-01
1.725596672198061732e-01
1.297817933336506413e-01
-1.038485609172526136e-01
-9.483292047042746198e-02
2.453328926088181317e-01
-3.109904577268749609e-02
-1.644155758814373480e-01
-8.152115754498098776e-02
-2.400195052795254802e-01
3.231069391953794168e-01
-6.600614352459386325e-01
-2.222044972946285724e-01
8.625369997939574818e-02
4.396231482892127770e-03
2.412021204124776275e-01
-1.020069102069926376e-01
-1.232321036803414871e-01
4.215265561181075205e-01
-3.242196618968199440e-01
3.686810714443271575e-01
-5.659677462002623560e-01
3.526734874742973869e-01
-3.468187946512452102e-02
4.633982374177067487e-01
-3.033030378868462607e-01
-2.897310400480476167e-01
-2.001611765768441242e-01
1.484713820046771882e-01
5.111909768837319401e-01
-2.342769272202737119e-01
-3.454239513344612988e-01
1.348589125331854481e-02
5.358678652187561786e-01
2.098548674926795088e-01
4.120950208796881897e-01
9.848094065581768086e-02
-8.527943341579803660e-02
2.753898410347120976e-02
-1.169427343642971129e-01
-4.379162173711115269e-02
-2.012877233280767619e-01
-1.143036699939634082e-01
4.315610874382240225e-01
-5.726197215138194296e-02
3.388854441381502491e-01
-1.782195776799833653e-01
1.074675743101651815e-01
-3.097343184944019723e-01
-2.540440123384923865e-01
-2.222069719435734447e-01
5.074413533693938883e-01
-4.559711968508650126e-01
-5.750145571382218185e-02
1.992488090617393001e-02
4.878501886413470073e-02
-2.472096033732026910e-01
-2.455278279211835502e-01
3.878295625026463855e-01
2.415186288839250572e-01
5.873963533426888040e-01
5.767149526017651961e-01
6.011576912945625351e-01
-4.126595316391759027e-01
-2.812235999477342204e-03
4.388925442228232554e-01
4.518918325830083293e-02
-3.567677642737485666e-01
2.181466232225625079e-01
-7.581234517725790600e-02
-2.064266897671368228e-01
-1.532653761143750459e-01
4.902865304947702785e-01
1.278355414842256288e-01
-9.164165940093531304e-02
-4.002621537396399559e-02
4.730690190014593677e-01
-3.288595399812703768e-01
1.185014824375630049e-01
3.097332482541684945e-03
2.570167460972739848e-01
-2.724449246888277498e-01
6.018926929546684068e-01
-2.231440403648481952e-01
7.974460889386079943e-02
-2.617328872622766145e-01
6.393964788612540584e-01
1.465821329544728102e-01
3.225759358820173839e-02
-4.449864947677830140e-01
1.247246606259529156e-01
4.499269854395413631e-02
5.086069838009855681e-01
-3.365464960190155397e-01
2.392615116224883487e-01
-1.063369447281608260e-01
5.550287271031177916e-01
5.066444064600945651e-01
2.018144814634272380e-02
-1.633177614035951908e-01
3.297566960587252072e-01
-8.956207504904636907e-02
-4.930608432669767449e-01
3.689691878435948924e-01
5.398888522549010194e-01
2.085069144735900992e-01
3.467490927725901395e-01
1.445381548599002364e-01
-4.671638014979314635e-01
-7.779509946837062651e-02
4.845036233274414017e-01
-1.993850474192728484e-01
-1.227635764421550289e-03
3.137114545540092836e-01
-1.624056861986969968e-01
-1.872957069902578819e-01
-1.236482011669218506e-01
1.046565817830322764e-01
-2.138005839291253207e-01
-2.817365539740211977e-01
-1.695528233536396367e-01
3.471224410155396845e-01
-5.528474873423516733e-01
-4.909409141822564937e-01
1.071170647775152862e-01
3.740193087900275382e-01
5.573321244988360679e-01
-3.140784115620021133e-01
-7.253642090420091802e-03
-1.752588229276281009e-02
6.529070310279497802e-01
-2.270290477902993549e-03
1.871950332643790571e-01
-2.741413783396736692e-01
5.325525640855127696e-01
2.235656629690913888e-01
-3.664120698053804359e-01
-4.813014624201175651e-01
4.826184398501339734e-01
1.318740161539536659e-01
2.895681274945375860e-01
-4.370026908881291527e-01
-1.415773357910646013e-01
-4.063467893108120288e-01
-1.190473215144164654e-01
4.033352565631282416e-01
-4.455144109140780628e-01
-3.131246717863460649e-01
-1.306959889897137406e-01
3.723161873472886629e-01
-3.897195342371849724e-01
-1.144138737312864196e-01
3.942502998718065421e-01
1.785325305303331334e-01
4.648147326534251417e-02
2.137133050459558425e-01
-1.921598276575711139e-01
1.943483090561138882e-01
4.322344289047864302e-03
4.840581823205351852e-02
-6.515132276464979943e-02
-4.334474722840920835e-01
4.956785631816300608e-01
3.142578350493890338e-01
3.679514510935013583e-01
-2.851144481956910948e-01
-2.536290448103473150e-01
7.943590054799448685e-02
-6.703947120995998876e-01
8.396148826658331177e-02
6.427839347457653396e-02
-3.060531518265727779e-01
2.269871879095980149e-01
1.027179985444452992e-01
-1.409231458685219762e-01
-4.649295753729162234e-02
-2.134622390555059590e-01
6.842778966173995725e-02
-3.356886719691534182e-01
-4.769641454575872519e-01
3.543750021969642727e-01
5.264202125389425696e-02
2.458813294834230057e-01
-4.004102422184721011e-01
3.303689980928868342e-01
1.673095612838423341e-01
-5.247989441725924298e-01
-1.640063078281176201e-01
1.883104584594035708e-02
7.927612629114777487e-02
-5.724760311525800560e-02
1.550803009595820847e-01
3.856686016265296613e-01
2.553499198390832836e-01
-1.850337426388279916e-01
-5.601866665335631518e-02
-3.299536308719664413e-01
4.191139411584358238e-02
-7.964417854806116193e-02
3.003496569142048433e-01
-1.479055892570572406e-01
-3.047129900900882316e-01
1.973923109538001375e-01
3.282026091783397659e-01
1.983207690008980117e-01
-1.866299354498537899e-01
4.518714483930895143e-01
-1.251635285156089683e-01
-4.340397089773392891e-01
-2.704017446190989937e-01
2.679668249508177502e-01
1.781239225303657969e-01
-1.643053422773145256e-01
1.455190178294935022e-01
-2.934341086903337059e-01
4.592896492566954647e-01
2.570105909939361943e-01
-3.446803692287251364e-01
2.754455641539668154e-01
-3.673795408831038722e-01
1.403619627224284572e-01
-4.530317582621619099e-01
-4.852078419631093709e-02
-9.515013166846758574e-02
-4.028697367520900907e-01
9.936436089670496602e-03
-1.795927121794084758e-01
3.369094553276902326e-01
3.046945063928667707e-01
3.792920677481270153e-01
2.141064922761611589e-01
-2.161664410004396006e-02
-6.561159215117309818e-02
1.043902559234029109e-01
2.612025529536466939e-01
-2.723903492565649120e-01
9.179454353790932053e-02
-4.615075009723376143e-01
2.983205804588230370e-01
-1.233855225917173948e-01
-2.724972064501400282e-01
-4.446587068463369041e-01
-4.761931227174192593e-01
7.761005575682083935e-02
-3.265727644559550391e-02
-1.844278256939104257e-02
2.486705884776918563e-02
1.756044823056865656e-01
-8.779528517194923332e-02
-1.136578663413198159e-01
5.479756470373231547e-01
-2.391019960438258984e-01
-6.521448660641739059e-02
-1.624660735824090818e-01
-3.837984774943671296e-01
4.411202015594337666e-01
-2.785112752239212730e-01
8.081202985145069517e-02
3.108875950100657426e-01
3.003207647792162649e-01
4.148091938058991457e-01
3.768039356717123312e-01
-3.514912342585450600e-01
1.334862542149324316e-01
2.688519693905913055e-01
2.176501498064526974e-01
-1.123286214046123610e-01
-8.751586015907994454e-02
-6.957549113780709948e-01
-4.392808078982610720e-01
-1.409146081935775674e-01
7.495525924157933062e-01
2.554403631107533545e-01
2.023655319666932961e-01
8.573635705867443946e-02
1.375895912080776773e-01
-1.464486728955667338e-01
5.730637333115279342e-01
-2.601862371744275704e-01
-1.838076873995463101e-01
2.690553402034279729e-01
3.930393590625568673e-02
6.103886642175559291e-02
-9.118303671101066210e-02
3.010631079161001367e-01
-4.292143890699876563e-01
-6.664329263956279004e-01
-4.478158631546983459e-01
3.146392268987666108e-02
3.313263361556214037e-01
-1.701599855577172193e-01
-4.467260237375376697e-01
1.953106361891304710e-01
2.891810168143695292e-01
-5.548664701914571840e-01
1.792168088543952265e-01
-6.161059439150912836e-02
-1.876431652516381485e-02
5.677724938464576709e-01
3.584551399417051226e-02
6.421791109128328380e-03
-4.744391754388289917e-02
-5.316017993688687548e-01
4.453724930194885023e-01
-3.410083714995502946e-02
-3.404045365806064316e-01
-1.699685228708321671e-01
-3.129800702329656459e-01
-3.527601853570492274e-01
1.661718904964852583e-01
5.030275516306847994e-01
-4.099610430672255834e-01
-1.102225868641120710e-01
4.194124805355220476e-01
3.100230276469918556e-01
1.221938807526918025e-01
2.132027331169268902e-01
-2.092971035638301058e-01
-2.561501683827831499e-01
1.300368502669721760e-01
-1.203151864859896281e-01
-2.117684888447954328e-01
-4.575970598152421798e-01
-8.909619546556542258e-02
3.868583640086939446e-01
2.177898964768665985e-02
-5.596516067242412323e-02
4.974516271076069862e-01
-4.034103537945324947e-01
2.946839243855404744e-01
-3.952046445721994483e-01
7.974719615397231343e-03
-3.510838689505383359e-01
3.325659613120396374e-01
-1.029902290916229340e-01
1.899616021652909270e-01
-4.339274053119705765e-02
1.667576126946232751e-01
2.158512825269117141e-01
-4.367424742237164814e-01
9.723963987819449206e-02
4.136371074216873556e-01
5.153472070994039589e-01
3.201474171448464578e-01
-1.776165531384784058e-01
-6.330786977348962230e-01
-5.626456269048225878e-02
4.766105780030853792e-03
-9.370613357570420354e-02
1.377795727939942760e-01
-7.716469253869555041e-04
-1.779435159790910825e-01
-4.892911792945209282e-01
8.397392022722716121e-02
-8.024931991637709872e-02
2.711366794050958928e-01
-1.732781737549805301e-01
-6.711064418650323216e-01
-1.257143898667529951e-02
-1.273599882801338679e-01
-3.985453072519080930e-02
-6.071363851548335910e-01
1.126068121658838905e-01
-7.299612619784245915e-01
-4.153411084735919578e-01
-1.081619393393563333e-01
1.249967581474737688e-01
2.290991449540823455e-01
6.305004905268617177e-02
-3.811356544678364822e-01
-8.017739977808741036e-02
-2.230260878551804937e-01
-7.083977194059586091e-02
2.641427506764778416e-02
2.873066840781598463e-01
6.805870182387555589e-01
-2.265010278911283870e-01
-3.682705405571141261e-02
1.043073822950935092e-02
2.141947786673716880e-01
-2.734511683042256114e-01
-1.749902127129401574e-01
-2.596956061577128105e-01
2.244344929110575204e-01
-5.925437259084729291e-01
2.475884082747244475e-01
-4.446843126845729244e-01
-6.624851905335231717e-01
1.766115459453157510e-01
-2.930446894176158557e-01
-1.418184955250998969e-01
5.563971186295625371e-01
3.127719434754405725e-01
3.070364454663647713e-01
-6.780599589466936028e-02
2.054313442150181857e-01
-1.141729872665002976e-01
-4.011311764428338034e-01
3.884103566481911796e-01
-3.942426194683815721e-01
2.249552355141520299e-01
5.088478514732171394e-03
1.446678375677421143e-02
6.168472071745031288e-03
-1.979621026095152725e-01
-3.502785194177955863e-01
5.242593199557301631e-01
2.621809456300970287e-01
-1.849959552422973108e-01
-2.639223965185257814e-01
7.181876827193165447e-01
2.963906362544080353e-01
6.348152961790257676e-01
-2.167509730583530581e-02
-4.461516002502536465e-02
-4.853966199914480639e-01
-4.607937580052660076e-01
-1.096891762788944763e-01
1.181359491113942589e-01
2.281657436566002783e-01
3.961921184987355349e-01
-2.514208636763060611e-01
5.132461259851561763e-01
5.750869637144765401e-01
-2.810276667554148511e-01
-4.888965276614842814e-02
2.200742474358771961e-01
7.558639229543694625e-03
-1.449436814833168496e-01
-1.393302887474023311e-01
-5.739726793770362212e-01
-3.609812793674406217e-01
-2.425387839635548548e-01
-3.454618347393479949e-01
8.248778023475196175e-01
-4.398979202352182871e-01
1.383038336690165515e-01
-1.653389526382534613e-01
-2.890581480258014313e-01
2.835724786426497834e-01
1.350783154030956723e-01
3.274134934366532690e-01
4.320722296510162708e-01
-2.299584232323060307e-01
4.741015445055650201e-01
4.640957964438425232e-01
-2.894616276516539036e-02
-2.689247228748623680e-02
-3.362751695451270395e-01
6.572313116306029157e-02
-8.098783631321751497e-02
-2.641400676220363453e-01
2.499749841545015339e-02
-1.443052533071733645e-01
-8.986210431938518317e-02
-5.448635397781652623e-01
-3.787068980729503265e-01
-1.245658445198112585e-01
-4.575877691546885173e-01
6.035543571878917990e-02
-1.365278871067051869e-01
2.669836833788869490e-01
1.568283326619173135e-01
9.968232678282350212e-02
4.221410584696649176e-02
-5.860402803087392254e-01
1.424126147394720876e-01
-5.807229780166501820e-01
-6.746212285879856774e-01
4.567639121837105409e-02
3.358841282576802145e-01
1.149189890326870189e-01
4.396850567084476524e-01
-1.506719290492516961e-01
-4.848579096661416177e-01
5.811123119115652047e-01
4.405507264193118666e-01
6.879720123858286407e-02
-2.429144705433432805e-01
-3.813950248979063318e-01
6.329777725717035120e-01
9.837459948399467080e-02
-4.741278992897339783e-01
-3.921163311419734177e-01
6.858304992772702446e-01
1.239745788829573273e-02
1.618827106927606951e-01
-2.462959138769500456e-01
-3.060022198953541439e-01
8.811893362555182907e-02
2.374992259383224003e-01
-3.093104207161315733e-01
1.309570449883360466e-01
6.140835715707110287e-01
1.715895942190344692e-01
1.656276141883094299e-01
-3.913246149421744646e-01
-8.757843502954658355e-02
-2.819064716860315567e-01
1.876038448396013247e-01
-7.772473146537667299e-02
3.763688411040400084e-01
-2.318152561914571530e-02
5.664998253606051692e-01
-2.081278849769149231e-01
6.669408112838557390e-01
9.045100056962068237e-04
5.440713478287543259e-01
2.368853556042593844e-01
2.794512782324324873e-01
-1.604668616458264085e-01
-5.057079143512002162e-01
2.552831745918858475e-02
1.244138135088224684e-01
1.334480050424741160e-01
5.394469009490234779e-01
4.667259549395425533e-01
-3.891475244631542041e-01
1.539969473490335750e-01
6.658316058979193985e-02
5.621649957185805846e-01
-2.408308933173920058e-02
-3.264221957196417612e-01
-5.174194167180321546e-01
2.814832925659879193e-01
-2.126616046011728933e-01
-1.438684326071322517e-01
1.569322311993185948e-01
3.047763374365299038e-02
3.081081381842049050e-01
-1.805186443223678189e-02
-3.911440442248506622e-01
-1.747171689006785378e-01
-7.127520128725929605e-02
1.363821861141335245e-01
1.644513715736889425e-01
2.049035122446649093e-02
6.571452811837251266e-03
4.025290430572298073e-01
9.614568798055239673e-02
-1.913738039917722011e-01
4.702883893381262226e-01
2.812909222061567571e-01
1.962987408164835745e-01
-1.321068703244336340e-01
-5.850205887714680086e-01
3.976794237496740492e-02
-2.459737421414937564e-01
-2.631735714362659628e-01
4.666611237109855592e-01
-4.816841123550337223e-01
-5.610033150338605834e-01
-2.653301952839677291e-01
2.133510346320971474e-01
2.825090823299114540e-01
-7.443399284377294478e-02
5.134662630610875578e-02
-3.391450047986740990e-01
-1.930762308543901296e-01
-1.368659438402683448e-01
-6.761889182037879309e-02
5.592244965373419641e-01
-2.739591101494771586e-01
2.228172427918226339e-01
3.942755595835163995e-01
1.962737178704589136e-01
-1.316518385998484142e-01
-3.324407747636107802e-01
-3.315964775611579540e-01
1.937988102048469330e-01
1.278534467559602761e-01
-3.976952835424556881e-02
-4.281234543430948447e-01
2.350540758677682474e-01
-4.628522825757170889e-01
2.831376291491857766e-01
-7.566737595633035718e-02
3.143888628514092676e-01
4.406927423729298798e-01
-2.145350293811300879e-01
-1.886293673707053475e-01
-5.029747309681518175e-01
2.290615933971121010e-01
-1.070046454404808139e-01
-2.095386376659792438e-01
1.143008267718207266e-01
-4.996759947381046452e-01
-3.539123132998264198e-01
-1.116493168588870294e-01
5.726764674335969169e-02
-4.967673372904730655e-01
-5.274606844759099217e-02
1.120603395338949509e-01
-6.290713217719262618e-02
7.910162668624810128e-03
4.471982059297256035e-02
2.077182518522380228e-01
-9.359441057706570366e-02
5.994628796020866623e-01
1.751824245634762134e-01
7.044513026457479947e-03
-1.696246698134726283e-01
-2.762336075666034507e-02
4.064120868114582952e-01
7.656297545673815264e-02
9.403434940586410939e-02
4.211031977536933701e-01
-3.553542700933164794e-02
4.232956650267054033e-01
-2.351909782737224286e-01
-9.552954720260795063e-02
-1.772976721547014078e-01
7.821463101249422067e-02
-5.060304753772248282e-02
1.899319537198885244e-01
-2.563468574229395558e-01
-4.272586359244100879e-02
-1.568851360306724452e-01
-2.728095307443693107e-01
-8.984068113172614944e-02
3.538152875272737030e-01
3.903367407394350841e-01
1.084523826410760949e-01
-3.476275188382745296e-01
1.845516734428417904e-01
3.973121637075057722e-01
1.651838408572824657e-01
-5.294405865397432132e-02
4.339598513558315940e-01
3.519079006627633954e-01
-2.041254141930868848e-01
-1.294735021377787787e-01
1.920022025017946166e-01
-2.210789190805478033e-01
-3.688011865141514051e-02
-3.794128856435224351e-01
3.011508190753459796e-02
1.750797960478384097e-01
-5.095139475753009128e-02
7.427928023992145246e-01
-2.297972215397235327e-02
-4.130319724057496256e-02
-6.647722920777435207e-02
5.260287292924336056e-01
-5.478685076186137065e-02
-6.681306266652271841e-02
-1.008182554040551182e-01
-1.342401251688939146e-01
2.937105810682066331e-01
-1.700722347917432153e-01
3.518465070151163276e-01
2.132644319196588256e-01
-1.096179432164062079e-01
-2.528947944324346775e-01
-4.944836707517358820e-01
3.380358148036444188e-01
-4.081249377145361179e-01
3.768130716468316432e-01
3.004304168340772851e-01
1.362492331854856520e-01
2.423997824676820401e-01
-5.712286494491067845e-01
-4.172766493200026627e-02
-6.261334252237338305e-02
-2.769311055994158610e-01
-3.416421600109282308e-01
2.699498657560136516e-01
-6.167484106984887082e-02
3.280734572735498067e-01
4.817725773941384237e-01
-7.384687675556697584e-02
3.192151791200156241e-01
-6.846216839013045952e-02
5.352271535747868403e-02
5.326980291480442053e-01
5.750733566381922568e-01
-1.395213958091844064e-02
-2.993994170321834236e-01
-2.876729274833058625e-01
1.466824866770371771e-01
7.875743969076233475e-02
2.568450809928747858e-01
3.443740840264869485e-01
1.923235468191124564e-01
5.607047479875548746e-01
3.070135357734812831e-02
-3.099712806792290776e-01
-4.751485873953509298e-01
-5.467869724730399783e-01
-6.940292408281760472e-02
4.221073640709917529e-01
-2.224060176360495023e-01
2.788351960088142345e-01
6.572601287876850273e-01
1.326584839987280523e-02
5.014769543190916029e-02
3.067400768400911915e-01
1.627547173026148708e-01
1.404112156038260228e-01
3.343681222895458216e-01
-2.331436106142416864e-01
3.934029477697326693e-01
-1.129303352854939824e-01
-1.834415926570061584e-01
4.611343541628881715e-01
5.379458095036638854e-01
6.265878682950906109e-01
3.427745969442224649e-01
-3.928601278740843639e-01
9.002761525584294933e-02
1.631366188170291776e-01
-3.800800021064240641e-01
-1.308720910187500808e-01
-5.652651539463268704e-02
-1.598390039166164012e-01
-5.853863963937160075e-02
-9.214352545112865223e-02
3.101813144043548132e-01
3.696617522437866676e-01
3.924360508423888616e-01
9.722020657712834857e-02
3.339659041652890958e-01
-3.255178515615557711e-01
1.448056336000722588e-01
-1.250597671564931956e-01
3.303143254708224702e-02
-1.602672132866458377e-01
-2.024768882389440527e-01
7.154924328820759794e-01
2.646235902794614181e-01
-3.049766924814900082e-01
3.607730611888990135e-01
-9.128060031947507480e-02
3.783187078926935065e-01
8.701224155943618199e-02
2.621131144743010233e-01
4.600980277034626420e-01
1.787220292395493293e-01
1.918062524414360648e-01
1.687228143388764812e-01
1.812073420766799614e-01
4.338247363566919423e-01
3.362533397865466456e-02
-3.229279458067580988e-01
3.047164249787756574e-01
2.372135173023308119e-01
2.765820375987648738e-01
-4.288959616041154027e-02
-3.121393674411540031e-01
-1.525139262131250117e-01
4.059011189593255547e-02
-1.427073941899623666e-01
-2.422576405180069115e-01
-2.102785817939277838e-02
-1.249464022739366909e-01
1.420161112458964703e-01
6.775096187590315400e-02
-3.577425910625202099e-01
-1.302372103248955748e-01
-5.236983851245520516e-02
-2.989720155841389948e-01
1.169872156924381956e-01
7.548412339665655502e-02
-2.548187842027066496e-01
1.344602471318555592e-01
2.701492929947350574e-01
-4.785824891129310532e-01
-3.780085603304369352e-02
-4.675577254365924640e-01
-6.497517152294082776e-02
6.421933418741307964e-01
4.666588193483851565e-01
-4.514922485443646494e-01
-1.783532544201666403e-01
9.238832393677783028e-02
-4.745045897412533131e-01
2.207427694954973152e-01
-1.788079028108109647e-01
2.231915138909581486e-01
-2.398995470349346570e-01
9.739062997998784721e-02
5.004848445598222284e-01
1.638021888541845716e-01
-8.692934023594961479e-02
-1.740045796280286772e-01
2.307008192064797236e-01
5.440087736373682148e-01
1.633901359316453639e-01
-1.963118329515169402e-01
-4.360907108197415449e-01
9.481323174480196792e-02
