3.893639282987181038e-02
-4.794405945040532968e-01
1.284177245162024250e-01
-6.923821169177470924e-01
3.440131577887317049e-01
-4.624447876235435739e-01
-4.981287296725442348e-01
3.721054701509659002e-01
-9.672904745870258836e-02
1.677676140123051107e-01
5.237869180223247989e-01
3.492257460102116684e-01
2.656774739516135075e-01
2.501453848111040990e-01
-7.472846128159629613e-03
3.416671291402854083e-01
-2.121928480169308073e-01
5.871231404334595894e-01
3.270962531893410914e-03
-3.935320449629819278e-02
7.561690853092607745e-02
-6.184654782634066428e-02
-1.939102660622208374e-01
8.102777295446260686e-01
4.595986706591368570e-02
5.196697495540512080e-01
1.099382362661242285e-01
3.799557368735487772e-01
-1.498950112677683265e-02
-6.267462606340461484e-01
-3.143452307495731013e-01
-5.890013822151917156e-01
1.430527867869931247e-01
4.301185160447955624e-01
4.268853158334628278e-02
-2.570305610590484791e-01
5.437885639683507355e-01
-3.105546060236224343e-02
2.189891661455469624e-02
6.947317846150609100e-01
-8.166134820363293856e-02
-1.039670628248552942e-01
2.101087433631664836e-01
-2.389717189542910625e-01
-6.005321611509117918e-01
-9.693110914053230942e-02
-2.835813739126495647e-02
1.235643391177183026e-01
-4.944104593244821322e-01
3.075341908182737116e-01
-5.392488779638151541e-01
-3.743347116825893606e-01
-4.998500622782665603e-01
1.626824495004800253e-01
2.275281239465278549e-01
-1.052395158210198134e-01
-3.105074258894607864e-01
-4.336684495060378897e-01
-4.435237210606441521e-02
9.302499077849611664e-02
3.043501884498481247e-01
1.130542215934503547e-01
5.368354563975622495e-01
-2.809566476004022872e-01
-2.267011232978283219e-01
2.385964289333498967e-02
2.654308330638255331e-01
-4.558647825687661137e-01
2.323797843855798448e-02
-2.934108070255621037e-01
1.285037964952202016e-01
4.739232894678060415e-01
-1.771615431857641032e-01
-9.956997657412990782e-03
-2.493838308309540008e-01
2.671161119940944073e-01
-6.961775164745442890e-01
1.178242416495114825e-01
1.687650618278170311e-01
-1.785206602584518132e-01
-2.021241847318436258e-02
3.857347213825163545e-01
1.640611389411414933e-01
-3.511529869352384425e-01
-4.491265935636403750e-01
4.661829347078131347e-01
-5.236031049943000726e-01
-2.520394725964309260e-02
-3.127280648730130230e-01
4.172425630283737030e-01
1.499652970237105309e-01
-1.072176599083747572e-01
-1.521853576873324343e-01
1.093378196149207282e-01
-2.315159955837725603e-01
-7.405203365029659757e-02
2.306212206750258564e-01
-3.912935150908064541e-01
3.340799895507912121e-01
-2.187704941000052083e-01
-3.482188717055522686e-01
-5.786395449170543548e-02
-8.636286628044473335e-02
-4.828489813034709255e-01
-6.266510833721553597e-01
4.212503919189524160e-01
5.309053857661370779e-02
-8.003222610792583291e-02
-3.843124961142715956e-01
2.761501948247209182e-01
-5.594122999419439690e-01
4.964996527956426764e-01
4.170103275671990239e-01
-5.344624157573992784e-01
1.289487679960895361e-01
-1.282678653010132508e-01
3.764277701899363393e-01
2.721157623052642416e-01
-3.189331936824892910e-01
5.252120796582309126e-01
2.557072283506233168e-01
1.798065562897998571e-01
-4.370589625796733602e-02
2.590920826493894324e-01
8.339610998550610610e-01
9.851950138912232702e-02
-7.069680155596722582e-01
-5.109758434369471303e-01
2.528173333479126136e-02
-5.863949716653836797e-01
-4.303197075580595388e-01
5.314217581889405517e-01
-1.045046492279804173e-01
7.486734463997788414e-01
1.528067896370311485e-01
3.775007575063857868e-01
-5.223723139496645462e-01
2.105406783097306667e-01
-3.120298473885145807e-01
1.233071369199854050e-01
-4.510221116216031056e-01
-4.946306197159275886e-01
4.429692476496971398e-01
-3.502997325928486894e-01
2.171256597332182348e-01
-5.686821461843666325e-01
4.050470432523533004e-01
4.782930949189638792e-01
-2.512730631035005602e-01
4.477042924060194995e-01
-4.060781710913573955e-02
7.212203194146724616e-01
7.785723864026206087e-01
2.749642803692995408e-01
4.098390056457314468e-01
4.586881431715484347e-01
3.347428684172508093e-03
2.581370714052815679e-02
-6.260077830879237637e-02
-6.326262199671357500e-01
2.641724162238370463e-02
3.052973734892256916e-02
3.859092364504794204e-01
-6.142352232607733997e-01
-5.105431420436927492e-02
-3.860136211522834926e-01
-2.823838547054793868e-01
-4.357198182297675193e-01
7.875139293568958476e-02
-4.313147266593513329e-01
-5.547947146159425413e-01
1.368829940717779525e-01
2.819948015506922867e-01
-7.095504015916490603e-01
-2.836779274411460605e-01
-2.355769457895209029e-01
4.064363852718212988e-01
3.715595053367636846e-01
-3.863510749929046639e-01
-4.951019742448591054e-02
5.720983836305998382e-01
6.105734440906207539e-01
2.288902190854796848e-02
-2.644208869642307724e-01
2.606865918514617575e-01
-5.947415568138623154e-01
3.566009563654556347e-01
-3.851788862936874058e-01
7.138600279025592021e-02
-3.199497389889206511e-01
3.349690329092101515e-01
-5.040835615999378350e-01
2.768632972619843313e-01
-3.245527897504081327e-01
-1.087965178426939516e-01
-2.966653235005352607e-01
-6.208605041071769970e-02
7.412141301081932865e-02
1.097248287533854616e-01
-1.256038247132146013e-01
-1.703431715175174332e-01
1.685997950751991215e-01
1.036215722101860998e-01
9.584785222802330584e-02
-2.935462349312909502e-01
7.472747609386959367e-02
4.001851919351385178e-01
-8.986394853625689905e-02
1.529199728721420126e-01
-7.939225010075896816e-02
-5.515349208253509383e-01
-9.706802385963600455e-02
-1.300843448752106724e-01
5.010516250735227994e-02
7.859661261966881529e-01
-6.142634203734086418e-01
-1.020819839694645480e-03
1.231254894386334953e-01
3.654505964057321865e-01
-1.720594431925704659e-01
-6.446279456558259291e-01
-1.427247411825303125e-01
1.642783855331617637e-01
3.309051035056479462e-01
1.064241979505241853e-01
-3.273028935127010319e-01
4.002469728431591323e-01
-2.180633404663626651e-01
3.416787040902678485e-01
-1.737228756182458700e-01
-2.495974818908373860e-01
-1.249827046176177486e-01
5.107307183833043052e-02
-2.686349297676360326e-01
-2.956422108352880773e-01
3.135533092803437505e-01
-1.405992193430183057e-01
-8.253331069576377854e-02
-5.552575738256860793e-01
3.961590416119622482e-01
-5.551362289339738521e-01
-4.211014580872743940e-01
9.675658048514224063e-02
5.702680199982342046e-02
4.083488761707891324e-01
-1.076278819228193712e-01
9.393806454120944005e-02
-6.210410648934530098e-01
6.455651388730403173e-02
3.710304352485837009e-01
-1.036294295750184689e-02
-1.220844553150804424e-02
-3.438357473170465528e-02
-4.989762341541571777e-02
-2.322135329366589729e-01
-3.924995144277720893e-01
-1.386461420960327373e-01
-2.074818542763567364e-01
4.990575491843617928e-01
-2.540872039102993751e-01
-1.769815839521836909e-01
-2.070757475316395702e-01
-4.493150524370044807e-01
4.729901784644979790e-01
1.591197148521940885e-01
5.824663284104394378e-01
5.907198120568514232e-01
-5.646655572895546704e-02
-2.659566635759204045e-01
-3.157827915228739735e-01
4.268830143301196589e-01
-9.242707554459453356e-02
-2.062260149330197301e-01
-3.088782632900550773e-01
-1.584987867637447367e-01
-4.638825762572694189e-01
2.770717468039559095e-01
-4.494740976876850924e-01
-3.114973641753741584e-01
-3.792275677817705248e-01
-2.089374077719109990e-01
8.419219240895778333e-02
-1.171598509170863889e-01
2.966489608905772402e-01
-6.892918934125948915e-01
-4.379013845962226315e-01
-3.623884802276509109e-01
-4.730770939968005351e-01
2.228384304700541385e-01
4.867401761184279863e-02
5.341155855647589101e-01
6.680994440110064048e-01
-2.331277897550775025e-01
-6.628517536370863439e-02
3.592606799686963726e-01
-2.055747264786688122e-01
-3.933251988274993893e-01
4.319041369889965454e-01
-1.839687135916716620e-01
-1.680961814066051219e-01
-1.877930526866091465e-01
3.644185659935346155e-01
-5.376475180713273794e-01
2.419772284496741477e-01
-5.442912385471427861e-01
6.280592041372910772e-02
-1.818168512626772496e-02
-3.955613217827154138e-01
5.374238054066544229e-02
4.845851268420231506e-01
3.148635987469705633e-01
1.318963974380457371e-01
1.271671276854966226e-01
-2.844737483143007784e-01
2.176697818895851622e-01
4.054280862540993180e-01
-6.950489891866071801e-01
-2.451419397674544642e-01
-6.323811984498945993e-01
-3.410737420941800102e-01
-1.939042907133064486e-01
-2.744499984824813957e-02
4.121290819807259531e-01
5.881806337745032476e-01
-7.602386047004427994e-01
2.940835987569624388e-01
2.925307917990668249e-01
-3.912369836747909835e-01
7.597859106543632113e-02
2.133058648571839744e-01
-5.604037025032505143e-02
-1.103471834582160777e-01
-1.081082596213823327e-01
-2.050561100323931019e-01
3.147229907364721413e-01
-6.534087070677885301e-02
-3.178491325944495793e-01
-1.298971489780734734e-01
-6.121324109944068503e-01
-4.224143375886010854e-01
-2.322138498553135699e-01
3.262169218436460350e-01
-1.955679806129531628e-01
-1.253670721857434722e-01
2.405072387359175057e-01
6.173263000708399673e-02
4.273265914960332895e-02
1.754410408698690166e-02
1.723119061238778948e-01
-1.681124864076351810e-01
-5.036625910233987202e-01
-2.389578241095381139e-01
6.761419086183184657e-01
2.869500111870117998e-01
3.352238749003998430e-01
-3.995745991210630788e-01
6.854369162664233905e-02
4.936738935529353389e-01
2.296909672853217343e-02
-4.608769212717176433e-01
2.140797367187569078e-01
1.096146864367105594e-01
3.759161294385371943e-01
2.250857165049992281e-01
5.151297431331212096e-01
2.895709872722924683e-01
-4.497500930903411409e-01
-3.054172234842147948e-01
-9.596280538200413490e-02
-8.814866430188670332e-01
1.715243480973978329e-01
-5.353535463976574066e-02
-2.485063960406483641e-01
1.132578952801736039e-01
-6.579019403537494926e-01
3.351367706758948684e-01
-2.765207516704727975e-01
2.576192773564678906e-01
-4.222768718574729796e-01
-3.193810006912308208e-01
-4.060007547441064624e-01
4.581099315426631624e-01
-3.143629675908177767e-01
-3.601709169092544988e-02
6.826609061632294972e-01
-4.223708221247888250e-01
-2.770487253321521903e-01
3.680325674857646417e-02
-5.668402986902392193e-01
2.754933905231996549e-01
-3.683076652800507667e-01
2.588786147370953916e-01
6.219768368101459277e-01
3.513590875902590782e-01
-5.928403552875380900e-01
7.115797761971422164e-02
-3.291473765247955596e-02
-2.322399666102303688e-03
2.667053332720114578e-01
-9.564833025185910664e-02
-3.215363255487862504e-01
-6.563581792095818379e-01
-7.893212728043069726e-01
1.185194497486934812e-01
-2.668403508626377985e-01
4.121724434025154926e-02
3.553413349630675233e-01
6.919429391338296487e-01
-5.857790168812444520e-01
6.606703927165308299e-02
-1.659176232937508155e-01
-5.027228305932908148e-01
-4.014536092838976167e-01
-1.741130651973090693e-01
-6.203179128517419816e-01
7.927858920639635487e-01
-4.989990056736801072e-01
1.246390535688225443e-01
-6.599116024804928260e-02
-3.304477717811761250e-01
-1.647300505650139413e-01
1.273482152474045836e-01
2.996501735159293189e-01
-3.589965722188832170e-02
-1.452525571545623950e-01
-6.393268449919302654e-01
9.116574658194369352e-02
6.530318162482956490e-01
-3.281591137118419210e-01
-5.257327705535188578e-01
-1.967119632670911999e-01
-1.494396310373873049e-02
-1.777503474610252765e-01
5.328453312781866735e-01
-2.368067265293858914e-01
-1.932375285455910641e-01
4.131207667821690244e-02
-4.901761478515336279e-01
2.218540375844753332e-01
-5.798586132268614135e-02
-1.017294106033507783e-01
3.000789953587148506e-01
2.383562013327849005e-01
6.415046306376224194e-01
-2.460626541844138093e-01
5.726951399528503739e-01
5.417070680326261378e-01
6.398280171117318171e-02
8.050061267947565546e-02
-7.013104564904382165e-01
4.738326863380620119e-02
2.360830465985342408e-01
-5.437662187136144826e-02
-4.057224540796656731e-01
1.711602748204355817e-01
2.144731362318502144e-01
-3.873302750149206775e-01
2.449452422913394600e-01
-3.451009632074900080e-01
1.304303770206284296e-01
-8.330645938911035442e-02
-7.426386129021515792e-02
-1.488955160146308576e-01
-3.020810499146593942e-01
6.339234479046066406e-01
2.780490242797600264e-01
-2.263706632112164607e-01
3.266606526289754231e-01
1.533305837514946091e-01
-1.182610369526524013e-01
-3.684638407972838925e-01
-2.517110205859806049e-01
7.833074775540611601e-01
6.506610856182895031e-01
-2.245986565098299914e-01
4.382414301981804594e-01
-1.566954593442579369e-01
-6.268348718723265600e-01
-4.556744648768851214e-01
-3.193460088051443546e-01
-2.368019471255808361e-01
3.846780763722619234e-01
2.255585604926788057e-01
5.060656719781075202e-02
1.538276319497388078e-01
3.308489259671405502e-01
-3.567522968632532154e-01
-2.289746160787528018e-01
6.445447727410406058e-01
-1.173606739918970354e-01
-3.059800248566239556e-01
1.277653239816611830e-02
-2.509922852298596685e-01
-3.162731417871774142e-01
-9.638319541234566246e-02
2.077378210220272303e-01
1.523714449248171066e-01
3.395512856136993773e-02
1.909759076370009523e-01
3.289945376710287084e-01
-6.468746973280810053e-01
-4.855713539721151495e-01
5.300998829599683215e-02
4.393461270246486194e-02
5.478225952033787260e-01
1.198095740949913640e-01
-5.763312487482603608e-01
4.434218044486112342e-01
-4.334678976431691200e-01
1.025807380275705755e-01
-4.113393439496406678e-01
5.980230537431250326e-01
6.815027858591604648e-02
-5.782842820992925015e-01
-3.789411826378904502e-01
-1.024509260206388217e-01
1.423459140053283667e-01
1.046820878340988699e-02
-1.773657223012304329e-01
1.737405780573061664e-01
-5.762520466146781040e-01
-1.032352352728270750e-01
1.008100249968520573e-01
2.892633776426277795e-02
-7.970625828300850063e-03
-3.758446912606269175e-01
2.726034377353531157e-01
2.757467195850128450e-01
-1.614124558023002920e-01
-3.226614200592189396e-01
-2.901332466050188796e-01
-4.374345828915396917e-01
-6.137318324004544801e-01
-6.680341833955338871e-01
-1.732765478063835185e-01
-1.034689995046864791e-01
2.940551095441794049e-01
4.115600578140257149e-01
-2.632771568634272308e-01
1.098933752030474276e-01
1.625251244976040899e-01
-3.605270270813321631e-01
-8.434022650382697051e-02
2.176125537349691275e-01
-6.519370426742673308e-01
3.631287056185636408e-01
3.185393551188253625e-01
7.921187096240484005e-02
-6.896834550749690873e-01
-5.682108261880945976e-01
4.069097046599908230e-01
7.345283058386539166e-01
-6.999799836282670773e-01
2.766523121143736885e-01
-1.325028051579951738e-01
3.617398417788311726e-01
3.168085926628327886e-01
1.847326849252245995e-01
8.768008964381902859e-02
2.908436746613792256e-01
-4.000627666477207800e-01
-1.856509526587278580e-01
-2.538633970132921913e-01
3.261474798377018702e-01
3.462081926197967119e-02
2.972264939719395857e-02
-1.324280542427443835e-03
-3.391093591772795790e-01
1.368783836094717155e-01
2.547720860991122271e-01
2.791389831496912666e-01
-4.440176090980290091e-01
1.782435971010395137e-01
-3.503050556463767617e-01
1.081845086257457178e-01
2.726726639540126840e-01
-4.973910911362029452e-01
3.760013819271740276e-01
4.988557975136558298e-01
1.011037972744455726e-01
-4.140638422236486704e-01
1.699655751732738751e-01
-1.833477730123984073e-01
-3.074767721249755531e-02
-5.908746433223657779e-02
-1.761751560377385895e-01
2.684760834735274923e-02
3.056659594946582459e-01
1.781415691970839599e-01
-3.071162065762258475e-01
1.875398583621186999e-01
1.854800054665426412e-01
-3.454343411798327379e-01
-3.651600232723627437e-01
-1.839186375921479932e-01
-1.635850167811964684e-01
-1.203083658554082724e-02
1.709669868930278613e-01
-6.608070531592871166e-01
3.170325563972899996e-01
1.867100579632552937e-01
6.357325031879198507e-01
-3.392181994630811825e-01
2.804625466766582642e-01
-2.044573721987453241e-01
-3.354992187575309703e-01
-9.063183236164133738e-02
5.085693748650608192e-01
-1.706165087503693223e-01
1.785534986407991132e-01
1.670011407572571938e-01
4.786290221652921700e-02
2.234561430190200315e-01
1.016314082162873694e-01
-6.953891549899864077e-02
3.988259021324445652e-01
3.112606849618448912e-01
1.465205124919300439e-01
4.504650632428813545e-04
-5.122046689924518448e-03
7.253901142444685313e-01
2.647681964678256228e-01
-1.026329913553709061e-01
-5.204997259537569310e-01
1.990877195197028326e-01
2.611238663269561597e-02
4.811936737322408120e-01
-1.991779234346581495e-01
6.538634004601799610e-02
2.846347140569482903e-02
-2.647907984141425475e-01
6.865097274612115275e-01
-1.220160095266444589e-01
3.921696763982298051e-01
-5.595781339415017291e-02
3.418457795111228270e-01
-3.595558367754748130e-01
-5.107638241752807673e-01
3.578957428145221886e-01
4.450067793536312544e-01
1.802242897944074385e-01
1.640038283132066177e-01
-1.269989347964771975e-01
-5.534884576806020640e-01
3.803102279423521415e-01
-1.477986256979896273e-02
1.594886147918680441e-01
4.519758787318039484e-01
-4.559069754622286363e-01
-1.208733657022452446e-01
6.660059795439431385e-01
4.034730127834946778e-01
-2.337587547630899376e-01
-6.427373616594522776e-02
-4.389410414559197782e-01
4.436133865594606984e-01
-5.196267628307289499e-01
1.400529582916708871e-01
-1.889681720415015698e-01
-1.587037709779067773e-01
-4.866537945251699915e-01
-3.747502375203878855e-01
8.548356949141808214e-02
-3.878074818936835810e-01
1.335902492341915770e-01
-4.945526143957219845e-02
-2.942209668781515797e-01
-4.025176796000258794e-01
-4.424840056126752019e-01
-1.693691063438079458e-01
-3.069946308378543876e-01
-2.141051201449821473e-02
-5.620415448484488152e-01
-5.096298717797528299e-01
1.569688886605589279e-02
3.563864269559510189e-01
4.605077037975210397e-01
8.246679877754650168e-01
3.721768772378410833e-02
-4.732268247656142290e-01
2.391279391285665301e-01
-1.406821503959650166e-01
9.568507562181449710e-02
-5.641601872656262229e-01
-1.673193593121790057e-01
3.765569688938992521e-02
-1.574720119973269106e-01
5.979998272259038489e-02
1.978445763221056419e-01
-3.501923461997230591e-02
1.631519679695528358e-01
-4.977405852763603367e-01
-1.808479795941299872e-01
-6.402953061574889748e-02
4.770972223450338223e-01
-1.416056673956933298e-01
-3.386977764038187066e-01
-8.631061657456520764e-02
3.425548688584944546e-01
5.569941188560814105e-01
-6.533669442443090780e-02
-2.388350402676573392e-01
3.599701279894514383e-01
-1.728255800051583524e-01
-5.595717551732490858e-01
3.478588739875654312e-01
-2.998312218579661792e-01
-1.837490304245524841e-01
4.662233970298322872e-01
1.354973623211926936e-01
2.005101884067730933e-01
-3.886667778659151362e-01
-5.209279189319281356e-01
-4.447637527226316889e-01
-5.912456043427646163e-02
4.572855004058333783e-01
-2.740105980284606724e-01
-1.894772196205711245e-01
-1.926871974359630757e-01
-2.825743226270324149e-01
3.198838149044451185e-01
-3.223016818362596236e-01
-5.031576707407042770e-02
-4.315972269135567863e-01
-3.349137545370962227e-02
2.539773834794395446e-01
-1.722139309269718199e-01
2.020292921355576476e-01
1.036253464059195828e-01
2.095402434795117785e-01
-4.883501393938621815e-01
5.855471987639492004e-02
5.417496261526980744e-02
-2.843474244231128933e-01
-1.252171833648471067e-01
6.871545567645273023e-01
2.426187476884429373e-01
5.462588165412765040e-01
-6.359665238373557461e-01
3.253969156966625143e-01
1.533226590998622990e-02
3.275053123448142811e-01
-2.724576291657666571e-01
4.460566189661274161e-01
1.971339356045950231e-01
4.398613685188308420e-01
5.312282093371155645e-01
-9.146992140013079919e-02
2.064737225605342563e-01
-2.706885535466881376e-01
-6.332324876006875103e-01
-1.682358764809168683e-01
4.574445450004845787e-03
1.585676644060022844e-01
-2.448675377577342882e-01
-4.279002504675106233e-01
-7.379243737094429711e-01
6.071107884984708880e-01
1.547473391972321866e-01
-5.472485419846266630e-02
-2.815803225341068639e-01
-4.153596315077535683e-01
-2.663184837997076282e-02
-1.915556485194836456e-01
2.410659358689014042e-01
2.900179669803953919e-01
-4.364047637571703553e-01
8.957855316227133699e-03
-7.295276170013750283e-01
-3.717203857257872501e-01
3.256114290752686324e-01
6.613786443164414441e-01
-4.698474471508535810e-01
2.594768891093657270e-01
-5.167510654067879461e-01
-1.190608711422361521e-01
-2.199978062770144016e-01
-3.059763765137163971e-01
-1.465466733239592367e-01
-3.119825169136660192e-01
-5.729657259998764685e-02
-3.053011347473386095e-01
-3.013933030945701794e-02
-3.370566086554069307e-02
6.177318234745209358e-01
-2.582377843208716883e-01
-3.127963191253241293e-01
-4.971437143575760942e-01
-1.339242215618491327e-01
-2.642443568459527103e-01
7.769365257487893528e-01
4.282994921610184039e-03
2.533429609636579996e-02
-2.845419657082987053e-01
-6.335765166055458142e-01
5.004117652787388737e-01
2.445354988593995138e-01
1.229958899722441434e-01
6.691132054400992235e-01
4.147906955515892058e-01
-3.115030814379357582e-01
3.185739285015056627e-02
2.372227440129056619e-01
1.247924760539722427e-01
-4.789872476340262253e-01
3.953525868500605278e-01
-3.542000656845030737e-01
-2.458566032767450782e-01
5.127489481386220405e-01
5.159708551556618783e-01
3.878400599848748076e-01
-2.330651711191504272e-01
1.758553095413253331e-01
2.213092878894598325e-01
-7.758537596215364651e-02
-2.079092810832359473e-01
1.904989194863024315e-01
-6.232732867611484595e-01
-1.877316427199616500e-01
2.894874789946463509e-02
-5.370879603263097879e-01
2.352535557926182241e-01
-1.120797034467385794e-01
-3.284200520405710089e-01
-3.297065489015147954e-01
1.721737232842449339e-01
-1.433110523295828276e-01
1.864819180654204989e-01
2.799798957378805686e-01
-4.084001502283211155e-02
-1.754633878352712117e-01
-6.565695827581917721e-01
-4.345912246426955061e-01
-1.251080583128580115e-01
2.712341071416364824e-01
4.389446472852631675e-01
1.696794203704672377e-01
-3.018083689161684680e-01
9.418964950161112792e-02
3.772833213653173368e-01
-3.341689039483712875e-01
3.228636687265653560e-01
-5.555167118642877211e-02
-3.068202659398098775e-01
-3.375268376482046251e-01
5.069019891037841452e-01
-2.577168850663033028e-01
-4.200609973561811317e-01
-6.789591200136499971e-01
-3.221076213782324560e-01
3.702287717872931871e-01
6.482480404700642351e-01
2.031342040930047763e-02
-1.186726063160541411e-01
-2.013307111169900521e-01
6.540515020865289575e-01
-1.917011433047964841e-01
-4.334380256856277258e-01
1.177367296570707156e-01
1.573277562353443404e-01
2.935287596947066535e-01
-4.054254049429871221e-01
3.163244952170861102e-01
-3.743339581121294390e-01
4.527951945337988643e-02
6.949212314192152462e-01
-3.248649205389569916e-01
2.002071261017456805e-01
-2.428384412493455602e-01
-1.597080245873031545e-01
2.239059560627661427e-01
1.976094806875463572e-01
9.103770950545694851e-02
5.555400987409551128e-01
1.702082276339991485e-01
-3.096840895525589388e-01
2.443934916833910287e-01
7.334105025836792358e-01
-1.825355898150642642e-01
-1.429511276126544661e-01
-2.108419092229002478e-01
-1.315772808941832461e-01
3.264990569548611304e-02
-3.869468123461631270e-01
5.630429178637317289e-01
-2.892291594581595793e-01
3.760653660687785504e-01
4.505662888637257391e-01
1.093813439242068697e-01
-5.854385109023525768e-02
-5.515073088134825330e-01
-4.284326446989195070e-01
-5.199625817549746731e-01
3.370725064316427155e-01
-5.447291874854093274e-01
-5.700749014950504678e-01
-5.884270482662785628e-01
-2.619775648876627727e-01
2.055811965690675924e-01
-7.921363340236163564e-02
-2.215069926388428256e-01
-4.279546192402513549e-01
4.238960552780102198e-01
1.058962447796298056e-01
6.026521418237268390e-01
-4.939329905847752444e-01
-5.646794971706416144e-02
-1.314560581943030326e-01
2.071541067342372866e-01
3.130510780285468142e-01
1.581452040855683694e-01
1.384893645645652316e-01
1.944993578376184584e-01
1.838847350019189378e-02
-2.681439624561199331e-01
1.882648551312324781e-01
3.110139615065607432e-01
-6.340726426722361753e-01
3.490292497733398225e-01
-3.924765288499346139e-02
1.869169555672540450e-01
2.750089075643426528e-01
-8.277090823117741469e-02
-2.834223829041505049e-01
-6.601871941343478989e-01
4.703344955744113154e-01
1.076516655799423100e-01
-5.113246319645806670e-01
-1.322806026308083194e-01
1.271040139203217789e-01
5.801047964254305578e-01
-4.916532071114443347e-01
-4.146986666441074831e-01
6.363382965399876079e-02
-4.988714083205576522e-01
-3.523974434024407243e-01
-1.504739681704162224e-01
-1.793098786453637683e-01
5.920283913699538880e-01
2.041502078585351598e-01
-6.372537486525711725e-02
-1.766574120986932339e-01
2.318545273408871843e-01
-4.307000976945661863e-01
6.603097330159404255e-01
-8.840102312692883491e-01
-2.456461747725570133e-01
-1.548080199102091492e-01
5.877807428005062951e-01
-7.272923175556221531e-02
-4.473089006088392106e-01
-4.639855702898658119e-01
3.626086181174129619e-01
-4.812368265978830828e-01
-4.600164597388282095e-01
1.266150472390292596e-02
6.897924338716901471e-02
3.528327073198504471e-01
2.792363155696627186e-01
-9.588741225804675583e-02
1.118344525719009996e-01
-4.133228163928137633e-01
-4.065185663595690113e-01
6.943461360860178622e-02
-7.152975205026341765e-01
-5.432823371055102157e-01
8.484465995385683662e-03
2.346373533892116559e-01
2.361723918758997232e-01
2.041804182968398607e-01
2.126146234289928993e-01
3.705067355656102013e-01
-2.500855238770924860e-01
-5.801854638226629224e-02
5.759769658831309647e-01
-1.864189039441126461e-01
-3.698455236764420784e-01
-7.109801280992544825e-02
-5.215961622577276469e-01
-3.065288477033792369e-01
1.080064316205197328e-01
2.617220556387100938e-01
6.911114785154743867e-01
7.068431370723955443e-01
-3.667685120708773505e-01
-3.133137449652798612e-01
-5.276092620688888069e-01
-1.773363547878799851e-01
3.819612647899368052e-01
2.141241579707224285e-01
-4.900926273187567600e-02
5.767764182644246063e-01
-4.040807080568920018e-01
-1.409109159504800812e-01
2.939329677031274346e-01
-5.496420507808669198e-01
4.774497748275404740e-01
6.856422781938447120e-01
-1.223598440000901594e-01
3.851680278033021709e-01
9.836044029373516850e-02
-6.945367139144678625e-02
-9.984661206908734821e-02
-3.264009889607753095e-02
-2.089952609282907936e-01
-9.475501701202868055e-02
-9.794907541991118571e-02
3.981803394708520738e-01
2.567020946825490646e-01
-2.194259773374817868e-01
-4.957948801686887230e-01
3.957661462100526828e-01
-2.946794200960677346e-01
-1.010054433720415645e-01
4.726032094118485793e-01
2.310905242955819117e-01
-3.930240262374690152e-01
5.802040864142150589e-01
-1.530473167030689183e-02
6.413079985223694157e-01
-1.713354089955877041e-02
-1.051923453997197916e-01
6.180355815902632832e-01
-1.135279914315768940e-01
5.138417720694545832e-01
7.904808376051022933e-02
-4.405805556445691051e-02
3.199178440823017278e-01
-1.645904692061942176e-01
3.996540371832953964e-01
1.556075062233697355e-02
-4.451482959096104697e-01
-3.305880577260815745e-01
-6.421869750251705256e-01
-6.634680613093167922e-01
-6.780212310136096709e-02
-1.223201971886718198e-01
3.780061955116343353e-01
6.621104360972659419e-01
-1.425148261657568916e-01
7.266892841330591102e-02
1.307795062941345954e-01
5.221630801630459118e-01
-4.869360166178460791e-01
-4.507047120357701372e-03
3.127000016368903790e-01
-5.993178530775739032e-01
3.789184216669996830e-01
5.808413733579269600e-01
-3.179216206921713361e-01
1.178298230524705698e-01
-3.637749486043762026e-01
-1.902017524357053346e-01
-2.112250395858996099e-01
3.966490818791634787e-02
-2.472764910771907687e-01
-1.090492596934689307e-01
1.061511928492026025e-01
-3.990597702555050974e-01
1.821938386602303672e-02
1.625147280802763938e-01
1.010377667885556385e-01
-7.980473910981025765e-02
3.659229072549797790e-01
-2.966741615594962189e-01
1.782121066073834026e-01
-6.751549694306521743e-02
-3.200722082720307005e-01
-2.039117688781360571e-01
1.730750056275149051e-01
-3.490449191565412335e-01
1.892188076357047832e-01
-5.891989049621916275e-01
2.258876660737939579e-01
2.271463656713141599e-01
-5.659790969224681723e-01
4.784794599844448548e-01
6.656833261103450861e-01
-9.097691771985563780e-02
-5.224293363031169424e-01
2.405404574676936469e-01
3.945272064975958171e-01
-6.890948261065557578e-02
-2.383738952682438184e-01
-9.263537431542689937e-02
-1.269877624274509120e-01
-1.591318650016283198e-01
-3.016280800425281128e-01
4.404782992761077653e-03
3.933868594180878198e-01
2.052157846682290399e-01
1.080290574285685534e-01
-6.005266449511013072e-01
7.811180599677594594e-02
-1.992690367041627664e-01
5.636998773879157154e-01
2.234507033863229464e-01
-1.383305021146681857e-01
-1.371086109506049200e-01
-1.772238203412233870e-01
-3.655282774406625190e-01
-1.382263206800278810e-01
1.211453714411864779e-01
1.337496692860365988e-01
-6.422988692503175945e-02
-5.601519631473712568e-01
-5.070785158363418782e-02
-7.399327961115945707e-01
-1.042372478436230654e-01
2.622576528908923676e-01
3.745957544711547293e-01
-9.230463271928162072e-01
-2.338256668062494992e-01
7.541582828968664831e-01
6.097935148998849808e-01
-1.590433721332284445e-01
1.686189993674176157e-01
-5.796583029351587424e-01
-2.659938028114940123e-02
1.974073126319025873e-02
2.295448422660479118e-02
2.320614644942884872e-02
5.777996124152379176e-01
-4.567149666070963177e-01
1.110581478726096610e-01
3.008830451919897730e-01
1.025305455306191327e-01
-3.206920554084077835e-01
3.225823158536929580e-01
3.397070437050310754e-01
-6.080485029703838751e-02
4.517436650564129463e-01
3.791707175239886207e-01
3.008530406148401393e-01
-6.688085580111099437e-01
-7.595634987851607178e-01
-4.561998937268729737e-01
-1.902644797670612897e-01
4.189972615735752526e-01
1.854101972147978172e-01
-7.873817969933158412e-02
3.293511320672572185e-02
-2.497408861830095472e-01
-7.278877040364613027e-01
-6.393897492734876842e-01
1.334946187609107604e-01
-3.120343760346656059e-01
5.823014140292473995e-01
2.094988200335134165e-01
-4.721211666431277543e-01
1.378626602581215464e-02
-8.309943747954184889e-01
-4.228822819789516130e-01
1.004879380288083712e-01
3.392439577850849264e-01
-4.563700708763243075e-01
-2.692077923779835902e-01
-4.186524474906372917e-01
-5.693980121176641651e-01
2.605306842932774147e-01
2.237573982288076635e-01
2.686418915987618394e-01
-4.076882984951589184e-01
-8.626408138529984004e-02
6.512631734719231957e-01
2.033925699721351177e-01
-2.009246600842391206e-01
-1.688058128252737378e-01
1.857344016164684808e-01
-4.140114239038024113e-01
3.087349252331205163e-01
1.809925746624784296e-02
4.321593061411783954e-02
-5.225994817848372831e-01
-4.859798598002373557e-03
-5.475427083176211962e-01
1.083898198683188874e-01
8.213876273432838548e-01
-2.883407174105303006e-01
-4.081755300832584088e-01
3.521929695456841314e-01
2.297683854152032801e-01
-3.435569358809148488e-01
6.072440849100668725e-01
-2.958138746198686331e-01
-5.528810627899919394e-01
-7.085654884396359876e-02
4.420803579161833863e-01
-2.838791466118237850e-01
-1.473896354511417262e-01
-3.579972023295703298e-01
-3.307453353825225151e-02
-8.823176506708418562e-03
4.828100103571599244e-01
1.745340027514288156e-02
2.050076099879804825e-01
2.470795158592847818e-01
-4.402099234989726995e-01
7.951863130640264565e-02
3.987542784251467687e-01
-4.469595301708090829e-01
-1.301061511698934914e-01
2.027163926701875951e-01
6.803873998478354723e-02
2.783041690676745228e-01
-9.152751531651068251e-02
3.047373498356278215e-02
-3.197834448520606165e-01
-7.390281491905151268e-02
1.483533359196123613e-01
1.476281754875364768e-02
2.693392887472769726e-01
1.381497349283446760e-03
1.674396426965135132e-01
1.821315848455265507e-01
3.867351108187530584e-01
-4.349690478129070725e-01
-3.127586454374676750e-01
2.009245616322957294e-03
-4.752689677392648027e-01
4.412825598346923894e-01
1.521513839617150143e-01
-2.480356607625106707e-02
-6.432859129859367364e-01
-6.519330490021689739e-01
-5.689610216454274970e-03
-3.226798613584233588e-01
-7.884883694092069059e-03
-6.801864087580722362e-01
-3.260552645481644696e-01
-1.894391597921821768e-01
3.069873627404020033e-01
3.524237359291571003e-01
6.474732680219657047e-03
-1.238181659103892024e-01
1.449532903635870063e-01
-6.081831709898338767e-01
1.989127441375743773e-04
1.769591678939627932e-01
1.146887611274407942e-01
-1.005393712490711550e-01
2.510153617102397483e-01
-9.925854945203368973e-02
7.296169593057655334e-02
-1.685773884920392929e-01
-6.475085686104453675e-02
6.465208866597506043e-01
2.971483679391418234e-02
-2.979516511495505782e-01
3.164121108158420848e-01
-2.182610673104357080e-02
3.598348216505617980e-01
7.074008986053995640e-01
1.677237602264479710e-01
-9.057484834865713649e-04
-2.433285307167842582e-01
-1.761490746374250738e-01
6.982801758362514599e-01
-2.974363824370798715e-01
-2.613507313603024018e-01
1.029905026193000950e-01
4.261213227606117648e-01
6.108445003941083418e-02
-4.385637131939107425e-01
-1.443845304562250964e-01
1.909908041884149643e-01
-1.130450346988880368e-02
-2.455056366496653764e-01
3.202734764078279950e-01
2.397875709428883839e-01
-2.112126356367079738e-01
3.397825017052240604e-01
2.664227938060892975e-01
-3.135965738984449191e-01
2.089192160167210321e-01
-6.023530199297197352e-02
-1.845457443857851931e-01
3.177052021772762136e-01
3.694068121634209723e-01
2.309721277477255474e-01
-1.004235584077727006e-01
5.387074278796951665e-01
7.700595446875538874e-01
2.192328111823977146e-02
-1.182233376596518171e-01
-1.891030867352726241e-01
4.108768001029606265e-01
2.515096112335275524e-01
-2.566951785520192875e-01
6.729291288887795375e-01
-1.445563870329616141e-01
-6.960748188681660509e-02
8.583317783873635476e-02
-3.026072715415983327e-01
-3.904423242799922589e-01
6.033246151766817889e-01
-5.397787947708074796e-01
-7.294450278135426735e-02
-8.428587779344071107e-02
9.729128317324586828e-02
-3.755270791470205483e-01
-1.814018503805306728e-02
3.210405864798978465e-02
-9.243402431139585707e-02
1.423428182196343761e-01
-3.416200892435681258e-01
4.743679019346106474e-01
2.973604326596646086e-01
-1.616841365092465954e-01
-2.443861489785380536e-01
-6.624018005942620135e-01
1.862406886243550552e-01
-2.064775046736941622e-01
5.469341302933832250e-01
-7.158048493489047037e-02
4.660001406321996886e-01
1.801926873558728770e-01
-4.455530429999478015e-01
6.675959952404152409e-01
1.202137416153891553e-01
-2.988338316457004873e-01
-1.506699160451986930e-01
7.813919160217263835e-03
-3.516317372170643663e-01
-1.875229968289418014e-01
1.732873847542896473e-01
1.084129012100464445e-01
-7.837221883658970767e-02
3.631201122311707996e-01
6.835555201397280900e-02
-1.357373141532972061e-01
8.671226457102985952e-02
-1.814245700639900427e-01
-1.656361497693779605e-01
5.242257951833086960e-01
-6.048446693938058089e-02
-3.262946906974090733e-01
1.805555097538519005e-01
1.364251743010344575e-01
-1.403688065797096818e-01
-6.232117975230179185e-01
6.050276033648470664e-01
3.480114079652814052e-01
-2.942976788995380621e-01
-4.715971494897385208e-01
-6.196406042547518700e-01
5.118552628054344744e-01
-2.958965569587982403e-01
3.643855028466887469e-01
1.226576554376349396e-02
3.014830729808346543e-01
-6.317558282530276736e-01
5.640723385868590123e-01
5.484764777942578995e-01
-5.101808281981574655e-01
3.998371305046885538e-01
-3.579752281641472300e-01
4.970317564830704637e-01
-8.497775305773920540e-02
-6.377203357044992915e-02
-9.267023847015914972e-02
5.608789658552058022e-01
1.193025350324507933e-02
-3.935385942813076077e-01
6.173709342860355526e-02
-4.171637841851404405e-01
-5.409619844601858407e-01
7.155445460381484879e-02
-5.615173657739806756e-02
5.218300588566825438e-01
-5.581802989120690506e-02
9.334807868020390809e-02
-5.362627425273032156e-01
2.123798575800972255e-01
-2.232158384812353846e-01
5.271728412832539235e-01
8.274801130956524475e-02
-1.852027373307386371e-01
-1.473950332207221992e-01
-7.262553636653867883e-02
3.523909300365158509e-02
3.428164059847307321e-01
4.943784841311662515e-01
2.895039040417709542e-01
3.504677418539475786e-01
-1.720454069647713302e-01
-4.244691122836906638e-01
1.918841499106520576e-01
2.145488982267514458e-02
3.393283269635330446e-01
1.352967225528075579e-01
2.864889369205458336e-01
-4.658781460519914597e-01
-2.291766713946072898e-01
3.641052811441927162e-01
-1.354534923823059456e-01
-9.236302926001169200e-02
-5.033079170411093317e-01
-2.845443226932851122e-01
-3.114419560598448711e-01
-2.489643722514330304e-01
4.155671540893126070e-01
1.259898425615046946e-01
-8.223588277171010874e-02
-4.707232269290630988e-01
2.152595171173327104e-01
-3.112313169042503214e-01
-2.630710373033467303e-02
7.865643757150116155e-02
2.114052532973810794e-01
2.054915320284725344e-01
-5.168471585530610701e-01
-1.271438811800296165e-01
5.966460558991691296e-03
-3.325376216179603550e-01
5.587247131137813572e-01
8.776815800495343933e-02
3.326623945359173384e-01
-1.106351036110053282e-01
1.748808283068481739e-01
-5.014373304154857991e-02
-2.927327400706946081e-01
9.398038233745230341e-02
4.912086800862755509e-01
6.507596698325548434e-01
-2.928524814508518537e-01
-4.261140950720989501e-02
3.547035913786798084e-02
8.938852668587494998e-02
-7.080195952156959072e-01
9.488460205890147936e-02
-4.758518403243471306e-01
-4.060561880914598243e-01
-1.321629008740428379e-01
2.432739507126613632e-01
-6.526711442700616761e-01
-1.619461528236986469e-01
9.528055498406673429e-02
-1.724798390246098240e-02
4.721676809380582762e-01
-6.446432556617460730e-01
-2.185877196905824382e-01
-3.456708673800809040e-01
4.361493060679398903e-01
2.047736132196291137e-01
7.964521966796350716e-02
-5.073128103375356135e-01
5.094663385013421530e-01
-2.151372149564085290e-01
3.443312452903410370e-01
-6.133315076281338207e-01
2.914334907921500295e-01
2.186878900680855331e-02
1.201920967264862583e-01
-4.169621977258637369e-01
2.820977947004698616e-01
-2.537352512498761842e-02
-3.190880149695703993e-01
-1.798674952209894928e-01
5.807292654719504732e-01
-2.632717278436673136e-01
-4.097587505121574880e-01
-3.681806521113784036e-01
4.459202449947680114e-01
6.375073464596846540e-01
-6.394409149754766430e-02
-3.674370745762769452e-01
-3.976964989002063633e-01
5.605909249588026944e-01
4.999353932873579209e-01
4.756100133969456967e-01
-8.041942845665238371e-02
-4.197162362950300485e-02
-4.888943881320060303e-01
4.059238886309600725e-01
2.250759346844814074e-02
-7.751593491634978239e-02
-5.850129790291871412e-01
-2.315685435863059083e-01
2.335439041325783061e-01
5.651264356034190195e-01
2.798308738711134946e-01
-6.150847671433952446e-02
1.711810520604076236e-01
4.864254380372984854e-01
-3.686063683752714426e-01
-7.986061277257069935e-02
4.494223543135883459e-01
1.191371167022038241e-01
-2.054708952738775740e-01
5.034611464655140978e-01
-4.193534294385777295e-01
3.390631564161625811e-01
-1.535528744989476668e-01
9.528672485300712647e-02
-4.119854584711216683e-01
3.129642798925232339e-01
5.560529732409595915e-01
-1.465564333036543931e-01
-8.212751490186312453e-02
-3.248656141303342404e-02
-7.075689916489266706e-02
-4.560604001601095692e-01
4.921191087352663196e-01
-6.557845608192703901e-01
2.242913685346598629e-01
-6.601709681635651306e-01
-4.254258395721844943e-01
9.780498228122637850e-04
2.286277899930754254e-01
2.374829807224674849e-01
-3.406400037357051880e-03
6.825370690302712262e-02
-1.200469448775460801e-01
3.169431526048193115e-01
-2.666676903136120866e-02
-2.390572579410410459e-01
4.138366045172191532e-01
2.844443545248664384e-01
2.348051734081129382e-01
1.435657097444577660e-02
3.130463157537595742e-01
-3.103132302120640285e-01
6.222260202218170277e-02
2.022767255894131200e-01
-1.451415889226939371e-01
7.101818018777428243e-01
-9.133296863568350632e-02
-8.650014220371904372e-02
6.466497032353020202e-01
-3.773239239075257961e-02
-5.693779380291454917e-01
-6.524097805639772485e-02
-7.230071842387963965e-01
4.793621792716080687e-01
9.474618519615947421e-02
-4.791106449913919985e-01
6.704710958028829992e-01
7.919458098403162616e-01
-5.946292987620684176e-04
4.390413915567961123e-01
-4.174686332062276239e-01
-7.384335165767277886e-02
-4.497932149774576116e-01
1.562167269730633246e-01
5.930643961171178091e-01
6.510603251706900130e-01
-8.659290259789690358e-01
1.922264255155429757e-01
2.824399768950233147e-01
-2.140974439379814132e-01
-8.953327641594747976e-02
-5.621046402561072908e-01
2.951243970856645693e-02
-2.732463905395162151e-01
-1.851100423201456069e-01
9.434915661682490018e-02
8.252511521703161101e-02
-4.279197463787695610e-01
3.687391146089001870e-01
1.066876308805071588e-01
1.515298694133952184e-01
2.100746809076645127e-01
1.834341976970541854e-01
2.600577297620865203e-01
-3.232732561885828804e-01
-1.288431177191257659e-01
3.890764128423911394e-01
7.401880888592493601e-02
-2.544657949226757782e-02
6.079890914620532660e-01
-3.561549696143603283e-01
3.177531291282263415e-01
-1.270819571245194735e-01
1.407977482936832725e-01
2.336722491885277753e-01
-3.013912324685961153e-01
-1.915788578321231950e-01
6.478942627717830804e-01
3.355652022029756987e-01
-5.690934810101084818e-01
4.890484741221957088e-01
-3.797693960436195754e-02
1.035557158748954404e-02
2.669750345396093572e-01
4.245266365425343635e-01
-5.087127302560087161e-01
-6.023495340208854243e-01
6.283762664471328474e-01
-8.464084017685566952e-01
-3.197256190508619422e-01
8.796790644243068780e-02
3.664344510779038999e-01
5.219298221029469165e-01
1.602818099808503149e-01
-1.953030717200658350e-01
-2.758355289298690116e-01
-4.070050955861597153e-01
5.013583794805041016e-01
-5.040235301469566664e-01
-2.927540148731556102e-01
2.665452991417035372e-02
3.169535826999838046e-01
-2.392633833313797531e-01
-7.913760856028814739e-02
1.545007609651342095e-01
-2.358638753973543445e-01
-3.037892224266983687e-01
2.458741142945766456e-01
-1.308471216037190854e-01
2.523806767231197810e-03
5.010526279113481918e-01
4.705637941962411697e-01
2.980036209409033660e-03
1.450108626280076918e-01
2.329029336175368892e-01
-1.914867038357849216e-01
-3.420304850273526709e-01
-5.618517638467513953e-01
7.895747207414756386e-02
-4.833362292667759408e-01
1.398959268141835577e-01
6.207878603202507950e-01
-5.461545475467506350e-01
-2.133537987334083175e-01
-1.930460063469460405e-02
-6.869579225433082303e-01
-2.375502883173255184e-02
5.284180259364687146e-03
2.923347448317949460e-01
1.195443837440172789e-02
-2.196927071076973728e-02
-2.882797964718705752e-01
-6.268416932935005903e-01
4.859751691833513743e-01
1.998567657723540614e-01
-2.006880672882589423e-01
3.070184302202362825e-01
-8.089463355553085100e-02
-2.303969976429318667e-01
-6.453907683151742791e-01
3.963958653631796114e-01
-2.950772397763636867e-01
4.153226750447045479e-01
4.134361330264622048e-01
-2.561691733612784239e-01
3.451015416581695305e-01
5.229421657963501113e-02
-7.831199288019028426e-01
6.577083787163504613e-01
-7.064289908032518328e-01
-1.385270154794245590e-01
-1.639326690193212976e-01
-3.380646051425935661e-01
-1.255289428726779136e-02
3.920030933098075376e-01
5.225487796825898368e-01
-4.807168155770902840e-01
-4.976295273047648404e-01
9.822816617917537463e-02
-3.018041659627798134e-01
-1.757832694625177383e-01
-2.815724976237754182e-02
-4.833066104971276422e-01
3.611871370573560558e-01
-3.469458918627759125e-01
-1.696307820242690112e-01
1.774775323222062828e-01
4.617186317912295168e-01
1.198613481892445570e-01
9.093335376993059299e-03
3.446897068395238239e-01
-1.730243381523519641e-01
-7.560539880894345983e-03
-7.431368311948619021e-02
9.768695207505774525e-02
-1.753297031747376167e-01
-2.719016351958770672e-01
1.979430748380422156e-01
-3.991514935617027637e-01
-2.570839979434670353e-01
3.412817354024530458e-01
-4.413371816454630253e-02
-6.877619609173282189e-01
-5.088111853771089266e-02
-3.688759174213412373e-01
-6.815213525233521086e-02
7.145607287204648328e-01
2.470992576922518280e-01
-8.407563584643584775e-02
1.555373694673005125e-01
4.739876820093606447e-01
-4.715068528560428275e-03
6.844451110397646865e-01
-1.459771270154490708e-01
-4.209695207805519979e-01
6.300561342006382182e-01
1.160657734444965339e-01
9.623382675524966290e-02
-8.358549345097551764e-02
-4.373158015672065080e-01
-1.254997532942447869e-01
-8.557326483585997456e-02
-5.101158177616031686e-02
-3.671736381977880881e-01
-2.379857414041955388e-01
-1.228715351302408498e-01
-5.149387223743208120e-01
2.507877671641955408e-01
-2.248817736195886374e-01
-1.542611515881571749e-01
-1.873916106690101391e-01
4.816402847159677592e-01
2.340796043464385967e-01
-2.120978099694004193e-01
-4.766636000707423770e-01
1.099386930788975730e-01
5.596179952459248153e-01
5.411921305067886045e-01
1.463261141084867267e-01
-1.482680991351482125e-01
-6.008157941924865408e-01
2.840852597225229648e-01
-3.756105645590617215e-01
-7.950849435196125636e-01
-2.154017948672659888e-01
-2.155723935433080107e-01
-5.859407926494342167e-01
-1.948782912788472044e-01
4.827983464396819191e-02
5.561152332094974060e-01
1.694405894383451683e-01
2.954798722283156209e-01
2.232348123665819639e-01
2.833585257217823006e-03
2.938241346261148967e-01
-3.077758195686259302e-01
-2.724030298333984246e-01
-6.758055817067988302e-01
1.914354628360021848e-01
-5.071463640945307327e-01
3.258457486007872439e-01
-2.866669289868751247e-01
2.708288254493137481e-01
-4.222125094599933903e-01
6.371146155578001624e-02
1.950712316305573679e-01
-1.538259851656104127e-01
-4.616474272941706314e-01
-2.567176315187305047e-01
-5.006499322147881514e-01
-1.530258841058805830e-01
4.859734337581127495e-01
-5.007997829510164589e-01
-1.214257270085332963e-01
2.075377334598457746e-01
-3.323481561718068522e-01
-3.298359179228023130e-01
-4.588473365815605165e-01
2.801618452891013744e-01
1.028880670700184213e-01
-4.252653777446679384e-01
-5.930636438675136457e-01
5.063313101780052561e-01
-2.509132533083829539e-03
-3.206212600105183830e-01
-2.969679357771617956e-01
5.594373421050834461e-01
-8.541719864109476035e-02
-3.131935554013108858e-01
-4.855859668464832662e-02
-2.629945936780565541e-01
6.176531321596148011e-02
2.528944874294709599e-01
1.826237980012246007e-02
3.318353713778191549e-01
-3.658583982865633022e-01
-5.528366911032300823e-01
-3.954921989284119199e-01
-3.418207940713716697e-01
-4.324147854194670959e-01
3.726268770659872942e-01
-2.760133283104081459e-01
-5.434069110101436006e-01
-8.086835880624052564e-01
2.115898921448753078e-01
5.315942270818275750e-01
-1.065830608041735267e-01
2.873958506294330695e-01
4.185341237911956169e-02
1.019127057335185160e-01
3.203170630996826085e-01
1.969604102277020263e-01
-6.503780914448230588e-01
-9.040798412159975483e-02
4.960495128568724876e-01
-3.811369539047309019e-01
3.983236400054810528e-02
5.021095805461468498e-01
4.403500504243181290e-01
-3.724022216462512525e-01
4.898564854582327932e-01
-1.888334697568112563e-01
-5.375712359764933668e-01
-3.414131698582737462e-01
5.049211420910955372e-02
2.259534238247208893e-01
-5.902650689441658605e-01
4.701891871739267703e-01
3.320327413688289875e-01
-4.067120004469076955e-02
-6.612971969699923402e-01
6.103338277010969537e-02
2.670866837619858547e-01
-9.073847376393162634e-02
1.981890321150407419e-01
9.727218356935321553e-02
5.423443658266331457e-01
-5.948313955943652642e-01
3.828515227623157102e-01
1.072641432623768210e-01
-1.553876730577003207e-01
1.740787663723546430e-01
-1.067332472950267286e-01
4.461078740907724605e-01
3.752710416178953734e-01
4.139285604715566835e-01
1.915775493154065964e-02
-2.412919122941958872e-01
1.549883508890035899e-01
-3.717589861796413153e-01
3.604352698591666293e-01
2.716660204573695392e-01
-4.866608152215831651e-01
6.780258889818256696e-02
1.597917218604174086e-02
-3.578734590617815847e-01
-3.080702384457223095e-02
1.993351015599341969e-01
1.896777134670458165e-01
2.452464095036385738e-01
-5.740625945208372993e-01
-4.023465870531711674e-01
-8.488761527118467154e-02
5.717614944946546734e-02
-1.108876668658828335e-01
3.426312516533627228e-01
1.613917155469633546e-01
-2.631482370144313521e-01
7.495071959337104572e-02
-1.995665507285671325e-01
5.513554520727140806e-01
2.824248294922760416e-01
3.774929635000792705e-01
-2.293720290471596424e-01
2.241789183116166817e-01
-2.052847431463106498e-01
2.542490268878928351e-03
-5.418313605995026538e-01
-5.703699718297585708e-01
5.983593932397952564e-01
1.696308680011695824e-01
4.191740069696330284e-01
5.673629553768443357e-01
4.993546232546153263e-02
2.506017387884517666e-01
4.021877170323515660e-01
-1.513548642908879582e-01
4.654972062527663601e-01
3.399458516200548619e-01
-9.995385599837519619e-02
-8.185922294483186645e-01
1.211595194905501355e-01
1.543748949815954841e-01
-6.775937615765280364e-02
-2.561917961985388792e-01
2.997998371139240503e-02
-5.140126107512486830e-02
1.122359609285565329e-01
-3.168547689808620116e-01
-2.727767057304525400e-01
5.110782075057813678e-01
-3.963927977763478938e-01
3.962899473265546479e-01
5.325493884500502872e-01
-3.223713001476300466e-01
-4.089411617317257330e-01
6.129898407759500067e-02
-2.800425851883656808e-02
3.084183673131715361e-02
1.354955116270452065e-01
-1.812952360006397923e-01
3.430968751906399161e-01
-1.077409627066031224e-02
-6.521083144532784370e-01
1.547384120409615316e-01
1.575227277744983279e-01
4.351261166067649788e-01
1.262845824945714179e-01
-1.488601462483640780e-01
2.260390340003516352e-01
3.474989587124195922e-01
5.731779158859583445e-01
1.019611160864793975e-01
4.936516839005937185e-01
5.860979557140862939e-01
3.325780211883165305e-01
4.752722680232477348e-01
-2.296190889469768570e-01
-1.556951885433573990e-01
4.490447414169723706e-01
2.719881909769515660e-02
-1.263853478029516308e-01
6.090472920332955231e-02
-1.051249717777099635e-01
5.131166328315882597e-01
6.081594636274409993e-01
-4.789847546577322701e-01
5.728808408805988739e-01
-2.071371296805556705e-01
-3.254054477911877408e-01
3.675875626475685193e-02
1.601173019259590768e-01
1.793333203634447925e-01
5.292677808800104466e-02
-2.136182167745752647e-01
2.657490398426939349e-01
-1.221186381772026985e-02
-6.877637593802530258e-01
1.091557894946826590e-01
-2.117113716642173363e-02
-2.465522893508558522e-01
-1.437521261230415570e-01
2.433227285381629190e-01
2.632816541093945806e-01
6.891669456084306145e-01
4.607076662483761131e-01
-1.306113608850503205e-01
4.604255102710609615e-02
-1.476377688107076980e-01
-3.570487538694815943e-01
-7.290714752201834514e-01
6.008211547239271366e-02
-5.103433476947171199e-01
-6.167642823950966191e-01
2.697149029795805619e-01
-1.392111970990229930e-01
-3.209734318927506824e-01
-2.495533932963520940e-01
-5.729153317798797718e-02
1.069415625275362686e-02
-2.053788718837255139e-02
1.245306855016580505e-01
8.136514768099742390e-02
1.130056209909167664e-01
1.858005054316201610e-01
3.887299267220557519e-01
6.079604876317687978e-01
3.831229875637233960e-03
4.877692869761593997e-01
3.772505488871694679e-01
6.838522993464670428e-03
-3.659132392783633336e-01
3.684581191381372522e-01
-3.099045612550682671e-01
-4.370668646172383154e-01
-9.253301771669539266e-02
-8.374720653982528074e-01
-5.197862377488443597e-02
-8.031001645129566546e-02
4.241504830401033876e-01
2.187764983838834665e-01
9.394599690308703954e-02
-5.859048864979794075e-02
-8.621143084993825034e-02
1.757586972984024609e-01
-5.478857374823616899e-01
-1.162249366161112046e-01
3.126622029311484363e-01
-3.117139627184351350e-02
-1.915712616456050066e-01
-7.905208029811401638e-02
-3.006567688289654150e-01
5.045289790214288472e-02
4.189420844503403130e-01
-2.677875780059585376e-01
-3.270821426194716608e-01
4.046339132518209647e-01
-5.781147158475168357e-01
-1.694187464080149086e-01
2.827773765116525784e-01
2.970696855965452438e-02
-2.803293763187461596e-01
-2.526602317165101974e-01
-8.438902411650858748e-02
7.488272982475573381e-01
3.922454770352729603e-01
5.714392147844321590e-01
-5.918928790259658790e-01
3.647273671294171682e-01
-4.525943817160516525e-01
-1.438713545354411427e-01
2.480194827741714382e-03
-9.434109117299660507e-02
-7.740643178602263363e-01
1.522324518255933901e-01
-1.658282062808524304e-01
4.503308921549588062e-01
-3.679610259529611516e-01
1.763265121834795279e-01
3.801096214459276923e-01
3.865906240029809426e-01
-5.155731427192375982e-01
3.296807208779212739e-01
-5.191058610192972322e-01
2.943626802882134963e-01
-6.016280788058830931e-01
5.280791345319424401e-01
-4.341685505598811834e-01
-3.786911383884171145e-01
-3.161356927928731242e-01
5.739702693020191093e-01
-1.878629081214264196e-01
2.502530373863298130e-01
2.067101236571736167e-02
-2.181796197457069875e-01
1.147630502299546995e-01
3.333399695254392059e-01
4.029539023558964539e-01
-5.124081342481797210e-03
-1.233183336653123768e-01
-9.727703913644747402e-02
-5.389580470386086120e-01
2.285569726019065148e-02
3.073693273695589090e-01
5.936708790740541364e-01
2.025040886924232147e-02
-1.729930704130653585e-01
3.788267618388918012e-01
8.478804252030116562e-01
-3.784915857849151938e-02
7.619138809522141287e-02
-6.817743535680409472e-02
-5.395980692549855462e-01
-1.154623620944851964e-01
4.761091574083809452e-01
1.404764003795100913e-01
-6.562094316306122943e-01
-3.048592069447366715e-01
-5.233996215208451541e-02
-1.990846500879799377e-02
1.848576035064759815e-02
1.598618922000422660e-01
-4.368179944215350163e-01
1.186991752424693958e-01
-7.653802322591322094e-01
4.316259864723960837e-01
-4.433554629590600316e-01
1.596564128420197848e-01
4.549174537183390821e-01
5.385188463917791601e-01
-4.818106755201689850e-01
-6.676731406735969543e-01
-3.265881215359013878e-01
4.200651805097532776e-01
-2.027934231894003569e-01
1.542789250449765615e-01
-1.067051512809184116e-02
7.823883089612237995e-03
1.054242461413385928e-01
-2.224702604768126202e-01
8.825019045655085881e-02
3.636648591890014742e-02
-3.765292783149706279e-01
3.097987131845723052e-01
1.462135137336060542e-01
2.852252895041155201e-01
-2.808831563712111401e-01
6.753695409726329091e-02
3.080532207116322141e-01
6.446684190251320556e-01
6.216921855740311642e-01
-2.431384701999964038e-01
-2.419669332112192872e-01
-5.598223606296809374e-01
4.584291671323066641e-02
7.029022168490950406e-02
1.077886231339668377e-01
-1.051445501615008715e-01
-1.846756551235585186e-01
-4.564243523219874143e-01
-1.194086476285601967e-01
5.271639443624278609e-01
-2.360555391392293589e-01
-3.727761690524221683e-01
2.764773483872194904e-01
1.016232012661484052e-01
-4.996653292011349334e-01
-1.520969996224759979e-01
-5.792482051877046595e-02
-4.225318901397818738e-01
1.705001735859389411e-01
4.649626153042709653e-01
1.732658924614456364e-01
1.141394895940366500e-01
-3.971589025389639094e-01
-3.818920906328228115e-01
-3.174201723196073965e-03
-2.492329024360054601e-01
5.993198437558840963e-01
-5.514116664303354565e-01
-4.202846334059578415e-01
6.421348231860511679e-02
3.116072102940272148e-01
4.945462860204259403e-01
9.005702733996705234e-02
-4.162846377736315606e-01
5.975332903256017625e-01
3.578860353244655568e-01
-2.628996210427229641e-01
2.077121207263825653e-01
-5.404053202899782304e-01
-6.061334694184405958e-01
-4.501320320027547561e-01
-2.430139086705969120e-01
2.594954075389560577e-01
1.686018785810269871e-01
2.164796827710286364e-01
-8.352929868298188953e-01
-1.443410419860494398e-01
-2.694976932136312620e-01
-5.980802321098377394e-02
-3.136892053536925740e-02
1.056912980753078879e-01
7.341130785628526001e-02
-2.588461327764712827e-01
2.615561975325424449e-01
-8.782397264686305771e-01
9.834742168753285441e-02
1.030793961719981694e-01
-6.299341898308591370e-02
5.294215075226031963e-01
-3.068170828353668500e-01
3.745998208957009024e-02
-7.044607882495288464e-01
-1.264289810052234286e-01
8.017726705168637391e-02
1.442625860217220390e-01
2.715058288112278673e-01
-3.769347118177039380e-01
-5.848647892121919267e-02
-6.237926391469321707e-01
1.568727141734549968e-01
-7.208700965894614399e-01
-3.076507658988795191e-01
6.196610597263002562e-01
7.318262304405509511e-01
-4.760141113545952596e-01
-2.093823437019590727e-01
4.167687631585915708e-01
1.911197407798214398e-01
5.864152371406554654e-01
-3.797475130937975063e-01
-7.315379597292345215e-01
4.239466391446951032e-01
5.777900010310769302e-02
-3.629624158576226778e-01
1.697485612994136250e-01
-2.064371924567725836e-01
-2.463116476529322307e-01
-3.003534981533529935e-01
-5.132134354062810322e-02
-8.253780483703916648e-02
1.542528860265898749e-01
2.573770750609573055e-01
5.059156240889890466e-01
6.628582085581670169e-01
-1.362023003912576635e-01
4.663048377617275975e-01
8.389372323900814998e-02
1.556343868834259847e-01
-6.886562422728551569e-01
3.094868290764822560e-02
-1.746174530556516002e-01
4.867033877776012762e-02
4.923888510809868446e-01
2.068060062050927628e-01
2.806494342338817227e-01
4.312749941355251693e-01
5.835290591509694619e-02
-3.905022671374663856e-01
-3.734312323550363910e-01
6.260840148989970100e-01
-6.921597152705744049e-01
-1.776877970556680619e-01
-3.263465908184111086e-01
7.516326728201385733e-03
6.562997775229841013e-02
-7.023634632465268757e-01
5.317040186016475101e-02
2.498940733312240980e-02
-3.719517368706521387e-01
1.842591079697406820e-01
3.867381547647479878e-01
1.430717804285543959e-01
5.178296644745296849e-03
1.178828252219765726e-01
2.846756948830195810e-01
-4.512217031306158810e-01
4.530500341443780554e-01
-2.991478869850539568e-01
3.960942231130083480e-01
1.463888186746414022e-01
9.429085169683779077e-02
7.132705906948221264e-01
-7.806827156309659177e-02
2.902777759986512329e-01
6.020202051736271986e-01
5.837583001282521389e-01
4.768007297868536720e-01
-4.289087285284514106e-01
2.678018595044868722e-01
1.283534826296748865e-01
-5.818340440334682923e-02
-1.906988212347854872e-01
1.351110379283340657e-02
5.315558371284565542e-01
-4.221189355750575301e-01
7.404802248495440109e-01
-5.418497063883779274e-01
3.549808012174455185e-01
-3.772842227746803223e-01
-1.086432214685900677e-01
2.433449276496383318e-01
-1.203332055410680085e-01
-2.152118209450570030e-01
-6.201582470150631549e-02
-2.528566642108613371e-01
-4.179329131209087445e-01
7.033096248404371864e-02
1.575900989618767012e-01
2.751563307018454196e-01
8.812576729351428995e-01
3.945486580371860424e-02
-3.353006146740165061e-01
-4.784111386812892053e-02
3.041116658382977955e-01
5.734112528222726768e-01
1.320215769019814078e-01
-3.053775444550609341e-01
-2.169135619441101837e-01
6.039957775611732860e-01
-1.955297976692044193e-02
1.757908526312373931e-01
-1.459524323428034176e-01
2.079991646880713085e-01
7.079381729565890902e-02
3.077249817861387182e-01
-4.806013894698176608e-02
-3.346250373969441583e-01
1.059664318101771890e-01
-5.209026642982494959e-01
-3.968164722934027638e-02
-6.817890080639612549e-01
-4.916190724393114109e-01
5.510935822855064260e-03
-1.281428330645311142e-01
6.666071358556714677e-02
1.725842288619680309e-01
5.131772269437224754e-01
-4.636560850963848401e-01
6.235802879395926368e-01
2.767339623976865573e-02
-2.674248551049464573e-01
-5.144373467724631110e-01
3.366074238395547202e-01
-1.051915432461851263e-01
-7.392439129542650589e-01
5.088698172815076665e-02
-5.465672173804512202e-01
1.683952446672717651e-01
2.113399672442983768e-01
1.298133094625384398e-01
-6.474024312625248356e-02
6.627596370189287045e-01
3.435818201906951641e-01
1.546756007512081199e-01
1.177282306023074154e-01
2.718059906520136071e-01
-6.396610776703479662e-01
1.088829521913262377e-01
3.258352916509187069e-02
4.511156089753839971e-01
-1.011606610920896543e-01
-2.471514340279022393e-01
-1.204117956495723424e-01
3.045051980178698492e-01
-3.567809196493284540e-01
5.650846559427424864e-01
4.209267097808198077e-01
9.138410809560838788e-02
-5.358311966155018258e-01
-4.000011749387383242e-01
-1.645549000955937591e-01
-3.087110684669376881e-01
2.620923841956475653e-01
-1.315983989569853851e-01
6.362383798237081223e-01
2.650744004844602375e-01
-3.877108681499442655e-01
4.213676167590950372e-02
-2.411413096456361815e-01
-2.937699020450055404e-02
-5.962730242806471015e-01
-9.711136575188208941e-02
-1.310721026785697796e-01
-3.803831808042335005e-01
-2.388683203694235216e-02
2.074025915206726689e-01
-6.378052027957601400e-01
-4.360121891237331848e-01
-1.251466185222073479e-01
-6.654955686823557093e-01
-3.294951732529177724e-01
5.753226594110827374e-01
-1.314508436963381655e-01
-5.303061718956747495e-01
3.788347082159118084e-01
3.453902495379628235e-01
-4.233530308151858268e-01
-5.087780483782792240e-01
-1.280309748974558237e-01
5.602123391102609151e-01
2.483961460252015474e-01
-1.444775310012430813e-01
-4.636110457226012144e-02
-5.201195070789665920e-02
4.642637574230736308e-01
-3.487788489157486183e-01
-5.347361139058611768e-01
-6.177473084885369836e-01
1.955947662872365989e-01
-6.453942251389888085e-01
1.098944173321422801e-01
1.884598238164451600e-01
-2.187352186564993917e-01
4.675918607370487257e-01
4.207566374141794019e-02
-5.797543078500261293e-01
1.059102448906140692e-01
8.131307417575586033e-03
-1.671928867359827042e-01
-3.455456128208461153e-01
1.490416919759241787e-01
1.612316671887986108e-01
1.649144351160070077e-01
-4.244741672456178172e-01
2.811174853879628843e-01
-4.727447624533314130e-01
-3.257977609825916110e-01
-3.024023692538254648e-01
-2.849109525898322337e-01
-7.387037768577712216e-01
-3.232415210555344420e-01
-4.026590427201816591e-01
3.016058936370603627e-01
-1.912397208173769736e-01
5.143944969714473459e-01
-3.076816088591189935e-01
2.462768242240780669e-01
-2.154482103471755949e-01
5.588577868929507364e-01
3.049448101470225714e-02
6.758827106524979396e-04
-1.725147320657931943e-02
-1.607846429614772366e-01
6.396721311825186440e-01
4.511123801850987214e-03
-5.677491578822011498e-01
-1.549952813237803206e-01
6.481234104118926975e-02
3.962836074201433467e-01
3.300275199368469248e-01
1.835520638481460617e-02
-2.459896242847222914e-01
-2.003665589979063411e-01
1.236181746225161610e-01
-1.276724890310435012e-01
1.060133733429160507e-01
2.142919740418257613e-01
-7.060124648465615493e-01
3.355282269624854097e-02
1.400902665615526288e-02
4.328384862053769599e-01
-4.771962680109926302e-01
-2.615481854541885642e-01
6.179393590398990499e-01
6.053820532453632053e-01
4.881000389920756022e-02
-1.802954830735422342e-01
-5.071406941387492928e-01
5.250822981112857057e-02
-4.900014655451498391e-02
-3.776792921244159773e-01
3.653202814267013099e-01
-5.018703324582874936e-01
1.624155514020571844e-01
-1.942788280869233233e-03
-7.322769953793617503e-01
1.102845213590954686e-02
4.017172888088967886e-01
-5.942505078150991382e-01
3.841994462100368213e-01
3.719852966904403369e-01
-2.043447647953792745e-01
3.064841561179655338e-01
1.410372933899285419e-01
2.357817300367701652e-01
2.357638836501283197e-01
-1.615123212650340367e-01
7.937539894862156997e-03
7.014249805572690677e-02
-6.240023053351521076e-01
-2.898199141591039640e-01
2.342381941331251605e-01
2.241427965778263198e-01
1.487155912038325700e-01
-2.378713802437799618e-01
5.068643154553933439e-01
1.844664461415722323e-01
-3.040030659674210489e-01
-1.891788180404618824e-01
-1.676332293309193977e-01
-2.893283895675513029e-01
5.441239849509085236e-01
1.538114580102074025e-01
5.365416900713966264e-01
3.961605263671690302e-01
6.506836723867447103e-02
-6.191762153213284034e-03
-3.190041818181538202e-01
1.727422756968455542e-01
-3.083403239461076639e-01
3.296488667775687720e-01
1.437531625947561509e-01
-5.879700218777422771e-01
4.830540287437263824e-01
5.243216379377126785e-02
2.512755561507216684e-01
1.537300714204780094e-01
2.564688217512698931e-01
-4.401140236508602199e-01
-1.258923382433365101e-01
7.203468549584650382e-02
5.136951476438004205e-01
-1.879289142004863244e-01
-5.461690163217741700e-01
-6.238562358046261490e-03
3.562406147895368861e-03
-5.182160899042485835e-02
-1.545534641307921842e-01
-5.299721758410339545e-01
2.941295612850129970e-01
-2.633288767924581997e-01
2.546685143730431089e-01
2.912471986705713611e-01
4.065362237717223826e-01
1.013267874575920699e-02
-5.520312602129651830e-02
-5.338907151264330464e-01
-2.953248702773361156e-01
2.112271228645582477e-01
3.101433871751638205e-01
2.694763589331551912e-01
3.474592794784910066e-02
-1.841761718012610224e-02
-1.981702509778539845e-01
-3.482057500125582128e-01
-2.876687202264630594e-01
-5.170354860504644545e-01
5.674339232878806705e-01
-1.501456505893092319e-01
3.472084274099194734e-01
-3.618976633615057503e-01
2.519564522426836484e-01
3.686686217676355404e-01
7.999813520316018112e-02
3.003184041876243993e-01
7.353730099715649615e-02
6.480045432502737901e-01
3.666222231113221985e-01
2.289175617023022080e-01
4.815712140396412322e-02
2.316784013060285141e-01
3.327066843556659714e-01
-3.537956166855452667e-01
-8.218797719897193155e-02
3.964784847921810074e-01
1.657832668100008566e-01
1.194752722408338463e-01
5.540794160370242638e-01
-2.320090697090186060e-01
4.892356974362005451e-01
2.183902419506004167e-01
-1.280058338719513022e-01
2.012231600128383535e-01
2.508659064607591804e-01
1.264944195721837139e-01
2.424097760703460697e-02
3.017592268436793401e-01
-2.263962556535151494e-01
6.470074543837015524e-01
8.880857426040984770e-02
-5.758157359555974297e-01
-5.135800586073225871e-01
-1.583884783130591889e-01
-1.399647743958880031e-01
5.521981485693610026e-01
-3.245159868933375491e-01
1.516119044058255871e-01
3.227989721516069110e-01
2.742791160580014265e-01
-3.408699625002267752e-01
4.395684749858087825e-02
-3.766023861431970210e-01
-2.752374140867674956e-01
-1.132803141082926457e-01
5.074953211531679775e-01
5.504836483761408328e-01
1.698118632542967577e-01
-4.932071921007927795e-01
2.021445932540747448e-01
-8.352113074800693315e-02
3.141989278165929211e-01
-1.984078539806564678e-01
6.686156310441921935e-01
-1.777859430793535811e-01
3.108455445377048543e-01
5.715131104099917536e-01
1.453569688475011001e-01
-5.067746505508499144e-01
-5.360518825815687727e-01
-2.203783421539676768e-01
3.540099816683995870e-01
3.455225294178348450e-01
-1.881614535327292004e-01
2.923813490378420754e-01
3.766977027362663488e-01
1.235959053635249660e-01
1.739103656793425656e-01
-3.917591228389433744e-01
-3.873643339679857123e-03
-5.428054095213998842e-01
-4.307947748421235845e-01
-4.963691839541632678e-02
-5.621927624514424515e-01
-1.758134898254955780e-01
6.106688232701950048e-01
3.550992927537758859e-01
2.587184364694986582e-01
4.716210956560376033e-01
-4.738812178188083202e-01
4.051862679144013213e-01
3.231395641257565621e-01
3.388466018625646559e-01
3.291135658341827752e-01
1.225580891451526905e-01
-4.800386990119493436e-01
2.507907872347103218e-01
-5.834848160576633358e-01
3.119096241244603829e-02
1.900316895555012042e-01
1.188304046564482852e-01
-2.275202931591069344e-01
4.242943206319760296e-01
5.071372381123930850e-01
6.107583007684644905e-01
8.586986756018628875e-02
3.307237037033912141e-01
-3.992256907289059020e-01
-4.519564083618850536e-01
-1.338020627515784933e-01
-4.730486233581421285e-01
-5.344109260691647101e-02
-4.191402815877401933e-01
5.001682590418430330e-01
5.336882224555176135e-01
2.216194065328819240e-01
1.069716100062293451e-01
-5.687929657218113721e-01
-2.146702397698722065e-01
-1.723958095025001636e-01
-4.272387341368032998e-01
3.630475457763446268e-01
5.705332154715331283e-02
1.170708702959690345e-01
1.349213010321558270e-01
-7.378160210091255777e-02
1.557401279765518454e-01
4.495909727781059462e-01
9.980408985062601268e-02
2.372763061712258037e-01
4.560635083333473005e-01
1.528275068242226920e-01
-5.761600331915871925e-02
