-2.250376937354177098e-01
-2.428821940610655095e-01
9.293879979187457119e-01
7.208338324034341271e-01
-2.040690324370921238e-01
7.407718201309940742e-01
9.711411762823914939e-01
1.368591933196987132e+00
1.099976385268391033e+00
3.564033071281498266e-01
1.868085962935029931e+00
-4.405919082642736906e-02
9.287470535879184530e-02
-8.586440464416186802e-02
8.422109037270794074e-01
8.648423677602734561e-02
-8.825384873816676246e-01
1.534868073744277139e-01
-4.590596529060452791e-01
8.111723434320153858e-01
1.527453962036745549e+00
6.782130521139597690e-01
8.157493824108463798e-02
-9.615001936270609617e-01
-4.053410528577742755e-01
-1.871692272411470404e-01
-2.273309045357690406e-01
6.361085450473833447e-01
-1.432769668100622784e+00
-3.685315813641701355e-01
-9.914055474408212110e-02
2.001697763783917838e-01
-7.024912816099539992e-01
-5.157926814980597907e-01
2.372671562846144777e-01
-1.075098207394101779e+00
9.075247240858352882e-02
-2.449217724596427503e-01
2.379839239558864394e-01
7.611566164044902827e-02
-2.410926719770412341e-01
-6.874493970332313797e-01
1.738353075181239271e+00
-5.223798128703059929e-01
6.470982409605996466e-01
-2.164744160612743218e-01
-8.711720585965514185e-02
4.456774831785282331e-01
2.954745572908656914e-01
8.938562346692461302e-01
-2.295869063480664996e-01
-1.164534854947730125e+00
-8.492444686887468119e-02
7.688175481069813300e-01
-2.768914942758305409e-01
2.570193022794485249e-01
-4.598320405634646058e-01
-2.411433971323407865e-01
-3.958314542916603895e-01
7.506135420686871340e-01
-1.697783297308958217e-01
-3.352912023144688503e-02
4.024923994710376540e-01
-1.399399648188459078e-01
-2.719494693617617309e-01
4.243893446930963043e-01
6.078762223417673027e-01
6.414401374415401591e-03
3.564245538218919762e-01
6.167541354006298437e-01
-3.315769030786379357e-02
2.930998234356210763e-01
-1.930987815429779930e-01
1.410038994269108975e-02
-9.334683746062989451e-01
-9.507687065101340096e-01
5.242556834911059616e-01
9.854801877163731350e-01
-1.017278057321969964e+00
-3.243029896303598614e-01
1.129344808724157989e+00
-2.541365237472156258e-01
-1.863419846445270034e-01
-4.902040954971178532e-01
-4.587085839074123705e-01
-4.109249245500796732e-01
-6.475077458343925230e-02
3.865364070177353950e-01
-5.527092469419014886e-03
8.804529986397910957e-01
-6.075964519946537301e-01
4.346705231843848161e-01
7.209419534687802056e-01
8.541258571249302767e-01
6.942474364822096566e-01
-1.583388844368446013e-01
-4.626704649896737909e-01
-2.698739716364226826e-01
-5.189762469977556858e-01
1.016354878147452512e+00
-3.525749161567799661e-02
9.322878578285529461e-01
1.824205274300923219e-01
4.362933522046821277e-01
-2.807831249214627900e-01
5.249169360952095076e-01
7.759573437056423995e-01
8.446223562676877794e-01
4.594265944973021099e-01
2.057134971870666629e-01
-1.324966603785483477e-01
4.679844797005366375e-01
1.705117886206379274e-01
1.267521772745511921e+00
4.641107253993664306e-01
1.750305131341850506e-01
3.064022535246190282e-01
2.009631502852550211e-01
6.553249255079878210e-01
6.707251154735615062e-01
-5.341936843126643408e-02
-2.688217189584708455e-01
1.682700910744817091e-01
1.788598879422458321e-01
3.132217677789350674e-02
9.503210203821188529e-01
-2.103164266854949671e-01
-6.681661959584678234e-02
-1.409647793395103932e+00
8.526078248471693488e-01
-3.613771832872364476e-01
-1.104948885800188241e-01
-1.137432273674230943e-01
-3.810807154206820035e-01
3.950054475256861708e-01
6.627493718084136176e-02
6.486343390702953293e-01
-6.743475398200315940e-01
-2.958990939022474453e-01
3.561006820205666612e-01
7.527010304211183556e-01
4.359472365227878843e-01
-4.976820529559121131e-01
7.812912008863364122e-01
-2.156398418226958547e-01
2.348151409931694411e-01
2.461525674253341733e-01
2.113817409950701220e-01
-5.816932571209294522e-01
7.321434375188118349e-03
8.445431637484528409e-01
-6.409005289362601498e-01
-3.015645659202097484e-01
2.200662474445928274e-01
-5.759778125861965137e-01
-9.356345931523833981e-01
2.541911117039280521e-01
4.528732240550922272e-01
-4.532287239292375758e-01
-1.277612811921689184e+00
-6.547595885779345926e-01
-6.602678661741805399e-01
-1.074329496702945308e+00
5.925251329185582394e-01
-1.380202398610898440e+00
-7.819188404340077225e-02
-1.184998341163988389e+00
-1.125280055631075748e-01
1.172195820674931444e+00
-3.310698553130865807e-01
1.005946830131622394e-01
3.925429104311980444e-01
-8.004405437540917934e-01
-5.815977782584084155e-01
-9.603665466512250060e-01
-3.605754075513153967e-02
4.559366513863311043e-01
1.451842061451479593e-01
1.923409094341201886e-01
2.720076522883649317e-01
7.373229235719969132e-01
-7.468370569174976881e-01
-1.864469022072258175e-01
1.577739666076070968e+00
4.266551528104398638e-01
-2.057356867954959756e-01
-1.826222616048172598e-01
2.227045449703767277e-01
-1.252391321092024556e+00
-2.919524100117961707e-01
-2.932598768739502204e-01
-6.598839505131975924e-01
8.751881609029426023e-01
4.545263370249742474e-01
-7.998196449171199873e-01
6.965408080771228194e-01
-8.411076363818770218e-01
2.605072704200564471e-02
4.423506750753608552e-01
4.397773123911441484e-02
-6.496998618295012351e-01
-1.159102726486339191e-01
-1.917054458941990780e-01
4.737187078866725298e-01
-5.309286418056053947e-01
6.294931682920819060e-01
1.220227887740489292e+00
-1.023032892444112996e+00
3.487228555517151718e-01
-2.700195366722366042e-01
-5.446188772283666601e-01
-3.632949751570146990e-01
-5.254643322537211336e-02
6.737280124359715794e-01
2.415756487226464189e-02
5.109010593220759677e-01
-2.428584360289206823e-01
-9.598249355712665243e-02
-5.065099460610344995e-01
1.804420295420193221e-01
-3.099776157979300395e-02
2.286475030783156615e-01
8.100632022223814843e-01
1.282977178810469132e+00
3.924110126525677811e-01
6.816718485580139930e-01
-5.012996936702301953e-02
5.352077756624276650e-02
-4.582030313540379485e-01
-1.112467727192846922e+00
-8.796595584147548497e-02
-1.663318835663252226e-01
-4.814816080496777673e-01
-4.886398653187066232e-01
8.620713529764458816e-01
-8.959464332246813711e-02
1.123573918039783903e+00
7.566128495741033522e-01
1.916818811984966064e-03
-3.037549270113756306e-01
-7.879642676550424607e-01
6.859339568966242862e-01
-5.539919621285716023e-01
-1.057572099384505471e+00
1.306566240615495977e-01
-1.440904464050727640e-01
-2.477371039592934088e-01
3.178704558634792149e-02
2.159811062261020875e-01
7.535555483778733077e-01
-5.351305325592787820e-01
1.486592151639658521e-01
2.731648617826837322e-01
-5.076535479138377660e-01
-7.054748364535262661e-01
1.356468155971023437e-01
-9.331257343510159785e-01
6.829846718851230181e-01
-4.866251426351555498e-01
8.860012874289393547e-01
1.743015943154022362e-01
-3.826894742657409587e-01
2.680764143954834089e-01
-3.992658886303126486e-01
-1.673356007710423032e+00
-7.928076348515276928e-02
3.943928533053919772e-01
-7.025828034336041306e-01
-1.059441591830637908e+00
-9.386255664571154789e-01
-4.854026243879802083e-01
-9.533165410706829768e-01
-3.383925332653899831e-01
-1.254078811307417718e+00
-7.817412231444350601e-01
4.047072696626946020e-01
-5.525948718329304343e-02
2.788596043855000595e-01
5.609686615871657400e-01
-6.358784511982716880e-01
-8.092782004431193776e-01
3.026251270470931010e-01
-6.118844224172782509e-01
-7.191363966331509872e-01
-1.380456694416905439e+00
-1.685604913442480812e-01
-7.456835514831836043e-02
6.687876901389806505e-01
-1.400396042350784853e+00
-2.195656484739256231e-01
1.309229944818486313e-01
1.634374756766168613e+00
9.727586023942109972e-02
-9.486023180775656760e-01
3.080672887436486929e-01
8.468043171164802985e-01
1.377434432247073015e-01
1.834926945310284552e-01
-5.384027043887187336e-01
-6.419212013430033448e-01
-5.800293729939425269e-01
4.248119371449842196e-01
-3.391494947001790772e-01
2.757451264130111324e-01
6.227352354462153960e-02
-3.470872101953022537e-01
1.830315773685972647e-01
-4.576708722849491262e-01
-5.232403002423113847e-01
-4.422997345778950651e-01
1.929361638618746211e-01
-7.483377848416781219e-01
-7.353743619481016847e-01
6.418432176688886326e-01
1.389927590571544691e-01
8.899186979348949755e-02
2.617844268214867265e-01
-9.503696860225042675e-01
-8.052211616861579824e-01
-5.143601446247105802e-01
1.154885668623659295e-01
-4.805393229392924126e-01
-5.233382841314274669e-01
1.673241048274067833e-01
1.220412526420132204e+00
-1.405443857744714253e-01
6.797352456518699348e-01
7.998420093701249511e-01
-2.397370117712721571e-01
6.469681572322710794e-01
7.177976314947590586e-01
3.123048431635309652e-01
-5.173565976115594989e-01
3.576889846187431554e-01
7.155693980151043299e-01
-1.569695717763863185e-01
-3.876393923963964427e-01
1.656205978155849690e-01
2.792027124068124921e-01
2.831408998586392722e-01
-1.015919083012193802e+00
-4.621319077640925199e-01
4.113411834863921479e-01
-4.574341086379004051e-01
-1.883541793157232636e-01
1.161968334394141433e-01
-2.692611438654839429e-01
-1.467538742796659079e-01
4.093621561679244847e-02
-4.469203949983325819e-01
5.800935284360856370e-01
1.867503152511661990e-01
-1.349173644977053277e+00
-1.534430294759334124e-01
-2.934101342161105075e-01
-6.073520413891627667e-01
-1.020234475154695231e+00
5.450234025693787565e-01
-1.604326975276844924e-01
-2.754563020210195057e-01
-4.148734733010137621e-01
5.438760704754717068e-01
-3.040954069617071709e-01
-1.355577280300542586e+00
-3.738394718445677833e-01
7.602200598356141648e-02
8.000449371723103997e-01
1.070564135420066121e+00
-1.131774726850025115e+00
-2.019502807568476777e-02
3.172899416757163360e-01
-1.944279110920102693e-01
-5.109122987399711269e-01
9.670349312020133370e-01
-1.893887848560796006e-01
2.665854780473415619e-01
5.852187381169945413e-01
-1.883658499694634281e-01
3.093521363441132932e-01
-4.303278102685609979e-02
7.816672448696785347e-01
-3.186453052205665548e-01
-3.145212572172540466e-01
5.824916606389007878e-03
-7.542212648773013450e-01
1.200942451284484846e+00
1.108587281608335307e+00
-9.983002170854377022e-01
-2.646007938355203759e-01
-5.546003494135411938e-01
-9.668170924431191970e-01
-3.743413318370724108e-01
4.555062851935474111e-01
-5.714797007913102744e-01
1.071071952536958583e-01
5.031560308932802039e-01
5.843352282282675558e-01
1.102852359159197437e+00
8.517469452538837249e-01
4.236643822246196067e-01
-4.215624386885532537e-01
-8.841692923850015262e-01
-1.228270262105570332e+00
-9.117444823463658476e-01
-2.040508047224269816e-01
-9.837913425549247304e-01
5.180496949618886848e-01
1.815115779805091867e+00
-6.162623410816160385e-01
-8.896216531042073772e-01
5.604224543939380077e-01
2.706145700005546662e-01
2.547560652185024699e-01
3.881724705608162185e-01
7.665392615833417356e-01
-7.796534821229013090e-01
-8.925625405596301354e-01
1.536810490585188982e-01
4.247887941340401374e-01
3.505550818695893356e-01
-9.963205876650389481e-01
-1.439294607984366314e-01
-5.693033188770896258e-01
6.044060239820550073e-01
-4.218393714337564937e-01
8.184242065554168111e-01
-2.223736086829067871e-01
5.831319409277286869e-01
-1.459280771143686706e-01
8.149817071999398976e-02
-1.255941481543127458e-01
-1.238214729069658127e+00
2.091167973471169117e-01
-3.742462310403893988e-01
-3.962080886388796852e-01
-6.671655711602877403e-01
4.500243516056541271e-01
-6.742885319031756142e-01
-7.309241825510803814e-01
-4.375044700412800136e-01
-2.055835152249493591e-01
-1.293135248475048460e+00
-6.011137767434966417e-01
3.994936062212588179e-02
-4.474405163248533768e-01
-1.452059633048196741e+00
-1.100501404834957897e-01
-4.085514035866706362e-01
8.364000804297174740e-01
-1.132384918516786687e+00
5.527170445453147840e-01
3.697066933080632722e-01
-6.809711391208390641e-01
-3.461330446671034844e-01
-5.708543833212176288e-02
-7.159977491071309874e-01
7.391910193309483290e-01
8.720959345618494174e-01
5.275577082140103791e-01
3.683980639562758341e-01
-3.028491839959099319e-02
-5.241948706189218932e-01
-4.368593273675641653e-01
-8.853345885766039647e-02
3.094454000809918059e-02
1.935294894742937144e-01
-2.646664446977780583e-01
8.054539028748675111e-02
-2.497280395115563656e-01
-2.797635046278595938e-01
6.207635560754281023e-01
-3.566915424049530436e-01
-6.088184809021731647e-01
-3.800432918752743028e-01
-9.113762299331356065e-01
-7.834916446164517101e-01
5.899862439672364234e-01
3.390448020655361105e-01
2.407008323649142134e-01
1.447095677112603673e-01
-6.735751672304162163e-01
3.614254711721593405e-01
-2.633065218751351466e-01
4.832295507365501619e-01
8.158057997757333091e-01
-4.371406217840685393e-01
4.429169476895669644e-01
5.378025132969939115e-01
2.392411262347933221e-01
-5.751205692490889421e-01
3.238119549477702641e-01
6.110645288625798921e-01
4.700302081772318036e-02
-8.669118667829896208e-02
-2.265327502495015355e-02
-4.108083386564866935e-01
-1.499870483632155027e+00
1.590607120284913967e-01
-3.676972671999013675e-01
2.156387687132298170e-01
7.387989897041302712e-01
3.044432529772230778e-01
-1.055991693302620105e+00
-6.720881271027606685e-01
-4.223847978681085635e-01
2.674033910584843743e-01
6.623946678617297357e-01
1.598739006257467454e-01
6.867344463012700628e-02
1.089806943431345765e+00
1.246471577788287322e-01
4.333044886583226618e-01
-1.550283591612724998e-02
5.184822389659632380e-02
-8.156000067689739286e-01
-6.276117100609686084e-01
3.415340951999099040e-02
-1.451722848696865187e+00
4.777556449928759275e-01
-8.122703185016506566e-01
1.822668527452796505e-01
-6.664071451449472550e-01
7.764121151798264453e-02
-5.902891881550368369e-01
-2.692718129873110100e-01
-5.141982520113733690e-01
-2.443873971503715825e-01
6.570176026044278750e-01
-8.148257284531532085e-02
-2.398117849690355463e-01
6.045634964780233211e-02
-1.986545623182585374e-01
-3.975960039211121622e-01
-9.028254713334108450e-01
1.176232574248118112e+00
1.764835505848454944e-01
-8.423045049359069170e-01
6.661177153625991165e-02
1.148312348363180524e+00
1.439353229732940609e-01
-3.599574248594111792e-02
5.223338558991523772e-01
-3.961885250409017400e-01
-1.330234702118828993e+00
6.115447838366332434e-01
4.232810574841932016e-01
-4.426011068341972887e-01
1.255137076187042844e+00
3.935120168001982749e-02
-3.009259333244335699e-01
1.862243329344495379e-01
-5.008727120042341108e-01
-1.063421319341207733e-01
-1.090540674839624025e+00
4.712301400507055149e-01
-7.444996522950243500e-01
4.493709862884587292e-01
5.435593641560897415e-01
-4.243109409118793196e-01
-6.241731968010370002e-01
-7.905373125014941715e-01
-4.513507438468551403e-01
3.091619135740021340e-01
1.803475601344557977e-01
4.380022547392649346e-02
-4.206493757865724659e-01
-8.769688218233091526e-01
-7.311827852099361813e-01
6.346767221268607706e-01
-2.787884630874208347e-01
9.242840506697030944e-01
1.843810413712706486e-01
9.198744514024528307e-01
1.599710558348322320e-01
1.877030986019425640e-01
5.637884094259983936e-01
-7.149609319954787212e-01
1.625056505367600268e-01
3.178341698781439462e-02
7.493159319421227593e-01
-6.838572807934042430e-01
-1.221855273863157176e+00
-7.869720714345580515e-01
-2.267924739642582233e-01
5.463738113751246406e-01
-8.087087979023610540e-01
3.979493926796376924e-01
8.505453864953709253e-01
-8.693187832096729295e-01
2.263829729638733301e-04
-7.742544678458442853e-01
9.332227598273037938e-02
-8.618965410173285990e-01
-8.557658696317224090e-01
-2.941121570157578802e-01
-2.443367445128676319e-01
-9.720588428653587076e-02
-1.227049552588768411e-01
-2.021164863797776379e-01
1.317104091676915001e-01
4.497487307169238391e-01
-1.246998582022946500e-01
4.439872420326425040e-01
-2.868815630120679083e-01
1.273394592091095845e+00
3.188093341926967472e-01
8.078759938367793270e-01
1.928391363110500134e-01
-7.055667578498606707e-01
-2.692099627370595494e-01
-9.737296854238858268e-02
-5.358988525963529481e-01
-4.972511676400276359e-02
-2.134724265201749516e-01
-2.857577359035849418e-01
3.671528588397646731e-01
4.844836604785185408e-01
4.826204824773078217e-01
1.338654000378124209e+00
9.545333632488296471e-01
-1.671825947947455371e-01
1.061674330984818004e+00
1.981772927802543383e-01
-3.787086931578451665e-01
-1.078972883050375309e+00
-5.482878152808277061e-01
-4.700860851673903662e-01
4.303848362797909610e-01
1.591646367412253293e-01
5.071131451555390690e-01
7.138480748267284071e-01
3.353364949181522614e-01
-1.129690392774761742e-01
-2.324029428661774088e-01
-1.633143050277225394e-01
-5.058122324102478640e-01
-2.204291896873507295e-01
3.115234422314284157e-01
7.936244993481494925e-01
1.009004391096951503e-02
2.577684347784136021e-01
3.304073544256369566e-02
-6.091244280186921545e-01
7.921278699788137923e-01
-7.287431442877579935e-01
-4.025440529352096730e-01
-3.476830538493724809e-01
1.885087418258916958e-01
3.923020719205631002e-01
2.624012057076066662e-01
1.342184017228518766e-01
9.317400221747984546e-01
7.276695736529648073e-02
8.326879234391292295e-01
3.962027813918911345e-01
-5.351872968568338607e-01
3.040952249877294511e-01
9.604489749550934596e-02
-1.165224642279235390e+00
-3.874198591083610754e-02
-3.803243886900299353e-01
-7.151824809411794215e-02
6.730797632463139113e-01
-2.795134374072248407e-01
-8.176521836879613314e-03
3.345871780665816697e-01
-2.094598079627110754e-01
-6.993096914099301564e-01
2.251139184585355668e-01
1.210803194308640585e+00
3.390665374921346675e-01
-8.230565330761950849e-01
1.177261325597163788e+00
1.558030507445209434e-01
3.948687182142062158e-01
8.540438960872001051e-01
-7.841513558593660171e-01
3.540594694294135203e-01
-1.060058050336665225e+00
6.775547175626591700e-01
1.540753555708946898e-01
4.895353833938196481e-02
9.415775046939462989e-01
8.055892237420839153e-02
3.915746170242201951e-01
-3.546501464567231032e-02
2.345768141809018992e-01
1.090460461656854729e+00
7.866829147155562918e-02
3.345552229443370940e-01
4.983213178650910957e-01
5.199773037838993917e-01
-9.439771617268020165e-01
-9.279298915099762901e-01
-1.939354203574638336e-01
5.616572122465335326e-01
7.781179083879548042e-01
-1.866486366125166829e-01
1.721112450698825125e-01
-1.143440697664059869e+00
2.673173914135512086e-01
-3.593279238775925477e-01
-1.328884276299821809e-01
4.853538853020493149e-01
-3.112286072148399141e-01
-3.428208502900433330e-01
-1.522661249347794232e-01
-8.491354137096598365e-01
-4.047610935765777462e-03
-6.438285770512479633e-01
7.187260397741782048e-02
1.146017235243219912e-01
-2.591775758869229174e-01
5.163746671749593897e-01
3.809264173593040481e-01
-6.508386060732850309e-01
-1.480019768012090786e-01
2.790640054678525939e-01
3.070098042396900428e-01
4.176331569824822676e-01
-3.533553580147990036e-01
6.065469918143251427e-01
7.114670327638525915e-01
-1.116268400360171109e-01
4.242158598099068367e-01
2.688358491345342882e-01
-5.866474683188350747e-01
-2.564188792208341172e-01
-1.174130768732786656e+00
-4.437152054536622758e-01
4.926834545093573547e-01
7.738529829371342261e-01
-9.327536836205929660e-02
-4.991765873881379711e-01
1.924821019900075647e-01
6.040485432989660675e-01
4.793755944773568922e-01
4.481152241396187397e-01
3.342938468439010657e-02
-3.933837661344550263e-01
-1.027195865284685983e+00
-3.809758414982898911e-01
-1.693112978116410483e+00
-3.802435559634037010e-01
-2.646969283678964335e-01
1.100297443096296540e-01
-1.167787414356339232e-01
2.976429500265255212e-01
-3.598145722546270964e-01
-1.120639399902453981e+00
4.453885140353970873e-01
-2.239978758956706062e-01
-1.156200777380604894e+00
1.324232393789910533e+00
1.217660527144641402e-02
-2.179955103023017426e-01
1.039046009230471412e+00
-2.276731497262157733e-01
-8.843839165107988953e-02
-1.291904677518207922e+00
4.257940747796528091e-01
-6.194228858461571230e-01
6.862307631751941583e-01
5.124104918566924072e-02
1.112259509555445947e+00
9.767753808686857608e-02
5.833127069266645925e-01
-6.090733319228726073e-01
2.178425228036001693e-01
-7.860584242472763439e-01
5.606729162806609601e-01
4.797163630556379732e-01
1.922367691857744532e-01
-5.883819870531423746e-01
-3.790905920870760726e-01
2.262283523636367533e-01
-1.196056831482837368e-01
-8.417256721801721353e-01
3.622947281216493121e-01
-4.546053551550322536e-01
2.154953478406780865e-01
2.078637360790345667e+00
-1.066353088388656278e+00
1.221382854434248516e-01
-3.404398410456337398e-01
1.726944927047042277e+00
-5.466997920097034225e-01
2.484515129522845422e-01
5.652769211012127482e-01
-3.740774441894439972e-01
-5.329829101967881178e-02
-1.250439869196742770e-01
3.711962211149814062e-01
8.323906499969097039e-02
-1.102140522547942064e-01
-6.397120612628821590e-01
4.196702476640409851e-01
5.036227348633920409e-01
4.263891351730997314e-01
5.550406414653883402e-01
-4.551371104238130516e-01
2.333728866783923439e-01
-5.935231512798853082e-01
4.974112117422748169e-01
1.285851436376535428e+00
-1.342357454411688411e-01
3.248014683886170095e-01
-1.667961862184511146e+00
8.291097703705121447e-01
-7.211762819476580377e-01
1.612100203605393578e-01
7.115271523697209721e-01
-8.372437967248060886e-01
-4.608617363286761637e-01
-2.069470166230478747e-01
7.630325316997184082e-01
-1.540252636541051268e-01
-4.785947910086606472e-01
7.678390814509183926e-01
1.295010983079092126e+00
-3.499618284302671301e-01
-7.229996928511528420e-01
-2.032799274599932926e-01
7.409287721936226589e-02
-8.110769289857393538e-01
-6.937976911680787673e-02
9.168761497636778168e-01
-1.801007552091125619e-01
1.368079849550682958e-01
-1.480676936161854806e+00
5.228037619110210699e-01
-2.771251815590709544e-01
5.345998730534438081e-01
-4.622686231357050479e-01
1.031789955308814566e+00
1.038472712111065066e+00
-7.028642785472427601e-01
8.109265693419867027e-01
5.372671760315078648e-01
-2.362160899624665411e-01
-3.238588669179394697e-01
1.500696735087084566e+00
-3.501045346699950822e-01
-1.247831814225222602e-01
-1.327041346104217423e-01
-1.215184542136884815e-01
-7.312618495562007714e-01
-2.950117131120081893e-01
3.930991010959343501e-02
-4.778381215007732052e-01
-1.021362722343835516e+00
-6.159993639224021350e-02
1.284908360013720108e-01
1.581315789321253440e-01
1.010000573378252442e+00
3.333223131057772015e-01
1.691227285013797432e-01
-5.089510454802959050e-01
-4.570498691447884565e-01
-4.262745979934798313e-01
-4.765944201454919704e-01
-5.674158607887340722e-01
-7.099902694441756479e-02
-8.360476893348924021e-02
-5.074273580906500936e-01
-1.004017559092616363e+00
-1.029882607099526226e-01
-2.542292929872507767e-01
-4.680778455891002610e-01
1.344996413719941719e+00
2.319840253138157893e-01
2.569748288383033596e-02
2.174436825484771241e-01
-5.905320179442355433e-02
2.920751658838390830e-01
2.970558543664376105e-01
-6.101579057320977162e-02
-8.558609415058713310e-01
1.417955757723305954e+00
-5.029396799576410504e-02
-1.986157969370732912e-01
-1.551048200496723539e-01
-4.374347804152431962e-01
9.341558855171328002e-01
-1.383402615279030745e-01
-2.340851019137167588e-02
3.217696415386414044e-01
-9.874779418557074750e-01
2.880041944929370157e-01
2.610710600214335431e-01
-2.477783941706474813e-01
-4.079777707812107801e-01
-2.557695154888957600e-01
-7.533003292648496885e-01
3.623498536375395762e-01
-6.416874280498525707e-01
-3.982231304038195696e-01
2.433675209478802781e-01
-4.868149936978408143e-01
1.030251805186384317e-01
2.637086994955958885e-01
2.715540451184716986e-04
-1.189704504768037269e-01
-4.029799769131522380e-01
2.286654662633061386e-02
3.865899252027981542e-02
-8.918641464372172312e-01
4.068293647243982347e-01
-9.208775940934315063e-01
-2.762528389269610085e-01
5.545952025607732150e-01
4.533086283197626520e-01
2.981744640962741277e-01
3.826794820135864250e-01
5.693117207901161603e-01
-1.207947371319923136e+00
-7.556018052841193544e-01
-1.695543941666574073e-01
-1.578018972712207924e-01
-6.205798030372799978e-02
-3.560363161423730771e-01
-2.247733081650330755e-01
5.511735659755683248e-01
-1.130375466895757741e+00
5.524444632261635846e-01
-6.501175049414870122e-01
1.176197804007512449e-01
8.263150915403292274e-01
1.284312870440222465e+00
2.064555017082719268e-01
8.878681625360995699e-02
-2.869991234351996767e-01
6.097309770958981856e-01
1.345474262116666542e-01
-4.020870760056359794e-01
5.939472845638098519e-01
-6.858632198642855560e-01
8.755425632831528304e-01
1.653454014135705141e-02
7.969411418632874056e-02
4.187767759406885171e-01
4.628486946271159752e-03
3.372670672057440644e-01
7.235027292151107181e-01
-1.018076486125681690e+00
4.241488152044264326e-01
-6.268768709483232282e-01
8.133835247452303463e-02
-4.782252587462958865e-02
-7.249916494466122074e-01
-7.257261877879044309e-01
5.715075512728842178e-01
5.590077988518056262e-01
-1.694197944761530461e-01
6.922693813555882980e-02
-1.671175293722785282e-01
7.993097796610377781e-01
-3.527399386311362295e-01
3.592305159444875717e-01
-4.292963284179137640e-01
1.759666654181488155e-01
2.561728582827544898e-01
1.697469996781720836e-01
-2.201026695643043540e-01
-1.517156876223122453e+00
4.992262439273807417e-01
9.249557500448373215e-01
8.637086433986826961e-01
-1.011726605435986359e-02
1.849019830582467327e-01
2.137122282914865612e-01
4.028892907386269484e-02
3.843529073130538265e-01
5.397789588719462683e-01
-1.074294639369668403e+00
1.191103522260029246e+00
1.408962336818834760e-01
-2.809523522855918443e-01
8.874901860427701905e-01
1.951771047162089712e-01
-8.398019564188277108e-01
-3.456160262457290688e-01
-3.126407579330819919e-02
-3.912675710872541845e-01
7.557481791387148373e-01
1.487600808463475366e-01
1.000753147451750369e+00
9.430454957205111066e-01
-7.962811879496700662e-02
8.188507096868142821e-01
-6.150330224473893326e-01
-1.110738155650320413e+00
1.460472623089913158e-01
-3.018860825104228152e-01
-8.589212875255248791e-01
1.826741084750934940e-01
-6.779861650188645505e-01
8.305556499273207827e-01
-2.779153158631027520e-01
9.495524916905954127e-01
5.238701616784541271e-02
2.842771726295381107e-01
8.613229282463811254e-01
5.738369144655879328e-01
4.337165906169412888e-02
-1.271930108039944773e-01
-1.420227766399070779e+00
-1.230192930371593718e+00
-6.252586731877510795e-01
8.561910258491113312e-01
1.189082047756833127e+00
1.695758294478314221e-01
1.921337572267174387e-01
4.117263470864320762e-01
-1.504219413989171250e-01
-1.315042818675683511e-01
6.185207264153566031e-01
6.905104741756897813e-01
4.915991342336357983e-02
3.640249787446196983e-01
4.330203309636174724e-01
-6.811213664319991645e-01
-5.097477813412665260e-01
4.503007616468538421e-01
-4.926025925129850491e-01
4.142139337759508377e-01
5.556087190477789761e-01
4.959596086791837610e-01
-7.988107016066485766e-01
2.639673418308571273e-01
-4.752331611268983957e-01
3.648917495290195934e-01
5.747525129037750480e-02
2.556112369189474098e-02
-1.381044033046212594e+00
-6.269342332888240277e-01
-4.791165129783494514e-01
2.355237491061785704e-01
-6.762491279888120932e-01
-7.471185487661145819e-02
-1.882534545352509969e-02
-5.480687597670382827e-01
-9.333599815390514198e-02
-6.787421196499041076e-03
-5.633041269545434604e-01
-7.140257093408378664e-01
-9.023023080451137989e-01
-2.354124889038570478e-01
-8.879491528414363843e-01
-7.060952656656671600e-02
5.874046209833093668e-01
-8.922981313335331954e-01
7.493032536536492483e-01
1.540955488075280155e-01
-3.545470509362032563e-01
9.641507528593726839e-01
-1.724577186432970088e-01
-6.995798458010018539e-01
-2.312765689244507539e-01
1.105030149739569950e-02
2.112041263126491208e-01
-4.926048501986967088e-01
-6.230303010175650691e-01
4.830571305440474195e-01
7.688529696645997336e-02
5.453455071297310663e-01
-5.894532212203209554e-01
1.025470537832407825e+00
-8.802506467847974470e-02
1.779029151478578041e-01
3.115653937595214140e-01
7.958312297084727538e-01
4.937604927850686165e-01
-8.826947663048863024e-01
6.019011383660062275e-01
3.304619032202857909e-01
-1.022875308687363871e+00
1.616283494150949074e-01
-3.553966485303199918e-01
2.406965768783441151e-01
-1.221967882262934568e-01
-1.316900123525154509e+00
1.218048323959836976e+00
-5.970493072067813156e-02
-6.288261060428614879e-01
-4.653608959195946193e-01
-3.074644266168181234e-02
-4.592290019630405062e-01
-8.289501831684752409e-01
2.542659338796821045e-02
2.268532551769753547e-01
-6.566966319073370695e-01
2.283762684714486235e-01
-4.346194407155432038e-01
1.599375434591703282e-01
9.738441785506886383e-02
5.364888282078235093e-01
8.625379226370694097e-01
3.408461129486269336e-01
-2.224565958989005443e-01
-6.150196205345135336e-01
8.069980236353559988e-01
2.642532667188822737e-01
-1.160157038924424927e-01
-3.873049621990639624e-01
-8.668696867435352615e-01
-5.554573057493183974e-02
-8.016039789668817361e-01
1.351861169542907692e+00
-1.555092163406657235e-04
4.469994276492975649e-01
2.854318479882184123e-01
-1.875880100654059857e-01
2.140011522741772643e-01
-7.864744851656266800e-01
-3.563670100030425503e-01
5.112143695256610165e-01
1.214183517225615183e-01
1.287684991696593784e-01
-4.651077380387948490e-01
-6.194350052751267377e-01
-4.015211435907554693e-01
-7.203937901646787489e-01
-1.633705610901758920e-03
-5.456175080779569475e-01
1.588089010224427722e-01
-1.217210379509541474e+00
-8.647641391142137923e-01
-4.110600544720729443e-01
-1.176903581001972565e+00
-1.524180488357541607e+00
-6.327759824306580239e-01
3.220294719396936123e-01
5.129869874432295695e-01
-1.200098129991034934e+00
-3.662730400516210350e-01
-7.864425297429882278e-01
3.049324980034223698e-02
8.069841419100365343e-02
-4.062949236728892188e-01
5.256999840146127090e-01
-1.115251807957690355e-01
-4.646785868066068415e-01
1.513398964491970700e-01
-5.519088348398063504e-01
-1.946098317129580368e-01
-7.779162341103884604e-01
1.002360144270289521e-01
-6.339909031847813514e-01
5.907441846636797278e-01
3.592818605748536731e-01
-5.951171735616458403e-01
-2.300358446145416846e-01
-5.805948980646787883e-01
1.772264573643081709e-01
1.816375030608035068e-01
9.071674873721586874e-01
-1.479847974907186670e+00
5.172953930582204762e-01
7.659465398128346980e-02
1.417193937170943885e+00
1.516094960418626014e+00
5.286977447646640238e-01
9.451095927904664684e-01
-1.967312750573295410e-01
-2.369135127386155781e-02
-1.252692630880057889e-01
5.176338731377584379e-01
3.720158628627810715e-02
3.634832680885519141e-02
4.847151970727449077e-01
-2.625761565974223388e-01
4.109275621822994218e-02
5.294197053854302615e-01
1.045906660876840810e+00
1.222979222997767346e-01
6.192219150766331559e-02
3.074344783751639665e-02
-5.795210470022316152e-01
-8.953676735109521445e-01
8.962587079895205644e-01
-4.104430210106062571e-01
-9.611753892924306264e-01
4.276241619073842259e-01
7.904880099323102760e-02
-1.688049251516717253e-01
1.345575045291610983e-01
-3.029968905513023558e-01
3.485505827613940566e-01
6.641033347533236153e-01
1.551315604470370202e-01
5.336306206975447441e-01
3.304894779526235116e-01
-1.500070832763167883e-01
-5.060221687953901926e-01
-5.972297960884088708e-01
-3.990967488133114194e-01
-1.032900113908333806e+00
-3.388711330923342424e-01
2.768108435775393783e-01
1.842509996214253820e-01
1.402790764083082231e-01
-1.264777011904994752e-01
-3.512188066792018559e-02
7.463741667394386825e-01
-2.753164551656009928e-01
-1.003577680627908836e-01
1.125939627633403273e+00
-8.373587164630191815e-01
2.316345420901919083e-01
-6.636877982062659997e-01
-2.919450882022650018e-01
6.232674854300780387e-01
5.449067468898726174e-01
5.532361445942782924e-02
-5.348512490893951865e-01
1.722259896998454831e-01
-5.538113197956437972e-01
1.152321452755194819e+00
9.112851222440022936e-03
1.157874497812930170e-01
-3.777709928657915772e-01
3.907408584867672063e-02
5.715548320205101618e-01
-1.870869937311551157e-01
4.829560542908791776e-01
-1.093411109292539707e-01
3.194690163420066398e-02
4.868994309242157259e-01
1.482166433543192552e+00
7.371004193246692981e-01
-9.275123561916083226e-01
-1.477764446095065909e-01
-2.436637478352069452e-01
-7.557105307029109431e-01
3.231898766169062354e-01
-1.436393490289381569e-01
4.296541703434245685e-01
1.739440082512642149e-01
-5.062210058249511091e-02
-6.367236426522452364e-01
-6.462983570865714622e-01
-5.071276247522585878e-01
-5.038760807765031435e-01
1.469273658816746542e-01
6.059694274127009894e-01
-7.239539714962635042e-01
-5.261012387445942462e-01
2.554026829936477117e-01
-7.913494412621505658e-01
-1.136941518243384408e+00
1.075215278675646813e+00
-5.586432882222092111e-01
1.184377649889238882e-01
3.443173336971583343e-02
5.192959371658287804e-01
-3.647252039185037709e-01
6.591097117858283339e-01
1.207643267211583604e-01
-8.576103815373755657e-01
-3.775117567799485263e-01
1.210342355093260824e+00
-1.823404464110457979e-01
3.004824394906545348e-02
-8.148717973181274915e-03
1.623124182855510134e-01
5.330894552232320338e-01
-4.927148632411423312e-01
-4.916843245765745163e-01
9.477569003317338758e-01
-3.326248533987449796e-01
-4.870561810914520451e-01
-4.877624037364044485e-01
-2.180161537427222074e-02
-5.672128066598461915e-01
-1.265149600594828394e+00
-6.986085115632147957e-01
4.730727129898211203e-01
1.191174115183504689e+00
2.198952433328221212e-01
8.310992742569814906e-01
6.809576839739291954e-01
-3.776818571053940088e-02
5.027732490812836241e-01
-7.212015800691427003e-01
-4.934889194333325069e-02
1.403871793565307780e+00
-9.799406881228934774e-01
-1.363163604415426611e-01
-4.902524604829200383e-01
1.121838658504766162e+00
-1.025590076139600848e-01
2.111372973284642018e-01
8.647702596171989997e-01
-1.617891007175778495e-02
2.369165720272194409e-01
-2.888042162423954951e-01
-3.914761266042194876e-01
-6.129036535310208311e-01
3.371855641746985821e-01
-8.542365706267762704e-01
8.542076981263235780e-02
4.550316627443034001e-01
-8.017652999191287044e-01
3.309275841132320872e-01
-4.311488530358303928e-01
4.972517906590551151e-01
4.085796488538264715e-01
6.732161248411210330e-01
2.990124008732120142e-02
-4.884347838153306753e-01
-6.618434049228949512e-02
-3.328728626769061893e-01
-6.402776546268923452e-01
1.131064952781045463e+00
-4.758503994371405810e-01
1.467048645758043390e-01
-3.511783739222268386e-01
-4.093119855524107731e-01
-7.199743363847660449e-02
-3.350132955573565385e-01
4.882355953654337610e-01
5.023181092457917885e-02
-5.193103364266180577e-01
1.181343531152837745e+00
-5.368568444952781515e-01
1.762792300521478506e+00
8.504987683633769002e-01
4.437119002330358608e-01
-2.515923846366042715e-01
-3.518935196153429312e-01
2.212507940431053810e-01
-4.567207513482322567e-01
8.712837909195894071e-01
-1.726363927643568830e-01
-2.244463983215311265e-01
8.066676129583252308e-01
3.633292984228632116e-01
3.260093973983196336e-01
2.061307160621622114e-01
1.329789233178317653e+00
-3.425209216357659736e-01
-2.591881414461006949e-01
8.941947589239429561e-01
-9.397709815683963352e-01
5.529892368952373793e-01
-1.507107526216792948e-02
6.479216798422005041e-01
1.113143339024785655e-01
1.812635522497733076e-01
-9.087205875329745774e-01
1.969544541419676609e-01
7.591966219181934816e-01
-3.970743204965679340e-01
-9.511664690967462921e-01
1.102017933734917632e+00
-4.053867478049355544e-01
-5.204432550211712805e-01
-9.757961945151134853e-02
-1.600637131153114789e-01
-1.207665651588978595e-01
-3.000009162544926000e-01
6.477902732583388223e-01
1.278785498314172209e-03
-5.735685072658477379e-01
-1.167753380105793770e-01
-5.772259211816699320e-01
6.775131910355294829e-03
1.191215744368342433e+00
6.880516078761410304e-02
5.805754728419200150e-01
-1.007402872732941379e+00
6.282465335128273320e-03
2.709952548622480140e-01
2.916986072909444339e-01
-4.988213724563850260e-01
1.042358853428111409e-01
2.330381982947656860e-01
4.454950965195678680e-01
5.423988786288796993e-01
3.784800111186819582e-01
-7.096096151928297235e-01
4.328908912019626132e-01
-3.554384949097008639e-02
6.599693304992324538e-01
-3.650427126913559084e-01
-7.734220151623645290e-01
-5.621442346270086321e-02
8.326038486463620547e-01
-2.010343144977560781e-01
-9.207793950633318403e-01
7.820384168833258154e-02
5.194327613494286178e-01
-7.448782517068505693e-02
-1.003695438543146246e+00
-4.931446408497677236e-01
3.878218637397590207e-01
5.555291726527435969e-01
-2.693630929947211650e-01
5.319507302054951037e-01
-5.603975008146329095e-01
7.446576339816491918e-01
5.416704032203762953e-01
6.690735566489247610e-01
2.931776692520962624e-01
7.588053922339670354e-01
4.197340020927949888e-01
7.656285435619152313e-01
2.959768171956230209e-01
1.927383108522140454e-02
8.528309102678268694e-01
6.069350544092846356e-01
1.185955823722244062e+00
-5.475785333044911329e-01
3.462837091703111492e-01
-4.030799108047914969e-01
-4.425074083127164548e-02
9.848798992702759159e-02
-2.506323517790050026e-01
-1.245334873065308656e+00
-4.291266843560526123e-02
1.033291543147466740e+00
3.876103333315507604e-01
5.283056142605792038e-01
-2.787383419630654058e-01
2.400495395653363395e-01
-9.284696306879096639e-01
9.150015168244521879e-01
-2.014785932111369804e-01
-5.988671221842967185e-02
4.710258772587171405e-01
-5.762881173624337383e-02
-2.952260569201831109e-01
1.632162227220351480e-01
1.192816418742596585e-01
-1.761922806313714895e-02
4.244215382070180009e-01
6.375256992124456179e-01
-4.379854850821007228e-01
8.362208202071219620e-01
-4.913009264996958669e-01
-8.399647209457680175e-01
-6.565667178912018009e-01
-3.276009290705687027e-01
4.879372916737279020e-02
3.650308074036247019e-01
3.998841890752701800e-01
2.252640606674224943e-02
4.824013949667902423e-01
-1.177065069832022304e-01
-2.454906317022465256e-01
-2.753408464238393805e-02
-8.406860387445139193e-02
-8.316572019752792311e-02
-4.560805842216848482e-01
-3.939313713239067094e-01
-1.266898279301821306e-01
2.290939594502261478e-01
4.697268425403938741e-01
-9.010859484194460034e-01
-7.992354363542544249e-01
1.639562940149519865e-01
-2.425864141878172897e-01
-7.856543486887437311e-01
-4.961368462646318922e-01
-6.613206457927747195e-01
3.935272418691510010e-02
-1.613478963788175791e-01
-4.601120295911354519e-01
-1.030743153654893607e-01
5.270889852166309453e-01
-8.791485563577610129e-01
8.747316561256991418e-01
-2.391668700182784588e-02
1.875421060478301705e+00
-7.833511704073423676e-01
1.279859894564458200e-01
-9.211216488828934124e-02
4.687060055080427556e-01
-6.682407414003652679e-01
-1.001193620819998825e-01
7.859685383065244391e-02
-1.457997825905799072e-02
5.404141794699410251e-02
4.625281065087898935e-01
-8.829987618384979586e-02
1.036102416353590350e-02
8.686011451050248411e-01
1.212421491641476390e+00
-2.511816811869103105e-01
7.350742992289565070e-01
-4.580812718920295179e-01
-5.308210511965315570e-01
-5.646813664727623472e-01
1.784283086440071331e-01
8.604138406182066934e-01
-8.950938335746503327e-01
-1.974748906464655895e-01
-4.956540264837775434e-01
-9.971415468970596940e-01
1.821424786967492659e-01
4.610943694789036984e-01
1.735775276155065994e-02
-6.393127617166107779e-01
-6.110106219296880248e-01
5.311155994297970251e-01
-3.063062510905374958e-01
-1.260480037533859288e-01
-1.236551947288817122e+00
1.199964167788964142e-01
8.733290317460435936e-01
-5.571389126215896548e-01
1.218528004953255195e+00
1.335075210374827570e-01
-6.070543804818635536e-01
3.163154391072876548e-01
-3.886553116556212828e-01
-5.338820626575896400e-01
8.666449614614361863e-02
-4.881968044912805560e-01
6.261599757762181806e-01
-3.232561649548577609e-01
5.587960237294206101e-01
-1.513132018645420296e-01
-8.229190547974091219e-01
-1.709468860763960762e-01
-8.938688205529521369e-01
8.572101100640538984e-01
6.616302074328495042e-01
3.439606727837987016e-02
5.424374694255994500e-01
-1.189549214502624075e+00
-1.184386305133883766e-01
-9.311010244343351783e-01
1.053085850766156462e+00
-1.598002450736404345e-01
-5.330961475948637895e-01
-7.440975439891300836e-01
1.383463115253507347e-01
-1.765997485822456414e-01
-5.857738348851927457e-01
-1.298423101292592419e+00
-7.935728971712194824e-01
1.096257813045783625e+00
4.047669514730516394e-01
7.421414729801356636e-01
6.516400391884527021e-01
-3.664796807780383303e-01
-9.135781779259127822e-01
5.732119276109195471e-01
-3.297048899847189740e-01
2.353040005909997623e-01
-1.505228926072323115e-01
7.743838671133385088e-01
9.634261576720919429e-01
-6.145858919388449415e-01
2.187493700154319320e-01
-1.259529314966692515e-01
-3.970593169526948074e-02
6.116662016511414945e-01
1.014318286662539759e+00
5.671035421671538623e-01
3.210143078394626093e-01
3.789065610063030443e-01
-9.762684671232361999e-02
1.814349435672860111e-01
-2.654341961131765348e-01
1.241805518470348590e-04
-1.440489754499053809e+00
-6.771847665127392890e-01
3.955116644336340026e-01
-4.990764094195960787e-01
6.090796075472504345e-01
-8.674170344867526694e-02
-4.502052303294129532e-01
-3.633130722191322270e-01
8.290919711972769002e-02
-2.937759566259177668e-01
5.789163583204461894e-01
1.622714954649212560e-02
-7.617040642094536906e-01
1.813594578010302438e-02
-3.217937335928691134e-01
-3.523823364182713247e-01
-7.580796142464682474e-02
-3.712040882864646729e-01
-8.280194366514256332e-01
-1.169643284725254695e-01
7.950707829700109919e-01
3.339621618149108406e-01
-1.594572419348130321e+00
-1.100745288759016477e-01
6.741629885994537830e-01
-5.762152319845619264e-01
5.990981729474442741e-01
7.262574713623813905e-01
1.126219357313293923e+00
-5.127724394892221871e-02
5.129314659112138575e-01
1.563255589792969247e-01
7.361262788872522389e-01
6.115162217442355885e-01
2.310488621768025386e-03
1.063300270426123184e+00
-1.148530735497816924e+00
-2.523291019490998544e-01
4.350654354175026439e-02
2.219527057654351598e-01
-3.714892982039668667e-01
-9.274852977146318400e-01
5.451432854466466971e-01
4.133854345285487009e-02
-1.437507843982189538e-02
1.302735905597004251e+00
4.827427889300817676e-01
-3.089158566472159917e-01
2.308875486986122078e-02
1.625666464186831250e-02
1.534088953104572883e-01
-5.607225516598289827e-01
-2.424876245282594212e-01
-3.285760439368416996e-01
-2.920340101332956073e-01
-4.302829554671004919e-01
-4.269645493234031641e-01
-1.569868565176705533e-01
7.002620197106131095e-02
-2.775557555661539721e-01
-4.352255654935031637e-01
-7.460547955213059357e-01
1.532998993486519024e-01
-2.016217047415531927e-01
3.559082766720158553e-01
-1.489242525839738762e-01
-6.082068964216084117e-01
2.856170536590873499e-01
-2.419979988944848115e-01
-9.278160039991283359e-01
1.533822195756296525e+00
-1.520955171637927150e-01
3.690585125992957294e-01
5.428910489095162273e-01
1.887202789306191841e-01
-4.982067941116887777e-01
1.040851419470664396e+00
3.504127011807101066e-01
1.861452535162283484e-01
4.709378196864899557e-01
-2.686133095925525849e-01
1.163407732363312297e+00
5.031947534469738414e-02
-7.646952071717612043e-01
-3.396624827905005417e-01
8.078780911960932176e-01
1.469875374320570582e-01
-2.580693753821500236e-01
-4.896683001329187324e-01
1.557245917564096249e-01
-3.299621484705154151e-01
8.937903741966258808e-01
-2.497010734705868429e-01
5.069391177177131613e-01
-5.882648778483324792e-01
3.197650813464066322e-01
-2.180381777093513551e-01
1.199996959177525024e+00
-2.591158560986473458e-01
-3.396889625702654847e-01
3.904500522226611592e-01
7.645277190622108421e-01
7.141632509774199500e-01
-7.991164037189862901e-02
2.815361672491873968e-01
-2.490767005642778309e-01
-5.023186829971204581e-01
-6.219652816823215691e-01
-9.228924148072584766e-01
-5.482187325307043002e-01
-8.826205781045850518e-01
5.194025006290305946e-01
3.932849556134854208e-01
3.950678477264382704e-02
9.697843528337459773e-01
-1.029029313943462309e+00
5.550174622421139015e-02
2.866836462831158783e-01
-2.545875113226325759e-01
5.489739545755630834e-01
1.186505457611534836e-01
-1.168018893417015758e-01
-7.322791559129139261e-01
-1.635723197091915326e-01
9.742600074351445150e-01
-7.406464009826703165e-01
-2.944079449201546517e-01
2.825870977670985607e-01
5.083915380031462927e-01
-5.677323681323580284e-02
-8.255163875181819044e-01
3.929091971928811988e-01
7.651666779076968239e-02
-2.011554100092718400e-01
8.246848019024185517e-01
-3.112691049619337735e-01
-1.872742591766169973e-01
-2.471931894296413579e-01
-8.325194605740778853e-01
3.692121914044925457e-02
8.849605562590217023e-01
-2.874414238079985306e-01
6.472050887551278331e-01
-5.534843372085858082e-01
9.250564769433812506e-02
1.004417454764480744e-01
3.721258060576094207e-01
1.008377624280830442e+00
8.974596926981195377e-01
-1.065447116131388317e+00
-8.093125287336235818e-01
-3.315006911211714202e-01
-1.729515709515143662e+00
-8.747318368619303453e-01
8.628126011918050287e-01
4.998080130219413886e-01
1.965121374917094266e-01
-3.523893004894316783e-01
2.552320129412388727e-02
-1.218854101589705308e-01
6.162663446956080371e-01
-2.886304266149658515e-02
4.633300817141755013e-01
1.290178067619798252e-01
-9.121220619912520089e-01
-3.793179203073934191e-01
1.581519525698421802e+00
-1.867979468679041299e-01
-8.824400539972364621e-01
-4.161886797067084753e-01
1.448761440992684113e-01
-2.321016964462364607e-01
2.091560754374794939e-01
-1.912402053079519382e-01
-1.052154574564720502e+00
4.628183173528096495e-01
6.521029266068844032e-01
1.185262231077822137e-01
-4.225417672240994182e-02
2.887184196912038758e-01
-1.061897400115544787e+00
8.969885233902178401e-01
-2.927120875462462246e-01
8.992093383785204619e-03
-1.433534177084619388e-01
-6.206516586250719891e-01
1.993948465436545803e-02
-4.653942701708346785e-01
-2.986515412380640888e-01
-3.067759117762972609e-01
-4.001609307475513799e-01
2.448163667321038295e-01
-2.124414926127198289e-01
7.844195266479299100e-01
-8.795818326000901521e-01
-1.744102474915965595e-01
-1.368435455382838395e+00
-8.894087133435579773e-01
3.275505592281923728e-01
4.723456899296909484e-01
3.355824337389816669e-01
-4.517833479680512521e-01
-3.962040549135514844e-02
-4.359901188006651829e-01
-5.570296267396368517e-01
-3.004034854471537286e-01
-5.711454106195770208e-01
5.161519976441042434e-01
-9.068301516648757943e-01
2.947111687361164689e-01
-7.678701126689100320e-01
-1.855826526202451143e+00
-4.372585144998339390e-01
-9.257257363250608329e-01
3.583682683894199306e-01
2.717326807096044905e-01
4.149291918081287056e-01
-6.691598110535753596e-01
-5.430367675919450798e-01
-3.606945176553345567e-01
-1.237789572738976940e+00
8.334265852079476566e-01
-1.283579403977218369e+00
-1.636229653073144052e-01
2.978435122780446198e-01
3.490864071447153938e-01
1.018621032049749492e-01
9.943276294908787172e-01
5.438717254831894332e-02
1.141039987446954285e-01
-7.363596392280660763e-02
-1.290435628961542625e+00
7.046364406614380460e-02
8.554277812172151885e-01
-6.742892948915562013e-01
4.901675342951830050e-01
-3.181910447546352216e-01
8.277666588317975638e-01
-5.093850733682638854e-01
-1.450871013805784315e+00
-4.796565736578678463e-02
-1.356365216598042434e+00
3.010747777637686751e-01
-9.895806421727453284e-01
-9.971360355791565599e-02
1.202561732295591490e+00
3.891170138131433420e-01
-9.870578112296285456e-02
6.498097540002638617e-01
4.818392545677562810e-01
1.836368831789393918e-01
-1.771604971775249671e-01
2.343373304353861819e-01
-5.268638817932055352e-01
-1.204704042157425325e+00
-7.311535206906505380e-02
-4.639748359558301116e-01
5.829770612997997592e-01
-3.549283154184562639e-02
2.282440493321639952e-01
1.919979797166999624e+00
2.398411301895080894e-01
-5.940491982147312333e-01
-4.759725742406669124e-01
-2.224002524370442269e-01
5.565579814278143189e-01
3.626996175919342535e-01
2.816560732083489560e-02
4.314457278405417484e-01
5.980416789786994203e-01
-8.801357897772317251e-01
-2.893489418250920764e-01
-2.648730776793059571e-01
-9.531301304457330259e-01
3.434107778005672795e-01
3.957449310722245539e-02
8.328202047775775663e-01
-2.011930657063670802e-01
1.273370471723304920e-01
7.947939483246345693e-01
-1.401204870650259726e-01
-7.276162706008446612e-01
4.131858373992035594e-01
7.546401989878002148e-01
-3.904755483085815548e-01
-3.817198406555663559e-01
6.339698466894360118e-01
-2.009475708870830657e-01
-4.239671132441168444e-01
-3.470596563883260322e-01
1.745583707401193729e-01
-1.278627354680601069e+00
-4.485845331758924193e-01
-5.651743578803510859e-01
4.341426235146139678e-01
1.160408822488627978e+00
2.860226870071922445e-01
-3.226485474854345892e-02
4.860033078243647386e-02
1.006571934103308585e-01
2.948491349880563162e-01
6.611981339788750578e-01
2.063501563491894619e-01
2.628546444086294898e-01
-3.676143599487136093e-02
-1.243384346977063126e+00
-4.157352767644769687e-01
-2.918851666776697829e-01
-3.886969971740780738e-02
-4.564781299379386259e-01
3.945669227505356202e-01
-3.542099318113049455e-01
-5.444888997758885463e-01
1.492485309691505557e-01
-5.685384474987744685e-01
-8.786125251095577848e-01
-4.391609816789231457e-01
1.114241080739621026e+00
-1.114994306792227885e+00
2.935353755897257555e-01
-1.826468144910863289e-01
5.130970052690584371e-01
-8.712813993851504790e-01
-1.541390846671103709e+00
4.582547838335552792e-01
-9.851081764533076157e-01
2.239552696292880785e-01
2.746350886770280164e-01
3.878089271797891535e-01
1.083267999715723517e+00
6.467708876752186198e-01
2.857899322520672802e-01
-5.834285608022807823e-01
-3.491119705617876101e-02
4.300536714303065389e-01
6.102070196635014376e-01
1.161114129140621704e-01
-4.920097047733094087e-01
2.019899590788978017e-01
-1.168577402474135551e+00
2.024806391466660860e-01
-7.280950350486716793e-01
1.481997987736088263e+00
-4.677660882869883463e-01
1.634315806086650558e-01
-7.244907137429468236e-01
-1.208337438021991478e-01
-6.668506290257112390e-01
-1.192551466534517574e-01
-1.050890376728480513e+00
4.467350889821924964e-01
-2.896406950619259124e-01
-1.985042189930584233e-01
-4.727688635062071709e-01
7.649784925117202317e-01
-9.805180577515786311e-01
-2.501220742993694457e-01
-4.832425572710405404e-01
-1.837905666761842083e-01
-1.306321956257153194e-02
8.430507992978359955e-01
5.875710707350403905e-02
-4.764225805213589959e-01
-9.388011368692172898e-01
-4.475745712103148533e-01
-1.141634697149117722e-01
-3.799757738844492527e-01
2.033639098768064701e-01
9.340337075925750909e-01
-3.472153844255508326e-01
-6.849794426541137848e-02
6.019622767684811027e-02
-4.674109869293947145e-02
7.471835303355250923e-02
9.647635353746308873e-02
8.776607857516180444e-02
-1.463009477709161232e-01
-9.573922449827941827e-01
3.999810566122943278e-01
4.481083926531480022e-01
-5.146182817822119171e-01
-1.011869759125711754e+00
-1.145743476575804415e-01
-7.839274128311990442e-01
3.587400973429771267e-01
-4.924733998825739922e-01
-2.183600041615089138e-01
5.223737317271011094e-01
-8.417717596566596239e-01
-9.458978991083020205e-01
2.040668547737853333e-01
7.665953792473061412e-01
-3.027098545100613824e-01
-5.726410862246387179e-01
-5.307513294352480537e-01
-2.592389862725689165e-01
3.094508884155621198e-01
2.607369281205051403e-01
-1.095448539788892894e+00
-1.165765095594428757e+00
4.898252601237278459e-01
2.986748062204582777e-01
-1.542914287008696206e-01
3.161595591271829098e-02
-9.914284296714179767e-01
4.895414501078924063e-01
-5.481458469333770900e-01
-1.776292942137535913e-01
7.828640531812807168e-01
5.786999409370464642e-01
-3.570265883411441465e-01
1.584003501708120543e-01
2.324567342216495858e-01
4.489589680921597381e-01
4.367870219536943432e-01
-4.278172214035079191e-01
-1.566843364154464346e-01
1.200655919265469329e+00
7.852172905620452559e-02
-1.940109377795255496e-01
-4.472681950109197446e-01
3.187808234903225513e-01
-3.108280631477509659e-01
4.319137969293477819e-01
1.156379721583138176e+00
-7.496405798107473872e-01
-4.702188503990479829e-01
4.473345793716052010e-02
-6.284359069532039488e-01
-8.265614577797403273e-01
-8.170187915200491924e-01
-4.958102671345649970e-01
2.476015477771656703e-01
4.525922310831481665e-01
-1.242881531467243672e-02
-4.875919742164966930e-01
3.702987499832643414e-01
1.030275262783874268e+00
-1.261797042955773995e-01
-6.548301396724320877e-01
-4.121755140193553157e-01
-1.187325094834310812e+00
6.487931737255682174e-01
-1.482049514673745350e+00
-7.415914602257189792e-01
-9.967230701199393250e-01
-7.922353736029391635e-01
-4.031328984549478744e-01
-9.790140231619611777e-01
5.317978375347159892e-02
2.002484206328355443e-01
-1.561693194713772159e-01
1.722585206028157401e-01
2.681621890037576006e-01
-8.640612554297386616e-01
2.892912761609890415e-01
-7.199939739189126220e-02
6.170903507043135061e-01
1.531957490620476370e-01
2.651941566813268980e-01
6.641536968397827173e-04
-8.460602816393507641e-01
5.294740040052380303e-01
1.094716697525846882e+00
5.582516035763783746e-01
2.049315258094397754e-02
-1.222081352177078195e-01
-6.192583319316025126e-01
8.265907601239612656e-01
3.810590913868984742e-01
4.221587559663536604e-02
-7.388321417687456760e-01
7.088787140372309059e-01
-5.439409542248889728e-01
3.659514139795221332e-01
-6.260667504042155551e-01
-5.466998134120055752e-01
7.400762190854557332e-01
3.762289342727469510e-01
1.501778480686323469e+00
2.039090910330121076e-01
9.413838946270945973e-01
-1.120574668195831514e+00
6.715226853213300817e-01
5.905932961782250912e-01
1.773552342296659812e-01
-5.017607998455692053e-01
-2.820945445482092584e-01
1.132965236653287633e+00
2.189232204781754731e-02
7.509938401348803527e-01
-9.564300780497250742e-02
-4.578242118871005822e-02
-4.809373047622832464e-01
1.161011779632549756e-01
7.705086202427488540e-02
-9.035072422045613560e-01
8.466839384089973608e-01
-1.154055455016399945e+00
-7.430504088502126736e-04
8.834066608313499991e-01
-4.583943631921756912e-01
-1.390435844072351323e-01
5.571423384488313202e-01
8.603493732523270765e-02
5.224363895919568318e-02
1.059292868728294090e+00
6.993972622976009079e-01
-5.571776547427070153e-02
8.140497148261847116e-01
-3.997451381979575391e-01
-1.052450562991521510e-01
-7.043534918603896466e-01
-2.981234288053472570e-01
1.738861727846908733e-01
-8.606314219587515302e-01
5.960122057914059024e-01
4.899537342323370126e-01
1.209470520430680485e-02
-8.110075613420184570e-01
-5.812933666623014695e-01
-4.507015240094831565e-01
6.616390252640538261e-01
-1.605873528871967770e-02
3.240105122676193439e-01
7.513567168307797584e-01
-1.087435625615411350e-01
-5.883321835841119896e-01
4.715143707832403219e-01
-1.153273144967296576e-01
-6.166131232159255404e-01
1.227145844326600066e-01
3.804023728257564518e-01
3.157588396559210531e-01
4.394320707211457622e-01
-3.773036038101971745e-01
-3.282105723140559261e-01
2.755140158281874641e-01
1.197382828141745625e-01
-7.587261460985688100e-01
6.269441181858550483e-01
-4.095346757477320854e-02
-5.934570972832973190e-01
8.932055487570055019e-02
-5.059470342434654322e-01
-2.823494264209318594e-01
-5.957738052715129129e-01
2.225816790267531875e-02
-3.216737460623474432e-01
6.736900014315190255e-01
-8.531239326550890123e-01
2.558639710413250223e-01
-1.267849720761510812e-01
-1.180536433886115177e-01
6.799578747316776806e-01
-1.193560576609293378e+00
-1.093948393310502643e-01
5.718316886514762665e-02
5.499537006389790816e-01
-2.338495177944904801e-02
-5.596131047955031912e-01
3.723152434196635996e-02
8.071587293423787557e-01
-7.644871330594014136e-01
-7.438510549124397464e-01
-7.353867655891870303e-01
7.914792374933327102e-01
-6.712031074115932805e-01
6.895648042850562043e-02
7.393313562355470214e-01
7.675907553713754439e-01
1.270540941584630046e+00
5.469422409183685163e-01
1.436732343900700148e-01
-6.283164849841553767e-01
-3.572714873075177877e-01
3.578244647995666994e-01
-1.633692496245293668e-01
9.856767056289714724e-01
-3.788024504295837702e-01
1.164385612242767459e-01
1.821073279274998680e-01
1.225652955324016968e+00
3.091188379786132812e-01
6.391838481437737141e-01
-4.524390088981573022e-01
-6.518828482373737465e-01
2.055867116058194832e-01
-4.552892234905378532e-01
-1.328721918030183691e+00
1.406172989347087010e-01
2.668656511710055801e-01
-1.191750581895626993e-01
5.259348683516228418e-01
-6.309826332604401289e-02
-1.273246162238104384e+00
1.942430908989217497e-01
9.523721935471078925e-01
-5.792154925763367546e-01
7.454650089246084299e-02
7.006151635217496843e-01
1.931643427930291035e-01
-9.556640518782066884e-01
1.224701100499507311e-01
-4.984487890384313724e-01
-1.125647902926111055e+00
-4.933360366857121870e-01
-3.144391887045731027e-01
4.877257761486676335e-01
3.186951484191275497e-01
-5.427915264753533364e-01
-6.911762240536881707e-01
-5.117733758280975653e-01
1.343646182526260779e-01
-2.216722495783725044e-01
2.960879540868783244e-01
1.029584160621041633e+00
1.868110497694480676e-01
-1.189080703572501951e+00
-6.359222064742603431e-02
-4.123471281108407327e-01
3.435745967510877574e-01
-1.991785340316642450e-01
-1.140499535611475962e-01
5.391117558419408762e-02
-7.044922149246472809e-02
1.228303719888764745e-01
1.973701880403744280e-01
-7.366610484440954121e-01
2.798938720416869752e-01
-1.830438950010804700e+00
-3.407533137636200582e-01
-9.000825539630435967e-01
-2.154556170729547970e-01
-4.020011667877705641e-02
9.114710106707195614e-01
9.390014696859796395e-01
-4.914821564370586149e-01
-4.660640188467172762e-01
6.697603227729413966e-01
6.438893017001039443e-01
1.529756188144229534e-01
8.487940237121091025e-01
3.783508569369303798e-01
4.770430441833306556e-02
-5.493570181015435816e-01
6.030852086349030028e-01
-5.424389100025353017e-01
3.201128376063354652e-01
3.406603199515862435e-01
7.778278827646462057e-02
1.074287817088576569e+00
4.047234318397587849e-01
-1.508148212799615973e-01
1.526971811768153831e-01
1.139004607078380804e+00
-2.709712183843475675e-01
9.482279426771219599e-01
-2.961800442330446703e-01
4.696462841124378063e-01
3.582676275471340377e-01
5.527088119069193395e-01
2.952173725350876188e-01
7.518832652364104696e-02
4.137339602123215054e-01
-6.136157022016296425e-01
-6.495593958311407512e-01
6.300708610628695805e-01
-8.909502218649426597e-01
-7.075563671437672397e-01
-2.215832488688614932e-01
5.679571712569387865e-01
8.786141779462058876e-02
7.362941681967265506e-01
-6.798756905568765774e-01
3.806961424584688891e-01
-1.030269386240389773e+00
-4.542900480540360553e-01
-1.182789866933917078e-02
-4.854867923548296660e-01
1.965257035141250996e-01
-6.437843233177176216e-02
1.204162596565340637e+00
6.725110724963778708e-01
2.196494378806334302e-01
4.579407472715952832e-01
4.968739887875136541e-01
1.211343135545804583e-01
8.246058736121069099e-01
-9.879045058840771887e-01
-5.974484777049250406e-01
5.231044121240696620e-01
1.134905761023310422e+00
3.244055904457809891e-01
-4.206443390649151626e-01
1.197797652741875440e+00
-1.544561074034445369e-01
5.222900567716750597e-01
-7.567919118944634871e-01
-1.276440640252707315e-02
-1.024094228643924520e+00
7.285019946406512403e-03
5.716072146009690824e-01
1.192597672837610312e-01
1.694495777391132607e-01
-9.884244693372659096e-01
-3.681107338733134449e-01
-1.233509972248152620e+00
-6.329263685506579806e-01
1.518942347883457167e+00
-1.251850946910969320e+00
-5.177003398994801664e-01
-6.164532571556373686e-01
-8.545323923171385672e-02
-3.131939401871594031e-01
-5.203690882748275293e-01
-1.874682710766947535e-01
-1.138719139097445598e+00
7.210324936775582838e-01
-2.340419854400716537e-01
2.364252519760469684e-01
2.463779276910730842e-01
-6.416508634624743523e-01
4.578301748761842704e-01
1.000967038336740611e+00
1.112220473985638503e+00
1.821293435233756197e-01
5.619150454198648670e-02
8.068739860172711165e-01
7.738745594692155727e-01
8.958501426843192839e-01
-5.222314506467111705e-01
1.623141763918102554e-01
-6.557698537926304194e-02
7.993463039837408468e-01
5.949535780967606380e-01
3.805923190085269137e-01
2.360218620716443561e-01
-4.978919652518040140e-01
3.761446194114385078e-01
-1.433999211864911694e-01
3.267854298894601328e-02
3.501933390600263651e-01
-7.651322492718438673e-01
-2.953883218590549475e-01
5.106342614263001956e-01
-3.711293589031212647e-01
3.282574844941814063e-01
3.283233088002500688e-01
6.838620281102090193e-01
3.265907300215921127e-01
1.657532205653106383e-01
-1.595873148275671338e-01
-1.089188042186518546e+00
-4.865650991155544558e-01
-4.700460544861522205e-01
9.264034542914584280e-01
1.345438232376289234e-02
-8.424612563200771786e-01
-7.230824922091039220e-01
-6.040078640769015461e-01
1.389283233335573353e+00
-8.237714431924754166e-01
4.423923422610085421e-01
-6.161144819745052459e-01
7.377053318903052936e-01
2.238094426246080293e-01
7.766905997453527055e-02
-6.237125465500154009e-01
-6.712751527489190240e-01
8.026715371109665043e-01
8.683542431661286920e-02
-4.326130246209450303e-02
-5.559138788903048578e-01
2.245199117999110983e-01
-2.697896165263217183e-01
9.331697513536646449e-01
-2.265720895653668410e-01
9.844293650156692443e-01
3.486110579855494773e-02
5.017241308691330337e-01
-7.825883417059391611e-01
-6.656796473779921230e-01
1.696402420175808778e-01
-4.633239346552032734e-01
1.965553333823275572e-01
-5.652204323245018092e-01
-5.895656453502946537e-01
-6.537784524907729322e-01
-1.703509594621128720e-01
-1.104526621174826140e+00
-3.968867234083828244e-01
-4.073062873657053995e-01
-7.362144388353183411e-01
-7.974280350485931645e-01
1.010808690583851366e+00
3.197246520790099356e-02
-2.332527200817966495e-01
6.997342068527534487e-01
1.291568150300108353e-01
2.678544216948379741e-01
-2.590989631399531756e-03
-2.758559823628553564e-01
-7.681539739130220923e-01
-1.731888729525091986e+00
4.087051691487552096e-01
6.246872199683680682e-01
-9.069156156949730319e-01
-5.378624851106580396e-01
6.737828321201687343e-02
1.454087209042059348e+00
5.124998536872710231e-02
4.075599338765717450e-01
2.637023115628736036e-01
-1.151880186057974820e+00
-1.520321584333775844e+00
-8.781951938826552118e-01
1.190853719011398526e-01
1.726215526389279775e-01
-1.239355891459894110e+00
2.313945414882358914e-02
-7.640911210017583555e-01
-2.062345080418531429e-01
-6.662852364325612120e-01
-8.992449307781293921e-01
-3.693360944289308945e-02
-2.689019006613618812e-01
4.257266690864274228e-01
-2.145453630891788754e-01
-1.105037559616018350e-01
5.825855133717581236e-01
1.027996463260099524e+00
-9.156174676193885587e-01
7.238737881204092561e-01
-1.234099007744114684e-02
-7.076955557692106158e-01
2.758417892133863125e-01
3.399523001847178927e-01
3.004865226260371447e-01
-2.470821979803378698e-01
4.641655111842311610e-01
1.094825780713421182e+00
2.559054614384297932e-01
-2.291457665395273957e-01
1.588056711265745657e-01
-2.608199822375544263e-01
6.181240049030795047e-01
4.663224238215828987e-01
5.594976086210106114e-01
8.555304099528595607e-01
1.283988470559015216e+00
6.687527465468690036e-03
-7.366016317311335770e-02
4.431728346113928962e-01
-6.881697089947667045e-01
8.634865247653198406e-01
2.279773534778270494e-01
-3.091829288147780463e-01
-3.833172017618571847e-01
1.596575216039469725e+00
-3.412909288406461572e-01
4.820039359082363140e-01
-5.989752137962807144e-01
9.081712662070839936e-01
4.592414210102407912e-01
4.565740514379659221e-01
4.559417754790052180e-01
-1.037487410950173272e+00
1.119026068098190940e+00
5.869419758223460848e-01
1.265004446830931273e-01
4.984237041643978516e-01
-2.527262792988554940e-01
6.141547680426560074e-01
-8.243606297598067290e-01
1.279045840518194588e+00
3.789294861861003394e-01
5.447765172434801961e-01
1.244449136179667681e+00
-4.380696537930713896e-01
-3.376823024979712651e-01
-1.167731586649278785e+00
-1.722248914991973301e+00
4.234933689438155624e-01
-1.058676032061590222e+00
-5.352060643181335564e-01
-7.266017731342562236e-01
-1.718015945867283623e-01
5.895427812259551592e-01
-1.031936069683727919e-01
-1.544666769737037537e+00
-1.101569742074247904e-01
3.915727006465686277e-01
6.178536764195408093e-01
1.472927879227312054e-01
-1.478181250854258888e+00
8.824736876663338281e-01
1.141958782367159086e+00
-1.405051671946302427e-01
9.051174142051985338e-01
2.065280671738985163e-01
2.807099035239367657e-01
-9.779412852752022989e-03
-9.801900568045449624e-01
9.710342592578483090e-03
4.174720199063585158e-01
6.291504897667226093e-01
1.115909611901621190e+00
-3.250899075002106065e-01
5.080617216613552145e-01
-1.967146055422258066e-01
1.458665398238178090e-01
5.938543055428610606e-02
7.195290810645721402e-01
-9.305631653729265484e-02
8.884711352932317396e-02
1.939077526344643865e-01
4.316019588962286546e-01
-6.169322102867013102e-01
2.627086457774952533e-01
-2.224412391786556309e-01
-3.859299617740343802e-01
4.939200538349309277e-01
1.407863004576929811e+00
-3.311351713202911329e-01
2.421256231936694814e-01
-7.139180875530750647e-01
2.031566083881263252e-01
8.334448261579099348e-01
5.196198812370129705e-01
-4.986058490017361011e-01
-1.385731340223275432e-01
-3.149480246559302477e-01
-3.421112867745899622e-01
-8.215564094339621037e-02
-1.748536857489917939e-01
-7.344723661627551303e-01
-1.538173711943194300e-01
1.625451845754311009e-02
1.243841137856806223e-01
3.739404107250802189e-01
-3.079666716822646588e-01
-6.478126879804364524e-01
-3.331192430462253107e-01
1.108233031458695228e-01
4.155935868248843423e-01
-6.418634424072757749e-01
1.096576378512826716e-01
1.584312842442666125e-01
-4.605973116119830846e-01
6.341370520945541767e-01
4.589681352602411613e-01
-2.394241081698324780e-01
1.433887142256000113e-01
4.536177081399797029e-01
-1.073280180622171592e-01
-1.450258045366798476e-01
-9.495432020895855363e-02
-1.016821697531947316e-01
8.765070816556659317e-01
6.393068762340453626e-01
2.834605182996996486e-01
-8.353488857401686341e-01
-9.621019530413854604e-01
9.587254686812446414e-02
4.725733728840839643e-01
2.340181750459394139e-01
-2.667180260885720910e-01
3.818657080377879098e-01
-3.934848737794942042e-01
-4.442827251603980176e-01
-8.250016940610274130e-01
8.977376986737886644e-02
-5.805939029533226936e-01
-5.435007590286642376e-01
1.376969825408119741e-01
-1.130264491230737328e-01
-3.147097901811586884e-01
4.993653254090192339e-01
6.990284254484551152e-01
-1.077226111302779232e-01
-2.155218078986508023e-01
-1.013881704557363816e+00
-2.698688186411317413e-02
1.974232824521056362e-01
5.406014472033024987e-01
7.633928010963005883e-01
8.326797347589383336e-02
-1.832666019178707861e+00
7.882584072304636980e-01
1.533857122710917051e-02
-7.067732748612841620e-01
-5.344747427293304876e-01
-1.038819953851526146e+00
-1.031168600011475700e+00
-2.540974256000475551e-01
7.714263792928135466e-01
1.031649479539535008e+00
1.152723294834058665e+00
3.189495349735007035e-01
6.916956241316740694e-01
7.130486814802603490e-01
5.218123790371881343e-02
4.798599291826249197e-02
2.634188564897071982e-01
1.938131731417437886e-01
3.512053941291815029e-01
1.030982176908990799e-01
-1.286281002605739188e+00
1.112589316993347066e-01
-2.861090643144456047e-01
-6.464658238983990168e-01
3.592644389958160045e-01
6.421612801710456786e-01
-5.812312459039581380e-01
6.384291263004220340e-01
3.329777830904306901e-02
3.505812577574489719e-01
9.542358882969892431e-01
-2.579162289918146556e-02
3.511207644385982984e-02
4.980351774476562965e-02
-4.408606626611672463e-01
9.235889685213041211e-01
-4.836578332956047444e-01
1.537776004377020000e-02
4.893408065770334103e-02
-1.114318147988764829e-01
7.591249810002329568e-01
-5.687786726081466293e-01
1.085335506710225273e+00
1.154484094046003273e+00
-1.006496400232291144e+00
-5.170776583188064768e-01
1.508948411194313000e+00
1.263750064642953919e-01
7.153507193157393473e-01
