-5.285516680453110627e-01
2.214519850705407300e-01
6.702481549704384367e-01
-1.776720030557598362e-01
1.625789130035290020e-01
6.158636071302320270e-01
-4.415576746588183443e-01
6.250454786709769284e-01
7.415325114035444809e-01
6.384284586528226058e-01
1.193202608061572773e-01
-4.892998802992605751e-04
3.341368105589195142e-02
-2.809023795402106893e-01
7.779280832756525765e-02
-8.384724936133314266e-01
5.442703278666000122e-02
2.352201665728384239e-01
3.914735643000399890e-01
4.493227741774132311e-01
5.271466327967185006e-02
4.875168187923425434e-01
4.176891348168677576e-01
-6.306398308303231559e-01
3.964108086126075237e-01
1.852437272949517544e-01
4.491469832743077983e-01
-3.360993022006396602e-01
-4.898891360131948369e-01
-1.860155450893718199e-01
6.406198132544903556e-01
3.083088144539676279e-01
3.842735307753923912e-01
-2.278535115600626576e-02
2.417998281853130094e-01
-3.347225190188916621e-01
1.828957711395957086e-01
-3.296048934814171938e-01
5.528524109467390923e-01
1.559934271525735272e-01
-1.691170657322116910e-01
1.186177421841240198e-01
6.390003297134063676e-01
1.591925500093852586e-01
-1.413709666674975440e-01
7.252110379261835771e-01
-3.764900740919790989e-01
-5.487597600099327622e-01
-5.803691278790810149e-01
6.265368520685726805e-02
1.961241414919648873e-01
-9.280988308114908325e-02
2.043912031003305707e-01
2.527750114882164612e-01
4.197959295843738947e-01
-7.818404369850450175e-01
-6.781925252708874419e-02
-6.368381867781450212e-02
-4.394352105938205688e-01
3.285521363053393040e-01
9.867566633736155057e-02
-2.338427303554829750e-01
-1.991359046115160625e-01
-4.987467415732583786e-01
-4.184884476962948963e-01
-3.637473672932024504e-01
-1.225951477470638325e-02
-5.223762963725744335e-01
-5.450849366277366048e-01
-3.682335423501659905e-02
6.116239899713290518e-01
3.065863275548620301e-02
-9.529847204052309673e-01
-3.357836613571641982e-01
-4.357744645597885214e-01
2.612060622836323009e-01
8.294200118922383513e-01
4.402193805182007535e-01
-2.836572526311880171e-01
-8.905026125828441330e-02
3.300983585381773722e-01
-6.233556879072884582e-01
-5.119690487915604660e-01
-4.424069379537321628e-02
2.338613616464700617e-01
-1.362998209415463950e-02
1.726521387421104947e-01
6.690786568965028103e-01
5.719608149679764608e-01
-3.935324186342400998e-01
2.473209499937715772e-01
-2.210587040890328037e-01
4.148944892861244904e-01
2.007823584939077144e-01
-7.805739226848620316e-01
1.379455136249072289e-01
4.725353165438268555e-01
-5.480066469342192992e-01
-3.202618792875017162e-01
-4.148895012466868870e-01
1.619732543633193300e-01
1.733734737466770537e-01
-4.314738512293424533e-01
3.415820619608549435e-01
-1.690614367678372199e-01
-7.752177170598797407e-01
5.296084327949835968e-01
2.327236120363469080e-02
8.112940465191883499e-01
7.004874956771234285e-02
3.599258210592156670e-01
-2.286090316384278009e-01
-1.921872663732425712e-01
4.112693555813862201e-01
8.011918863882450115e-01
-5.719263681049155945e-01
-1.181685257611083117e-01
1.151733354883479644e-02
-7.148198383290895741e-01
-6.594970805388510326e-01
-2.378249092573873624e-01
-3.970865426791798658e-01
6.050989813390923733e-02
4.874436460003761518e-02
4.667956933079962512e-01
3.387107567136160013e-01
7.273729071435028892e-01
-4.053489313799395477e-01
-5.014527823894345676e-02
-1.954961893117060923e-01
1.485035105687353973e-01
-1.925823593969949177e-01
2.148391335563875071e-01
2.907491563571175108e-01
5.046122686856489015e-01
1.663077338326414967e-01
-1.837887412657794040e-01
-5.013928735890363364e-02
-2.034473773847825795e-01
-2.976781015164408073e-01
-1.972181657856844628e-01
-6.005913210696893767e-01
2.127121832017898617e-01
4.836542482471661852e-01
-7.215169664449045950e-01
1.899256825166243945e-01
-3.143748614669704677e-01
-2.693526449791114885e-01
1.674169442616479375e-01
9.717439113440524967e-02
5.671057493619273415e-02
2.743474012064071599e-01
-8.431793766196649109e-01
5.848860430490920859e-01
-8.631059388307269487e-01
-3.013752180929746838e-01
-4.513781557026128044e-01
7.949121974452011408e-01
3.792117506563813523e-01
-5.801219593413741160e-01
-2.516261126929491554e-01
6.191630017347515835e-01
-8.717777479793475948e-01
-5.575906258168484841e-01
6.064449118592947219e-01
-9.437125246551985036e-01
6.481023746858320944e-01
6.951482002547842987e-01
1.814069686668316472e-01
9.199323566663208940e-01
7.234780236751643667e-02
-6.955836909998009965e-01
2.504423593490288230e-02
6.725387226668255725e-02
-3.953446288122487440e-01
-4.008496313325977112e-01
-5.937054650085216850e-02
-1.847852730429962731e-01
-3.600054211799576520e-01
6.086746844451872418e-01
3.974153943379578058e-01
6.339180292165826902e-01
7.365742897660011446e-01
-2.144963466815061892e-01
5.315683761755083392e-01
-7.792115042425415417e-02
-2.371157251481034733e-01
9.081892574575592403e-02
-5.184238250278814242e-01
-5.725759514541852724e-01
3.630240186624240639e-01
-2.287531384447329397e-01
-2.964667206175103931e-01
-4.047917408387384786e-01
-3.135556002425705091e-01
4.325161847575719198e-01
2.963312933154990669e-01
-7.950017022361107744e-01
-2.443608810820451227e-01
-2.527211988165347645e-01
6.321770784321345538e-02
2.702634701646980941e-01
2.930489704261551864e-01
-2.568943651409597573e-01
1.461240779238963672e-01
1.029686863568131105e-01
-5.055571864151608280e-02
-4.319355957228506182e-01
-1.409776011191360978e-01
-6.323268827865076158e-01
5.201023559042568939e-02
-5.804059330714816944e-01
6.764912220644946350e-01
-5.538393165615045355e-01
6.692365449719796244e-02
1.465416175439595570e-01
-6.465037094494419101e-01
-4.261266530863670465e-01
9.261366927029054397e-01
-8.905654715464590421e-01
-1.561923288606880678e-01
4.912280383641695058e-01
5.633122056729698846e-02
-4.669605230803596241e-01
-6.733105233390596078e-01
-1.355501567135852965e-02
7.714605452434292535e-03
3.172815274517479245e-01
2.620059664712323100e-01
-1.321421819901885848e-02
7.598968999753918929e-01
-6.541729524524407813e-01
5.236734350789415959e-01
-9.828598332322006914e-02
-2.731524617932075683e-01
1.220516421526176148e-01
2.806050440726922113e-01
-6.128624065847838587e-01
2.372156925511203773e-01
-1.971772929827215748e-01
5.666079116404015847e-01
6.082864132683032388e-01
5.484523739525640207e-02
-8.368150236823275190e-01
-2.226033229327570861e-01
-4.276280905827549716e-01
-7.063482251477297691e-01
-6.122615088429040897e-01
2.973843132474821016e-01
-3.784276684359236809e-01
-3.063242530103125749e-01
-4.803423475385841246e-01
-4.048442027421248618e-02
2.140777753484842949e-01
3.084744662314398700e-01
-4.670931796841692463e-01
-6.661202464475186602e-01
-4.285934203507527629e-01
-4.542061896620405159e-01
1.703801215053906692e-01
-1.842403931087958635e-01
3.826352998649872328e-01
-8.586513765988838809e-02
1.649631546039468377e-01
-2.170799515312998862e-01
-4.561497047705944663e-01
-4.055696253667668838e-01
-1.024413381770630099e-01
9.347372420465527298e-02
-2.285857751017889017e-01
1.974300562904928447e-01
6.699532946355397645e-01
-1.784876606196277860e-01
-3.676111704309524275e-01
4.714893104878025154e-01
-1.275553933272186302e-01
9.137593548546382727e-02
-3.956359981443842155e-01
-1.289784885044582829e-02
2.147533699002228125e-01
4.352491000314725467e-01
5.516066598416436983e-01
-3.109841685439789782e-01
9.105474088580112202e-01
-1.563492038255978600e-02
1.840261391869759677e-01
5.772538900008725715e-01
4.959838570186844153e-01
9.513136742981252725e-02
4.111216116913776059e-02
-1.118399215549916587e-02
2.094185496813640024e-01
-4.765099966012417143e-01
-6.042840641538377300e-02
-3.405895837360263245e-01
2.455213812268942919e-02
5.324569133514371888e-01
-3.552174102419739521e-01
2.392239326625909823e-01
6.271938614646027643e-02
3.850505102851399242e-01
1.521874149059721515e-01
4.786640179233833670e-01
5.066528411003003163e-02
-7.937709674070184684e-01
-1.809541854590819843e-01
7.396162261769309021e-01
-4.009370013939017041e-01
1.271970951609383282e-01
4.869205500832749500e-01
-6.238920893933217471e-01
-4.414491162169451588e-01
-7.238211771664476712e-01
2.395536516771063495e-01
3.375777047806652886e-01
-3.346321953360729962e-02
-4.075533051543319685e-01
-4.247592524918752388e-01
-3.970454625156504269e-01
4.065748083285410930e-01
-4.698263872611000425e-01
-1.590284991568593764e-01
5.607440726317710622e-01
2.756376256725214247e-01
-4.103402307660340975e-01
1.933484376653918368e-01
6.247158864459749772e-01
3.299837132941708662e-01
3.013387195083395698e-01
5.488955445034749969e-01
-8.637768556117122465e-01
-3.511036480827740142e-02
1.454311899733237712e-01
4.545840477801336155e-01
-5.832482611191378008e-02
1.583212539375261074e-01
-5.926462803527993151e-01
4.496647142652976936e-01
6.947219541577978053e-01
-4.661952833106833838e-01
1.292500501561033022e-01
-8.319644023125494225e-02
4.123885150565870794e-01
-3.849213929340861706e-01
-5.631417653255811340e-01
-6.453216615693939395e-02
-6.293182870927633843e-01
-1.828259197411854012e-02
-5.932721699334926324e-01
5.530464142187400123e-01
4.744591950893711774e-02
-1.553351944256126937e-01
-6.094580058242236031e-01
-2.085124712085154042e-01
-3.064843559055969724e-01
-1.689923685079953997e-01
-6.016048215503815300e-01
8.836904792005995102e-02
4.410152124710662869e-01
2.288250443689202884e-01
-5.976886535674290624e-01
-6.112027004800369978e-01
-2.327103980485711321e-01
8.699325409094383899e-01
4.106445344795679464e-01
5.551953655465731163e-01
-5.966548431996133717e-01
-2.323823834145946621e-01
1.097516266918534406e-01
4.813915088955192934e-01
-3.215650012458382556e-01
2.810895330779842882e-01
-1.729903352287390228e-01
4.355162264228179536e-01
4.812199443770161511e-01
-5.977750370684764558e-02
7.327208862546317203e-01
-5.437977952630747014e-01
4.330308447275620920e-01
-6.071004014034139806e-03
5.116640924684434655e-01
-4.527166064868985984e-01
-5.836907976000414999e-01
2.122288729927709894e-01
-5.082470457557932697e-01
8.415480879651019430e-01
-1.421089820642806867e-02
-2.007329827443969372e-01
-2.326058179598001208e-01
2.648944537803828991e-01
2.338259489624978649e-01
3.016366643858092167e-01
4.169191401310941569e-01
-4.646810670636909724e-02
-8.602650267967643094e-01
5.767181176042921464e-01
-4.480006207124969525e-02
1.325501362045461984e-01
-1.015678040438959817e-01
-2.905176989163860135e-01
1.079601381207694194e-01
-2.127133190013615893e-01
3.869981560531248199e-01
-5.876860091457359880e-01
7.080788851681141249e-01
-2.414190805606152707e-02
-4.075392682940506134e-02
-1.343915034645512541e-01
1.094166394224607361e-02
-1.859243031488705400e-01
1.045890282325963316e-01
9.023916317967795031e-02
-2.713879749048221379e-01
-9.923250802753756650e-02
-5.784432904091411087e-01
7.640851008772640007e-01
6.517371920199234170e-01
-3.809989691973993953e-01
3.932688082888018410e-01
-6.214020709752091642e-01
-9.722360253396408747e-02
2.534864036940848719e-01
-4.746581174220712573e-01
-3.032748016357716958e-01
8.278406128325815905e-01
3.490497658957292249e-01
2.779840121733372915e-01
-1.077302660282649649e-01
-3.507480346853827924e-02
-8.131486819632262053e-01
-4.804729249479885445e-01
-5.485982332397930650e-01
-5.931278743106463969e-01
3.957037264518257214e-01
2.652105986513288993e-01
2.064167190773829597e-01
3.467639991941101618e-01
-3.099330912331730303e-01
1.009537481564459910e-01
-1.755715544360286762e-01
-3.926701715008507065e-01
9.855616610066958438e-02
-2.140147240924168970e-01
-1.461871098766661659e-01
-3.267752128268190670e-02
3.345864592001587257e-01
-6.478088665229025933e-02
-5.698399500862232070e-02
-2.565217553778776916e-01
-7.851183105172153676e-01
4.986669526533645813e-01
4.004523027780926836e-01
1.990848057478613597e-01
-9.516321722494833213e-02
-4.994915946908910498e-01
-6.042670574235269321e-01
2.285968617859496232e-01
-6.891383562690564513e-02
-1.332229947449486696e-01
-4.095898044827389617e-01
-6.736200316794221932e-02
-1.364520858401683523e-01
5.223890453415072077e-01
2.904673395385262268e-03
-7.842614011213707714e-01
-3.107292147367102797e-01
-3.527496593175465378e-01
4.540044067720727661e-01
-5.611516113890857582e-01
-5.129866648194856271e-01
1.305443880281544899e-01
-1.085009108689878599e-01
6.904766770797012843e-01
1.460220937357237236e-01
5.874977521371105293e-01
4.442962704564554777e-01
-2.844611027912540280e-01
3.458307103631899637e-01
-2.833902490940058971e-01
5.983223042337955100e-01
5.913193451811035728e-02
-2.064495532068341133e-01
6.632141155871371652e-01
6.913745634524146033e-02
-6.447884211421890388e-01
5.616369735017527898e-01
-5.734023387433554442e-01
7.624917391101524444e-01
4.097383484054957781e-01
3.751570757137761558e-01
3.654564132785423913e-01
3.388156723773275147e-01
-9.421136509199072584e-02
-7.265564666465829102e-01
-5.637071571057850061e-01
1.083855159226518317e-01
3.838659382386506724e-01
-5.817285015125782666e-01
2.967358352424519508e-01
-5.231448098756601439e-01
-3.786744631955401008e-01
-4.706134981740651979e-02
2.804235895364503017e-01
-8.951337536801012851e-02
-1.838121152000145586e-01
1.293544257071944231e-02
5.907559493751257662e-01
-5.966552828763609095e-02
1.334955985432632053e-01
2.378819541182240482e-01
2.042267518610206556e-01
-6.368350951323752118e-02
-5.952513716384508768e-01
-6.857273435841932940e-01
-3.681759342834636239e-01
-5.436512777316871992e-01
5.984862452563850521e-01
-1.454014279596040349e-01
8.857693177958822495e-02
8.461277747280558648e-02
6.236923674761352121e-01
1.069972038383099622e-01
-3.101209358172593022e-01
-1.966607048783206857e-01
1.006123387354057735e-01
7.978322019973833612e-01
1.565181315051433486e-01
-2.418966630920857952e-01
2.611035149263336852e-02
4.775768832824800469e-02
3.340709545819622872e-01
3.795304316643947073e-01
9.064510987286767546e-03
-4.083248702076496262e-01
3.783831034301269880e-01
4.023844923935015472e-01
1.036881152863024236e-01
-4.854023535288768398e-01
1.426279334402574539e-01
6.226908719436053952e-01
-2.832438768853062783e-01
-6.528590617376288652e-01
-5.903175717667392686e-01
-7.844314789173423286e-02
3.017829963556104556e-01
4.955968223704741438e-01
4.168214448702626390e-02
-2.204389818998844786e-01
5.324243464771970524e-01
7.024525485219785814e-01
-6.855342670411095352e-01
5.603477003403932455e-02
-3.069217336771606353e-01
-8.121076776421863597e-02
-2.160067266722593970e-01
-1.496533347233771905e-01
9.911395337507404764e-04
1.532491857336018837e-01
8.341491747638846155e-02
4.237994012987660875e-01
-1.609485926929074273e-01
1.122718728138368330e-02
-5.083567957838128759e-01
2.025649196909637129e-01
4.689155319771713959e-01
8.895112745098543439e-02
9.487080921506763076e-02
5.823195352095708044e-01
4.744947105466119641e-01
3.916569922822788485e-01
2.223927781557250571e-01
-4.223841637338406757e-03
-7.332361344941371595e-01
2.081342727771066242e-02
6.383026056734447673e-02
-7.419081769703559370e-01
1.143701750464128364e-01
8.210803312250165575e-01
1.884838860825277865e-02
-2.135103596769205858e-01
-5.242706700566419631e-01
6.760236444526782629e-01
-2.375198242710055418e-01
3.218795318682599049e-01
9.003086712395274027e-01
2.003289927538453030e-01
2.152231134665272827e-01
4.749457669510738222e-01
2.933962713918788490e-01
-2.308843193894156987e-01
6.872227209774391110e-02
-4.528513150146911137e-01
4.857109111262056800e-01
-8.732440054129578244e-02
-1.100704636137690290e-01
-4.748722946543756929e-01
2.529089983515104278e-01
8.853479532402082075e-01
1.024035973956661655e-01
3.954242400941616609e-01
1.137391802142623080e-02
-7.416541884772727133e-01
-1.496968010506461930e-02
-5.647937700717902132e-01
7.570667377673596654e-01
-1.067157656757639593e-02
5.283132320547505589e-01
5.338081848066112967e-01
5.831415996729546469e-01
-3.223055354239168224e-01
2.511802397033698342e-01
-7.047322697944585768e-02
-2.881758938441155160e-01
2.149467589938518775e-01
2.221125610104791870e-01
7.443186148034168781e-01
-6.867256598919166954e-01
1.391551048009281033e-01
5.762140885408820745e-01
1.549280398055480068e-01
1.312571012362599432e-01
-5.765731366963763316e-01
-8.552878872506488594e-01
-5.044636743828501135e-01
3.607036301511795662e-02
2.090033386601727605e-01
4.039685735122914290e-01
-1.005464205597084021e-01
-5.365643727999021007e-01
2.444368234249288396e-01
7.470645541404754078e-03
4.622581550773432676e-03
-1.475204787523713146e-01
6.956191990159765748e-01
5.043178409363040932e-02
6.846803057542909521e-01
-2.117940803760846591e-01
-7.275196846750940916e-01
-1.111506453478201123e-01
-8.888489439091225019e-01
-2.663045617733313941e-01
-2.211822158925976500e-01
1.302672610958105215e-01
-7.830756016852621348e-01
-3.959638905279737053e-01
1.404976513782278946e-01
2.177019679672389796e-01
-4.009045710251183947e-01
-2.730420602270288155e-01
6.357889202882639756e-02
1.232184059225315820e-01
1.489806505841196893e-01
-5.916438311827085239e-02
-2.900637546347954732e-02
-4.934124810261635297e-01
3.566289741381260536e-01
-9.877158165669892853e-02
-1.410449334705746738e-01
-1.750570023611762172e-01
4.097081791897236869e-01
7.053754248980461661e-01
6.195027942537303378e-01
-7.337509665425769878e-01
1.257442333882078656e-01
-7.119733003399866256e-01
1.991050157663463716e-01
7.263308521006832663e-01
2.762420128038950429e-01
4.427940159495059591e-01
-6.707667299592370933e-04
6.503630083519124083e-01
-3.940149645874848061e-01
-1.863550156904375185e-02
1.709132803278599379e-03
1.047281680160628836e-01
1.041710392484090364e-01
-2.801032958568722836e-02
-1.707170901317797695e-02
1.389996802896544814e-01
5.525962672309038259e-01
-5.452529423320426893e-01
-7.279361929140830689e-01
-6.881219284880784048e-01
5.220048376002887069e-01
-1.064752854722226805e-01
-2.555687661097870086e-02
-4.709813235742695836e-01
-8.264658071114332483e-01
4.168609809027611357e-01
3.376032725674084634e-01
1.551127092031340249e-01
-1.044271714263332734e-01
-2.752557577402003908e-01
-5.515468026853032057e-01
3.336876197029263469e-02
-3.651274239583996994e-01
-1.723940681918953999e-01
1.238529233636113669e-01
-3.013158165585321235e-01
6.637431213077785719e-01
-3.734504591751218183e-01
-6.782613096244359818e-01
-1.189427991149707015e-01
6.548876702865036314e-01
6.259098365190076674e-01
1.913697847697102827e-01
2.906709724254909477e-01
-3.434803909202986949e-01
-8.171744307077094538e-02
4.012746082386477453e-01
-8.294162313164874512e-01
-1.568022547397891764e-02
3.199478280694121324e-01
-4.352911319846411442e-02
3.368589219692705305e-01
-5.759691532818898008e-01
-1.721349769525155060e-01
4.397073044649036921e-01
-5.571252863730513649e-01
7.034853803179449416e-01
-6.645210110556892813e-01
6.178778978698401536e-02
6.850462292323622471e-01
-1.091401405460294127e-01
3.120361683797606353e-02
9.527247112733254475e-02
-1.459923458860388490e-01
-6.043183244029206591e-01
4.301333521802416238e-01
5.998684218614888097e-01
6.673596950661981886e-01
1.321389574653988042e-01
1.976941832644448782e-01
-6.830499924239147314e-01
-2.020488521598604037e-01
-9.094492046113358819e-02
1.158026307606521282e-01
-1.822433117541613079e-01
4.178206673771107660e-01
-1.551150483404058200e-01
-3.559238468465089067e-01
-1.856612736561770727e-01
3.696494620173280954e-02
2.833657532060551015e-02
8.069323559817542790e-01
-1.039106967265780029e-01
5.084676275942914270e-01
-9.462316993924857478e-02
-7.379770850652433989e-01
-1.702245575047669490e-01
1.409264810770544107e-01
1.394048202186977670e-01
-4.155833698294673917e-02
4.323079455163881812e-01
1.675374036267620603e-01
1.714494934751972510e-01
2.027699556884539622e-01
-2.895238061035544375e-01
-8.667447094220086523e-01
2.852139692135465254e-01
-2.452419838683468911e-01
-5.655853260613112887e-01
-5.354296938036439135e-01
5.479293285246495532e-02
6.096467044180443884e-02
-5.766042135249566103e-01
1.235189343716928678e-01
3.013803652010764722e-01
-1.666487846315597710e-01
-5.371733680533892219e-01
1.426182100984127177e-01
4.665404328180719484e-02
5.525169739422378101e-02
4.248286701586545533e-01
-6.222224335052173316e-01
-6.980827304239896058e-01
3.031201667002090261e-01
7.696324499426966670e-02
9.676061740615915507e-01
4.354915571942559183e-01
2.005653479502775283e-02
1.552820747984184624e-01
6.767492726942564429e-01
4.802234906333666814e-02
-1.548899448673853041e-01
1.254480932164032392e-01
-6.797831368338551616e-01
7.500981094500118462e-02
7.236049221059746017e-01
-3.676277316619690483e-01
4.127270597864311497e-01
-7.773937299988836758e-02
2.293627411792970583e-01
4.199441824517267663e-01
-1.066360914727579323e-01
2.562634554376734819e-01
5.785632988989259928e-01
-3.672157188713719156e-02
-4.292845326660023053e-01
2.840242521262298370e-01
3.375321051684406770e-01
4.700366473742496054e-01
-6.736455245369359357e-01
5.197194545253723819e-01
4.115716224262339074e-01
3.503642627561033562e-02
-2.631743869582117701e-01
-3.075511248338845816e-01
3.325058938245517570e-02
-2.478740401683590111e-01
-6.333964529529535481e-01
6.130084205824177790e-01
2.265186751993971681e-01
1.653266567797267994e-01
-4.416689628834086778e-01
2.637913358696563071e-01
-3.628435741769294731e-01
-3.183532135934856733e-01
6.035528477383018953e-02
2.233564216268831559e-01
5.297192220527006112e-01
-2.111846932061556825e-01
2.342033192513934547e-01
-4.563731859724045603e-01
4.926484982859133388e-02
6.162479517940997464e-01
3.503196552585932655e-01
-4.049989446153750561e-01
-2.861103239410811572e-01
-2.580534544173597178e-01
8.089123968485238958e-01
-5.802964165133477348e-01
8.107402082762734663e-01
4.783956137096774808e-01
-5.231479274966762683e-01
4.410435639448600509e-01
3.325994467917001152e-01
9.570407072573346163e-02
1.604516198161710094e-01
1.096105695957785287e-01
-1.896870478404281968e-01
-2.253536946125610507e-01
7.288331825175377032e-01
-3.586039186389026190e-01
8.399971822291693591e-02
4.491779629056971007e-02
-3.670192153570980137e-02
2.561755008109263265e-01
4.190603374999924968e-01
1.979943049685924383e-01
9.735097086862110061e-02
2.822065145032300326e-01
3.092878805348586724e-01
-3.115465408835969563e-01
3.107436353661507944e-01
-9.598039228392873934e-02
-1.414454217754070875e-01
8.800108408783954839e-02
1.766299588569807399e-01
8.145796740730732247e-03
1.247236668427750134e-01
-2.141979354314371420e-01
-6.100157403565447112e-01
-4.809856450058739852e-01
3.901075975704874632e-01
-4.048658602403741869e-01
-1.529030640746879000e-01
-6.514172156892406029e-01
-4.951419922429967091e-01
5.283662330035667765e-01
4.638586636895379312e-01
4.580014194371025416e-01
-4.066661190562011474e-01
7.339565128502727465e-01
-4.185273309733045788e-01
-1.006070555964732882e-01
4.805523424645762320e-01
1.564454573748326194e-01
-1.061517796257157309e-01
7.128330472037257282e-02
5.617330035633977259e-01
5.042213793051482096e-01
-4.583338894620865300e-01
2.040646279573207211e-01
-7.276502576522880794e-01
-2.297655059754558082e-01
5.966921657072126184e-01
5.681657883203696802e-01
1.593136879847014548e-02
6.995952523579163085e-01
-6.437562330009308775e-01
2.732397625028766194e-02
-6.560008726772309506e-02
-4.536548044484773889e-01
6.630293222700829325e-01
-1.154648904794543796e-01
2.117522658382077205e-01
1.197355400352662913e-01
4.962818870661497295e-01
5.704982801100486611e-01
2.865208908757290729e-01
-5.314155193648721909e-01
2.231475251870432830e-01
-3.325598374366643684e-02
1.478484239807122402e-01
1.427185376981653930e-01
-1.050640129289724667e-01
-4.486345216875449182e-01
-7.699602611003751873e-01
3.444393319085560790e-01
1.946205990139383279e-01
4.744016770210959244e-01
-8.596671476208870288e-01
4.002263993256566232e-01
-1.138247283381577657e-01
-4.515217655939276487e-01
4.909434856877293307e-01
5.159742225798210624e-01
-2.466300395693400982e-01
-3.621975497654896792e-01
-4.597514836482096690e-01
-4.124287429760055690e-01
8.588040617719408520e-02
-2.113742597218987440e-01
5.271644706797551372e-01
8.252922034036681842e-02
2.951623145559136852e-01
-2.366186868174739444e-01
-3.654052763936080916e-01
-5.096838394384690663e-01
-3.065630336173034154e-01
-1.590942846341220074e-01
-5.896179211020222688e-01
-1.384178214495328241e-01
-1.175828787002101139e-01
-1.333622726341326670e-01
-3.832004787482452546e-01
-7.850098652406823918e-01
-3.794691203279312863e-01
2.893387806557395359e-01
-2.643673542252623632e-01
1.889009376327590861e-01
3.187977897005027372e-02
-3.235953999642555146e-01
-6.587814652272017124e-01
-7.261253094111752571e-02
-8.023640489155609012e-02
4.699757227637365586e-01
7.264295456211121715e-01
4.023746988923521672e-01
-6.524942820472870997e-01
2.280606283137544266e-02
6.398928501327194596e-01
2.135743686976228350e-01
6.701347376416120216e-01
1.066302728653121534e-01
2.382203122188165934e-01
-6.747385755216174230e-01
-3.606605835548567507e-01
-4.723001243305446906e-01
-4.759814036117380742e-01
8.185228583412199055e-02
1.162331979782363633e-01
-1.790192866524670801e-01
8.012707701421631912e-01
5.338817308455835464e-01
-3.212867899802224203e-01
-7.186340928411190376e-02
5.097127534363031787e-01
4.242027752226177895e-01
-5.859684740042083728e-01
-8.013416185046290385e-01
-3.309340027318816158e-01
1.074073103578766508e-01
-1.264991526883132711e-01
-1.832853308863629377e-02
-2.022875524460715513e-04
4.992219241526632545e-02
3.304905719845291356e-01
2.027794019438249606e-01
-6.248573821191688582e-02
2.015690360433951972e-02
1.595967379944313591e-01
6.596235953648305061e-01
-4.406123910227941615e-02
-3.914714980939203171e-02
5.961118024137358473e-01
-3.475294740237179214e-01
6.126170042591545517e-01
2.977440397818407192e-01
4.739785974283599046e-01
-3.016766732221698999e-01
6.449130172940986672e-02
-3.351273418353452049e-01
7.641033548988751534e-01
5.064053512841073523e-01
2.902344870275747057e-01
-6.918671981542354743e-01
-2.647305105982531437e-01
2.664264113993607408e-01
-7.573304437265326872e-01
4.194296157560234439e-01
3.621216455867308781e-01
5.273812829597719354e-01
2.127779729142201259e-01
6.465839481542506872e-01
-3.687515444372417295e-01
2.706767115438944438e-01
-7.526324176480131412e-02
4.782764376969952380e-01
6.322429082960135949e-01
3.935511434027650357e-01
5.794401725249473945e-01
-1.629016330258590828e-01
-4.756279592233407238e-01
-3.381523577994111629e-01
6.878547448102798612e-01
-5.471040776400477590e-01
4.643874388933946773e-02
7.063960579453700817e-01
-3.624908012148341241e-01
9.631318735088738314e-02
-3.332548587367572535e-01
-5.167474880014281124e-01
7.766251206094962334e-02
-4.091824588622595682e-01
-5.122651949666242599e-01
7.429017344832941072e-01
-1.589315757866943124e-01
-9.093497208355311168e-01
-8.530322155793329530e-01
-1.610615197869374182e-01
1.119924108241277250e-01
1.199504078785713079e-01
9.230605586790204820e-01
2.400759957024852786e-01
4.057103340856030860e-01
-9.998261353447565614e-02
3.660260452993033820e-01
-2.908902281948647084e-02
6.371095398413969546e-01
-1.769982363244632095e-02
6.836156037390135332e-01
5.629116339512297423e-02
-4.125524239500921175e-01
1.202211345154005628e-01
-4.511963243932561873e-01
5.860876098497967007e-02
1.126528855043863325e-01
-1.924315393081932335e-01
4.287963237964705909e-01
-1.272861615397112289e-01
1.526308411222891126e-01
-5.132700525387881574e-02
-2.847070384280389610e-01
2.763224718916817285e-02
3.566142354799159420e-01
7.737931229495468299e-01
7.008103178502593789e-01
2.204107716545665105e-03
-3.474243332842846810e-01
2.607218245164752979e-01
-5.469937958702818515e-01
-1.450636087605018387e-01
-4.863142742129263896e-01
2.034448442038659377e-01
-5.304553326502359223e-01
4.670523209405968990e-01
-7.368297980061428998e-01
3.052157592979952705e-01
5.235222621045023672e-01
4.221469901353193110e-01
-5.474599719043831136e-01
2.773031663615714293e-01
3.631644224875480997e-01
-7.111392123443538438e-02
-4.154771293329209136e-01
-1.789996142089599340e-01
-2.372809469792664661e-01
-3.389644352803796584e-02
4.622543948957489324e-01
4.461686889366868747e-01
-7.477061155611272047e-01
7.312275518921124151e-02
1.619216261303539905e-01
6.178860171429760850e-01
-5.510091035645100499e-01
-4.867374392168495323e-01
-1.652593783330002786e-01
-5.012483613825553519e-01
3.678451487490002059e-01
9.381422861118740575e-02
2.109953821823814524e-01
2.800345239129115038e-01
-5.189509529855943978e-03
-3.873751358456978267e-01
-1.009790037614488600e-02
4.453159680047742430e-01
1.165820352885038325e-01
6.315756115140697124e-01
7.310014572216597672e-01
1.287648260319244065e-01
-1.576782602350624840e-01
6.816007425425905930e-02
9.806789535342654018e-02
1.409512918393329706e-01
3.660544426234906279e-01
5.182449497250504189e-01
1.761897296301574711e-01
1.553226877078993096e-01
-1.730463145165315741e-01
-6.529617646772141633e-03
7.153616338157216259e-02
3.778240524540680267e-01
1.956442404574467164e-01
-4.790957316984667536e-01
-1.567787965486573398e-01
4.036190673500048565e-01
5.846582641971629357e-01
5.375643102882283753e-01
-4.900946640143460931e-02
-1.130429899792515791e-01
-2.917972023745863397e-01
-6.132608257411749086e-01
-2.657537239935657269e-01
2.505788449227706605e-01
-2.051160910309798024e-01
-8.712855529268359600e-01
6.444665398303314752e-02
4.679510891107529491e-01
1.549452202706748660e-01
1.206171764120069073e-01
-5.761707701070247767e-01
1.165377841776150600e-02
-3.575994373856395958e-01
-3.980862985792671394e-01
-2.528309198461881069e-01
1.134998726320488455e-01
-4.592724737552020819e-01
-2.556266172638000933e-01
-9.190717321134762863e-02
-4.365467188145779609e-01
-2.446445342024117786e-01
-5.916650088879308322e-01
-3.926334384858490290e-01
-6.591698380890957942e-01
-1.484532601087311665e-01
-3.510611295370989482e-01
-4.602080054117229091e-01
5.932207773802306017e-01
-4.683355241234827271e-01
1.039529368491476646e-01
5.213064433824442234e-02
6.405041483932978341e-01
-4.292307709010755312e-01
-1.262448889092572524e-01
-3.095384112654540054e-01
-3.524452957402254838e-01
-4.061061947971674746e-01
1.984055215561609728e-02
-4.490138799809211267e-01
5.190029853055531106e-01
-9.433390833609658910e-02
2.376594894617921616e-01
-2.841430804237890517e-01
4.423997310904865254e-01
8.646108362265551850e-02
5.810649238609688627e-01
-7.314613162724394879e-01
-6.269731579553863288e-01
5.408793111949528054e-01
-5.615905819667613708e-01
-1.516490558175278679e-03
5.747384917960508821e-02
-1.128216782779915828e-01
7.929036869469929805e-01
4.002281925408802676e-01
-3.503728335921381214e-03
4.561361049587185912e-01
-8.106203527418397170e-02
-2.891639230356223278e-01
-3.408582119192158921e-01
-8.975361943136541676e-01
-8.756745300323057202e-02
1.906370839157524311e-01
4.991504531806793543e-01
-6.305152319965885432e-01
-6.956329165649253188e-01
-7.172878142041013705e-01
-1.575446089171563813e-01
-2.637118377028482841e-01
-7.022970719184631339e-01
4.065709471187612389e-01
6.256761481613293263e-01
2.093246954251040681e-01
5.901841275573595919e-02
1.971235210056621334e-01
9.594227754534412345e-01
7.104845267867783143e-01
-1.861358886731210305e-01
4.172724352018230554e-01
-5.064659204757684385e-01
-1.729462223774072271e-01
5.027986420672331258e-01
1.454992304445572593e-01
-2.498465344666490201e-02
5.919174247270239109e-01
4.029015419319971480e-02
1.643150109720215718e-02
9.733147240224518382e-02
-3.974613154982147289e-01
4.040950014733890594e-01
2.176172368209000063e-01
3.431734880429015977e-01
-6.436507353281297750e-01
1.607350924781707491e-01
4.038383601211713997e-02
4.008053038922326783e-01
2.012532068767344806e-01
3.681569116031913058e-01
5.971491682100243947e-01
-2.104617213716741819e-01
5.424520602007205650e-01
-2.837017036883310306e-02
2.365821981385868300e-01
-6.304188644926483898e-01
2.303290055149646021e-01
-2.843583065560065792e-01
5.870162836045780819e-02
-5.515106026594267519e-01
6.274698675532384140e-01
5.583234663894312000e-01
-1.247962969575669850e-01
3.501523097138637963e-01
2.171534290079116247e-01
1.145368451375732011e-01
2.769822132416925875e-01
-8.408278120874648764e-02
3.353525338338845252e-01
2.274371237648441235e-01
-5.134341969886202506e-01
4.418008351150776170e-01
5.060042874612659912e-03
6.263471970626540708e-01
-1.804158326563433112e-01
-4.463527579198986461e-01
-8.263702150948877903e-03
2.193081783519516825e-01
-3.715625420793258193e-01
1.542546788124558033e-01
-3.313649304972329235e-01
-1.094266107672985655e-01
-6.310477073248402236e-03
-9.746219442981882142e-02
3.385642185867623333e-01
-4.343457413716707016e-01
1.968841842203936099e-01
7.398944517450999347e-01
1.915192942101297258e-01
1.461204689233437937e-01
-1.870725541392467273e-01
-3.217033842779463138e-01
7.267055003662052926e-01
6.189998907781900650e-01
6.900776276111886265e-02
-1.125149225131743952e-01
-2.358922514342271792e-01
2.004822789846449349e-01
-3.018347330362832759e-01
-4.681815030412049827e-01
-2.374150425923053087e-01
1.937368942427863949e-01
-2.144798419652236832e-01
2.692713881033147461e-01
6.730006892896518433e-01
4.887652781968253035e-01
4.762309320761076714e-01
-7.406439293783847466e-01
2.621092200832985109e-01
3.549070098126129169e-01
-3.880294815459379154e-01
-2.491529827047464507e-02
-5.625424789266810777e-01
-6.507829579829091937e-01
-3.223051020913482168e-01
8.631069305031416339e-02
-3.957942814817406729e-01
-2.007808572714963602e-01
-1.421212872866772390e-03
5.475216310094692673e-01
1.493000143990093169e-02
1.834611523247549336e-02
3.112860930135465387e-01
-3.071605823447486339e-01
-5.414676160012468209e-01
-5.638348346755439611e-01
4.326991235112306877e-01
-2.249440806532604920e-01
-6.256358558434765849e-01
7.712734757153667520e-01
8.114985201545454885e-02
3.709255690864024513e-01
-3.195291892430144332e-01
-6.030574240631989547e-01
-1.611419666618766067e-01
3.337021189269137045e-01
2.742220847698374486e-01
-5.316713390095805236e-01
-8.468715524874532719e-01
-1.016357902945775049e-01
-2.224227990169160285e-01
1.351721093865398612e-02
-1.424126937214199862e-01
4.923700861375771565e-01
-8.310694112689263058e-01
-5.375621688508098739e-01
7.175817455944136780e-01
5.412284168210444724e-02
-4.589486852138092710e-01
-3.467378112589384331e-01
-4.947228021293092470e-01
7.193724787101209994e-01
2.612204393901405020e-01
7.550805231776441806e-02
-6.892698681898973279e-01
5.260197099037108304e-01
6.158588117562777686e-01
6.560325510764447587e-02
1.937998693008833873e-01
7.942628280935658536e-01
-3.656573408663399416e-02
-6.740238926037203093e-01
6.852908345417301206e-01
3.409777429869851884e-01
5.428331990763028969e-01
2.139545931056018591e-01
7.714511093661031993e-02
-2.514666937636736432e-01
5.282688607568526706e-02
-3.044956753495017265e-01
1.693289299651588586e-01
-1.791959552526847244e-01
-6.152490742376284238e-01
8.048324083645697069e-02
2.015395260888324519e-02
2.041304095984922684e-01
-7.856697755651367299e-01
5.355287476820445036e-01
-5.886978173194770125e-01
-6.269012735154024796e-01
-7.182559964156184362e-01
7.321111834922099382e-01
-3.012600826656308683e-01
-6.103237196848818602e-01
-1.901940749026379274e-01
3.124316673928113075e-01
6.655367205756811122e-02
2.844038128555956835e-01
-5.702871512531509923e-01
3.280772869287022775e-02
4.645796466423454119e-01
6.463767778892691718e-01
-8.877674719789119262e-02
-4.236155514086606955e-01
8.821101820219701128e-01
6.175691921985673183e-01
3.414082417200825503e-02
3.226399403603638638e-01
-3.445572957108105072e-01
-2.841779474079419998e-01
6.951782645792325965e-02
1.377444708847406774e-01
1.479003091382115331e-02
3.176117442013702274e-01
2.033263868291723397e-01
8.098646169732048872e-01
-3.984041239253263145e-01
1.903096527397428114e-02
8.428431841692899384e-01
1.488479674676443853e-03
-3.356562292421516602e-01
-4.782614496435475537e-01
5.681437539862435049e-01
5.847904411456328333e-01
-6.990083391447892147e-01
3.734758859836855294e-01
3.356568097953314678e-01
2.316130524923194420e-02
-6.727994369782301920e-01
3.665020548840737247e-01
5.441475379647556787e-01
-3.042972445756007005e-01
3.920928295258354068e-01
8.968925691362507335e-02
-6.211402972875136319e-01
-2.342784151202332021e-01
-1.019712764274001079e-02
1.533541438995766337e-01
-3.871997746265123247e-02
2.207559322643714295e-01
2.324035081270429404e-01
6.482869685361239975e-01
-1.895431771323458914e-01
1.811944314739621642e-01
5.465172299863784167e-01
-1.801351086443271632e-01
-2.332867782539557178e-01
-4.933367568689618343e-01
1.814991460427534120e-01
5.417911029608449835e-01
1.120805897082049335e-01
-3.687355344559727910e-01
2.181774844516025103e-01
-6.358282210414854200e-04
-2.140546089172094268e-01
2.959476125152100678e-01
4.699785402776804344e-01
-5.463971894530462725e-01
-3.880554817756022845e-01
-2.867372588510777032e-01
9.916474050790959754e-03
1.548154201061391899e-01
6.852900494585891789e-01
-5.854340509443109464e-02
7.923830945509527934e-01
2.584760730477566604e-01
-2.362785872796397679e-01
7.365639568465559561e-02
-3.448680946887537901e-01
4.725764309072576497e-01
-4.679832649674430800e-01
-6.409807028654184169e-01
5.876782910869465804e-01
-4.536677470403931434e-01
5.398176774160660107e-01
8.055416840957885238e-01
-4.424701593763450402e-01
-3.927648119154358852e-01
9.144253784687282616e-02
-2.112518184928198761e-01
5.940864842509452348e-01
-4.008535623255363722e-01
4.418354778295930929e-01
-4.588246048004094302e-01
-5.533601455275944936e-01
5.764946019245146408e-02
1.854127640417650158e-01
2.090191445388092650e-01
-4.237674271285832850e-01
-4.459729171771249778e-02
2.915693680192168458e-01
2.945383397027671046e-01
4.555792215594612338e-01
3.906783758608506352e-01
5.761359833506205508e-01
4.360501690311893719e-01
6.158907324265694427e-01
-5.925268429761200162e-01
-7.121524012953457661e-02
-8.381733645512667863e-01
5.499926535819792406e-01
-6.724439557614637908e-02
-7.412921755220858167e-01
4.167063505454839389e-01
-2.198733668046190526e-01
1.360818108959235828e-01
2.189092289239280009e-01
-1.032798258574804326e-02
-1.953300336111810920e-01
-7.105372727910683750e-01
5.501999056097147678e-01
-5.587970569033000323e-02
1.803158691527532304e-02
-3.178419413251487025e-01
2.964616366307247786e-01
-1.177389413989960720e-01
-3.138470038707441012e-01
5.440561883682745910e-03
-5.234903620608977182e-01
3.968793944979569499e-01
-4.577811124463889714e-01
3.433425948702710784e-01
6.552306773956841912e-01
-2.687369256398272621e-01
-4.664320150527598852e-01
-3.497587678582409487e-01
8.898369903409776294e-01
-6.305959874492639283e-01
-4.464139477403181733e-01
-6.480987953796299994e-01
-5.912100045611161647e-01
7.238864378508321276e-03
2.083166194144664141e-01
2.803225129068547816e-01
-2.642810664024106693e-01
3.620372753806845867e-01
-5.447624705262048561e-01
-5.657831577875122031e-01
7.415848483083173348e-02
-3.259646925384612204e-01
2.987120177826587675e-01
7.197291535229246584e-01
2.640734438089835101e-01
-3.912094340053779429e-01
-5.037423002210530409e-01
-2.869646570943196195e-02
2.692073630644036264e-01
-1.797781685509344807e-01
1.042065113904385443e-01
2.280831268012634971e-01
-5.508898602370877473e-01
-2.007862869858063337e-01
-5.077465571993611260e-01
-2.632359066233697642e-01
8.483119387905693198e-01
2.883359274361551594e-01
5.705840833206925478e-01
5.346319365494147657e-01
-2.416859732254132143e-01
7.475418294250716356e-01
-7.274533101746297747e-01
4.778384102358974594e-01
-4.294807796031150510e-02
-6.416609321295374535e-01
1.340812370391661346e-01
-1.826144734067402520e-01
3.947001338240518908e-01
-6.739760997954464816e-01
-3.725882716437130537e-01
1.130222017405943941e-01
3.963461888976494429e-01
-1.224830556691545169e-01
8.409466467305619364e-02
1.076018003969593240e-01
4.363010781611754985e-02
-6.945965657966357565e-01
2.667470528515842876e-01
-1.316446576847495609e-01
-6.123225730857835281e-01
-3.792388344979894521e-01
4.608327892195736020e-01
-3.418492689308155197e-01
9.999940583681557471e-02
2.642564897761011111e-01
2.524829453342029018e-01
-5.506852745889067036e-01
2.996920427157878652e-01
-3.064630734534743994e-01
9.515712597275309548e-02
1.351272327936561823e-01
-8.483649070723553454e-02
-2.241409826900840618e-02
1.665015235046652872e-02
3.859124552640418315e-01
-8.366856486604308252e-01
1.170503861405367274e-01
6.791758269279953020e-02
-1.651936574544284608e-01
1.861987149402287711e-01
4.664589306266810759e-02
4.216889852638941449e-01
-6.352702258010034519e-01
2.220473476351766118e-01
1.829711621674074695e-01
-6.185334978953067608e-01
4.867757385182642782e-01
7.635607119852134972e-02
-1.973444024652499240e-01
1.857284511653325143e-01
5.536588534603987810e-01
3.891622483625636897e-01
5.871686925446883976e-01
-3.487854478854597595e-02
5.022851686772056290e-01
-2.629805899439084382e-01
-8.607179158011304398e-01
3.458794783903492709e-01
3.716055234190366319e-01
2.887419781330041180e-01
-2.379125853839331173e-01
4.843481412426005328e-02
-5.572187148280525193e-01
6.228894250555762069e-01
-5.773362787884290803e-01
1.975582187897202691e-02
-4.552409504475788404e-01
3.904684102911084587e-01
-3.541371659293292562e-01
-1.278481425886318357e-01
-5.410173166096960973e-01
3.873517052945133488e-01
1.594109105131964743e-02
-4.545752811317902431e-01
-4.770086581910163437e-01
7.387892526178792274e-02
-6.825677652224175773e-01
3.776896055970908606e-01
-8.413556102796294900e-02
-1.874969282376812152e-01
-2.506500565196525532e-01
-2.139656721234831638e-01
1.839265499073269305e-01
1.450182782269523740e-01
-4.093739809896309034e-01
-8.290176882233167566e-02
-7.068474883611101101e-01
3.439102647760483022e-01
3.039601600347086596e-01
-5.350160750739211407e-02
-6.255121437485438030e-01
2.040107903287344537e-01
4.617966013435939598e-01
6.101284302698417594e-01
-9.077582925216358400e-02
-2.724037622122087443e-01
6.485014039543163245e-01
1.203557763700582040e-01
-5.678353129995291626e-01
-2.700422012291661678e-01
6.921305674880112724e-01
-6.915539013220822762e-01
9.834510017359364420e-02
3.494541458215083551e-02
-7.669137948860482723e-01
8.364138701837553480e-01
5.054149250425136186e-01
-5.366634272985043586e-01
-1.674796026054087839e-01
-4.535355138251990770e-01
-4.697798329265878148e-01
-1.573713140321112702e-01
-2.170037656476455912e-01
-8.390674364835636057e-02
9.319362355397714515e-02
-5.170402821889411582e-01
-3.221448281875573527e-01
7.523324066905983099e-01
-7.175104767897275693e-01
4.259880069777774447e-02
-1.298076401888220710e-01
3.835686809956151966e-01
2.984349288214902668e-02
2.600654087786977153e-01
-1.730397379080928777e-01
4.406402102390861719e-01
5.305109516830044392e-01
7.096053986493641164e-01
-1.298317768657213378e-01
-3.870683037097041868e-01
5.769064099896242803e-01
2.785794062165568019e-01
-2.120012527855533457e-01
-1.553437469290140649e-01
1.929723473311745208e-01
4.792837274610786680e-02
-2.161474971935538614e-01
5.275582615225030692e-01
4.168420191959411603e-01
6.364071807851245932e-02
2.333208977265080197e-01
-3.534441910514228569e-02
-1.584246179848726177e-01
5.468037313463546267e-01
-1.042472333782743787e-01
5.092900369353876161e-02
9.740429228558258878e-02
-2.338423178130723534e-01
5.316759601298278737e-01
5.730146321612185067e-01
-3.024909010001746723e-01
-7.238402230839692253e-01
-1.278597267931693149e-01
5.152983331552992707e-01
-2.481284852758919302e-01
2.815739771300231342e-01
-9.445799667556732671e-02
4.822356853843214330e-01
-4.406838025365077960e-01
5.313104461115156774e-01
-4.529482680631491398e-01
6.082190195450331016e-01
-6.701505599426174076e-01
7.906488265234484780e-01
-2.754491113645765044e-01
2.110706943214320508e-01
-2.668902348595292295e-01
-1.165555545906630519e-01
4.072031384315624031e-02
2.611101400778956805e-01
-1.004984250823318104e-01
7.480610402102660927e-01
7.954898833005866754e-01
-7.839204950369170755e-01
1.739920080965658422e-01
4.272156668613552033e-01
6.724715540562586913e-01
1.320400756438840084e-01
-6.910021079583221759e-01
-1.791594918776268086e-01
-1.665479632895882356e-01
7.657590381883876418e-01
-8.308635077467853014e-01
-3.917239286273129228e-01
-4.264030601441178292e-01
6.636335360386923232e-02
-8.451695579906052247e-01
-7.295249927676074053e-01
-1.852187534916733269e-01
-2.448120678203743461e-01
-2.840825515999275130e-01
1.240039672247559982e-01
-8.562627607023141074e-01
-4.002862448050616834e-02
-2.152175311860699547e-01
2.306257758367278310e-01
-7.685613643759662272e-01
7.158729646508250610e-01
-2.870235855842459549e-02
1.595733118500542724e-01
1.376153970662076231e-01
8.934495022902342320e-01
5.966610003600261170e-01
1.656830002867158425e-01
5.434818571660136044e-01
-2.912373947384936379e-01
9.412168460186280672e-02
-2.568841165216789180e-01
-5.576390723226624102e-01
6.207856314247513219e-02
-3.912450047891872229e-01
-2.768141707792541317e-01
-7.539119669168211635e-01
3.476675648922657180e-02
-6.424430393945055329e-01
-3.407015516938916577e-01
-7.237455483211936436e-01
2.145938677664218641e-01
-1.840912468786325140e-02
4.952242572909433815e-01
5.924732053380292462e-02
-5.177464546154469244e-02
4.217803926704827289e-01
4.584373296347248328e-01
-7.293433519338385351e-02
-6.695378528349151814e-01
9.636351287207499394e-02
4.329644630266796801e-01
-5.074848856210369963e-01
-2.951885243305409356e-01
4.480372793744296089e-01
4.021955222559402410e-01
-4.763883990043897843e-01
-3.229793359074705217e-01
1.394853869167501093e-01
3.505444026258190404e-01
-1.071776796416135796e-01
4.604217738810786331e-01
3.656867315976762844e-01
4.021894325941591797e-01
4.535068266188371777e-01
-3.507491286407927178e-01
1.568688869601726488e-01
-3.247548970428819071e-01
1.619306702926370800e-01
-2.468463841507797518e-01
-4.356377874520988569e-01
1.764986067119119484e-01
5.363293794068557663e-01
-3.222891907088124008e-01
1.255187785300197478e-01
3.732063586691930501e-01
-2.932831289629153071e-01
-2.626482438040782519e-01
-3.450374931950478397e-01
-4.295378522371836594e-01
4.634080694872934614e-01
-1.088038741066157528e-01
-7.182194877140437583e-01
-1.698794196978367366e-01
1.041080920708672697e-01
4.080516843567437713e-01
-9.153281793234185892e-02
4.474327322739874990e-01
8.405973709133096605e-02
3.974280769957481280e-02
-1.048637459033314318e-01
-3.498338416790470751e-01
-1.461955007940031470e-01
9.910836195543540339e-02
-1.430762666503948011e-01
8.432331261344552242e-01
-8.786683163292665633e-01
-5.187234942367765500e-01
2.089739573940592732e-01
-4.401198174506900651e-01
-1.667841990641627525e-01
5.097430461296625914e-01
1.238645659577164611e-03
5.648864806643045799e-01
-1.729746826482819466e-01
1.546951937991691145e-02
-6.359006908762125931e-01
-2.005145696358037188e-01
2.491468809050773059e-01
-3.833835135560532681e-01
8.225770442310988487e-03
7.949555200871594174e-02
4.504015350491156200e-01
-3.108940046641707200e-01
2.618526383323586115e-01
4.342581678693354652e-01
1.848242439982647478e-02
6.129067263025151924e-01
-4.211468502438284189e-01
-2.364224676643688489e-02
2.517485370624388263e-01
-1.563001954347567057e-01
-2.327692075202234812e-01
4.491334953003260910e-01
2.302306017969942831e-01
2.116370224730096394e-01
7.243372422131528765e-01
-4.470611964600483823e-01
6.424959574916651317e-02
1.819277752868185272e-01
5.179710109140367447e-01
3.523075742497663865e-01
-6.388171541031054668e-01
-4.436078324366455883e-01
6.147466541071404666e-01
2.139673644625684490e-01
-9.210032562423428604e-02
-4.653603128447790227e-01
2.050984633072031882e-01
-3.078460097076397561e-01
-4.952071992187396243e-01
2.377158536588671045e-01
6.871744903719119169e-01
-3.212936474745916593e-01
6.099268312175435414e-01
-2.692501209803997986e-01
-4.732697943049429257e-01
-7.559413139086028632e-01
-5.555307848722548236e-01
6.826984151570826276e-01
4.463454474582611575e-01
3.186891354434272933e-02
1.348497064677745549e-01
-1.122293650762465345e-01
3.339200331491934959e-01
1.701399717687516189e-01
-2.921121901412585542e-01
5.636719695478723535e-01
-2.399050008793217614e-01
-4.201733215623044970e-02
-7.042534043115137310e-01
3.624684837713003094e-01
5.302575352020840738e-01
4.386822263238893127e-01
9.720677401024926945e-02
1.088651999909615864e-01
4.325540876142809910e-01
8.286697778884654243e-04
2.101234999669682746e-01
-2.289564099907551165e-01
4.437153931040416915e-02
3.025359549287351957e-01
8.240650440480939976e-01
-8.591421053639421157e-03
3.448375229386311386e-02
3.856048621616013916e-01
4.932959240285240271e-02
3.815522344476017791e-01
9.567311010340000255e-02
-3.642190142237693440e-01
-4.035547005458769432e-01
-8.911617719925442327e-02
-2.873691382863340360e-01
7.894573186430244860e-01
-1.662345741795789589e-01
7.821891935187610390e-01
-2.618573670832917699e-01
-4.250629860978388241e-01
8.243044356846196408e-01
1.457112660229806234e-01
-3.103930554868967184e-01
-5.538069423993494667e-01
2.672105263657423846e-01
-3.976250214636422586e-01
6.762626974512055966e-01
1.111998018142570099e-01
3.237281783022709081e-01
-6.428437771177795135e-01
4.217074942250370051e-01
2.703000111730725075e-01
-5.087959897693932199e-01
3.086954909538205394e-01
8.215768928816350458e-01
8.754282198304852436e-01
-7.161304686543534803e-01
7.786751114837057175e-01
8.745106696181449701e-02
-4.261151369160911528e-01
6.352423849574360126e-01
-2.676800873624183286e-01
-7.380521468038775401e-01
4.815958091989682721e-01
1.600186762262007234e-01
-2.227409907013648549e-01
2.193508032785821682e-01
1.523220771344498403e-01
-1.202312742787867497e-02
-2.650359895122128551e-01
-6.761667093882184343e-01
-5.568313711611980882e-02
-4.782850943684920364e-01
-2.006040451686934567e-01
3.551523443890582943e-01
7.455463406438560536e-01
4.560635068563603234e-01
-1.461039721835813987e-01
7.072255687236110866e-01
-3.272175869528535785e-01
6.781940368293419390e-03
1.700876845447961694e-01
9.370729700223515701e-01
-4.060841289276422711e-02
-1.298199071784671976e-01
-4.987194349863247056e-02
2.623216431819344607e-01
9.694768109460455419e-01
-2.966028451246612296e-01
-1.483275146867290284e-01
-2.796238974829629020e-01
9.242808238274233257e-02
-5.769059635765602101e-01
3.413043377510669441e-01
-7.740565389785530881e-01
-6.271994529555117159e-01
-2.944126481675848339e-01
-6.484082474879993008e-01
-5.372264712305798717e-01
-1.356820908561636174e-01
5.286384453623688140e-01
-8.404459925943749687e-02
-4.080856321152676047e-01
1.529648624325991579e-01
6.478230507841443997e-02
-2.527010672828230442e-01
-4.188526511405062935e-01
-9.266705762127001866e-02
-1.320417960882468156e-01
4.325412373957594481e-01
3.386800027805377672e-02
-4.934620462205487335e-01
-2.203716429660190074e-02
-3.145171176488945619e-01
1.073821076531898955e-01
-1.411572317424116263e-01
-5.149520947064530896e-01
5.646076716884781410e-01
-3.773990504331871665e-01
6.302665096438478387e-02
-3.741070085955099100e-02
1.340868834810202137e-01
7.256502978413309490e-02
-3.339102204977649757e-01
5.439230251322703102e-01
2.176486504599788874e-01
-1.043346929185813010e-01
-5.890254068803284504e-01
1.483916342490020912e-01
2.892176168828978766e-01
-7.667879661320480267e-01
2.008490810332951293e-01
1.854069870990594504e-01
1.989404241701206999e-01
-1.517534246301145973e-01
7.964263354916091553e-02
5.136801494128470091e-01
-4.781556712017868138e-01
5.052192408786521094e-01
-2.833989442152569094e-01
3.907348391353271388e-01
6.608258231753683098e-01
3.257902184676400026e-01
-5.260643176540291677e-02
2.990452901178662914e-01
3.695405175731222291e-01
-2.607019304131104054e-01
5.688618289278875029e-01
-9.072881743438092339e-02
-3.531056118524090737e-01
8.950440374985794145e-01
-4.682406706720080858e-01
4.842054043815860465e-01
-2.986975949380337586e-02
7.142022257034333910e-01
3.961781432884393106e-01
6.118090818664215780e-01
3.101944688338850176e-01
-6.776570815711713269e-01
-3.683998985524305492e-01
5.012900432731053346e-01
3.743443344008018370e-01
-6.426211538060786488e-01
-2.078540574264427579e-02
3.560043715809612097e-01
-5.657856372265150924e-01
-2.048626133748321365e-01
3.056753792158622279e-02
3.439830508744619597e-01
1.677680028234113385e-01
-5.677256110852038073e-01
1.097556910390637581e-02
-1.100334754468718923e-01
2.478839952062791840e-01
-3.566549851723110343e-01
2.926186474634651091e-01
-7.686808675283879344e-01
-7.209654907927980361e-01
5.750246702281390787e-01
-5.741154674830546423e-01
-4.982299724292685306e-02
-6.284647023087061024e-01
-5.920482389575674187e-01
1.806148734057558269e-01
-1.251254471896796894e-01
5.582588226543738763e-01
-5.342023416446701756e-01
-2.382433620823098952e-01
-4.929465471414905542e-01
-4.907758946400748168e-01
-7.372107135944844236e-01
7.729642494481875348e-01
-5.527420917353547125e-01
-4.051042481211597490e-01
-2.095639804927166422e-02
-2.897519762412036903e-01
-2.486027637176025928e-01
2.761012269239016548e-01
3.234614621477947538e-01
9.716957036170552342e-02
-1.009056000596958991e-01
-7.261158836058530242e-02
-6.998039030954084083e-01
2.841258865350695384e-01
-3.183070563838092532e-02
4.041384416188377182e-01
-3.241546824315477693e-01
-6.547787380335463592e-01
5.074483923170953759e-01
5.988984976637898860e-01
-1.317710415199637997e-01
-6.419776382180731877e-01
-4.474534037905905093e-01
1.759120766549397696e-02
-6.455829086557024477e-02
8.206789415249665307e-03
-1.673199709678964073e-02
3.812454478907502109e-01
4.399210779437944668e-02
-1.008737330571686658e-01
-5.458516321397024508e-03
-2.341078157449967834e-01
4.517754529662044993e-02
-2.084551693996387900e-01
-4.292972643457910187e-01
-1.091921396130442895e-01
3.555476580098301809e-02
8.231524976422999185e-01
6.950230366405747429e-01
2.453366159103792521e-01
8.337592114090655038e-01
8.468535962745149526e-01
-4.519783683449535988e-02
-6.371982259649057179e-01
-2.717854231669399045e-02
-1.932115217214511738e-01
9.224951561073095885e-01
-6.239779045763684806e-01
-3.882009712968200188e-01
2.145040359473509017e-01
4.930323282399375340e-01
-1.593031537471347181e-01
1.952031777093490572e-01
6.229922479684412151e-01
-1.890605721273762030e-01
2.500405512742029032e-02
-6.763401026568149899e-01
3.571788302191286624e-01
-5.583666422562471032e-01
-7.050422679523301595e-01
5.552595439757627982e-02
-6.458629267854510969e-01
2.929813203235155372e-01
3.717859480727565002e-01
-2.347741355248090245e-01
-5.771523688080121284e-01
4.641975642224033249e-02
-3.766345725358613561e-01
3.142931214543410318e-02
-4.894406449971548945e-01
-4.334503591129910266e-02
-4.499497170231004928e-01
5.380638255851545315e-01
6.658177103978089040e-01
-2.418245293455928424e-01
-3.317662846390675990e-02
1.064767983424937392e-01
9.421945848561945336e-02
4.106681858665445217e-01
-4.239958302075523544e-02
-1.598960220927276021e-01
2.027679679517349065e-01
-5.756301109689190287e-01
-7.439892039056351658e-01
3.595640487504755956e-01
7.108363733296783893e-02
-2.296249046530372817e-01
-1.454159479865507476e-01
4.368133846039597423e-01
-3.411293180957091775e-01
1.649176563581780386e-01
-8.362784481613319554e-02
-2.183047618949980895e-01
3.631824346488001232e-01
-5.278104190866519385e-01
1.481331391095289385e-01
-5.103692930064092081e-01
-5.102672801407063252e-01
-1.544523500524069837e-01
3.447045116365321515e-01
-1.997706914730008054e-01
-2.550334180336457091e-01
7.489468471680568173e-01
-1.195051659784370918e-01
1.680084614117531572e-01
-6.142145703000698731e-01
-8.379315029372924606e-02
3.469098715251918708e-01
7.779963041983979366e-01
-1.171977514689836498e-02
8.328681994399964039e-02
-7.419364159958299343e-01
-6.012057643222211700e-01
-5.631710359969661905e-02
-1.651645209236538361e-02
7.404095487875020191e-03
-7.074811656394373871e-02
-6.907343162474319231e-02
-5.247246487228318657e-01
3.630242426424299951e-01
-7.675425360025605048e-01
-7.262906637070819238e-02
-9.810541459889410287e-02
4.120866458987421099e-01
-3.840914751174849262e-01
7.869104700609984571e-01
3.783638949467567625e-01
-3.096359722344403931e-01
3.321705806089484958e-01
-2.850830053130019581e-01
-3.281220289301050586e-01
-2.567614998948002381e-01
3.759436604746667632e-01
-9.469518017915885544e-01
-5.247016471198397841e-02
-5.291183106986201423e-01
-4.615053268456897895e-01
-1.714040119469014203e-02
-2.053195477621818088e-01
-6.152557112806922301e-02
7.625055729861719700e-02
-4.352353063113326703e-01
-5.213213116168635697e-02
4.823063196397422980e-02
2.683205474974183491e-01
3.652207428845901105e-01
3.231234630924482154e-01
1.440796022039163016e-01
2.992000370476894378e-01
-5.837943437642034716e-01
3.771670729357511076e-02
2.695360997106693857e-01
3.711967048215552012e-01
4.218160833462565318e-01
4.080108771257480171e-01
-1.828331187203574917e-02
-4.585142207708499118e-01
-2.820202164913779286e-01
-2.437303059334256505e-01
8.653397609431492943e-02
2.408893270923898600e-01
-4.309385870804046670e-01
-3.698181873085383820e-01
4.575108579621787186e-01
-1.064474266558700782e-01
1.187428314517466194e-01
-5.197281345407727127e-01
-3.910896141150459471e-01
-4.605594441064959632e-01
-2.471226895685020575e-01
-5.304968898912525849e-02
-4.248808406136529436e-01
-3.427242426719147028e-01
-4.637684326621887565e-01
2.602078333481664951e-01
-6.865227554934429932e-01
-6.893558140684337143e-01
8.542114554000330706e-01
-1.563200208378934808e-01
-4.676271949967394231e-02
3.381927599919857808e-01
-2.095328224928667549e-01
-4.714629024721820327e-01
-8.377045309474444312e-02
-5.148835163187708286e-01
-7.899801560910315601e-01
-6.817221134798383264e-02
-8.341580654515753923e-02
-1.061459433985016687e-01
-3.650253532769847514e-02
2.304882768987351338e-01
-1.605048645694532594e-01
-4.062115951844362527e-02
-3.054832997835187358e-01
5.869995051944427722e-01
-1.204433312984193594e-01
-2.949967887282048395e-01
-4.274305761894176166e-03
-8.343920820683099482e-01
6.596020323152101961e-01
1.687412186439410933e-01
-2.217093717982851486e-01
1.586878890870362102e-01
4.155145797197875024e-01
-4.235958782496006547e-01
-4.835387767889072208e-01
2.693991636494528358e-02
-1.464475825819606114e-01
-5.116481949345861313e-01
1.033879014033599331e-01
3.894452013545494085e-01
-2.783589190474118347e-01
8.494954144043878053e-01
-4.492688625896677501e-01
-3.179905192545563475e-01
3.326751926479133425e-01
9.694739972930654925e-02
-8.325118686399284318e-01
3.626992324898849485e-01
-1.622656925270969663e-02
6.788456040420895454e-02
3.000186099308039256e-01
4.983896490670390589e-02
3.685201730142829701e-01
2.437006019568603299e-01
7.601762424104714366e-01
-8.047830047151591226e-02
-8.754092389551247910e-01
9.905930364519384412e-02
1.412305172201696601e-01
2.048314617886974262e-02
4.643154777253026833e-01
-2.048148851824505567e-01
3.578905511488705143e-02
-3.302619217951888869e-02
-8.358052031967730042e-03
-2.391519038630583460e-01
3.122044139173313360e-01
4.214922597153518691e-01
2.346688364343447186e-01
-1.238106228900690275e-01
6.417580203214713341e-01
-3.477432399453580514e-01
-4.411627818563740866e-01
1.030493020162865647e-01
-5.214714666059607762e-01
-4.927016476077141216e-01
-6.189091008431188978e-01
2.586173932904495820e-01
7.865880613658776666e-01
2.147476151028954727e-01
-2.862884824634240877e-01
-8.240165723914255613e-01
-5.171250841177027491e-01
2.089655538969246718e-01
2.465475867470509341e-01
-7.087934733000826881e-01
-1.554809816103092657e-01
-7.610283151081813635e-01
-3.885748037099379659e-01
1.659134262135356919e-01
2.642619314998262969e-01
2.298081422682582142e-01
-4.476291201894406213e-01
3.926821878330071236e-01
2.514325414222413901e-02
-2.325165739803038700e-01
1.044701627070787897e-01
2.965905333732196114e-01
5.420436009592830562e-01
3.561084690145956411e-01
-1.264287419652568301e-01
-1.041624721247124546e-01
-8.775093932470261482e-01
2.041839765361116166e-01
4.735153889050646714e-01
3.355057832901622294e-01
-6.535044615177727388e-04
-7.330854650213709522e-01
-3.823493375989738263e-01
-1.434979538306565272e-01
7.076862027611665606e-01
-4.651204626329868974e-01
1.846744331667241334e-01
-6.100800555693646210e-01
3.432321636573244517e-01
-4.637917826789353937e-01
2.647055550505332810e-01
-6.280659525157459289e-01
1.073670803737031137e-01
-2.155619936358908195e-01
-4.493715964131653542e-03
3.789596139764587202e-01
4.284857108488466793e-01
4.736974749680102903e-01
-3.040580481383793332e-01
-2.051492390603107951e-01
8.715990776552522412e-01
5.146705612932404028e-01
4.633179583810898006e-01
-1.291766096389360963e-01
-7.326082397639970267e-01
-4.708346898640189404e-02
8.384566418935925913e-01
-9.437580286287597930e-01
5.947350137069967735e-01
5.262285525139760445e-01
-2.566468260638889443e-01
1.375143679903894633e-01
-2.451513379794267866e-01
-8.465075270115741263e-03
-1.398171453547387144e-01
2.906369777480022343e-02
2.113024338522385137e-01
-5.486454874559264505e-01
-3.030354180016172072e-01
2.802316271543592863e-01
-5.313436083851977854e-01
2.774514884715200136e-01
-5.127845661851615500e-01
-1.228387496851249261e-02
-1.853276645273481404e-01
-1.569634967991468399e-01
1.231336545590633602e-01
2.622635132081675979e-01
4.917522982847487012e-01
-8.709327550242892957e-02
1.821902626139478010e-01
-2.697402412700803387e-01
6.477342275785299419e-01
6.462406125855857386e-01
5.261629683679128755e-01
1.925092626275338725e-01
3.829944353948306901e-01
5.494109643595442849e-01
-6.252673997285792540e-01
-3.580821424442682810e-01
-3.877738414172167136e-01
-4.313250009474720592e-01
-2.087952567238608725e-02
2.131629546937156561e-01
5.392446857918946623e-01
-2.660387277196906569e-02
-7.430392574848742049e-01
-3.696269605638499156e-01
-2.337488805247874279e-01
3.830983764441174277e-01
-8.001134915520635715e-02
-3.437782513620794844e-02
6.032912826061725270e-02
-5.684553866242072484e-01
4.051346760189911689e-01
-8.828239051344211746e-03
1.994648391114694774e-01
-6.518732424026985051e-01
3.061508975616884093e-02
4.539849584056085963e-01
-3.369712683053160962e-02
-7.144652943039647708e-01
-2.597869213142052769e-01
-6.144189315139364505e-01
2.231377626091904653e-01
-1.155855179389373433e-01
-2.985756120000467861e-01
-2.901768946452882858e-01
1.669683921893694301e-01
2.371847246325876069e-01
-1.200247915958889966e-01
4.947824953099962952e-01
-3.730177358886740263e-02
-1.889649282813473108e-01
-7.064906045592888040e-01
-4.550063915686953231e-01
-5.544734508605728696e-01
7.818370857338182711e-01
-2.190054309214931050e-01
2.373344411775512308e-01
3.871511142443925801e-01
-1.745817293087349176e-01
-3.031148063261109304e-01
-3.484958502711460460e-01
-3.317589721476628117e-01
2.843563784574309472e-01
9.240414309459760167e-01
4.274122895437162395e-01
2.396429990162435852e-01
4.815864245327801108e-01
1.301419986658474415e-01
2.038005346810811136e-01
-3.986770977560317730e-01
5.498471307853365353e-01
-5.932231174637911941e-01
-2.733509506595207528e-01
1.670368609653299918e-01
1.477427141172723279e-01
-8.162485745433687434e-01
3.875990871898456480e-01
-5.351247171050568241e-01
1.428436172736093357e-01
-1.520824116062584053e-01
-6.607532212310814890e-01
2.601165248894324877e-01
-6.085615327597213575e-01
-5.317030260737443115e-01
1.643283663248834015e-01
3.191282897529124085e-01
2.123617592317766367e-01
-6.767388912647411825e-01
-7.129188652387316583e-02
4.737575225861650335e-02
-5.123227007037048919e-01
5.857021690595773933e-01
-8.358357354610004841e-03
-3.677309364581079487e-01
3.287480112004928512e-01
5.386323617384028428e-02
4.762178279614602827e-01
5.391583228820321372e-01
5.845354270033527311e-02
-1.475378881745269544e-01
2.075681552092638049e-01
-7.630893649646286470e-01
7.652607055542668402e-01
-8.899551670737857467e-01
-2.501745669508531264e-02
3.026194629222940247e-01
1.926338628036683986e-01
-3.315031704313636252e-01
1.774145236576024354e-01
1.167284106451207115e-01
-2.473061449167529013e-01
5.243609894677332406e-01
-1.078817376447704091e-01
7.804915075473390917e-01
8.330700552244962864e-01
4.964785116288205069e-01
6.695727939074614943e-01
-4.879383803893210247e-01
6.749333151963331501e-01
1.634696506460967813e-01
6.863016308672303945e-01
-3.836025265459473421e-01
-2.990778300704486359e-01
9.659897380755297358e-02
-2.273687337437144823e-02
6.080415933973408738e-01
4.185737366524975300e-01
-2.143708710409669704e-01
5.547414828171295387e-01
-4.053254858797431526e-01
-2.728146695003911271e-01
3.340607918836173695e-01
6.398751596879392878e-02
8.873518073583565036e-01
-3.765709009289567311e-01
2.521917133571660585e-01
7.078127751115591282e-02
-4.225613339074587582e-01
2.983668264921727209e-01
-4.619560215193273534e-01
-4.103203354750616927e-01
-2.597974064373130207e-02
2.724455790347368733e-01
-1.042930506013887287e-01
-4.246044242721588174e-02
-3.918366412143722832e-02
-2.355173001604271565e-01
3.943779337368606974e-01
3.100870543557076447e-02
-4.947016576451326308e-01
-2.864236484927905613e-01
5.082276245165756601e-01
6.365548690430062884e-01
5.986712351018137479e-01
1.597997980906907534e-01
4.166810563004140211e-01
1.112462534988290508e-01
-1.274908541497845327e-01
5.145111710478539324e-01
1.752445384208668189e-01
-4.686060838160202024e-01
-4.902705655149356412e-01
6.964490816750354973e-01
3.237715769173784008e-01
5.253230437134241010e-02
-4.560092178390043882e-01
3.040290370993726787e-01
-7.174296642299041737e-01
3.860752315328151996e-01
-6.903863235965426726e-02
-4.386556466531898457e-01
-7.361946161022276947e-01
2.486759755276761186e-01
-3.289614834699138707e-02
-1.044793582601874216e-01
-3.274234163692543720e-01
5.026945272395026976e-01
1.107247583948405140e-01
-1.579293959095172672e-01
3.247271812868170876e-02
8.187988771191679893e-01
-2.541804589094761035e-01
-2.825527806486294313e-01
-5.195967601811223302e-01
-1.691837326609179626e-01
7.990316234548832108e-01
-4.368094495700977631e-01
-7.727461198905599682e-01
-6.793931402694970423e-01
-5.444845524526452651e-01
6.379088658103190257e-01
-1.904061095972724715e-01
3.910068074279580697e-01
-2.956716075515718467e-01
-2.929832111231057690e-01
4.629944476293084143e-01
-1.133228830947232146e-01
-2.521691708399954601e-01
2.950501051388390583e-01
3.133915080181725599e-01
4.521225183918041457e-02
-2.943665577371636921e-01
-3.983227449677286258e-01
1.356962707590725070e-01
8.574264770651118805e-01
1.134888795794117555e-01
-5.682831821265447170e-01
-2.361801256115658165e-01
-3.651461997051312913e-01
1.261358595281676098e-01
-2.684233740132550006e-01
2.003771971090426429e-01
-3.296285460561022007e-01
-4.791924557824115416e-01
-6.068363157043998868e-02
-4.959333966422206919e-01
-2.320642737120463539e-01
4.834679731341008369e-01
3.023796256129099858e-01
-7.663199771398517823e-01
1.279543395192717092e-01
-6.239703521910554967e-02
-6.973965070222230313e-03
8.186099453122286373e-02
2.148912741936744308e-01
3.358555011487528441e-01
-5.650378463364148784e-02
-6.179340841329526712e-02
4.324420858693763803e-01
2.460947599244824868e-01
-6.463939462959404636e-02
5.424776985447349320e-01
-3.100041364492681639e-01
5.141936265395479211e-01
3.290011735812705118e-01
6.821584861583785964e-01
6.031673489445443792e-01
5.879664262688569787e-01
5.753505783689635278e-01
1.472431057180329517e-01
-2.742075635094783775e-02
-2.063633517576727305e-01
3.830998208640384317e-01
3.157199299471183385e-01
6.032417186352861949e-01
5.673722811406668454e-01
-8.923425628458060699e-02
-1.361422660086752667e-01
-6.622509468782710185e-01
-4.615876040118706558e-01
2.387399615099101147e-01
4.867655830614785462e-01
