-3.035198846929086924e-01
1.993858488442340482e-01
-2.329437590826912985e-01
-4.970210630139302310e-01
-3.163734651158659483e-01
9.050288622165914010e-01
2.039918762280206188e-01
5.178097148455216292e-01
2.449381102976532776e-01
-6.416843898097133181e-01
1.689906927588947227e-01
4.297658177138089647e-02
-1.501440094818594362e-01
2.401222708655393057e-01
5.207265219282709579e-01
-7.196445925454021397e-01
2.002772622586524165e-01
8.667837294184377317e-01
-3.105375771457137279e-01
-6.579408807889935984e-01
-7.725587074595045012e-01
7.694984228808361693e-02
5.119852232618536947e-01
-5.172216080234555424e-02
4.235447389411714503e-01
-5.117814242806259517e-02
2.348767799837972459e-01
-2.915915917828802995e-01
-4.997318841294236258e-02
2.753671031249870782e-01
6.559320194070031307e-02
-6.520720802741233335e-01
1.494412159064320844e-01
-5.040843397569425011e-02
-4.601516958275516100e-01
9.502258364509351407e-02
1.408397353712522726e-01
-3.292272049611013607e-01
-2.062143563777206756e-01
3.047122514002130744e-01
1.938404899988564467e-01
8.113441982281600906e-02
5.659960018273629823e-01
-5.384704024500093222e-01
4.029635220731025980e-01
5.239441752360326499e-01
-2.586195565473030644e-01
2.969243191895842848e-01
-6.681705330374382301e-01
-7.199003084702013666e-01
4.182281009084578560e-01
8.450027171914401558e-01
7.246436051328983829e-01
2.860439827877739316e-01
2.932228862531132130e-01
-9.793734171572668346e-02
-7.001253030120901943e-01
-7.443832138950735589e-01
4.677461369724946194e-01
-1.574232989399468874e-01
4.785719535855340913e-03
-2.441612366235465514e-01
-2.557009738322600922e-01
6.292791781241874327e-01
-1.212307323360723721e-01
2.610258124112934675e-01
-6.611085226789842340e-01
4.980596034181119514e-01
-2.751528130898520663e-01
-2.989901446778410743e-01
-2.159681376840612010e-01
-6.363832161709087609e-01
-3.043592630077314176e-01
-6.051384975515010645e-01
-1.497551785679295533e-01
-6.844847294192716314e-01
-1.583114113556654406e-02
2.091251531182758416e-01
8.297905408843626873e-02
3.119655009753173613e-02
-2.438568567328713299e-01
5.435033415689374259e-01
-1.370791158302049340e-01
2.344156903678313864e-01
-2.350599143260886370e-01
-6.500584089706429314e-01
-7.238775611954442746e-02
-5.709209009473312779e-01
3.615671167836643773e-01
4.246062728194726077e-01
3.986693791879554194e-01
8.493297457567512421e-01
-8.289474645692802568e-01
8.879278780839305885e-01
-2.387304277347101350e-02
-2.035713250463047075e-01
-2.039154798564703497e-01
-8.329426402977935240e-01
-2.495654842480476698e-01
4.559411939841670480e-02
1.394451440661998720e-01
9.168219446074862278e-01
-5.505546725168500855e-01
-7.229236251860582385e-01
1.246902590232138730e-01
-1.041085937610962964e-01
1.635613232874663300e-02
-1.921167741842017274e-01
-3.537478843773177450e-01
5.670996365000554595e-01
-1.469669582107692718e-01
3.347461791125924679e-01
-7.336070767752445043e-01
-2.365239232848400097e-01
-2.487193715956055318e-01
-3.274851870567162260e-02
-6.661044605262546048e-01
3.705053127570636651e-01
-1.065341229066103373e-01
-4.887188877453791380e-01
-6.598972838088594528e-02
-4.557898014692730593e-01
2.899194302080914110e-01
-1.497114205579665180e-01
-4.034636213097324009e-01
5.436313139734897382e-01
4.107339816279476641e-01
2.984813275537714916e-02
7.928720892016840605e-01
3.135348480281678896e-01
4.349597721206845957e-01
-2.204213835459688520e-01
7.524995354254367108e-02
-1.993257650279749854e-02
-3.776562728467620089e-01
3.242719891588835557e-01
6.338333299718469649e-02
-3.370301033590266115e-01
3.070234740114581307e-01
-3.919631066217337256e-01
-3.892168575617811488e-01
3.875201132017401795e-01
5.304623332818392267e-01
-4.109046048395710304e-01
-3.409558763293385562e-03
2.557238263679079138e-01
-8.800863667680369762e-02
-1.318236771890154702e-01
5.097314051203050145e-01
2.262445770012317114e-01
-1.911654423856256058e-01
2.208476172606616272e-01
-1.025142059271172551e-01
-6.061388620990861842e-01
7.454353745679325183e-01
-6.466024096551776790e-01
5.026552290868400164e-01
2.331949983226294099e-01
-5.199152009688134957e-01
-4.728228812357950783e-01
6.318549138528772868e-01
6.572839101335531398e-01
-1.214437472969297355e-01
3.800808379619245031e-03
5.454463310839815504e-01
6.106575808447665121e-01
-7.795681737308186865e-02
4.658163046098052207e-01
-7.825146217898117929e-01
-4.036955180374472429e-01
5.922298064057067435e-02
-2.415074946031701142e-01
6.450263493908596768e-01
5.645623503962593492e-01
2.326207122478809453e-01
-9.395552612748467314e-02
-7.713519493231495439e-01
-2.822689733065130158e-01
3.433360194105373742e-01
-4.695488272065637680e-01
7.954184504330537031e-01
-3.106367038169970396e-01
-5.269470347555433865e-01
6.153655502533370569e-01
3.895641886025782430e-01
-3.496434379285906502e-01
-8.479339562043956002e-01
3.736001566435369625e-01
8.608345352823174590e-01
-3.311777722024313309e-01
-4.486110061719758013e-01
-2.594523080378270397e-01
-6.952678827697249542e-01
4.879995178370673536e-01
4.100062843539385993e-01
4.677178804391202704e-01
-2.096283244532275436e-01
-9.661989367064732076e-03
3.934311256416915814e-01
1.892085854563341218e-01
-3.565195775956956914e-01
-3.088389205720303288e-01
1.191114839557333854e-01
6.527848637123635500e-01
-4.437668481813031862e-01
3.934913336159310826e-01
-5.933884701781726445e-01
2.218600638942581083e-01
-3.360787080169072016e-01
-5.431627192469973275e-01
6.754213491426526161e-01
-3.998417734635822951e-02
-5.320782944184243579e-01
9.904474044387749643e-02
2.199127407118683375e-01
1.288357644181282735e-01
-7.312205580591437659e-01
3.263860597136909736e-02
7.458708793302984974e-01
-8.525090772510317272e-02
-6.874905654787171194e-01
6.317694687365713602e-01
-8.308650870808462763e-01
5.125093156494083813e-01
-2.955638470988280475e-01
-7.878165350267821165e-02
2.517543832055716968e-01
8.689163456578061218e-02
-6.744216500296551509e-01
2.529404067146600599e-01
-2.638475595936277673e-01
3.589364230517587684e-01
-5.666094689384783001e-01
8.077603462602424289e-02
1.397102968449199789e-01
-2.033684056169555443e-01
-2.082994443911802551e-01
-5.964245084759219884e-01
2.287713025504020670e-01
7.929564177908869638e-02
8.966108423796179672e-01
-7.921756617719066806e-02
-6.375874901191506128e-01
-9.389005186238612299e-02
-4.538039383708204477e-01
6.931598385000468099e-01
5.562391853976569878e-03
-2.890766482031013607e-01
5.345575606148149639e-01
-4.223059869976587659e-03
-1.413699074670947409e-01
5.539421544537741493e-01
3.918448561052504386e-01
8.711014062173727535e-02
-6.504174131016824401e-01
-4.880443478409623916e-04
-2.517878899079745159e-01
-4.997329972100354456e-01
2.809990471222495456e-01
1.984330966231633714e-02
6.885785089739675513e-01
-6.100549780052360038e-01
-1.786254566409534728e-01
8.538573549897308934e-02
-2.697222807967488145e-01
-4.178675480469092041e-02
2.413409860518341832e-01
-6.271399059316271618e-01
-6.667591603959721613e-02
3.477262177419510047e-01
1.241382275867186635e-01
1.174682327695463352e-01
1.653016324877941701e-01
7.854176010435427457e-01
-7.623544945896745251e-01
-9.649818964044591940e-01
-7.488102190712223605e-01
-3.223482033884740861e-01
5.143044783301937706e-01
-5.480091569513667604e-01
-3.441671089575892295e-01
5.104871367917407365e-01
-3.247246082870490491e-02
-8.096866104297555378e-01
-8.128373011561509376e-01
-2.756779209891289661e-01
1.040750022192224733e-01
-1.631888712498555383e-01
3.007115585231681099e-01
-5.121277340281613077e-02
2.092007657027690204e-01
7.307128895627359455e-01
-3.128712254517870273e-01
9.239396969356276912e-02
-4.319038961210766026e-01
-5.349955014805454212e-01
-1.905507273054405926e-01
1.120046910586295769e-01
4.238810132434286393e-01
-7.621853777070044522e-01
8.298238602457801427e-01
5.083296735539772904e-01
3.170886345370602655e-01
7.767301848142009746e-01
1.628260386453047603e-01
7.928683331232819764e-01
-6.869170274169983381e-01
2.716434844721269878e-02
9.870442811014085160e-02
9.251430325098556340e-01
1.073887448810438017e-01
2.344410568739159206e-01
2.430167717533589233e-01
5.238865990706077502e-01
-3.760293998311542429e-01
-7.321407356954118262e-01
1.614660850797772218e-01
4.844555762151185607e-02
-4.471934250862544813e-01
2.203299452008219694e-01
2.870665452387707317e-01
1.047958053629278186e-01
-6.569050929667445970e-01
-5.769087509997050667e-02
-5.683124148341638371e-01
5.139532853287073211e-01
5.515705596566209401e-01
1.666985759821271174e-02
2.222330419358022890e-01
-6.828051494311724312e-01
1.619767911295714180e-01
1.570058894672495819e-01
-2.681023720451791714e-01
5.465973841012020662e-01
1.247251607501296128e-01
-6.509619603314249492e-01
5.653185990279097073e-01
-7.915459680339386184e-01
-7.535372219796143689e-01
-5.648400558600502608e-01
3.954315501376833852e-01
-3.152384926717066715e-01
8.052343287720566956e-01
3.960915483918892588e-01
-3.235113608282446096e-01
1.099580804737771561e-02
-3.600309561609360554e-01
2.149595857162128199e-01
5.261461384002804609e-01
-6.271874267105432832e-01
6.035452362082786848e-02
-8.548669919694723562e-01
-8.265764641791845113e-01
-1.448941627012808320e-01
-1.764588945846511658e-01
-3.008331204773690981e-01
-4.464971974572801150e-01
-5.808380959781114239e-01
-8.173288707278301146e-01
3.152553684868203421e-01
-1.018749527401968669e-01
9.688205765345964116e-01
-2.534197556446425859e-01
-4.971040064305713990e-01
5.362225015375606807e-01
6.593126083013228778e-01
2.237631166369737912e-01
7.610893509179885719e-01
3.857303623056309583e-01
-5.915446894370930409e-01
-8.450701959476000225e-01
-5.819605110402981119e-01
-7.380648852179159114e-01
3.213638949334023387e-01
-5.511589292276044549e-01
2.393570016369202524e-01
3.089936648421395815e-01
2.916817799081409257e-01
-4.228240355634151904e-01
-4.206781225125684753e-01
1.054048859587221054e-01
-3.607375960454487496e-01
-2.295960938735101819e-01
3.937678390139171536e-01
-5.852992798380663997e-01
-3.444425227325351169e-01
-2.708371314844860156e-01
-1.975762955153172462e-01
2.673631489802806294e-01
-4.793500042701275277e-01
-4.685247785274686549e-01
-7.959979352079489257e-01
3.440622838248036386e-01
2.587047051603083014e-01
-4.292949045865243618e-01
3.243935114171143247e-02
-3.149945517547553253e-01
-1.913082024315485019e-01
4.945688603179997367e-01
-9.840572212544002051e-02
-6.078290638524224132e-01
3.109410518074406937e-02
6.376106509246327880e-02
4.370932243602907996e-01
7.998969188454849721e-01
-2.335320295942399094e-01
9.566120487359657254e-01
-9.431259816775322546e-01
3.634330245189202890e-01
2.844902923849855769e-01
-3.074767968671918150e-01
-3.581453342395941181e-02
-2.585304361636952541e-01
-4.685758146831951743e-02
-5.983411601710444394e-01
9.809769106380490655e-02
-5.556571754126844453e-01
-1.302557406833847742e-01
3.256150250346213082e-01
-2.008923447536476725e-01
-5.746795319623921872e-01
-5.323277020841229445e-01
4.367247504487449528e-02
-2.419766296654391191e-01
6.330749007870271061e-01
1.204087844093516407e-01
-3.669942122829540354e-01
-7.670836867248663760e-01
2.650934856640698167e-01
-1.486685193655312431e-01
-6.567084806576427569e-01
8.412854292760276742e-01
1.014167574008197903e-01
-2.229498875438717942e-01
-2.882302739396488400e-01
4.761345847991584890e-01
-2.661912758427341652e-01
5.854137425066239242e-01
1.877050924454811143e-01
-3.703434834448744994e-01
6.057732689959882677e-01
-3.953552520161432993e-01
6.276944693323691649e-01
3.951298401166689067e-01
-3.803855881534471406e-01
-2.289766555656717606e-01
7.785980657882100031e-01
-6.368535719199204248e-01
-2.685879049955931797e-02
-4.735536464488658837e-01
5.781515209874992234e-01
-3.582060084317315596e-01
-9.298566106440653289e-02
-5.776603691803500890e-02
-1.274557406261172532e-01
-9.587555035470401998e-02
2.329698336138764578e-02
-4.348177778746886157e-01
-3.912907738542327207e-01
-1.079309878959069380e-01
7.047409945611723958e-02
5.866296004812920906e-01
-2.778742670759183908e-01
2.595105724576017292e-01
-3.332212365612872706e-01
-3.793185718035892995e-01
-5.736064596083583211e-01
-8.708439205997188237e-01
-3.133445284063051620e-03
5.196534330623147069e-01
5.040003376361508192e-01
-2.810953936409663623e-01
1.002918985453243594e-01
-7.726338858006803756e-01
5.165682002010842794e-02
-3.836102623458188116e-02
-6.736038651672955346e-01
4.715797427036938494e-01
-1.697886737683461933e-01
-2.179628587772301507e-01
9.791037010010686381e-02
-5.460135848298669492e-01
1.611742280477639899e-01
3.339715977843386030e-01
1.454998075954198888e-01
2.144513945133605937e-01
-2.417678882707526289e-01
2.148780420240544442e-01
3.953414092645440164e-02
6.553495744731536732e-01
-7.697609049203993914e-01
7.176549316856185579e-01
-6.877882360495578551e-01
-7.300604834097621509e-01
-3.103609419723299401e-01
3.369278141721786524e-01
-1.721406391478802200e-01
5.069307580120359091e-01
4.557755108196542837e-02
-4.720478255063459971e-01
4.865187674226002512e-01
-5.160173444196880510e-02
8.901278791086995046e-01
1.886067600430880314e-02
5.587058652182916307e-02
-3.898331753481151796e-01
3.925526426266669894e-03
-5.447911982570490252e-01
-4.664759772576548280e-01
-1.616235653768453018e-01
3.397795061094011637e-01
4.622743291520328146e-01
-3.502182948711285437e-01
8.488676687133550613e-02
6.639958951582779489e-01
-2.667819277965749469e-01
-4.564374849249508981e-01
4.023289860529911111e-01
-2.729865827865403660e-01
-2.351406456735800621e-01
6.504331397260679770e-01
-2.856702493919293651e-01
-1.678004356403367536e-01
7.096607153754984354e-02
-6.105358905807238834e-01
1.142394274422392775e-01
3.569703577149805351e-01
8.197181001769335285e-02
2.185483544432976211e-01
-8.938376345990613203e-02
3.671827675945611436e-01
8.023375890173478631e-02
1.699117200042067899e-01
7.712845361823264523e-02
-4.507495562870758032e-01
-3.414417152254024534e-01
-6.469474555656113957e-01
2.631668518594859618e-01
3.755559189767713746e-01
-1.411246019932722862e-02
-8.989607917805515769e-02
5.845949933803270548e-01
-7.550417033972992020e-02
6.673375562945359496e-01
6.299186650436403578e-01
2.080369329391608679e-01
-6.042264631817437781e-01
-2.113646000709914208e-01
-3.935522544692190983e-01
5.649179844670830786e-01
-4.499416509573395118e-01
4.439233523651230917e-01
-2.246468451339195538e-01
1.895272960123205175e-01
-4.564792652927994465e-02
-3.199811970434850439e-01
-1.873596777818770653e-01
-3.888176207906509640e-01
-1.601328787229514342e-02
-1.417136397552913041e-01
-1.998039210465132332e-01
-4.556731461922743365e-01
-2.279867456533885561e-01
-2.828279900182269491e-01
9.411289348099842744e-01
-1.642225291697365919e-01
5.489470195891779092e-01
-7.821625388011761437e-01
-3.552963855408531463e-03
1.359820857833817787e-01
-4.107359224274971243e-01
-1.233466065514543242e-01
-3.227488544619235844e-01
-3.663284746730956221e-02
-2.633929483229485724e-01
2.401296669593790956e-01
3.895026949154103413e-01
3.582355369601173400e-01
-2.254290625377565194e-01
-9.473589127234651741e-01
8.087693518379310831e-01
4.971152973073735271e-01
-5.378235648699152271e-01
-3.306859420408924527e-02
-5.437144902972778082e-01
7.510612187922767191e-01
-1.519350343795544400e-01
4.325748672453178512e-01
5.646169880933833013e-02
1.329896987802828834e-01
-4.047256283532683074e-01
6.802300992603826923e-01
-3.544821592187896719e-01
-1.758739196869890942e-01
-6.113091141425047725e-01
4.449907389357024012e-01
4.672817996632970261e-01
2.562458372367303894e-01
6.354920858290620256e-01
-3.661983769043914982e-01
4.138381624601004116e-01
3.893886371822000703e-01
5.122061126290391314e-02
-4.479077610391842823e-01
-6.701242216126402917e-01
-1.803700655762701388e-01
7.630951087184625371e-03
-7.344654534779436750e-01
-7.383034634390418516e-01
2.649657297234915276e-01
-1.764556437651446652e-01
-8.364709748662899624e-01
6.853112407397534689e-01
4.749796150806754325e-01
-1.844168181194517364e-01
1.872534043122089376e-01
-6.312840687265222073e-01
2.863717529971953613e-01
5.671515930146987516e-01
-4.594924006262623428e-01
2.713902765829615538e-01
1.162124011134936796e-01
3.096946809762772812e-01
-7.923087952846347148e-01
2.321169433921303760e-01
7.937584587358831323e-01
-7.095692872981029277e-03
7.520996181544675752e-02
2.547657670303138389e-01
8.771284886725569385e-02
-1.162698253184633462e-01
3.708502225579580758e-01
4.967636901966058782e-01
5.287879345686258281e-01
-7.948494167514905673e-01
1.988745629944198290e-02
7.423484330031864253e-01
6.327907927801004195e-01
-5.977967418397871213e-02
-2.160772858114494710e-01
5.857426653401776734e-02
6.429659051413585402e-01
7.253012991414649058e-01
3.256298506910710877e-01
2.663538238710310702e-01
6.467661998119702549e-01
5.510395500928767509e-01
-6.045040886862586005e-01
3.976145378795565843e-01
3.553466345173630914e-01
-1.289786159138616925e-02
1.804262423234383739e-01
-2.379416925645679859e-01
-5.996351358304357476e-02
1.720841122564813197e-02
7.037251808868898451e-01
2.636858613510665861e-01
-1.767121848264113504e-01
4.881472564580586759e-01
-4.317003377871195258e-02
-2.052270193889658700e-01
5.146178830473988747e-02
-1.092565625006819419e-01
3.440957856981222140e-01
-7.834206231977284274e-01
-7.107352876648583839e-01
7.708085255784327128e-01
-3.393970082574951919e-01
-3.710279313541553492e-01
-3.895719808037751974e-01
1.223883999534570721e-01
-5.952242314277046420e-01
-1.272629291263435714e-01
1.517431244999935536e-01
-2.347876124363400541e-01
-2.694447778451993791e-01
5.668407842619378467e-01
-7.142236891063133974e-01
8.649464973846539007e-01
-2.362859018230769603e-01
3.852011953872384042e-01
-8.980286428968958790e-01
-6.910342628707356882e-02
7.271717254566905098e-01
-8.991778605715377015e-01
-5.127610619443510043e-01
-4.381606009174180971e-01
-1.026140564162975610e-01
-4.660161257973882004e-02
7.408733762714587723e-01
-4.862832942011535153e-01
-3.141121707487964931e-02
1.634813633016532208e-01
2.915445260967276520e-01
-2.907884085632059801e-01
9.548510550458673418e-02
4.217681638130453270e-01
9.207724487957493764e-01
4.840736058964392741e-01
-4.071961900615597707e-01
1.890963861907504762e-01
7.333580702618865133e-02
3.244499285044951664e-01
2.578113756537224743e-01
7.377578239243083313e-01
8.139120019798355976e-01
-3.468002088765714808e-01
9.534250137582447326e-01
-8.367826469705041958e-01
4.164925017949187569e-01
2.056261481226754340e-01
-3.043365489042215710e-01
-7.613800723459260844e-01
-2.981977122345493836e-01
9.431481393333788210e-01
1.720143136813148954e-01
4.401705607079308136e-01
2.584100539697811727e-02
-3.309419136760074487e-01
-1.313791419133432392e-01
2.047901351495788613e-01
4.569617337071629759e-01
-2.515519666539988708e-01
-1.173364942061398131e-01
7.099600551692875072e-01
6.539866340189115501e-01
4.953612052014788603e-01
1.035256840988740996e-02
4.439260503029668348e-01
5.157244437260948278e-01
-1.346935843905708585e-01
-5.093585451284833310e-01
2.486926783073467040e-01
2.574344611116357040e-01
8.237663149136466023e-01
2.815610293547989307e-01
-8.666065729121830152e-01
-2.094721184296640393e-01
5.113674876433393912e-01
-4.911440030706569759e-01
-1.271307882654544585e-01
2.782016851817883385e-01
-7.549893284057553888e-01
2.616192268704463642e-01
8.311421420596033088e-03
2.623353291800463172e-01
3.483036230043207726e-01
5.897315457029659314e-01
1.831398528386145308e-03
-5.129702544091374605e-01
-7.224938083532659316e-01
1.975858516826373423e-01
-5.268941158497590926e-01
-1.441657756545126068e-01
-7.713278680588402381e-01
6.531652273752759641e-02
-3.632252232985639928e-01
9.060832005451563420e-02
7.187210560783241498e-01
4.329039519003139436e-01
-1.247190398811341347e-02
-3.117469365724314656e-01
-3.716672578168988550e-01
-4.954658695093300258e-01
-5.390656279595767986e-01
6.432836222041775631e-01
1.072775267302741864e-01
-3.609060834157090669e-01
2.885525444170053411e-01
2.195254982213958317e-01
5.389308721941921121e-01
-3.178902498781529529e-01
-5.440332625782235976e-01
-1.029349085757174098e-01
2.483311569893892068e-01
8.859378497198195923e-01
1.048880338253243283e-01
4.738527937008496504e-02
7.216229277791355590e-02
-3.224805992217316675e-02
-3.782783882094163941e-01
-7.212990270837063012e-01
9.242987861946169170e-01
-3.042353074406775049e-01
2.334495369360621228e-02
-3.132752356738099930e-01
-1.180596997432322159e-01
-1.843354895068448629e-01
-7.987054714887119600e-01
-5.236347115731157867e-03
5.879878356410155327e-01
3.426870685692825491e-01
5.962448808317031279e-01
-6.045743317007523654e-01
-2.148185062024691727e-01
9.108346936717897080e-01
-4.512958019146971478e-01
5.084365259447200941e-02
-1.407363109165858106e-01
3.968260129971827310e-01
8.864609413925275683e-02
1.449420246479194707e-01
-7.737389298051589037e-01
-6.928417295801965192e-01
-1.794420368452581127e-01
-5.107202690435097558e-01
1.862424826463743299e-01
3.686142721547265300e-01
2.264700941524114830e-01
-5.235299383690654729e-01
-7.926123896355914689e-02
-7.058239179581420053e-02
-5.770080761035609185e-02
1.084187256103517349e-01
4.888001731245142922e-01
7.254438267823515307e-01
2.200390988107175372e-01
4.124671486103133056e-01
-4.482953719951013882e-01
4.909765130021453983e-02
-4.874052395499894885e-01
1.803005781570488630e-01
-2.234046014325076490e-01
2.295562555676128880e-01
4.793783577976306609e-01
4.029857065983838416e-01
-4.019891996035240833e-01
3.714568989116886488e-01
-2.531785031454917845e-01
-9.822726281020106864e-02
-6.945925860266238816e-01
1.764353531422602206e-02
3.719191567669449250e-01
3.929277633305238160e-01
-7.093412300628778588e-01
1.075650845756278562e-01
7.349777915445752097e-01
3.013191023790596779e-01
2.073767435926749392e-01
-1.198771911002762813e-01
6.953555524262328147e-01
8.690276887286401131e-01
8.134058956890372061e-01
5.038703247962807996e-01
-1.792098556417911492e-01
1.340024130238575417e-01
3.848273540069234722e-01
2.074440478981975922e-01
5.138539442637415355e-01
4.756529621367856508e-01
3.718144547935073874e-01
5.424449475522492570e-01
1.247007678500738626e-01
3.282566144426728449e-01
-1.459857533703780019e-01
5.184714195825622651e-01
3.763810691228859362e-01
-1.820692516431673125e-01
-2.099615223041594037e-01
-9.628840127642748770e-02
2.396484434850683354e-02
-6.455371695316218794e-01
5.908094439635752648e-01
6.594080486660462981e-01
1.352099628656124042e-01
-3.251796877266820429e-01
3.806455852345182189e-02
-3.868545893984672857e-01
4.361162621367886127e-01
5.877867751709353605e-01
-1.939868613602247632e-02
1.910980369811840218e-01
5.038930668242111999e-01
-1.957743911186083652e-01
4.103422607855605198e-01
-1.501386402232711761e-02
5.390514402463671140e-02
4.734327393538219075e-01
1.611010103600585830e-01
2.454156170838525108e-01
1.110994046596233825e-01
7.685144059058910404e-01
-4.458814281254981637e-02
-8.953506218077225687e-02
-2.622263881343105396e-01
-2.588898507898763635e-01
3.650126631654330989e-02
-7.465205561130318079e-01
8.842792996366375391e-01
5.529894055262687402e-01
5.771464986515594253e-01
-5.324952419594618513e-01
4.221531503065845681e-01
6.247138100828181911e-02
3.282946110268739615e-01
1.370328984324703236e-01
2.497709524452592922e-01
-2.840033424268880724e-01
3.135564888669709060e-01
2.771477373582630355e-01
-2.739728798217947459e-01
4.185772533676264118e-01
-2.025601766544876114e-01
7.136047516987922279e-01
7.177090542513956395e-01
2.118646017610728849e-01
-1.205841065875527529e-01
3.357560283713416083e-01
-1.037312141449038723e-02
-4.138037006132172513e-01
4.150187318987726415e-01
-4.664464120631119926e-01
-2.728510558109493167e-01
-2.346526634846172743e-01
7.197834961926168340e-01
8.992880742406380579e-01
1.808846913504339460e-01
-2.592354794378105565e-01
-2.877021973848248315e-02
-4.291276313549909349e-01
4.442801970841581682e-01
9.613444482406637848e-01
-3.038486990692381151e-01
6.830731048263782856e-01
-4.189707474327776238e-01
4.485657194157787186e-01
-3.447601145257256916e-01
5.448333733057361128e-01
-3.245124874378269575e-01
-5.542891195005313909e-01
2.334563207759024484e-01
1.757763097541027442e-01
4.024265462960638362e-01
-2.085520671297149409e-01
2.067266605746113581e-02
3.495913467665833219e-01
5.364190822568603023e-01
3.342028111700339754e-01
-4.991445058266278934e-01
-2.644542711361003162e-01
-4.507531378596019156e-01
-6.319178819104098732e-01
3.297452469001350139e-01
-6.840067416116112076e-02
4.918821848445772971e-02
-1.663653602983257707e-01
7.992151196241594757e-01
-4.038225471235767361e-01
1.768742529252625290e-02
6.260746617647713341e-01
7.889708027133253143e-01
4.761510738051491498e-01
9.834122083071075715e-02
-5.658982719733811617e-01
-1.116049109791753258e-01
-1.094285442644793160e-01
-1.259545137122638769e-01
3.357258430560602358e-01
-1.286150121563574833e-01
-5.697951038660975520e-02
1.217417451864573896e-01
-3.830726313998124022e-01
4.218604808444156307e-01
3.267548940701807125e-01
-4.251471954067700398e-01
2.926184673497254085e-01
5.752051599302597795e-01
7.808921923903007212e-01
7.793010867170629963e-01
5.191181814914646031e-01
4.326945802735645552e-01
-1.218502935622297195e-01
1.645625982008807053e-01
-2.194595328862612715e-01
3.405229911134243226e-01
-6.476789879228517233e-01
8.982180712457799032e-01
8.387527035488031579e-01
-7.697972342843098503e-02
-1.579146057470878772e-01
7.448229305739137995e-01
5.002152347358069795e-01
4.065664024145159150e-01
4.909358496724698373e-01
-6.312676115105518571e-02
4.458800223107198812e-01
-6.111308847156049495e-01
1.425958606666592916e-02
-5.650940863389438684e-01
-2.165783647491312247e-01
-5.166054331752542028e-01
-3.487034163371268564e-02
-7.464169815089545246e-01
7.022698927467327934e-01
-7.084857851670822715e-01
6.523229745457200801e-01
2.354899253746599586e-01
-6.493757335392380536e-01
6.178789527988065577e-01
-9.746392905044070076e-01
2.462446521753257067e-01
-1.660430288481104799e-01
4.817391459206897819e-01
-5.161513581516294913e-01
2.549878294429232528e-01
-7.719897642213838229e-02
-6.296290770289755256e-01
-1.338018685545094011e-01
-3.285241158461756350e-01
-5.697102268369452771e-01
-7.935439782873403292e-02
-5.891561452938494092e-01
2.649262436827727329e-01
1.219295229116985901e-01
7.198456843569271957e-01
-2.093523244591874444e-01
-9.894612393448415366e-02
5.657119145288485029e-01
-7.932443923436582889e-01
1.264449061397395768e-01
5.445842078856830693e-01
-5.190161095244649747e-01
7.792689803838750429e-01
-7.767194668380577038e-01
6.374856808173041678e-01
-1.348187036748436374e-01
-4.285765207013828015e-01
9.370832730731473159e-01
2.831335258963018076e-01
1.851797441656051757e-01
6.730881952396376988e-01
-4.929212530143854687e-02
-6.513559455907123041e-01
-6.889657233244918244e-02
-5.168918026598080528e-01
4.163630162821059799e-01
-9.550238295877251649e-02
2.342982629779956916e-01
-6.436245744489471621e-01
-4.519562687614842034e-01
3.939390876793974483e-01
-7.851116499384922509e-01
4.001624264825694166e-02
-5.495422880419484901e-01
-7.452681379316757893e-01
7.394443089360872579e-01
5.016812511783584894e-01
7.405419394552215095e-02
-7.945306488741706863e-01
-6.667559567759826500e-01
3.827745406055789723e-01
-6.000690943505928576e-01
6.181896933042932973e-01
4.437815010135510996e-02
9.080225524715890284e-01
-2.395295547921244550e-01
9.269779523932432097e-01
1.026869268524534667e-01
-3.335649195760985453e-02
-3.236636259629050993e-01
-4.033541254474838633e-03
5.156577913868158891e-01
2.120813393041391937e-01
-8.539071429606195363e-01
-8.617562298215709626e-01
-7.925488905300391851e-01
2.360146760456333093e-01
-6.018076697436819389e-01
1.632819094264594539e-01
-3.862316057419548088e-01
4.802450131043332626e-01
-5.047616663793268454e-01
-2.076400969152438977e-02
2.005673068477999421e-01
-4.854891557371193711e-01
4.089629219137231875e-01
-4.780803312344423794e-01
8.751898022375314001e-01
-2.569805248389152030e-01
-5.010036761829583796e-01
-5.433838444389617051e-01
-6.980724115988146128e-01
-6.975756364537929466e-01
3.692997148894481829e-01
-7.499730289805739414e-01
-1.257813053585971896e-01
6.007397227871209555e-01
-3.004138727224557326e-01
-3.312444831133084522e-01
1.955459980905150941e-01
-5.409350134474589789e-01
-5.400775499633826415e-01
7.244609255887628496e-01
3.476259276741283655e-01
-1.919420317986888780e-01
-6.842591426472602878e-01
6.888145358029683363e-02
9.427200531445462106e-01
-7.012928444047861198e-01
2.477430958587098497e-01
-1.881052354830835965e-02
7.607430274200165377e-01
-5.900196202181557936e-01
-4.893294143388504103e-01
3.597606728878569721e-02
5.345156322702744323e-01
-6.599222634602316395e-01
4.045130019998405269e-02
4.284816222217792125e-01
8.286239988561991954e-01
5.449796849938741694e-01
-2.662274422961036224e-01
9.697129336356602458e-01
-6.374075655294342280e-01
5.101090595431394537e-01
-5.283278885951980808e-01
1.580615183726343312e-02
3.216496196564906929e-01
4.050493104390039401e-01
9.001090351631568787e-02
9.184453283436013749e-01
-5.996147705597070221e-01
-2.259083973462054917e-01
5.697361963366873727e-01
-5.546346005918406652e-01
-1.749857884544179232e-01
-3.212097432471521241e-01
4.337019589614868331e-02
1.056031078003062812e-01
2.867603724504298457e-01
-1.360705582631813737e-01
-8.422836652391075818e-01
-5.347426712696258244e-01
1.022029094299664875e-01
-6.141762847665732661e-01
3.608549616822007144e-01
-6.029542706603547852e-01
-7.611319877262953115e-01
-2.636447735960981142e-01
4.533871568180151690e-01
-1.126136992826574645e-01
2.174495851269225843e-01
-9.599427357191714361e-02
3.117088250105207736e-01
4.613337753930363272e-01
1.858175127618997557e-01
2.284985103645692794e-01
3.472959602494946063e-01
2.190464647957353073e-01
7.379325562424841056e-01
-5.132673949880465214e-01
-4.879025592363687713e-01
3.057878165140302529e-01
-3.496644222434376892e-01
-3.544294163097147510e-01
-3.911961135369504405e-01
3.831374741119317751e-01
2.827648151299054224e-01
-2.466145039004950107e-02
-5.758599778494245536e-01
-2.509082876524609818e-01
4.760969899429398078e-01
-6.168705304662822630e-01
1.486511583672629755e-01
-2.776056441022736743e-01
-3.672162942679406128e-01
1.845463010961745087e-01
-6.092656779660946542e-01
-1.989251313436398716e-01
-4.463453011095112055e-01
1.701061561174129211e-01
1.423348736652004509e-01
-6.530908439103963459e-02
-7.183479190632570399e-02
5.370187474556196161e-01
-3.947883722621980396e-01
5.074464442271308107e-01
7.349994888710630336e-01
7.688523242503229049e-01
-8.428780607543256975e-02
-9.022499840603540044e-02
-1.303523125709989683e-01
-4.387604589149448620e-01
2.679407072424544803e-02
9.009252681160843101e-01
7.122590216301032465e-03
-5.675559620442241493e-02
7.058235342110906752e-01
-2.184926783961805841e-01
5.812333398760345382e-01
4.552594791779435712e-01
3.391126561368005832e-01
3.054344462019424333e-01
-1.282963534082695589e-01
-8.640021833706043042e-01
6.926181660395284156e-01
4.698004083993486124e-01
-4.356127708834698908e-01
1.200505166414932434e-01
3.012104418694220853e-01
-1.948106768161692037e-01
-6.324016524535474026e-01
-2.092744435485841548e-01
-3.464890046198079721e-01
1.546596727191367204e-01
4.706126257130534007e-01
2.115043145767226129e-01
7.498259818662074139e-01
-5.775332618552928565e-01
7.321870699220949241e-01
-3.472644450432018082e-01
-3.091503382809253075e-01
-1.875951111888456424e-01
5.220314837322085344e-01
-3.621581194198672526e-01
-8.991385100571598343e-01
-2.043813617005382777e-01
6.457421637763126609e-01
1.887905172920881780e-01
-5.667784088399734355e-01
8.569364888832421701e-02
3.100787118645798590e-01
6.899944212449591330e-01
2.400500823240462045e-01
2.216012373111357278e-02
1.996752640015363733e-01
6.997019938858564103e-01
5.891403100607373045e-02
-2.252013881046931176e-01
8.307263315452395602e-01
-5.180940315784839101e-02
8.307133426005877119e-01
2.302058469956928810e-01
-7.825605081495262683e-02
4.796819407843750938e-01
1.866962904989912242e-01
-4.544697325344752570e-01
-6.941629148151851059e-01
7.587727183120390739e-01
6.240393660095935324e-01
-5.576478009478271769e-01
9.089253399340426753e-01
3.986191205403980531e-01
4.980658617288267753e-01
-6.258250570075249986e-01
-8.695976495161801267e-01
-7.412663057849622206e-01
3.201884885576514739e-01
1.100191870438980563e-01
3.429439539706460316e-01
1.353129268885240599e-01
-1.807443041954749086e-01
7.298128631842325520e-01
-3.452597275924242926e-01
1.796818338011484939e-01
-5.647009647262965504e-02
-2.194660928524416188e-01
-1.903171323951795557e-01
8.312955231055216831e-01
3.804706928215038919e-02
5.850330406508267300e-01
5.649438800238406611e-01
6.267385271904895028e-01
7.445500669471338817e-02
6.048518756466124691e-01
2.991874418183659845e-01
-7.832678282259384339e-01
-5.672149787789304565e-01
-4.879901490020893684e-02
1.788743694215035318e-01
7.138832375797328211e-01
-7.192953531351872765e-02
-1.150033517507775827e-01
-5.849224278895405194e-01
-5.573907059606367786e-01
-7.270447549677823140e-01
-4.230076815224738107e-01
-3.564119181121974123e-01
-4.180814958912768553e-01
1.425025031930743646e-01
6.286635303959762222e-01
1.102183308150308100e-01
-1.647593682376624971e-02
8.828370145903262634e-01
-3.664026077640059054e-01
-5.092125594265705102e-01
4.209721823094850768e-01
4.186312359898138324e-01
4.418694739069281563e-02
4.993860463926995119e-01
-3.947802117998349680e-01
-7.079126730422806713e-01
3.037984013512046166e-01
6.683886506756508972e-01
3.608106498451182920e-01
-7.689665431799430628e-01
8.691144094858503644e-02
-2.200647466174164846e-01
-5.558390032000850578e-01
1.256194638521325457e-01
5.472894939906196576e-01
3.726413551049639894e-01
5.668800925424374304e-01
-4.391904394377963983e-01
3.907202268746988727e-01
-5.469501312116278879e-02
-4.503203678869307502e-01
-4.187654712285008296e-01
-4.983679200611231264e-01
-5.073953873662172265e-02
5.552562638522808847e-01
8.100952257029641057e-01
1.773053801669211560e-01
7.869598900633107963e-01
2.129850217828714032e-01
4.342704851914424014e-01
-9.178197251142388158e-01
-4.315309215023023226e-01
2.617418465489694812e-01
2.269594611640534873e-02
-6.361858217766993562e-01
-4.055623438659253788e-01
3.103189201252817275e-01
-6.205029578732054185e-01
-2.833978385932701682e-01
4.692383982227511519e-01
-3.453823773493231997e-01
-1.856383972833851870e-01
-3.422139461179688480e-01
-5.925934139871524842e-01
2.659398822475840252e-01
-6.132157587288503686e-01
2.327038605396111459e-01
1.360934686893902901e-01
-4.949618655131554634e-01
-4.222347374284121657e-01
-3.965619557285469665e-01
7.166342528953845159e-01
4.436060767948195038e-01
9.616166008412326827e-01
-5.629191266733009069e-01
-4.420264839227049380e-01
-4.353605962439163202e-01
-2.732073458900484697e-01
-4.225239396483092547e-01
1.655812765194685232e-01
-9.348732128806142017e-01
-6.794462955995892450e-01
-1.082943329607648497e-01
3.156172606219012078e-01
7.737006381463713556e-01
5.051338649736035469e-02
-5.851236162066160151e-01
5.453635049498541942e-01
-4.231301964023116424e-01
-9.408587038318281248e-01
-5.237472003532726017e-01
-1.372096350472169490e-01
7.256868621136103314e-01
-4.751955533247360641e-01
-8.349137884130228837e-01
4.976598327865960347e-01
2.266367796091569020e-01
4.668285651715905482e-01
4.796259388780604871e-01
-4.937339387286820980e-01
-3.703199952749400836e-01
-5.632590532328795446e-02
-5.734388469489114515e-01
5.947715827117605603e-01
-4.124594505662915744e-01
3.678424286374253338e-01
-6.089527850488893890e-01
4.332293381941005883e-01
-2.140761286654486450e-01
-1.093341986683633443e-01
3.633174698412716674e-01
6.584727209561573869e-01
-3.823765124964020878e-01
-3.663378368629587323e-01
5.668400685466966626e-01
1.878597305484497326e-01
1.522584159499835443e-01
-7.166310528237835806e-03
-2.559755417934386212e-01
-5.501330208723925752e-01
5.222283086701980936e-01
-7.401810677796507587e-01
8.250314405618198732e-01
-7.203918044839215939e-01
1.461743110832269821e-01
-5.010052468208960885e-01
-2.827454406300080048e-01
-9.193912503491563637e-01
-5.634164557857010980e-01
9.117624796115347818e-02
4.023934647662691932e-01
-1.023330446851150044e-01
-3.567403331711943570e-01
-6.769853064270642262e-01
4.161007560853751119e-01
3.220787351503829332e-01
-6.062015923548085272e-01
4.259763444929896836e-02
4.655720643429726580e-01
1.656087914931241856e-01
-6.164583306772439819e-01
8.072424479456206114e-01
-1.384851503792945138e-01
3.333706893750872369e-01
-6.537681544086620944e-01
7.436471881693675900e-01
3.613083488040793045e-01
-2.572947104784376604e-01
-8.403800789691776713e-03
-2.973691581601524137e-01
-3.724167196697822924e-01
1.922670017694744216e-01
-3.359752586783186223e-01
7.464142832982079145e-01
-1.899992137391508518e-01
2.825421903309221494e-01
-4.191387281791519870e-01
1.130958593605854157e-01
2.619457407741498378e-01
2.229329192168498786e-01
5.196534564306541926e-01
4.749850117084725154e-01
-6.914627548910712296e-02
-1.317920094703771972e-01
-2.465456709675951236e-02
-3.283511765752741840e-01
1.595632679963912282e-01
7.123461188305760805e-01
-4.361476163883314383e-01
1.762113294191131330e-01
3.363362958670310099e-01
-6.447649605696532671e-01
7.853613916238184611e-01
-1.126834272505108647e-01
-2.974774734321041780e-01
-3.072182281576968377e-01
-5.290593059172039592e-01
-7.786444003118246915e-01
-1.984594782085936232e-02
7.494464522666750561e-01
-1.451202980951057653e-01
-5.701390149167958610e-01
8.964833950481653213e-01
-1.048123539397144283e-01
6.731702244815691571e-01
-3.933780917369457120e-01
5.030263471194387215e-01
-1.636338143555644484e-02
-1.968868454388174316e-01
-1.339730465152569328e-01
-4.185733705993219811e-01
-1.731951874411220005e-01
1.023758760058740003e-01
6.419615115279359019e-01
-5.386812729658849719e-01
4.475975508692789373e-01
5.309712111431923454e-01
7.349537802143126797e-01
1.101912290626400892e-01
-3.773578867801107850e-01
6.986323263899612002e-01
-1.205127379689411304e-01
-2.586543658713456040e-01
-8.364574211222142175e-02
1.841379998533294871e-01
1.021733531600487466e-01
4.467193391245141698e-01
3.942676641543352845e-01
1.153728972655932057e-02
-8.598746321330662523e-01
-4.524423608883854087e-01
8.658534028645312186e-02
-5.235873663571097847e-01
-5.834866978391166636e-01
6.911936917272963887e-01
-8.039256099860382643e-02
5.463040515559685062e-01
7.189479843867266906e-01
-4.266275421720462369e-01
3.774913538528266166e-01
4.049240318475998968e-01
2.975161125489999558e-01
-6.848751578694038666e-02
-5.691465485079045816e-01
-2.213082573315965917e-01
1.026305201364781650e-01
1.323195817545960717e-01
-8.720469878059626812e-01
8.902233961579211208e-01
1.922517907120621650e-01
2.349126591770123867e-02
-1.453428061543711458e-02
-5.674042062182653723e-01
-1.970337192472656762e-01
-6.451900419200573555e-02
7.360316603390417711e-01
5.607665470648497408e-01
5.076096507764943366e-01
7.595399831574916050e-01
4.408092781585689623e-01
-4.193488253436363777e-01
-4.050468548424700499e-01
3.337422204177221130e-01
-3.411538462919060932e-01
-3.906374459478862970e-01
7.638893290167521055e-01
-3.706547409118103875e-01
1.333015138249474263e-02
8.015095083144298249e-02
6.858931739347995382e-01
-8.270936299180758899e-01
1.587783663997516526e-01
-5.793230247640760444e-01
-3.576415745928026024e-01
3.615198714727266838e-01
3.390221364725192199e-01
-1.707510701425377642e-01
-3.681426492019047036e-01
8.286679818942013220e-01
-3.321052614019525118e-01
1.118361926582116077e-02
-6.620862853372856405e-01
4.428697226774893636e-01
2.698154222925986875e-02
-5.587513221060957935e-01
7.222295599933425958e-01
-1.355341600586384976e-01
6.360374004217674015e-02
7.483809720747504057e-01
-1.671896949828050871e-01
-3.662917144672874631e-02
6.782428359822550989e-01
-3.923126266701414400e-01
-1.533620224745427807e-01
1.475927504303386484e-01
3.982626797075667913e-01
8.055680099382847015e-01
1.639172342253061854e-01
-1.233573320326373096e-01
-6.474567369372460357e-01
4.084352857612377208e-01
5.507487209770783876e-01
-3.000070493938268301e-01
-6.435793318308122846e-01
6.990233038312159211e-03
-3.386394762757476973e-01
-9.054051728192086257e-01
-4.671779688368207784e-01
9.433644352737688421e-02
-2.245264937325214816e-01
-7.502444492922150099e-01
4.572562800604396127e-01
-6.598185519113657360e-01
-1.692488958313488482e-03
6.829950165607137080e-01
-4.135373090702780252e-01
-1.493280163734376775e-01
5.847107843966021790e-01
-1.297324290553799331e-01
-1.304237902876758115e-01
3.870332806239780155e-01
-1.629878118379407825e-01
-1.660860962845717992e-01
6.192548901173081655e-01
-2.957836705266726485e-01
-4.171229273486509737e-01
2.492634477190413811e-01
-2.287926865794007170e-01
8.262517472775566807e-01
5.826875550917334223e-01
2.527822491563607721e-01
1.312217695134652584e-01
-5.635972362790065554e-02
-2.154342925648763118e-01
-9.467932385565011044e-01
-4.349815122399210976e-01
-4.468017191448737657e-01
-1.114545904419003142e-01
-7.481396020906025957e-01
-2.931609677696238592e-01
1.694176268424205101e-01
4.265074358729959991e-01
-4.550722608459064067e-01
-7.334314466756381989e-01
-2.578790495279807415e-01
6.453709949073730412e-01
-4.500559879005758268e-01
4.997731738837654092e-01
-2.013877791713382659e-01
5.398995577571957805e-01
-6.642208857455540461e-01
-5.015280310060135083e-01
-3.215202737628930496e-01
-5.016920769088690779e-01
-1.855014272159430655e-01
2.880416649305669319e-01
8.427307651357086593e-01
-3.830625452288068944e-01
-4.113501347177029310e-01
-5.829898630309794383e-01
-5.489068367047784947e-02
6.429142044185245375e-01
2.701342045355144550e-01
-3.530589796315550810e-01
-2.528281641212187791e-01
-3.679696754553253846e-01
5.711483987079278846e-01
-7.606523234659927635e-01
-1.458802668779877760e-03
7.634429224307293094e-01
7.691884001442983454e-02
-4.460779764374864231e-01
-2.793139019805669365e-01
7.841025155584520068e-01
-1.550314642694670120e-01
-5.097078626617663755e-01
3.539595641354256750e-01
4.187037728246476576e-01
-2.861243379447833135e-01
7.084048848210051930e-02
-9.617188445781581496e-01
3.729182234226663950e-01
-7.270898870278499349e-01
2.138843688134688392e-01
3.348617612347243866e-01
-3.322089223217804532e-01
8.877253402499915014e-01
-1.236077760148689142e-01
3.718524286936651935e-01
-8.270330534223983010e-01
9.343214696506096928e-01
-1.869712730440290516e-01
-4.114888474756023817e-01
4.299763916716457524e-01
-5.442438628907798615e-01
5.682965710667925441e-01
6.478879900394894642e-02
3.585060950736454477e-02
2.276066056488865730e-01
-2.576681934951464059e-04
-2.355693776517122848e-02
-8.693750946809536417e-01
4.791351544741709323e-01
1.566501773547165910e-01
-7.456678242754268826e-01
-4.397489793659344892e-01
5.826650942892012131e-01
-2.092625594068104819e-02
4.789657820582188807e-01
2.182178405680042232e-01
-5.265103875462793237e-01
-3.362070981170989237e-01
1.759500284261977521e-01
-6.320546135356678308e-01
-9.912353883433974722e-02
-3.813646618601187477e-01
2.829893874550370447e-01
1.195982992034402420e-01
-6.678536398154649723e-01
3.955843432496652379e-01
-1.617844650281152763e-01
1.930700912374392897e-01
3.820700274222621484e-02
-4.531438706465118482e-02
9.843322835760366374e-01
6.052283030055320978e-01
-2.232427818185547252e-01
-3.111893292287419843e-01
6.552935756532789480e-01
-1.922827832095248546e-01
-1.464064579068409810e-01
-4.221798874284854453e-01
8.925167492353203169e-01
8.453556206290983865e-02
-2.534443854745877522e-01
4.163883782268728018e-01
1.146532214337822597e-01
7.722478883435811570e-01
-2.105378360358623469e-01
-6.111525031406356279e-01
-9.031253434144608239e-01
-1.476659788086112993e-02
-7.517489973155940808e-01
2.136154564632723463e-01
7.432911912881039196e-02
-4.694850582462957167e-01
5.432830999688382789e-01
8.648176498952104066e-03
6.274522883259077248e-03
-4.335139223259536212e-02
2.122533677261802532e-01
-7.085606793697645234e-01
4.757804080795051682e-01
-5.931676717064153781e-01
-2.311704452793825193e-01
9.974098898726790896e-02
3.215772987358842538e-01
-4.775616867486127681e-01
-1.432465253577481501e-01
2.421733507682689024e-01
3.494362038866779541e-01
-2.350554945218140124e-01
2.238536668892471826e-01
6.322681692146849830e-01
4.367454852372077978e-01
6.303267716157437417e-02
-6.506748282880874257e-01
-7.555675689301122322e-01
3.889484603137799423e-02
-5.038734248349517886e-01
4.202710525035854294e-01
5.596792900324673026e-01
-5.768938879040648171e-01
-4.967327385039264076e-01
-3.934812521982498645e-01
1.598410572017809894e-01
-1.738571636862613901e-01
6.080108252037184080e-01
8.013963720129786694e-02
-1.828621094107927281e-01
-1.314131054257536846e-01
4.670201637582577225e-01
-1.648224348277115003e-02
3.960611096440882495e-01
4.648425682809247395e-01
3.428019739153627676e-01
-2.784669537665491190e-01
3.177582173658059506e-01
7.028232889438786879e-01
-3.488513671274365846e-01
2.897221389296419369e-01
-4.335581167544529380e-01
-6.515562778764913965e-01
3.742949839187768024e-01
-2.625134354536972081e-01
-4.681541429851809877e-01
3.141148185668640180e-01
-1.324243905196314727e-02
3.835967679796188357e-01
-4.951597140652050366e-01
-2.646015159554735985e-01
7.474327578233207481e-01
-7.041987693077231825e-01
-4.221228580492090154e-01
-4.664804125816049973e-01
2.367713702293303690e-01
6.137239540833879792e-01
-4.071094635492622515e-01
-1.385522354619968532e-01
6.317868247257542036e-01
-8.543633944069824182e-03
-7.001157547291858574e-01
4.293892799444375963e-01
4.822118215831740218e-02
3.369817691049468156e-01
1.868943795720787726e-01
3.452516721169252879e-03
-4.245565148332285377e-01
-4.403676350834138664e-01
2.175801170793559836e-01
2.898824302809548392e-01
-5.628244305380438739e-01
6.748128690534670182e-02
1.713114965177230387e-01
3.514409344554546566e-01
-1.622159663208308789e-01
-6.102111172473348999e-01
1.759081526641377569e-01
4.216699942905148268e-01
-5.086963614581719861e-01
6.549755115383464332e-01
-2.249409060854921649e-01
3.301164346571733299e-01
5.707875720153663401e-01
-1.428717503544877365e-01
-8.782432436462326297e-01
8.324669181313000266e-01
-3.766588828504863207e-01
-2.993254900543939612e-01
-9.703651451976094133e-01
8.247526405548631645e-02
-3.240572695990794339e-01
6.464425108900814232e-01
5.510592095643288557e-01
-8.540944031903849876e-01
6.000709719512644646e-01
-2.994133553545177406e-01
3.357210630224930492e-01
-7.026369149960387528e-02
3.233016706994299438e-01
-7.992828993921134995e-01
8.287780680867860017e-01
-1.379702925072054387e-01
-3.334155193475546453e-03
-7.754416159808490139e-02
-5.583531801159282715e-01
-1.053894334634223051e-01
-2.817745903130731699e-01
2.171020001852896619e-01
4.535435437357635546e-01
2.547362495379101310e-01
-5.135348173955394113e-01
2.707738564773659040e-01
7.985522223396287686e-03
-1.664999848342508248e-01
6.027761841521375175e-01
1.844632277140544341e-01
-1.250914147174470581e-01
-3.062136690312624587e-01
1.276489017526059311e-01
5.235333893181911558e-01
-3.171459280510450229e-01
3.707051488396306826e-01
-3.463134208855069007e-02
2.590920746672983332e-01
-4.771799567473972159e-01
5.435338960195274655e-02
5.999398688691970176e-03
-2.722451018329891115e-01
-5.643266770505186436e-01
-2.617554374234595804e-01
6.739921029337986313e-01
-7.256654394603391234e-01
3.886834914529517515e-02
-5.960326595400058380e-01
6.634799545977829727e-01
6.043320351429253001e-02
9.165779760593977255e-01
7.065848194414735273e-02
8.192066076204679304e-01
5.026335607988866583e-01
1.390506184060190213e-02
3.378708666269383265e-01
-8.019661556264369162e-01
-1.769722513189203317e-01
-5.503259963895672513e-01
-2.966018989086152691e-01
-4.811698605958592001e-01
-1.241449806849931059e-01
-4.196522170585834099e-01
-6.500492830241758613e-01
4.329091963624834283e-01
-4.734122594685136187e-01
1.845346242653718161e-01
-8.884211314927681347e-01
8.028539173382436278e-01
-3.613836565964813063e-01
-3.594058868688717046e-01
8.386858187098633621e-01
-1.995170398931582142e-02
-5.086870897515425316e-01
9.948193676751319880e-02
-6.840631535338337343e-01
-6.065200563522634564e-03
-6.173012911608432018e-01
9.314486354090412146e-01
-1.747251657505860534e-01
-5.971316194497597873e-01
-2.859607894012923812e-01
-9.784588653433283489e-02
-8.839884270901869623e-02
-5.547474233619243966e-01
-4.196681113873568236e-01
-7.739592996731319285e-01
-1.767291639773968803e-01
3.256517429728080781e-01
4.561186132624527323e-01
-7.266940819595795187e-01
4.475163362940934864e-01
1.176463429070821465e-01
9.071582099315279868e-02
1.313599732861867320e-01
-2.595071904246317174e-01
3.525236596506088615e-03
2.064780285858448805e-01
3.804531774097343333e-01
3.847610588786326558e-01
1.063073547247672945e-01
9.108658786731222978e-01
-1.052721756592027991e-01
-7.012178491044674944e-01
4.484325032627600738e-01
4.447883022184333235e-02
-1.292810092044922587e-01
-4.314006646208996543e-01
-3.485720941092675940e-01
-6.330248067355670472e-01
-2.777845807944090417e-01
3.888491198430083506e-01
-7.395880826852117007e-01
1.370421422019656443e-01
-2.791056612831131489e-01
1.296970984166872232e-01
-2.902590686140677639e-02
-7.749188477896297167e-01
-7.970174852333538063e-01
-6.935074258701885430e-01
1.357460255362801793e-01
4.697525861603470965e-01
2.281032263498790624e-01
4.741058457388032110e-01
-6.352917656836714055e-01
1.890734764889498432e-01
7.020520407537915730e-01
6.415165906374964422e-01
-1.038918081928757453e-01
2.092763540984748927e-01
4.419758279415669788e-01
1.908772256632552400e-01
-2.520146034334632690e-01
2.018383799695488701e-01
-4.832368676038782396e-01
-3.999533592086693679e-01
-8.325209994457074547e-01
-8.601265156215078811e-01
7.444406232806448642e-01
-3.109358892832010390e-01
3.014208491926960165e-01
-7.184403694764383008e-01
-5.195002417996211763e-01
1.365929772298035139e-01
5.335272453030471818e-01
2.342536839944420971e-03
6.808156063878622044e-01
7.393968856302933490e-02
-5.753032402833437864e-01
-1.248907446855289510e-01
-4.505374326035822552e-01
-9.345637077939096260e-01
6.062369513285141842e-01
8.817159336874801356e-01
-3.961791327496048676e-01
-6.324600137995923799e-01
-3.539190224242907967e-01
1.292012956204476315e-01
3.423570294602480413e-01
-3.695562162440629850e-01
5.552825199847247206e-02
3.899775473109970969e-01
3.672278865212989518e-01
-2.102978451428802464e-01
9.793988379769438257e-01
2.297340496806232202e-01
6.449915599238247310e-01
-7.625515049347168783e-02
-1.596625298998164966e-01
3.961677684307742808e-01
-8.359327419066903131e-02
-7.010827540216167941e-01
-1.088944975782371039e-01
7.235506148108474811e-01
3.587918196922471048e-01
1.798195913699275617e-01
-1.384182506087887621e-01
1.874370883217208947e-02
-1.217934083912554921e-01
5.516420898999736533e-01
3.544405048721706586e-01
-1.718414677952092018e-01
1.517850826335234160e-01
2.945619372557145565e-01
4.324039779885507917e-01
-6.315117067201524437e-01
4.988171409755590702e-01
1.610442089983400715e-01
5.135764265826421315e-01
8.359964707024396258e-02
-5.880739447298882761e-01
5.247648827842423813e-01
-4.676101955006083943e-01
-4.092805423889523397e-01
-4.985305856426127114e-01
1.738451563224362728e-01
5.706274177528698477e-01
-3.220010919687268935e-01
7.049736683462081155e-01
-4.911166953407338220e-01
4.446837183828725171e-01
7.505885904768012651e-01
-2.899341572737103578e-01
-2.970429037171620212e-01
7.244767733595444681e-02
-5.395432841193029683e-01
-9.001422474123853268e-02
1.736283904289487867e-01
-1.319046128016346589e-03
-1.500366055824759598e-02
7.335060782512450306e-01
3.174959611416725558e-01
-4.246470590993035588e-01
4.347559613838215542e-01
-4.046177823555054398e-01
4.827509506112874771e-01
6.484974430097089071e-01
3.129555024286563847e-01
-7.460493019706574414e-01
-5.593699981214164119e-01
2.408791736402566830e-01
3.827349645907636155e-01
-4.028100747425255451e-02
4.163776881560461440e-01
-6.841262537045408321e-01
6.313925589006460504e-01
3.100820353547179553e-01
7.328551326897787543e-01
6.431130021152864362e-01
4.305840261885473530e-01
-5.213458892745268525e-01
2.846378777801550353e-01
7.987624059878435379e-01
-2.699585030780933814e-01
3.010111842758390610e-01
-2.023722227337601542e-01
8.312595988232533983e-01
3.232380793633680277e-02
9.331344230326225897e-02
6.519447564186531263e-01
2.530399692995638494e-01
4.491757533643110367e-01
-2.727468997301115694e-01
-8.257638573476133725e-01
4.286283345558749569e-01
9.467261296433396311e-02
-3.654629290677712805e-01
-1.554529194144077531e-01
-2.951329449286201889e-01
-4.090886596724224167e-01
5.878071031435133653e-02
4.741335978724782185e-01
5.381606795907661889e-01
-5.582871905368482768e-01
-3.346431810920283412e-01
-3.805025971581688787e-02
3.734376850928147196e-01
6.264237159701472324e-01
-2.290394627088815638e-01
-1.757973625472403489e-01
-5.514362388547023874e-01
7.206609926000545618e-01
6.698482614916101419e-01
6.279135403152644734e-01
-1.461294803335548217e-02
2.995418979821619088e-01
-2.486842565435171681e-01
-5.749637484502337914e-01
-1.083488594829764146e-01
-6.354933769629376172e-01
-2.567704998051661622e-02
-2.600526384650546086e-01
7.597069751705396445e-01
2.152888026939742128e-01
1.816582306418716361e-02
-4.171952390818901568e-01
4.023525434345931462e-01
4.436244133400017442e-01
-5.503607633180234160e-01
8.877156067540629136e-01
8.498650146009244580e-03
-4.261097066928696414e-02
-5.339479039284082962e-01
5.282977317648931415e-01
2.685170073883477171e-01
-3.813691960921063440e-01
6.096835737362769070e-01
-5.435051852736202394e-01
-2.999607961156811609e-01
-3.687476649406933871e-01
9.192888794912451589e-01
-8.620349348783780119e-01
7.143582897277527266e-01
5.132986884538539574e-01
-5.685878186440467275e-01
-3.914669405062354279e-01
-2.293379838191204334e-01
-5.856616694649090515e-01
-5.046628337075086401e-01
3.081522605929276071e-01
-1.363846511974228792e-01
-4.101334118431100573e-02
4.231338738888076323e-01
-3.757163028683114248e-01
-2.857128395041524938e-02
-1.115732533164151552e-01
-7.762068879340382199e-02
-9.147189767957568662e-01
-1.818030529237678050e-01
-6.377296298695205312e-01
-5.398790848244965357e-01
2.686962126110597482e-01
7.491328021837970752e-01
-2.869503937176691721e-01
2.052971102703213813e-01
3.932959390668972488e-01
-1.979186737980616617e-01
3.074582143115063282e-01
6.846736802664055155e-01
-5.985178519882942139e-01
3.909195753937254048e-01
2.667546778810618302e-01
4.664897842687719121e-01
-4.149051827436507356e-01
-2.498034425913280010e-01
-4.738990713729019921e-01
7.669714456452841889e-01
-1.720331359129975146e-01
1.400786270207023954e-01
4.472845636445167972e-01
-1.269385797408310590e-01
1.346064758987909060e-01
6.047449081108676738e-01
3.707156949458025874e-01
1.447071498188935434e-01
-5.896161687398245865e-01
7.103720657555443463e-01
-5.736256721727304997e-02
-1.060229609609557588e-01
5.185888321793297173e-01
7.248667628641267680e-01
3.745100362627513668e-01
7.242594452500563662e-01
-5.436890402630089048e-01
6.208358931079077658e-01
3.796231335936640638e-01
-7.311681222471781982e-01
1.518111816140581966e-02
5.027345914238778857e-01
9.334031318031158278e-03
6.349160452326999549e-01
-6.329543046302801845e-02
2.008150912022459988e-01
3.376913354458572769e-01
-4.524718443977734372e-01
4.487621131716616751e-02
6.304413256201301108e-01
1.999245010982486914e-01
5.155963608938635145e-01
-6.820775528269963361e-01
4.022900578488335377e-01
-3.784303791355737578e-01
-4.828570971862095051e-01
4.051162156528566038e-01
5.348398946652852537e-01
-8.532176745173256638e-01
-1.525763362059038009e-01
-4.953771674441055650e-02
-3.017511896001919824e-01
2.559055534801109033e-01
2.340116163396434024e-01
-7.337277659037195754e-01
8.743967503346650183e-01
-4.877188432308681570e-02
6.281020999634280289e-01
-3.709230799899553288e-01
3.421707541983957657e-01
-1.034918123319883247e-02
-2.692605179797187276e-01
-1.711596948377148153e-01
2.333070449319616865e-02
-4.661718739107414411e-01
-2.950039520639412549e-01
-7.055577271685866680e-01
-7.979135358060902572e-01
-8.293041088221191071e-02
6.391840025736447717e-02
6.550266437761896876e-01
-5.002740493403577959e-01
-5.513341261382246304e-03
-3.210247389358681924e-01
-3.577133454894032560e-01
-8.131752196986979930e-01
-3.762337381182178087e-01
-5.700772610637684368e-01
1.201917881483707540e-01
4.021187950632849062e-01
3.244282702661342999e-01
-4.601755652169066124e-01
1.559135197576478303e-02
6.231487290668006329e-01
2.272283543806680184e-01
-1.287184810149800407e-01
-3.128089713904694813e-01
-4.405444757837968517e-01
-1.392817658937283432e-01
-6.969677851720861295e-01
-2.761626638537895140e-01
1.376493904712381422e-01
-2.881247329328195939e-01
3.233255005847188168e-01
3.871773252873391691e-01
-3.714921114292292215e-01
-1.192770810452486868e-01
-1.556500846430794727e-01
-1.764876578958436415e-01
4.157978018526714559e-01
7.085782587196515214e-01
-6.588023564328832071e-01
-6.509391357095442032e-01
1.278725243599470041e-01
-2.698874870675082027e-01
1.595987132043297230e-02
7.266104678748075418e-01
-1.155247434691188402e-01
1.135442621104848782e-01
-1.621509190210642659e-01
-3.947085452003015194e-01
2.159071797054184505e-01
-6.164466015600189586e-01
-4.334277937307076112e-01
3.626366310628383882e-01
-1.591715011499338361e-01
-4.678321930094750947e-01
5.223985563965609646e-01
-2.529543421326385655e-01
2.272869239538627961e-01
3.270280612092300171e-02
-3.679782721520888922e-01
-3.618489249170284833e-02
6.051016605509458302e-01
-4.253554167945503561e-01
3.099676453432163026e-01
7.558437281171013211e-01
3.798163650554080562e-01
-1.929649438373302883e-01
4.010020270370435180e-01
-3.348239990137374944e-01
2.112658439192281398e-02
5.758407570688410804e-01
-7.591263228693541087e-01
6.995009715459427069e-02
3.447057938535475485e-01
5.530555780303529623e-02
-5.942907444096398421e-03
-2.152792838643764473e-01
-8.977492137167279729e-02
-1.915464410411397284e-02
1.391876036694603136e-01
1.223190920371285267e-01
1.184914355136236636e-01
8.471527996802572513e-01
-7.273605186713704152e-01
-7.745813770563156897e-01
6.538790743785960480e-01
-1.196510221254469819e-01
-2.212191156700326622e-01
4.691955179371350981e-01
-2.797161045097524834e-01
-1.003611344722870058e-01
4.183426208786514833e-01
4.275158272253025693e-01
4.962974323421860678e-02
4.037199053203301968e-01
2.467444555337325873e-01
-2.587277179700581131e-02
-3.372218275845075275e-01
6.458319277413231418e-01
-2.740643986654787145e-01
-4.475963959796632197e-01
-5.062763056926594674e-01
2.271349855106855053e-01
-3.012752582287498981e-01
-6.435605095739492520e-02
4.652162554562536689e-01
-1.392361183029965921e-01
-4.060046376767512122e-01
2.163616360595285726e-01
1.520298569488248708e-01
-5.037985978352309546e-01
-5.818432761771835660e-01
-3.248836181277054425e-01
-1.552593909568691921e-01
-8.068432636791824653e-01
3.100200931565409435e-01
6.900674545761799061e-01
8.673243773801078693e-02
5.435739517244043695e-01
6.434064952390285974e-01
4.918269049093644367e-03
8.538546844116745582e-01
-1.328527180963781362e-01
5.446805756484442151e-02
9.819749246503269857e-01
1.686303143848716657e-01
-2.493943537827409962e-01
-8.880703971219578996e-01
4.031769104356582867e-01
2.170846310923210676e-01
-1.609873136945615124e-01
2.298797451879398823e-01
-1.512549573152030258e-01
-4.588948823691481604e-01
5.588723730080866758e-01
1.153402480015052467e-01
-8.932335589440484891e-02
-2.863767088957202417e-02
-2.895734881551113582e-01
7.635738419818975942e-01
3.053296097907481910e-01
-1.245711338360567244e-01
6.671093194336175092e-02
-1.796427757163173711e-01
3.867290305409869511e-01
1.732077968326764528e-01
3.369686335428569435e-01
-3.112746465873824642e-01
-6.270314810554628027e-01
-3.310571575543954648e-01
-2.234946231259965499e-01
8.091161523704242242e-01
-9.106818609645830898e-02
-5.190304832529830659e-01
-7.584852761786070596e-01
2.083690267872008173e-01
6.007506505766642135e-01
5.016113344901973470e-01
-4.669635203001164525e-01
-1.017403260401455733e-01
-4.972297103206326230e-01
-6.934787025971018704e-01
1.174277883671120404e-01
4.474572052810342759e-01
1.097726870831154111e-01
3.569323290841947549e-01
4.628697575874677339e-01
8.953051328669815456e-01
1.497180054234841518e-01
-9.389245357604383835e-02
-1.981361780159571206e-01
-3.533937955669811948e-01
-5.108321171951075712e-01
1.266278467168725774e-02
5.326964086548182653e-01
3.587763901005628364e-01
-3.044711288588008991e-01
-4.050106414978499880e-01
-5.416514240741793218e-01
-1.826767207642900070e-01
-6.046431729214672701e-02
-4.173223552842479922e-01
-5.623538744428547842e-01
-3.792974639320642605e-01
-5.833137520506069540e-02
-5.140229442205370702e-01
-5.588428326304144544e-01
-5.561231816094434066e-01
6.083431238173071520e-01
-1.555003671103691032e-01
-2.671351861585796184e-01
2.688166468503215834e-01
4.032266000353769697e-01
4.923692179782925699e-02
-6.964941490500871080e-01
-5.851249693589457568e-01
-3.679073771700774875e-01
-4.534572030877459525e-01
-4.227873909641914896e-01
-1.293178673574177928e-01
3.227833209531565384e-01
-4.353715782642907373e-01
-5.420104537079435403e-01
-3.699084744937358726e-01
5.450101160369599240e-01
-7.319964232132877835e-02
-2.294856642882854292e-01
1.911758970706963490e-01
-8.374012188723017891e-01
-9.576917230435173789e-02
3.997682977472059689e-03
-2.782057046003394429e-01
-5.652741248497393789e-01
1.738906184281018563e-01
1.898790898171794916e-01
-2.758112232300060640e-01
5.190212632273321081e-01
-4.430182827280388508e-02
-8.604268906230978509e-01
2.165262856593779262e-01
2.385761842714441139e-01
3.546523201735530817e-01
1.342842406888753934e-02
-1.000075600688262317e-01
-3.514081701881149877e-01
-2.844949214023071576e-02
-1.434396499307453166e-01
3.511904269529990130e-01
-8.232372348546054264e-01
4.468284566990561313e-01
3.012411209794578770e-01
-5.263259815927380236e-01
-4.866761581774461248e-02
5.957802089742931795e-01
3.394671563006673165e-01
4.511733129105771622e-01
-4.059645288973121741e-02
-7.447623132810368141e-01
5.762312001532272632e-01
-6.262177398253340188e-01
-7.896633656337077589e-01
6.773239812178814129e-03
-1.697490740894097017e-01
-1.274257580157951986e-01
4.568532184314316735e-01
-1.388600582649128327e-02
7.794424519706565357e-01
4.346129163268207529e-01
-3.512973154394833930e-01
1.580179143871233635e-02
-3.580619643515443595e-01
-7.537707049964763595e-01
5.374993888400315667e-01
-4.636292833081847586e-01
3.056745260697928956e-01
3.469095787920472573e-01
6.602462380183682367e-01
3.649101959699393438e-01
5.749478258043370094e-01
6.143599940202999488e-01
2.281883890526681391e-01
1.723579205963893524e-01
8.840727038876392552e-01
2.165858358075983536e-01
-8.903224740432005291e-01
-3.575294995104192908e-01
-1.826395803752643987e-01
4.065421295710627270e-01
-1.632701560077454428e-01
-7.369107904255028929e-02
1.492323293549938090e-01
-3.756517678796555265e-02
-7.928401811313769143e-02
7.491486900873876031e-01
1.149369181263251993e-01
-6.746200554739161248e-01
2.759236869197844166e-01
8.017411353280476383e-03
1.068450298733338889e-02
3.474891545508494994e-01
-8.108216752323088583e-01
-4.912965683930832217e-01
-2.689997395722498741e-01
7.144086433464829078e-01
5.460604866075782216e-01
4.832100009248984085e-01
-2.091972042003704679e-01
-4.188714237955403208e-01
-3.109000424292465148e-01
5.440379426942520968e-01
7.853136834957842316e-01
7.946352348537264465e-01
1.122094284959095634e-01
1.274995313958408039e-01
8.170261427671060561e-01
-3.376087363050352397e-01
1.002815135782084144e-01
-2.557315852262451172e-01
4.466851924064264012e-01
5.277075575001848040e-02
-4.071942750347089524e-01
2.166217729665482206e-01
2.574025260344696420e-02
-3.760031069334152098e-02
-7.124870979355563128e-02
-1.729200832708540636e-01
6.823406003045312529e-02
-6.810695220079944212e-01
-3.009710968320848945e-01
-2.049021629463282645e-01
4.495195300230176993e-01
2.890397390449900294e-01
1.151571955182116580e-01
3.874638565932251866e-01
-3.662146675333619126e-03
8.798597851135020464e-01
-8.239899025952244216e-01
4.089237515252083788e-01
-8.645433029867641284e-02
-1.850536094212940075e-01
5.874040257554968142e-02
-3.922617145514224468e-01
-4.020770970710759729e-01
-3.537197534421625544e-01
2.342343769263852682e-01
6.660650766308500170e-01
-2.998726482165562368e-01
-3.502550520219309682e-01
5.819991623110982726e-01
-3.986632381590248797e-01
5.688615088973756340e-01
-2.179732647778660215e-01
8.199315322911637782e-01
1.725827101314920953e-01
4.044533774688705563e-01
-1.794007502894429396e-01
-5.519483544268535269e-01
-2.087977992976134123e-01
3.562208862335410758e-02
7.519850190233550169e-01
4.667703296721529282e-01
-2.289167135016422494e-01
4.948449624094355404e-01
-2.663601788447960139e-01
3.878156798327558885e-01
-4.621148259875889064e-01
-6.646192976084177584e-01
2.077473848289554947e-01
-4.728696320154482380e-01
-3.846289471269001004e-01
-1.360394058656219651e-01
-1.777771230560514781e-01
5.029840770124895943e-01
-7.337745278508158719e-01
-4.119290639818495164e-02
4.120516436461786336e-01
6.841968052748070850e-01
1.540608724200798196e-01
-2.399857217302995283e-01
-7.663422698262861710e-01
-3.675663573140871554e-01
4.932426368794233795e-01
-2.558424011990219626e-01
-2.253865714558185573e-01
6.950005600875848177e-01
4.045124521281777685e-01
-3.076918630512465169e-01
-6.054408223976628367e-01
2.737646810853116564e-01
-8.459039755990778175e-01
3.996220630129461160e-01
5.705316388098128355e-01
9.433629004121760753e-01
-3.801647458629968668e-01
2.866567999514266218e-01
8.301349884414108704e-01
-4.049041392296623409e-01
-9.428728830017686635e-02
-8.402531418207750402e-01
-3.806735513193430509e-01
-2.623149258494665848e-01
-2.875627736007376756e-01
-2.087525123172790376e-01
1.022369282532813867e-01
-2.852499091898654804e-01
4.296004229061335666e-02
6.981567725906276389e-02
-7.650332119797990243e-03
-6.448335567380802935e-01
2.671783609608552323e-01
-6.126432532470790088e-02
-2.091781655534882822e-01
2.561299645420530569e-01
-7.313381840786607746e-03
6.648326626799503369e-01
4.381572759163722686e-01
-4.048648427117884641e-02
5.230759248260200556e-01
-3.537592916386816388e-01
-5.586847509817811641e-01
-3.829972642181797005e-01
3.638933884570522692e-01
-7.532731509934497138e-01
7.035870184660462101e-01
1.827237482088149012e-01
-3.850486175696712365e-01
-6.899608098098735098e-01
4.986375336677737469e-01
7.188860942451533731e-01
-4.604905391255862401e-01
5.555777370585662789e-01
5.136669083465474073e-02
-6.484307326796692195e-01
-6.111504267405991342e-02
6.160111722010436219e-01
-3.600471053104055685e-01
3.334726541230633168e-01
-4.913218643110408429e-02
4.936242416955821666e-01
6.695426156631125725e-01
-4.076569675605914468e-03
-3.678614858961273826e-01
-2.406647684295734335e-01
-4.629460660462536570e-01
6.563084212541051565e-01
-5.672670575685907490e-01
-1.033964716985281834e-01
6.265047582274081428e-01
1.169755856699576380e-01
4.088996483788931435e-01
-2.142890078445855995e-01
-4.132700887513148236e-01
5.708531914972280186e-01
-2.224739144628579690e-01
2.263008443397084846e-01
-2.577674991095093016e-01
-4.361508423164019432e-01
-6.104480486810707207e-01
3.497357892509668220e-01
4.714158086928402769e-01
7.385520811341346192e-01
6.221763062268541589e-01
-5.474239900500084133e-01
