8.543633183678693843e-01
-3.797768305137214639e-01
-5.571503046865829978e-01
-2.719554148976605079e-01
-9.753027918744343328e-02
-2.106470773808447328e-01
-5.901331609838497139e-01
-2.272667596787308897e-01
-2.795168645416174491e-01
-6.867866893980993925e-01
-1.386191318175346576e-01
1.239606557809036641e-01
-1.245440068614834216e-02
1.583896252737667099e-01
-6.395457376530386817e-01
-1.126239399135097186e-01
1.348555080444463761e-01
-5.727307053053216634e-01
5.702249689743880134e-01
2.918041402974144161e-01
2.290694830225110251e-02
2.260575143266979892e-01
3.999051300227730588e-01
7.141723588930682931e-01
2.977484734455847909e-02
-7.264145754628701379e-01
3.615008998154692343e-01
1.371105637268929811e-01
-4.030692818546474099e-01
4.130853294167728951e-01
-5.674343737120051134e-01
6.279576142488056956e-01
5.867619452144574588e-01
6.036945681864305246e-01
-2.018325458713439782e-02
1.554840600735254430e-01
-4.562359878443597028e-01
-4.852007977759470458e-01
-4.896920312859912583e-01
-3.551704972512844671e-01
3.604243852080832311e-01
1.201184168107489597e-01
3.356383258684454973e-01
5.004816154446325438e-01
7.821062363001282103e-01
3.423015003355946440e-01
9.094620500551159337e-01
-1.958003216607430430e-01
1.288132521836670707e-01
3.912016202730871361e-01
1.697771958217007271e-01
4.259081721826087907e-01
7.225115240407176120e-01
-4.962344589179086829e-01
3.758794019864027391e-01
2.934944762695319009e-01
-1.202773714476590428e-01
-4.885831777049971097e-02
3.039003626160858285e-01
5.012905130059976955e-01
-2.160481088710623776e-01
-2.480118494772716731e-01
-8.442139471914802962e-02
5.084072199010795101e-01
2.101623681411157740e-01
-6.968647397574139202e-01
-1.919043866739650328e-01
-3.292753185437953256e-01
-2.295003019907965736e-01
8.820212617106516773e-02
5.355319610730027713e-02
1.952264714342827889e-01
5.928556346216842798e-02
2.457910454359059083e-01
4.923960492511809672e-01
4.131180144279208988e-02
-2.915612693611676631e-01
-4.081218735351022087e-01
-1.247903203713871118e-01
5.914521251610117131e-02
-7.906388125133142486e-01
-5.239351591130770869e-01
4.123181317315323113e-01
-2.614015661103833224e-02
-3.028396736985093929e-01
5.377323099531620132e-01
7.531039860941096675e-01
-1.154030431712055882e-01
-3.658110318960555163e-01
6.003286150249077524e-01
-5.160100522557428127e-01
-1.325875872036047509e-01
7.575493204138147307e-01
4.237527784799196562e-01
-8.714103969703079766e-02
2.414964900378729906e-01
5.256081240038908975e-01
1.136427123974296655e-01
1.291960491025686275e-01
-2.475620440190317573e-01
1.409811334941776517e-01
5.796484016956534452e-02
1.238444305459538153e-01
3.031067980079247270e-01
-5.535209951743388368e-01
3.213133064806135142e-01
1.599855022375502034e-01
3.606890238816352068e-01
-4.961159158439304440e-01
5.776710368775683779e-01
1.098825320165153913e-02
6.120075636235811078e-01
-8.757052949299177769e-01
-4.989168039452935854e-01
1.545075842558313317e-01
-2.065067952634147275e-01
7.797544580350074250e-02
7.877605740012183499e-01
6.093219744951015038e-01
-8.478656838836041709e-01
-2.656809525937673944e-01
2.853899848479045653e-01
-2.704961330800259023e-01
-7.381645813314105520e-02
3.511382897499196742e-01
9.142984572365776830e-02
-2.797410281069838689e-01
1.139172051241630901e-01
1.006504700461612195e-01
-1.904522378769070781e-02
-6.936807291831480482e-01
-4.868022009896489921e-01
4.982524200312014040e-01
-7.614115863114946647e-02
-1.023100845887143784e-01
-6.188280749453743956e-01
1.902871187645259754e-01
3.079301604566574979e-01
-7.801535246447380834e-01
-4.284593628113808061e-01
-6.871146089995913142e-01
-3.432110005941377828e-01
6.634925945167273742e-01
1.343933742767804973e-01
-7.859190017620578672e-01
-2.715291299027209337e-01
1.866508352317101660e-01
-5.600238134921861066e-01
-1.367089966349833707e-01
2.514266031199738904e-01
-2.574784583539075355e-01
3.072180060683041836e-01
-8.221569211752379758e-01
1.209852104437474374e-01
3.985926205806699651e-01
4.719633387121223711e-01
2.328871289377988096e-01
-7.836091458038524360e-02
-7.857339459248406655e-02
4.653234904850107045e-01
-3.703135984340248932e-01
4.580549574912143318e-02
-2.026757632039037083e-01
3.090746441372987374e-01
6.563332788461277989e-01
-1.480425017847395164e-01
2.994967777875190071e-02
6.698678883992406075e-01
-2.426720090595084200e-01
4.914646206814974327e-01
-2.905454466357364485e-01
-3.552058705945009831e-01
3.765175416256946739e-01
-4.737313298176112908e-01
-5.486685328944092277e-02
-1.365302982554966738e-01
2.275595453511999877e-01
1.939254053778515507e-01
-1.355335080013686799e-01
-2.077276394793453884e-01
6.325575776856894317e-01
7.247706033562290040e-01
1.107484605796793253e-01
1.071644562244049304e-01
-5.183423845027016474e-01
-1.489762226682827539e-01
3.555903441205855997e-01
6.164815451230866161e-01
1.085597689361459880e-02
-3.611151151036082457e-03
-6.910623062052546894e-02
-2.328490034521027152e-01
-1.402024351742945374e-01
9.033186523613741248e-02
7.070174588132218663e-01
1.952041572066394171e-01
-3.545916014163992547e-02
6.451355676019304708e-02
-5.540590539007763660e-01
6.304563428152709648e-01
-5.893801512737441017e-01
-5.154282706064764463e-01
-1.844942035955070558e-01
-3.113553896983091152e-01
-5.523785430106786798e-01
2.884034739048463858e-01
-9.914490654052574015e-02
-3.567254250168414575e-01
2.219210762499278788e-01
5.345259903145916924e-01
-2.798206198036083947e-01
1.029395783459648717e-01
-4.934981614868074740e-01
-5.585456731431006627e-01
5.782344345306746902e-01
5.033594616434595714e-01
-5.088325057426058562e-01
5.012816906340017420e-01
-2.675812702552411368e-02
3.304207615877012838e-01
2.536607132288299371e-01
8.730346892315703211e-02
2.188450676857788824e-01
8.734311017755320705e-01
-4.378418669210916159e-01
-4.131655128994812243e-01
6.315101410335099974e-01
5.997002501595155577e-01
-4.019660323011652325e-01
3.439681517812938627e-01
-7.969989698576200876e-01
4.094950616531541354e-01
6.158989409080434241e-01
7.819055266869783249e-01
1.886876969808216620e-01
-3.569350406996030789e-01
2.719325958407960431e-01
-7.895750910095847841e-01
-4.440990373277211578e-01
2.323355965665931944e-01
9.354394127790507940e-02
-1.414450046478720746e-01
6.764183331047207703e-01
5.385473682181938226e-01
1.803471725544089632e-01
-6.707599786037745648e-01
-7.242988647812903524e-01
6.923037380401217966e-01
1.575349450306790522e-01
8.205211902063689333e-01
-1.194969227464401096e-01
-8.658109774207806142e-02
1.008650858763379676e-01
-3.615824585653487633e-01
3.762442387728562321e-01
-4.300011494705991977e-01
-3.212473848079040462e-01
5.874386282393346814e-01
-3.740114355466462870e-01
1.017375241716081125e-01
-2.704538247425507247e-02
-4.042392027917555142e-01
6.688564284466017584e-01
-3.714564529457261011e-01
6.093639022831955597e-03
3.081709928449098967e-01
2.057562806164119629e-01
2.229751269682549164e-01
6.361755979758787483e-01
1.216291832450281801e-01
-6.915790667983362505e-02
-5.620418861441158764e-01
-5.364726467493788897e-01
5.359314220070643398e-01
-8.201952762070058300e-02
-2.451349642234887105e-01
-6.988577921351706301e-01
-8.296134389199589787e-01
5.465494227099579883e-01
-2.803075285569640029e-01
3.861347621543190778e-01
-3.611885795922328279e-01
-5.839947244549141825e-01
-1.844754224797453823e-01
-3.016785343356013227e-01
-2.205374953251135195e-01
-7.302948024998348053e-01
-1.173046316286196628e-01
2.401246089065396938e-01
3.114859282951505312e-02
7.595620039398852663e-01
-9.562578880058850150e-02
4.321085765304339965e-01
2.037390733020666700e-01
-3.556038950473081606e-01
5.625808234949060127e-01
-5.101290204737831679e-01
-6.718488480920453698e-01
-6.032199162650955238e-01
3.921751318031145295e-01
4.559415556664040414e-01
5.756322380963240642e-02
-4.109916442438493744e-01
-6.761518002752122669e-01
3.388094884948076313e-01
-7.871599016821866079e-02
5.399281999933057685e-01
-2.493669031554577795e-02
-1.696118313364044228e-01
-5.219975450318329324e-01
4.735336960473069956e-01
-3.507353850958316865e-01
-5.456139698885804634e-01
-1.036882673576251385e-01
1.975897057257839373e-01
-6.375047444308783780e-04
2.873098766180657293e-01
7.430196920061964416e-01
5.370240572117070954e-01
-4.820864260927471556e-01
-3.006758791058409819e-01
-3.960617054732075148e-01
-2.390933634072097691e-01
-8.738350281787740648e-02
4.579544469670381313e-01
-8.805021165228161806e-01
5.265630526756241991e-01
-1.750180801281549237e-01
-8.806026890785891015e-02
6.092033838698773796e-01
3.582453688075241671e-01
4.823941250398514624e-01
-6.673274890910277368e-02
-9.292909269829227603e-02
-8.211987233303502665e-02
8.095493457319706543e-02
-4.539711382204848489e-01
5.674208669201439292e-01
2.475161312394002500e-01
1.159423091369800318e-01
-2.128283925945299027e-01
1.336169187947978121e-01
3.443794218938847074e-01
-2.340845610723160664e-01
-5.096454031254424866e-01
-5.534639194988786315e-01
-8.643038180981827967e-01
-1.290228219068083049e-01
-1.473074190929433286e-02
5.155346395369635459e-01
4.496891674930089122e-01
3.834736452466570855e-02
-2.935269188298875870e-02
-1.391376831037269834e-01
2.544439376721008284e-01
6.826677802424571118e-01
-8.435903424849336418e-02
6.764010234867172677e-01
-4.641636467437182390e-02
3.242919664273560265e-01
8.979931336675839315e-01
-6.604551357913430731e-01
2.597726128180930516e-01
-2.985182256549440694e-01
2.579852341405071692e-01
-8.884952499018525240e-02
2.902512029765319523e-02
6.011538397077596796e-03
-1.592611000924750164e-01
5.745425482704649145e-01
2.740801041035800800e-01
3.525984899737931166e-01
5.155818785502048751e-01
1.409321929929943373e-01
2.460287582833330378e-01
6.047551101775308080e-01
-2.113573207944402510e-01
-4.288878090462273640e-01
-6.940537551662491200e-01
8.355040255173165620e-02
-2.985452228000729513e-01
-4.292450811164486568e-01
-4.413395820728004404e-01
-4.503837888487748353e-01
-2.618849193901998662e-01
4.472682740802486623e-01
2.210728117700033468e-01
-2.948594857046494822e-01
5.582487005587960516e-01
9.087125374802910160e-01
-1.822557978492099218e-01
5.021772783460540235e-02
1.303741393181616637e-01
-4.457316147490563707e-01
-7.701354094762633551e-01
-4.389628942248707255e-01
2.049343610025783358e-01
7.725318374620437911e-01
2.855953097308317479e-01
1.477608034377279889e-01
7.223228876249045971e-01
6.362379847572363634e-02
-2.604374301329642760e-01
-6.506427740088452927e-01
7.337647153467458105e-01
1.070918156988299313e-01
-1.033823612838738054e-01
-3.225558244762262161e-01
-3.179607119164756801e-01
-2.890328616720413413e-01
2.546134637593248096e-01
-2.292649011846554230e-01
4.488577044680309713e-01
-2.876468592211552933e-01
-4.782931022610348859e-01
-5.666957925086474335e-01
-5.869541864863527802e-01
4.373225741819206647e-01
7.407892181765463047e-01
4.642192774088588769e-01
6.284823716748887401e-01
-3.379196950380049524e-01
-6.257328190583624217e-01
1.057920370714991870e-01
2.122964666743210327e-01
-2.008594610129313396e-01
-6.406326675683411409e-01
7.399469952988170229e-01
-2.979497268871159066e-02
-3.796155407644037916e-01
-1.387294838208164016e-01
-2.757941414600127983e-01
-2.224167446158454436e-02
2.843246135299708488e-01
3.669229416583346115e-01
-2.096017845290786830e-01
4.042584950836941582e-01
6.145510834845643866e-02
2.086537076938595192e-02
-1.097489645497523453e-01
-3.731347581858537876e-01
3.041638284151667593e-01
-2.773063113504094512e-01
-1.659731385580655860e-01
1.351975200512304243e-01
-4.980721860973726378e-01
2.074042987070514044e-01
-2.138949892004645137e-01
-4.241790502106974614e-01
5.921340035691082804e-01
1.119190214116635718e-01
2.289392379612408823e-01
-4.487697846015993308e-01
-6.813170243843423846e-01
-4.553568419134313983e-01
-2.903684354357167763e-01
-1.865555979537937559e-01
-4.190994188425835043e-01
3.462538632793561028e-02
7.173493683289381417e-01
-2.734565747812916191e-03
-2.654738564551809565e-01
6.025892241933439308e-01
1.181590920066274003e-01
4.326196656252389028e-01
-5.247091591872682370e-02
-1.884810357338145836e-01
-1.053369558747584422e-01
2.417590127666332384e-02
-4.419511279549437344e-01
3.751896921252953487e-01
-3.980141227449037200e-01
3.351579807189931648e-01
-7.575277737567166492e-01
2.911356349941383037e-01
-3.685188734341035555e-02
-5.076778047020646945e-02
-2.242445470884610603e-01
-2.703755670644202302e-01
1.408548061959768449e-01
6.038504897298350160e-01
6.895946357014854922e-01
-8.538249879305915835e-01
8.084185554749547808e-01
5.092540127757494428e-01
-2.295768003746360419e-01
-5.046963503399017892e-01
1.180682694430752050e-02
-1.083379543630639680e-01
6.146234196072315470e-01
6.747125931570613355e-01
3.929425991184003208e-02
-2.614830939150872835e-01
3.128877102795033505e-01
-8.079419935231173522e-01
-6.414185812232929551e-02
7.235414456334068323e-01
-2.527112812866948166e-02
-3.549983030578671150e-01
1.302033300425622098e-01
5.992422533065908663e-01
-1.899349115542107724e-01
-2.007630150598833096e-01
-6.944544345467209556e-01
-3.656946303615211669e-01
-4.501074622868490027e-01
4.972883623601366265e-01
-1.335129423384389669e-01
-7.753503337464811018e-01
-1.661587196331932303e-01
-4.083406719206881252e-01
-4.606873140353453522e-01
-4.085486236960742534e-01
-5.026892417415069758e-01
3.202734012990050838e-02
-4.267912237450349755e-01
-2.132763647739194801e-01
1.502600585874566130e-01
-4.174469597730356973e-01
-2.404453949465694129e-01
1.925861549274269779e-01
4.252142470533567531e-01
8.364912020266696002e-02
-6.349294970382701742e-01
5.267174744863115099e-02
7.297139705441004764e-01
-4.774853004986789190e-02
-2.398168502429391113e-01
-2.179589163486332082e-01
-6.239713570900724537e-01
2.634820879372231084e-01
-8.298076753604516353e-02
9.975514265439087980e-02
2.543281710546912433e-01
-6.865588499340249395e-01
-2.488663720968966320e-01
-2.979539450730264716e-01
-3.348068982787234527e-01
-2.727788549299384746e-01
2.410550890791053058e-01
-1.289133385967588530e-01
5.758507599987892078e-01
-2.534062001658125562e-01
-1.578184975910633669e-01
-3.510870928095441434e-02
-6.311925194236156500e-01
-3.964637493804429313e-01
6.443937210169381480e-02
-3.918028238921984485e-01
-4.240370054399191790e-01
-1.208006870916568665e-01
-5.347681564078241578e-01
7.236498292389589304e-01
-1.006128901609388976e-01
-1.580927920679410861e-02
4.243999145344978796e-02
1.510636780050858829e-01
8.705863640367044187e-01
-1.491841708280283729e-01
1.893969671098121310e-01
-2.742255412565569039e-01
-4.286318570130930872e-01
2.327513624064927455e-01
6.966336782151723028e-01
-3.087005827369249111e-01
5.674482466651883383e-01
-5.715529546570969899e-01
1.895317729921357497e-01
7.154119980148163638e-01
-1.601346561564864768e-01
-1.117531308272033258e-01
1.246270839370982875e-01
-1.566864487611200896e-01
5.304964921718476056e-02
-4.622183820581928226e-01
-7.167157495162606029e-01
4.250455821389035882e-01
2.781252247662974741e-01
1.990002004777026712e-01
1.277343555044142542e-01
5.567802945330004860e-01
-4.051669148394920761e-01
7.594101253035434596e-01
3.508101081671654575e-01
-3.713908486258290509e-01
-1.674307732318799230e-02
-1.136472612328357987e-02
5.778745004763023996e-01
-6.861485249646638307e-01
7.046425285128244953e-01
-5.460817794076191500e-01
-8.441189229465927424e-01
-1.944792477066500380e-01
2.116381707877514895e-01
3.952780434965713074e-01
5.585195118337840103e-01
3.934437114369614408e-01
1.172637300759684642e-01
4.652255490205001176e-01
3.602434395260281086e-01
-5.080345490994897517e-01
2.056393947316093596e-01
2.705963841136119763e-01
-4.489294829750237747e-01
5.780312824151799533e-02
6.411015440091956119e-01
3.998905150622133475e-01
4.447059697323726968e-02
1.912408561973299448e-01
-3.053399731336530198e-01
-1.623076667795138595e-01
-3.025008931929618616e-01
-4.129430564249218505e-01
-3.423699661976318392e-02
-1.053542720691418577e-01
7.950826705037037367e-01
5.705055846175808298e-01
-3.968650702361009586e-01
3.705866089084788317e-01
-8.009812074195608034e-01
-1.178782877018468844e-01
4.578097456674822818e-01
1.354740332345416853e-01
-6.548418508713211850e-01
5.015687777432199790e-02
5.798959071948459609e-01
1.001622684861360746e-01
-2.029524693153963652e-02
-2.398892021142730868e-01
1.965897537445285836e-01
3.221035472085402862e-01
-3.674283692264362355e-01
6.500846789549277194e-01
5.636513896454210526e-01
-5.835615914715890362e-01
-3.130974884331406694e-01
3.561532867140967396e-01
2.769627692757319348e-01
-4.067838827201419177e-02
3.399277613090723738e-01
-2.277692445021679002e-01
5.339286614061974912e-02
1.860755108055235363e-01
-4.524264713674561872e-02
-3.975124688599634970e-01
7.393257932177537128e-01
-6.386292042626078302e-01
-2.175434075200357309e-01
-7.032854730048827552e-01
2.838739704841527489e-01
-6.182744288219026441e-01
3.507501207966359225e-01
1.290137816091912748e-01
-1.150435230956173560e-01
4.906717188288216014e-01
-2.494150795896249440e-01
2.275593786502551341e-01
-1.907299109897167833e-01
2.485504395261543473e-02
5.437231381715941225e-01
4.318962012319284005e-01
3.847777058638069403e-01
1.495378543816765771e-01
-3.056797015969591746e-01
-4.443177772213653398e-01
-4.998477586088534430e-01
-3.668395235116880260e-01
2.857470764725755230e-01
3.439531196186699225e-01
7.039608179467429228e-01
6.840214391121794968e-01
1.539114949896097095e-01
5.217403087525239735e-01
-7.562753481550466006e-01
3.321012484512829710e-01
8.313266687463348459e-02
1.071473750685829618e-01
-6.112831764654200750e-01
-3.333811251517090346e-01
-9.213276937862785454e-02
-6.270796871757677859e-01
4.578687228299705425e-01
-1.316111483942377092e-01
2.198872103371436459e-01
-4.501031010782399755e-01
9.012902360127541534e-01
6.973485328857622623e-01
5.329829529084059159e-01
-1.336345915658055383e-01
-8.677800631941817722e-01
5.868358589296593375e-02
1.929501565441280597e-01
-2.161625615585333615e-01
1.008558411428671364e-01
2.554652361974727448e-01
-1.862009528263783020e-01
2.012846913361616367e-03
-4.821761848392466243e-01
5.230595459716664841e-01
-7.277810133418167737e-01
1.657499178460959399e-01
3.052022507258207451e-01
-8.976756135443012541e-01
2.143941745756586803e-01
2.460342096281095681e-01
-5.321959698710957420e-01
-1.341229644599710169e-01
2.437850474634947195e-01
1.791807858693107991e-01
-4.351459913568423987e-01
4.862704145893467222e-01
-3.655919004354547634e-03
8.316822619846533926e-02
6.985104690745150106e-03
4.147351823287772632e-01
7.415526960328933104e-01
-2.807248392388465574e-01
-9.243616127297613061e-02
2.315906257378388955e-01
3.638366497759502050e-01
-5.481360702319749700e-01
5.164877061273378533e-01
5.659805295504034550e-01
2.190463019793980892e-01
2.116360443413322634e-01
2.050979452336997300e-01
-9.707299247178205817e-03
7.579199799583793418e-01
8.562565611070291349e-02
-5.129019980530681311e-01
-2.822376621245525907e-01
4.905070425905428966e-01
-3.198749524332774596e-01
-4.281804689179860568e-01
5.113222551427112350e-01
-6.834801273472984606e-01
-6.763451427124542725e-01
-3.352971094761537096e-01
-4.983239687051628786e-01
3.654533402631363753e-02
6.174144475985172686e-01
-3.513705361825165963e-02
1.888307234624187481e-01
-4.004046361655948516e-01
6.967287369404299990e-02
3.300551970672429003e-01
3.041773180570597201e-01
1.195799066128975241e-01
-8.038643672937521023e-01
1.382579387791754710e-01
-1.766857213432574680e-01
1.931744866088396795e-01
-2.384168042857524039e-01
6.338406582421892699e-01
3.532800827626373253e-03
4.271212266829388371e-02
-6.703123706497441381e-01
5.845466728000427992e-01
2.982167454964346209e-01
8.100537024205299585e-02
-5.632905114457540385e-01
-1.937003837817734553e-01
2.387970044775095391e-01
-4.756837337779507568e-01
-2.724186441366902578e-01
3.949757785743118199e-01
-1.213931366990199934e-01
-5.981390217826676459e-01
4.827316000150783104e-01
2.246897013903071394e-01
-1.827930973818419624e-01
1.863212657767871205e-01
1.081854798877798784e-01
-4.437488070247973537e-01
7.233226395786367391e-01
-5.285622080912200094e-01
6.616785897421935125e-01
7.829612331068448450e-01
-3.964878662529205400e-01
-2.385456360859820046e-01
-6.090046382597642527e-01
-4.818982971906304869e-01
-7.246643531577182662e-01
4.835821495040079632e-01
-8.120281926280453755e-02
1.168204583613283443e-01
-3.744889601757522141e-02
-2.028612711437274285e-01
-4.638367564890376049e-01
-2.100557374964409085e-01
3.891888884518271974e-01
1.291210754410626604e-01
4.848559452005647419e-01
2.049438873883122625e-01
4.257703882223114467e-01
-7.421009356439028926e-01
-1.793292553417039636e-01
-9.053958539355888568e-01
-4.192766262459148296e-01
2.602100614687031244e-01
-8.557882903658910190e-02
1.738496490753645429e-01
-1.757319537605875059e-01
-1.618338240835179645e-02
-2.765411934937015981e-01
2.761209326091257354e-01
-7.109535092930130418e-02
3.870681266186213887e-01
-2.791204580893715814e-01
2.056343355816243335e-01
4.310506964302585065e-02
4.197018437148055670e-01
2.523602971961556585e-01
3.882736392165015982e-01
2.226075405897521078e-02
2.997356712652770039e-01
-3.431336278186919442e-01
7.499115574327892553e-01
-1.526647961896787919e-01
-1.526689464835540022e-01
-7.209907532113331297e-02
-6.104614743437979385e-01
-8.715909291964252237e-01
3.828355322739900313e-01
2.622032774975797675e-01
2.730930708818467972e-02
4.761624975647071878e-01
6.918737974463111673e-01
2.484005441529087976e-01
3.203902307657432447e-01
2.911004280367289754e-01
-4.343777047372719968e-01
3.770130443621094729e-01
-3.919897223541369824e-01
7.602514459419517090e-01
-2.656976855624261225e-01
-5.072967790100864072e-01
7.011551333304572031e-01
2.930529539248748483e-01
1.491998371471108323e-02
4.807251034234353293e-01
5.271229805630316401e-01
-2.620627519729954447e-01
1.325900959958848657e-01
1.459074663970746366e-01
-1.848334705669194555e-01
1.557755181095775085e-02
7.108006625859379923e-01
-1.065336433845087694e-01
1.059030351275226239e-01
-2.973832804783642647e-01
-5.504912111581151679e-01
-1.437670414788569384e-01
6.572850324949340850e-01
-1.078027437829854746e-01
-8.735782065387989181e-01
5.118997394076805207e-01
-5.106393821293307989e-01
3.536486119533510109e-01
9.782833261555515247e-02
-1.566473819584015548e-01
-2.474966691631076132e-01
2.911454063807713058e-02
8.448778943372413641e-01
6.911055240230531416e-01
2.667738457421147125e-01
1.577873818517893656e-01
-1.782278275014486171e-02
-8.524446126570453530e-03
-3.145858549382007929e-02
-3.557861401102367926e-01
-2.268373516064000062e-01
-5.386528806935788616e-01
3.114054941065778070e-01
-6.819369125579244351e-02
9.554799415861636724e-02
-4.011088960570411421e-01
-1.809781938340307983e-01
-3.254990964200789594e-01
-2.606275923704759467e-01
-5.930852605751527618e-01
2.446153140154327943e-01
6.628493490143727573e-01
5.149066623093353501e-01
-6.089896145879334366e-01
1.799456356384383782e-01
1.570359678829245098e-01
-1.770863704682247228e-02
3.042061989384720055e-01
8.495941533341294649e-02
-2.076764455922362473e-01
-1.710325440931419194e-01
-3.313654295738627242e-01
-2.578839771467357211e-01
-4.174722533405338387e-01
7.792638624641627654e-02
-5.949733172450741292e-02
6.703308221576981252e-02
-3.585061311649875293e-01
-3.218724370666076195e-01
5.099913683187717872e-01
6.643631143886004342e-02
4.791219783868487236e-01
-5.249222281447765148e-01
-2.665996616307915179e-01
-3.617392820206006276e-01
2.224202791224972608e-01
-3.524228968138056195e-01
4.565246515316668252e-01
-2.664615665567161840e-02
-4.858939625644483895e-01
-1.753814482455381962e-01
-2.197311077791181122e-01
3.105964147080458870e-01
-5.824183549713494168e-01
3.771966170745451041e-01
1.031164571864054275e-01
1.800743413034018581e-01
3.069860803843639241e-01
1.929693680749383355e-01
4.019460855764078744e-01
-3.132663338289125576e-01
-2.075081954190798328e-01
5.126073940626179049e-01
-9.528763888551328165e-02
-5.114575707971161789e-01
-3.119930272240970526e-01
-6.942816370888741373e-01
-7.781590974760664858e-01
-8.210902868293719348e-02
3.411202151487617851e-01
2.012821561641124635e-01
3.510274007226855675e-01
-1.257881097361178979e-01
1.881697594444570187e-01
-3.215673197446641263e-01
-9.646988746136546389e-02
-1.515328914616520528e-02
6.866863846477658795e-01
5.034999087823183173e-01
-1.998872865065798865e-01
-5.667724404225198132e-02
4.091389603338313474e-01
1.843254001040124657e-01
2.312580464442532402e-01
3.240533331067834144e-01
-4.764893643318124372e-02
-4.583696368409818644e-01
-9.681526666774922796e-02
-1.419090770468177110e-01
-3.772418401950240752e-02
-5.973726899255653588e-01
2.522967236314124229e-01
-3.277876744381315599e-01
-3.464591647487674786e-01
-3.369009860745975082e-01
-5.676546338490341681e-02
-5.788553927137580768e-01
-2.229006488897156968e-01
7.488229528557500958e-02
-2.637923730002752487e-01
-9.297153200776600568e-02
4.910210816541817347e-01
2.659598259356547173e-02
7.183463100174461990e-01
1.825113350214956909e-01
5.034610985641094771e-01
9.442437318606952679e-02
6.661041632551124581e-01
4.454953376528012488e-01
-5.051755055275146400e-02
-9.947907675390091353e-02
-1.718203227707236769e-01
-1.463112404830149427e-01
7.451979922163887160e-02
-8.393569211512762196e-02
7.177186525339653844e-01
-4.794516836630204892e-01
-3.666277314741676618e-01
7.823706790498002883e-01
-3.750571969413278861e-01
1.802245650418281553e-01
-2.727783913243232439e-01
-1.960493246696036196e-01
1.096531226603743442e-01
9.565360895318211765e-02
-7.178701735832890840e-01
6.784177073667181646e-02
3.027479085910376733e-01
1.915837777954914611e-01
5.662091523033246920e-01
1.298175997290724470e-01
8.896326420985505301e-01
-3.807594166187636131e-01
-3.286165787616738276e-01
2.065254968987902395e-01
-6.658809872965512078e-01
4.884959363061441850e-01
3.383828110861668292e-02
-4.375705156692275555e-01
-4.435836719114131244e-01
-5.323614659823958650e-01
1.087743557472732950e-02
-1.860540381343088745e-01
-7.262081567256958303e-01
-3.215318457690616305e-01
2.693095847491218664e-01
4.736872868917161306e-01
3.409368037199299040e-01
5.172719935360940990e-01
1.454876747600701847e-01
-6.212545679784897516e-03
-2.888929091026737339e-01
-6.098049606656389399e-01
3.790323222289372906e-01
4.914426592248160586e-01
4.446137867539153299e-01
-6.402782973031511116e-01
-5.402875178946993096e-01
7.646851444795136343e-01
-2.172354825779150012e-01
2.259103842157126063e-01
-2.716483930093499533e-01
-7.518016264950291849e-02
-2.029012242441998182e-01
8.240103621690846314e-01
3.819947249732328354e-01
-5.338846671379677833e-01
5.376834269482039241e-01
-2.514160911805062848e-01
-7.196430955066450696e-01
-1.747154831521626761e-01
-3.277156035328877559e-01
5.703073094499469531e-02
-1.173030909407207084e-01
6.192386250742972775e-01
-4.792414388538458470e-01
9.308899367082654197e-02
1.264579345044089531e-01
-3.623314646782036519e-01
4.463576271177707028e-02
3.326686812103826774e-01
-2.623237219362726247e-01
4.888098718130089448e-01
-2.103589678565523091e-01
4.262919148761955546e-01
-5.703032690299463248e-01
3.529247873998366258e-01
-3.773272461542043765e-01
2.170856902855279325e-01
-4.607748158004231209e-01
-4.931104512878550228e-01
-6.997060004717452486e-01
-3.937557666571291914e-01
6.312342506784666130e-01
-5.389423316563483057e-01
4.011714889117082850e-01
5.771371930160426079e-03
-8.104028719573809492e-02
4.296546721242616718e-01
-3.164372056871319616e-01
-4.934267071147104833e-01
-4.920878486734606705e-01
-7.561610060461104732e-02
-7.918485919327969969e-01
6.460139588639186581e-01
-6.612874055767807846e-01
1.411999404629875610e-01
-4.835620992739207702e-02
5.539160704676325819e-01
4.242825174794571108e-01
-4.907550704784941625e-02
-1.551414901991422235e-01
-1.391921393412972607e-01
7.841215512532181409e-01
5.120555919360054720e-01
-7.665401309542112240e-02
-6.702983887408933694e-02
-7.600472030741199925e-01
1.054952769929371065e-01
-6.458024708207908970e-01
-1.478305817494064145e-01
-1.813053245951260217e-01
5.937169469599060112e-02
3.858529295304904405e-01
3.814015971518682768e-01
5.062143538774950269e-01
-3.379706378664822930e-01
-3.771144118205273510e-01
-1.964616341696036328e-01
3.596750426699169001e-01
-6.193212230831519616e-01
3.951152872633184598e-01
6.105813056273169392e-01
-1.487632657965656247e-01
-5.384681869257228470e-01
3.418487982338501152e-01
-8.295030289888583042e-02
-5.007471739833082580e-01
-3.755397025007637390e-01
-4.865352686143746552e-02
-5.193503556715796110e-01
-1.476254986793020252e-01
-4.013914645522650981e-01
3.862251218501582817e-01
7.930275406027783580e-01
5.089512203014523450e-01
-5.914579203748637770e-01
-5.126089051439159938e-01
-3.854830359182835342e-01
-1.891514286601148065e-01
-5.867832159636179323e-01
7.447743661205061816e-01
1.418907652479034498e-01
3.118408442674878711e-01
-7.824264693641648227e-01
-8.353015156092304105e-03
-4.671142739284273038e-01
7.231819148454351476e-01
-2.612444240570804266e-01
-6.460267626841718069e-01
1.262452307894595116e-01
3.139164074565727880e-01
-2.625864284276635541e-01
4.661039670726267459e-01
2.932415397511295430e-01
4.408185152678881780e-01
-2.374634570612349227e-01
5.625648981768026358e-02
2.524360535955515461e-01
4.199670248735822842e-01
-2.521043990568473947e-01
2.825945053096242873e-02
-2.312855734393876317e-01
1.441621445709590221e-01
2.452223603543856878e-01
2.376441579284223893e-01
7.810835447627488826e-01
-2.064558900344518610e-01
6.046059642457078942e-01
-3.974792832935877263e-01
5.107219642619791333e-01
-4.376019069389736060e-01
3.160847712139718824e-01
-7.446662023370387296e-02
4.931923797915462732e-02
3.608931360752306583e-01
-2.865197110047540408e-01
-8.210363285214704598e-01
5.433611655351666681e-01
-2.750836527411353871e-01
-7.100805681967151117e-02
-3.709453143705847555e-01
1.170580507065582532e-01
2.519621141704248002e-01
-7.700982912219159204e-02
-3.559707775718933265e-01
-2.718985614164460829e-01
4.856472635164205132e-01
-2.942583396140242141e-02
-8.009619846420581446e-01
-1.696923930383220924e-01
-2.701181948504685071e-01
-9.179231047866764914e-02
-5.210503356723256152e-01
-7.930366271926787836e-02
-3.325285135188080776e-01
-6.243579770779845717e-01
3.868117432762574470e-01
6.449774410908136746e-01
-4.405426535529365362e-01
2.766356854884050587e-01
6.836567765063141788e-01
-3.422960802139144998e-01
-1.422749188775346840e-01
4.014295267203441542e-01
2.628150728118854307e-01
2.224427972667767650e-01
-6.109770934540621479e-01
-7.038621812672223310e-01
2.682424004653510274e-01
4.609411105813813192e-01
1.752525189551639995e-01
-4.196071906774859195e-02
2.939026130393943004e-01
-3.844856280588267172e-02
5.066918870184602963e-02
-3.701382059243009670e-01
-6.669847022750122201e-02
4.745845789146244109e-01
-5.711709660902469787e-01
-2.059598743616274652e-01
4.214149138931608807e-01
-3.742909868154216391e-02
-1.345891553251735706e-01
-2.708409816455048524e-01
1.851472553184171366e-01
-6.452560557564398502e-01
5.984088401246470124e-01
4.521695825072852837e-01
3.800841369883539156e-01
4.520236556934649208e-01
4.553286172941428678e-01
-4.222223053370619539e-01
-7.437706261721356293e-01
6.890469454237657665e-01
-2.998088782491861171e-01
-2.915826317569414905e-01
3.563038569593508509e-01
-2.962725938431413075e-01
-5.324911877404799876e-01
2.283244388601230468e-01
2.447214622913060356e-01
-1.665119636618016818e-01
7.407773094173449868e-01
3.502966811847937345e-01
9.569633446460112935e-02
-4.748497704857310708e-01
-5.660218402421884898e-01
5.667661152496660248e-01
-2.629113960191529209e-01
6.493249568452816312e-02
-6.974777834739595006e-01
-8.313809033462035702e-02
-4.937185606885249878e-02
5.881674861105047336e-01
-4.266328401837792272e-01
-1.809547564638842032e-01
3.243177787294961867e-01
-4.401331257921752282e-01
-4.020449948612431768e-01
-1.661884205537453307e-01
6.210392324489545368e-01
1.788601031196534463e-01
4.683624480772318188e-01
-1.811707025648735536e-01
-1.622128316982638374e-01
6.240509346653948589e-03
1.233537492419006926e-01
6.154784176765365489e-01
5.111763391677973667e-01
-5.443707554179160191e-01
-9.124925348642197453e-02
-4.314885226208269309e-01
5.299044285879198068e-02
1.530431455093370259e-02
1.195174094273270260e-01
4.527178518437274812e-01
2.468899271264879403e-02
-1.982800274382613345e-02
-6.834381712897108496e-02
-1.416946429053859147e-01
5.680629551278069123e-01
-5.747888704056736131e-01
-6.455754317328610270e-01
5.928186369856646154e-01
-2.697367716468005994e-01
3.650511611803515244e-01
-9.094842245503713396e-02
-7.198280942572206076e-01
-2.479377985078604074e-01
6.343518094217184267e-01
6.519627752847723112e-01
-4.188894634030435604e-01
-1.568519104173995149e-01
-6.399039132467310154e-01
6.835795661157925140e-01
4.415145668533468903e-01
-1.344091334231112822e-01
-7.982685745919229081e-01
3.974751102272781056e-01
-4.106842421242287156e-01
-4.257923566206437971e-01
8.498695496748802369e-02
-2.815507237356956183e-01
-8.521874000046399944e-01
8.306449433364133661e-01
-2.833248462927170919e-01
-4.923439705761044338e-02
3.204861882519847160e-01
1.344699927970040010e-01
-1.449190092679908948e-01
-4.652692106109974080e-01
6.078421063304878524e-02
5.068204794294717264e-01
2.351592605218670324e-03
-2.395266323149089147e-02
-7.417092074960313086e-02
8.722992163487436335e-01
-5.204846781164859104e-01
1.922635042451020793e-01
4.657167951688821472e-01
-1.611552242913720512e-01
-1.520806783527309525e-01
-2.746836210163879355e-01
-1.436288906594692660e-01
2.946984616841370475e-01
5.038907134901764451e-01
-4.521029472170747243e-01
-1.221713248180326603e-02
4.317524074008085022e-01
1.363559071344181972e-01
-4.598849373805658503e-01
-2.792921094791959158e-01
6.786447204954517698e-01
-9.601705107306848785e-02
-2.795116529039775033e-01
-3.565294425437541825e-01
5.775506964512350239e-01
3.727893246553962703e-01
5.950810351407936905e-01
8.138280333881828810e-01
-9.130127692495923486e-02
6.991273233092172579e-02
4.649918792510429610e-02
6.504912474947670276e-02
-7.435307647516269103e-02
-6.313315198601349154e-02
5.744281938234265805e-01
1.621102221193091719e-01
-3.012958325631283074e-01
2.998069584012412747e-01
-2.812317560683441631e-01
2.961858298161285652e-01
-1.831691051513864577e-01
-5.882464979230704882e-01
-8.352635912285125142e-02
3.520647502931296691e-01
9.442480397805710912e-02
-6.698047092662255848e-04
7.876435363920127886e-01
4.933937289846825891e-01
6.150057839949989447e-01
-3.416889365455588745e-01
-2.830925801927889340e-01
9.961183850925417124e-03
-2.731659735832135394e-01
-7.902289359375827549e-02
-9.693816298784946328e-02
-3.793119902567268498e-02
2.042928440461195261e-01
-1.389933409064901537e-02
-4.183039374305159708e-01
-3.158739701775933328e-01
-2.718451359704104342e-01
-3.347801285935895210e-01
-2.600625889816760017e-01
-4.053090544528155093e-01
1.618282080208208740e-01
-7.035415392080704988e-01
5.134318885693376355e-01
-1.109177765228073487e-01
-9.080221383514688188e-03
-4.939463286304253131e-01
1.606416517939050492e-01
4.587050016735381153e-01
4.896736941575264845e-01
1.556735658918392551e-01
-5.621004076591369636e-02
-8.627511141480054269e-02
-4.218996601116924983e-01
5.359716304360477857e-01
5.784630488608082099e-02
4.128772180171814965e-02
7.472813875592686228e-02
-2.226953317918493880e-01
-4.726677151989216313e-02
5.553617570939707315e-01
5.422762653648389719e-01
4.131435664044487144e-01
3.197951202253834779e-01
-1.532181352134432128e-01
4.872042567767165822e-01
1.724429425044334274e-01
-6.659780877042110747e-01
-3.357513627163293268e-01
6.723336585856775315e-03
4.140416067011186141e-01
6.355708391965516624e-01
-2.119714093676831612e-01
8.925021664590633563e-02
-2.680803335019839584e-01
2.428489477934350216e-01
6.573588095632534878e-02
4.519001036664241910e-01
1.446500719480228181e-01
7.739603296303042279e-03
2.502597184924667539e-01
2.735366327434528566e-01
-5.352270310042772650e-01
-2.153205595469483702e-01
3.492835371852056614e-01
1.915115185287217248e-01
5.848282050647075625e-01
-1.692732671893790175e-01
-5.190700628627711311e-01
-7.359324077028994715e-01
-3.510416786362517971e-01
-1.059764029807774011e-01
-2.175839949932275308e-01
3.525030042585689666e-02
2.304327051988766181e-02
-2.532933356988032458e-01
8.373549052719996277e-01
-8.388699135222184022e-01
4.515111044468743673e-01
-6.118166239660829397e-01
-4.537830023969962046e-01
2.093929905672478609e-01
-6.028838590588114776e-01
-3.434992494295598386e-01
-2.663097025592573441e-01
-1.971374538178701785e-01
4.419419870834825903e-01
-1.824968686107956706e-01
-6.714776077200164117e-01
-9.228104358011286479e-01
-5.521373483475511268e-01
2.728136251472214058e-01
3.196844520057557371e-01
-4.617336545726150043e-01
4.128325005295249706e-01
-4.749237764363429815e-01
2.159313498100732254e-01
-1.874155966726221978e-01
6.575401005900595175e-01
3.059442126719522093e-01
6.438414884488691259e-01
4.346189294803959324e-01
5.232104464786482279e-01
2.124633773771941181e-01
4.617464112220274197e-01
6.916546953705803302e-01
4.565095671064842708e-01
2.882686813685993998e-01
-7.361753295995424051e-02
-7.644260030829076458e-01
-1.214060555706926725e-01
-4.504389378368932606e-01
-1.737802468113552878e-01
1.770135676269965486e-01
-5.624949380062536086e-01
-8.608631398135380142e-01
2.446128753167810532e-01
-2.863678451111499879e-01
-1.004155087009925146e-01
-8.234011421256965946e-01
-1.883537891557055628e-03
4.678214280200301833e-02
2.807272009945476210e-01
-5.787721496299047530e-01
-3.144188458922256846e-01
-7.119826859894267113e-01
-5.719601772687734620e-01
-7.217569150556812918e-01
1.490631516689675251e-01
-5.759126931242715131e-01
2.101222088313544067e-01
-2.971859537383788608e-01
-7.223322643491731920e-01
3.713498393269958064e-02
4.552735825740344966e-02
-4.473817393870405112e-01
-3.875254462276520595e-01
-3.592340500970404027e-01
5.653064649660366481e-01
-2.845126567037813969e-01
-3.430281824698037663e-01
5.505433541147202181e-01
4.720459506654949289e-01
1.110204733257415532e-01
-3.250536461634179197e-01
-6.754081646148663021e-01
1.963214054095239747e-01
3.281767669091527340e-02
-1.113987614669180587e-01
4.024578846041714231e-01
-1.172495877608575043e-01
3.475646346051923796e-01
1.767408871116847857e-01
-1.550859658532950380e-01
-3.797654518904969856e-01
5.619582472820006114e-01
-9.398901125404580947e-02
-1.982497245751628501e-01
-2.521590682546116513e-01
8.086322033641898388e-01
-4.275062497568949405e-01
-2.634945442051982445e-01
4.638295281674852388e-01
9.379341798527005003e-02
4.844609544343461138e-01
-2.606832080037529420e-01
-3.183741208055537175e-01
-2.156277887620959843e-01
-3.088540780431389687e-01
4.206107744143634530e-01
8.535625373931043924e-01
-4.436368147167704667e-01
-1.968206103321972489e-01
1.504923694833954773e-01
-5.218919788920889369e-01
-7.555635604061603505e-01
-3.445838749918050392e-01
5.776801693615790656e-01
3.627582017659596314e-01
3.714402752933756435e-01
-5.384540571282973032e-01
6.843951217349861227e-02
1.926254184592743335e-01
-2.582006686480439739e-01
-5.233672798818994609e-01
-3.917060105544708515e-01
3.251299143747945486e-01
5.711559196741274880e-01
8.166281197793529012e-02
1.648470418815039251e-01
2.358864826121190306e-01
-7.303752904418779612e-02
-8.579449739661887397e-01
1.529356772573766676e-01
-1.677070856482645866e-01
2.949912208870709707e-01
-5.410532869619776308e-01
-3.939703603811197663e-01
8.133513051931130500e-01
8.356742351200670271e-02
4.042100557325364885e-02
-2.471764376885717679e-02
-3.599436067832194053e-01
1.403977740362532534e-01
-8.400074682880438459e-01
5.769114245113542427e-01
-8.412615692896610042e-01
-1.576353345076765208e-02
1.222955775437260945e-01
5.959967774710852595e-01
5.320031587316920163e-01
-1.460581284368440425e-01
5.418222849674140251e-01
-8.390349647464756533e-01
4.819741832877006416e-01
-1.883715514215220377e-01
1.271246379739484067e-01
-8.305066217001340068e-01
-2.331315690472846036e-02
-9.603037323336045816e-02
4.429714041860411400e-01
5.277182698881665024e-01
1.922829730333032727e-01
-3.410921252559541150e-01
1.893384177671237900e-01
-8.633100986591497605e-01
-7.390883498692779607e-01
6.856810919491889145e-01
-2.929587177088279204e-01
-2.133653208659233580e-01
-7.151852272573711033e-02
-3.797772428051374161e-01
-6.593595636629026591e-02
5.458568794894372855e-01
-4.683583492097515011e-01
3.653297284409871559e-01
-3.229632365841046959e-01
-6.880702287332626788e-02
5.491522157444196361e-01
8.731114837045511612e-01
-3.265874893094850573e-01
3.805112235448944724e-01
1.150140909891870719e-02
-4.472919725885034503e-01
-2.368651700363290369e-01
-1.615742382203468400e-02
4.453413759606951738e-01
3.578778016610729695e-01
-1.307963553689036607e-01
3.716111427448945403e-01
-7.366559638920223696e-01
-5.995523175776553693e-01
-5.056091916009723963e-01
-3.758785961981237489e-01
-1.546469211731684723e-01
1.001398116795652465e-01
2.021864970350280566e-01
-2.653238108873577916e-01
3.811022744851829680e-01
-3.178095319823347475e-01
-1.201336260005925888e-01
6.226265087221539707e-01
-4.300034783886798051e-01
6.489376899799538245e-01
6.462313200611076169e-01
2.429969755945279516e-02
5.088363346308252266e-01
3.294825046135385627e-01
4.517839401998767490e-02
6.674722461383218730e-02
3.297929923352022619e-01
2.868938966916712019e-01
2.786237313951303585e-01
-5.153692642527217815e-01
-5.547907600819310669e-01
3.212164481539472316e-01
-1.627570028586568518e-01
2.054446894263001477e-01
6.655494733904356863e-01
-4.656535129306267895e-01
4.306755795001158682e-01
-5.976166427228646327e-01
-1.547190803551352078e-01
5.616620778681662429e-01
-7.084864160418331558e-01
4.464554383830228179e-01
5.384674636055687413e-01
-4.162597063453873369e-01
-2.760823462699081299e-01
1.643338440590281224e-01
-4.940443287207312018e-02
4.552070834564027058e-01
1.321824967608626611e-01
-2.706618169882450409e-01
8.152073127876977576e-01
-8.622676132513864555e-01
-3.600270058606899193e-01
-4.401902611176601310e-01
5.873737354749647421e-01
5.192962098902464962e-01
-8.066401161436911327e-01
4.159221601239665445e-01
-1.122213157496881608e-01
5.135111079940436474e-01
-5.185373612359431977e-02
8.376827137451814398e-02
7.825524435605996088e-02
4.863579591997341245e-01
-1.141056868647145617e-01
-6.594135865522648965e-01
6.233711677209121671e-01
5.320752795223350207e-01
2.961839871179784422e-01
4.443667700859812442e-01
1.107804667775819443e-02
-1.598416593559935095e-01
-1.833629322012502727e-01
2.618910713130702395e-02
1.568923078644739455e-01
1.005642953712889281e-01
3.126575420924851412e-01
2.584995579076797001e-01
7.860059700727386467e-01
-3.962312648131174342e-01
-5.249578154366922877e-01
1.202181330404438336e-01
-5.539166243833322234e-01
6.275414628374993420e-01
7.515595804253704104e-01
-3.617603080015027728e-01
-3.678131365034333911e-01
-3.452683245405863827e-02
-3.304056801097677298e-01
-7.351779275170301498e-01
3.687632110311386824e-01
3.914669233664552217e-01
-6.791637557373464418e-02
-3.741564436128125837e-01
-4.940636517894178570e-02
1.470384383903507453e-01
1.083521890022138834e-01
-3.544381407648262705e-01
5.287566488380176510e-01
4.984071825669649236e-01
-1.706365779136608321e-02
-1.326132383312574048e-01
3.560063199041509918e-01
3.784028038537546323e-01
6.114213983747817105e-01
-3.184443103128047903e-01
-7.806258312507421415e-01
7.336376223984338862e-01
-5.278210057955591283e-01
1.014632770466580708e-01
2.206737505196317284e-01
2.825782316676651168e-02
-4.449325740014842823e-01
6.364544531378888426e-01
2.724910469576213856e-01
3.604545818671884838e-01
3.873445639610292313e-01
7.624678114603268275e-01
2.923133004465043872e-01
3.375763551104476456e-01
-5.192313267580893621e-01
-6.882921261398743384e-01
-4.538263672244711722e-01
5.726419539275511006e-02
-3.747564742703354268e-01
-4.033755707922305200e-01
-4.224778684469923662e-02
7.634010500540294730e-01
2.303208272239450072e-01
-2.901319373025526005e-01
3.833451537333756876e-01
3.038553687835353623e-01
4.483064701641682470e-01
5.856686456622685055e-01
-7.446786213671967580e-01
4.188191165277908024e-01
2.009164802383770487e-01
1.383565708123744020e-01
7.454199083140291560e-01
-6.157442268700791255e-01
9.006170068641429216e-01
-6.902918372957119741e-01
2.351478123769024930e-01
6.700818037838010000e-01
-4.172144737232729161e-01
-4.103612417914164617e-02
-3.477093986143424131e-01
4.643098709892208298e-01
3.050996963873724988e-01
-5.445331367140537893e-01
-1.730113942254871695e-01
2.915738661718600411e-01
8.817756066414760008e-02
2.757836014539984948e-01
-5.828779881685908215e-01
-3.416797082128993912e-01
1.947910548928100394e-01
6.013601320032304492e-02
3.766399081399229853e-01
-6.085053257603829646e-01
-2.754064030737973789e-01
8.279374454837995501e-02
7.882229745498721130e-01
-3.770290635052948591e-01
2.250485774219371238e-01
-3.592786922218115797e-01
-2.740043119273877226e-02
4.583524089510584987e-02
4.930848928428687161e-01
-2.127971705754035658e-01
-7.750574795105437398e-02
-7.743046680970467888e-01
-1.269704169995231613e-01
6.048787451146150351e-01
-3.423403737784999068e-01
-1.818005225912404099e-01
-5.894264005082103935e-02
5.907824122611626816e-01
-1.076842810783574245e-01
-7.283482923737815140e-01
7.237094106997246090e-01
-4.550566556537419816e-01
8.054854751916419309e-01
9.523645423518034558e-02
2.196541808919883279e-02
4.553881423411635376e-01
1.248898180255273854e-01
-6.896865196459728287e-01
-2.637223576678309200e-01
-5.425744045408162908e-01
6.452388911456841125e-01
3.850429160281710894e-01
-5.540164203934793558e-02
2.997604547389862845e-02
6.044238425676306398e-02
-4.954336396920120400e-01
-8.115856678419246517e-01
3.392363917962247788e-01
-6.480148074537754876e-01
-6.003212263044049868e-02
2.719094500841429118e-01
-1.420060032514583112e-02
-3.651799445568106317e-01
-9.258907793873913383e-02
-3.324473406584944613e-01
3.169402943123761363e-01
3.248578578147268692e-01
-2.959272220373938556e-01
-3.734222853751675286e-01
-7.578094490586173571e-02
-7.842092797293560569e-01
-3.590995524973115138e-01
2.954803639041594931e-01
-6.963786138205342313e-01
-1.506757980953300213e-01
7.596997838547489001e-01
2.559385152401246755e-01
-2.338514748385407335e-02
-4.372708657775607743e-02
3.297087724134744602e-01
5.595027237709339074e-01
-8.419372880136689885e-02
2.006308891747665690e-01
3.333539119952770302e-01
3.381522195938056058e-02
3.333562455765348709e-01
-6.536869940553676761e-01
-3.942370658243872505e-02
-2.358070700034862188e-01
1.456053474252831104e-01
5.097084327853788066e-01
-5.823624465953244345e-01
-6.080916702695567944e-01
-2.331678643815355556e-01
1.444957451552565664e-01
-9.916708564158846495e-02
-2.254284275387023195e-01
-4.447993041799748748e-01
2.650096669635703013e-03
-5.637548321484586733e-01
7.911204063624210914e-01
7.379391074992285304e-01
-4.145257647479005381e-01
4.819382369612089656e-01
-8.088114551663030394e-01
-3.625618030687666193e-01
-5.285228531915573402e-01
-5.548702667323561766e-01
2.218828764571776913e-01
5.377929881190374184e-01
6.486815751721510814e-01
3.880691837865192506e-02
1.519748249161753939e-01
6.811376411978889434e-02
6.530155429048241089e-01
-1.441027672136317994e-01
-4.812890746983376489e-01
5.333706187590649961e-01
3.762048963665813872e-01
1.011751566818644421e-01
-5.901297009156859508e-01
-2.865707196786850264e-01
-6.169421154016224706e-01
-4.354392559620738901e-01
-1.025422521746323506e-01
-6.260136004701943174e-03
6.585375607305297141e-01
1.347798894866458486e-01
-3.637766530879305016e-01
-3.457587112647763083e-01
-4.244266571055200221e-01
-8.014298229104875881e-01
3.635299657125328210e-01
1.234166032023987503e-01
7.384805702423302698e-02
3.293033581720433700e-01
3.508732170326724353e-01
7.480957283762916799e-01
-3.314881730128848014e-01
2.902091510760880788e-01
2.803178415500752196e-01
-5.875624919484486730e-01
2.191434808571464943e-01
2.295655021997458078e-01
-2.070055370150296892e-01
6.262171876424071741e-03
5.385825071890779636e-01
-3.923543857948607050e-01
6.377221229147469472e-01
1.577821389323217360e-01
-4.455729858105045849e-01
-1.204373075663545678e-01
-6.109258077646817497e-01
-1.060746627044907853e-01
6.842875519964225495e-01
3.807496271736186128e-02
5.781612901356398826e-01
-1.559851181040877999e-01
3.562282378077868961e-01
3.356775867696625698e-02
-4.494250596974757039e-01
-3.669965295932950955e-01
-4.599962294703965338e-01
9.991720485004923491e-02
3.301296955058988791e-01
9.726714693165032510e-02
3.908407319871166075e-01
2.189464178275698503e-01
4.893143647171956379e-01
-4.090303613904673619e-02
4.644855613224121993e-01
-6.026250224006012290e-01
3.905263138017043278e-01
3.340817255757389526e-01
-1.755737910781897670e-01
3.271064993640749874e-01
5.539684682770701363e-01
3.545857023734974023e-01
9.239829795434044701e-01
2.370320646511533680e-01
-2.632452331889810829e-02
-6.989545788219527767e-01
2.166310544934625659e-02
3.823468374872681097e-01
2.898869693900388844e-01
5.365896187427188213e-01
-7.718822052123883726e-01
-8.662028357804549272e-02
-5.917106215553916831e-02
5.131847162609870505e-01
-4.563462610374487971e-01
8.037693297608952125e-01
5.974549923572605031e-02
-6.617603886810832226e-01
-9.287347378505955708e-02
2.394705514971343097e-01
-4.487492447653528699e-02
-2.433706628087995150e-01
-2.456228075655871868e-01
6.146886194411817911e-02
-4.876778899692941760e-01
-5.184344515015488347e-02
2.287153852961193445e-01
3.968059164051250254e-01
-1.795354690298421318e-01
7.473699316150199667e-01
3.030621918937430048e-01
-2.453831876311885277e-02
2.268808279059944255e-01
-5.361208937948581943e-02
-4.491128638819283370e-01
-8.458393083675644908e-01
-6.347823805739426228e-02
4.526978611824630100e-02
-4.808040813290648252e-01
-5.555096496858629163e-01
2.871974327278067896e-01
2.814662256038388266e-01
4.850821908014945061e-01
-2.130671558501074925e-01
-4.683742049423281206e-01
5.801717860347238576e-01
-1.889358002775987921e-01
1.772944496688955707e-01
-2.565632866022163894e-01
3.198615071584316460e-01
7.107860033767643415e-01
4.371816175020829150e-03
5.486732285003188547e-01
-1.752554552579985436e-01
-1.482973878905815557e-01
-1.995069998532940647e-01
-1.836061835965686895e-01
-4.008687244210638045e-01
-8.639418234341032787e-02
-3.218905294846463594e-01
5.162822679244152280e-01
2.652841190749677946e-01
-5.580257751654624787e-01
4.322846792378748915e-01
-1.093404089469485058e-01
-3.064323034258940037e-01
5.401208055987938295e-02
-5.106395320827731288e-01
-1.958506177164311690e-01
-2.467297105529974999e-01
4.674628185058936070e-01
1.776675779657708176e-01
-7.331305602892644602e-02
-4.709982017123678921e-01
-1.358450233520204220e-01
5.639234340154289926e-01
2.239475175499166248e-01
-5.462501913157927769e-01
4.117652709387853438e-02
2.346758098240606938e-01
3.141130208480381603e-01
2.354493080874214272e-01
-4.008640627680646884e-01
-7.217555196795736316e-01
3.172961734456983818e-01
7.275133738202785860e-01
-1.080155176192249961e-01
-5.450652736390395603e-01
2.617905873735133504e-01
6.514823594977818821e-01
-1.963706076435867698e-01
-3.557207951775572807e-01
1.728195338667607994e-01
2.114702980038840330e-01
-4.773739641698403480e-01
1.401654718465333849e-01
-6.497607403595880848e-01
1.614144616766345075e-01
-1.289265947263171230e-01
4.275269866072097802e-01
4.679607102626263948e-02
-4.354844884469947219e-01
1.475977746474739782e-01
-6.205550615637808187e-01
-6.061238432980784463e-01
-8.287547669100042702e-02
-5.589633725033242573e-02
1.512062061485681674e-01
-3.665438716156651511e-01
4.035184836118752005e-01
1.388557531022875935e-01
1.493144017058402606e-01
-2.966755153002067491e-01
-8.928611261066710103e-02
-5.595870411323650151e-01
5.116280720878683130e-01
7.431433585510102136e-01
-2.956308901992644664e-02
4.195350624713913845e-01
1.454710892074707607e-01
2.089661236965301705e-01
-2.329017093847567110e-01
1.583210378805724461e-01
4.460558401146620389e-01
2.511696174804012305e-01
1.295635088394601897e-01
-7.472420626266722543e-01
2.453178231796487585e-01
-7.270941121155912734e-01
7.031916892058862056e-02
6.357603341426462662e-02
7.197329350127879000e-02
2.254950038656534650e-01
-2.619546926945061638e-01
7.587296802887376346e-02
1.109156088692945102e-01
-5.914715616430772371e-01
3.798540354407349273e-01
-1.142503465476511423e-02
1.303874653931106076e-01
1.061951913226525379e-01
-4.887842362695582477e-01
-6.114726318607320854e-01
-5.361532761855532930e-02
3.342999071100450914e-01
5.366196078037968054e-01
-7.170129835384464467e-01
6.851993856176387399e-02
-1.508371346680009717e-01
-6.702169884940071265e-01
4.011021049944772932e-01
1.954389334546673129e-01
-6.847323077645266487e-01
-3.763868842607882154e-02
-5.462220845686804882e-01
4.399619248782181691e-01
-2.615729269994708228e-01
-8.597869398629354176e-01
-3.117949291625611852e-01
4.658492397642848282e-01
-5.789653702875370289e-01
-1.414292033666454951e-01
-1.266711653206832600e-01
5.890900510397152345e-01
-2.906688782682358418e-01
2.992258900081007367e-01
-6.857383865987847216e-01
-3.168718975264697701e-01
-8.722107479779532546e-02
3.145121310402338999e-01
-4.994162952264177280e-01
3.781341552807863937e-02
-5.190958328016095046e-03
-5.534536431143251001e-01
-2.654713863558440939e-02
-5.837970750084602312e-01
-4.490482707776470850e-01
8.885535606988879953e-02
3.773408994608877520e-02
5.245194882198886965e-01
-4.650643805819607013e-02
3.243801362233068031e-01
9.687120096095751601e-03
-6.679015844041934491e-01
-2.496995085072488685e-01
-5.400110777220329394e-01
3.060349756080425476e-01
9.876472329579991105e-02
-7.199511072572550852e-01
-5.210031482163813843e-01
7.950010949222755530e-01
1.441302745424670184e-01
-3.703361852944325183e-01
6.976510885606668211e-02
7.263296462869871517e-01
-3.108719626803230218e-01
-2.563322567520078255e-01
1.927615168289688874e-01
2.219074310585196774e-01
2.451197888318392692e-01
3.757300718806736439e-01
-4.399118127912011733e-01
-2.582795443313136707e-01
4.922837718381766203e-01
3.478667097621639948e-01
6.252540094085790034e-02
-1.458880577302474890e-01
9.961252456499521124e-02
-8.737477489736125147e-01
-3.756804568871680017e-01
-2.252534333876733685e-02
7.144062122653568880e-02
-7.024125061205112319e-02
-1.428301790438202823e-01
4.635167511979648713e-01
-5.119387306392365194e-02
-2.556798631771568520e-01
-3.669455249736841007e-01
-5.441000704588835335e-01
1.761412842939781009e-01
-4.108462244017228593e-01
2.348063552751347705e-01
-7.525135315407264214e-01
1.134709694642157564e-04
3.942309980201674779e-01
8.601577445955571610e-01
-5.578108376059655038e-01
6.515664174670215969e-02
1.789439378870068542e-01
6.107375080189041405e-01
-2.817016792794560520e-01
6.493550849531768421e-01
3.677348836265170728e-01
1.622578117906105510e-01
-1.619603957557951279e-01
-6.108539059436740581e-01
2.492989848624488081e-01
7.684502308852052543e-01
6.699735467153302704e-01
3.192424063142056956e-01
-2.940523749531184228e-01
1.558690437899629133e-01
-3.689753773793440494e-01
-3.401777467639663377e-02
1.180985326945570013e-01
1.503651914102868137e-01
3.492934915733126866e-01
-4.355214675875757613e-01
7.990925452734598533e-01
-2.009099549983990873e-01
-1.324716470971234183e-01
1.389026346686714486e-01
4.456054177394376259e-01
-8.897974197262004115e-02
-8.150505995212855570e-01
3.481123127477021018e-01
-5.714309715150480695e-01
-3.927250657314894089e-01
3.069175247316427990e-01
5.282107832538009973e-01
-1.458327240174113297e-02
-2.925234966235216172e-01
-5.002101639117476628e-01
-3.735852975567077183e-01
2.040987293392976798e-01
6.352859771168029024e-01
-3.805268293210296582e-01
-2.311348816876696577e-01
9.103779214915810880e-02
1.781849928765235347e-01
3.806561099418889760e-01
-9.995468828666063954e-02
-2.134487941780451037e-01
-4.090187686224944219e-02
-8.700707924641087887e-02
3.462806959028302267e-01
-7.477421071902803362e-01
1.579058909330778027e-01
4.602627098261031779e-01
-1.524898343852849614e-01
-1.057238367132697365e-01
-2.174448330654043804e-01
4.872826138192346557e-01
-5.490962812525513881e-01
-1.866755125698434103e-01
-4.887541762222231689e-01
-6.391040810068159272e-01
2.879454115310838280e-01
-1.531609757649441891e-02
-9.983526373142568439e-03
-7.987358837819673596e-01
-3.518318860135972725e-01
2.042008311443594404e-01
-8.142339825163007472e-01
2.069835414426282605e-01
-2.942177839478114509e-01
6.102893695313496014e-01
8.516629024783847757e-02
3.763082499006962373e-02
3.944268552507765313e-02
-6.227516656985538912e-01
-1.552309628389965668e-01
6.621291644035429691e-01
-3.618873970959365916e-01
-1.634639567905949442e-01
-3.273694814456526991e-01
2.307623461557506694e-01
-7.551703058274830127e-01
8.255063349434096920e-02
-1.826493011957071311e-01
-1.657778758082616988e-01
-4.583148722904940575e-01
6.856274163149504997e-01
-3.459933067647030791e-02
2.175582197868109469e-01
-4.520431932372254158e-02
6.646060304515404304e-01
-4.189539198645799711e-01
5.015969369441626302e-01
2.637373517650062893e-01
-4.579382113465158000e-01
-1.024559712591279342e-01
-7.641962506110178133e-01
3.753161698744377772e-01
1.021391300201180408e-01
5.427975982819077672e-01
-5.354073415147048154e-01
1.811809063635887521e-02
4.824678388090423153e-01
-4.093549980237426444e-01
5.880878330281995581e-01
-7.593274446550715151e-01
1.313757485408445849e-02
-5.193293457552039527e-01
6.862005338958407918e-01
5.564171889975886298e-01
4.106894943276205578e-02
-3.595214920603532205e-01
8.353200373751578089e-01
1.969874707672805980e-01
6.090239711781143539e-01
1.767331224320030647e-01
5.102659628794690150e-01
-8.990629956336332329e-02
7.517583187941232481e-01
7.900468356798620029e-01
-6.468704352354947007e-01
-2.589489652077096027e-01
-4.846315486533440131e-01
2.936393555385936605e-01
-2.843638237295864624e-01
-6.519080753790809091e-01
5.723979965374632883e-02
4.700564073472709437e-01
5.207308955529149630e-01
2.168014192903656157e-01
6.557754901942636216e-01
3.550878745965624361e-01
6.837028844881586354e-01
-5.695593303102786109e-01
-3.416092623887761470e-01
-9.387731804833213123e-02
4.397820641689274002e-01
-7.629495591920499864e-01
-7.006025930617573727e-02
-8.431133196765621118e-01
2.459580691461977220e-01
8.405773441488766373e-01
-4.486237134183702069e-01
5.798243758332447539e-01
8.843922325776262805e-02
-5.855220558665962249e-01
-2.130292002187329503e-01
8.034655892434839908e-01
-5.676278667746350592e-01
-8.272745055892846144e-01
3.560637979816083099e-01
-2.038414983983486695e-01
2.548135463769398146e-01
2.348663924609225573e-01
-2.230590705175110322e-01
1.418092237688400870e-01
5.680110527473539728e-01
6.997381294864905010e-01
-5.953515982130924700e-01
-3.384809724891343352e-01
-1.599023793078312994e-01
-2.339167379123956517e-02
5.513801418977116731e-01
-2.994004612856718817e-01
-4.004968570311029374e-02
4.752805795084157348e-01
-8.695199754742928278e-01
2.899588415165944011e-01
-6.252989103170172314e-01
-9.241945717876101640e-02
1.198202399661854461e-01
-7.300002605975295378e-01
-6.858187032649200321e-02
2.025681118083189347e-01
7.199710328728691211e-01
8.479780503698119976e-02
-8.229506831599355809e-01
-5.767448242458094176e-01
-3.424373363420979421e-01
-6.264350456825762414e-01
-6.297243220298655020e-01
6.720462205448639592e-01
3.225119438556089957e-01
7.385863006137506348e-01
-9.002958877399447335e-02
7.030397804665824424e-01
7.037670492516770460e-02
-1.174522633062809462e-01
7.844717382554591834e-02
-2.147316181264553869e-01
2.590543696607900959e-01
5.432633660682242294e-01
-6.305065510638347970e-01
-7.418267751327675130e-01
-5.390797981417119189e-01
4.086253554198540083e-01
3.538098456960580007e-01
-1.222019895347152968e-01
8.854833315914674152e-01
-6.838505424333939445e-03
3.125905787832961632e-03
4.037140170852508425e-01
6.328198892690125588e-01
3.938440598994107367e-01
5.999518685082341207e-01
3.790675702680325054e-01
-1.194859491430147053e-01
-2.494195961570452591e-01
-2.084589762730584550e-01
-3.238935466503478078e-01
1.993747103624755879e-02
1.141970381877048524e-01
3.885427017969941277e-01
-4.211978228334715690e-01
-3.350960071942487017e-01
-5.683244525987320994e-01
2.523364570718901814e-02
-1.622424902155448767e-01
-4.195303110501954480e-01
5.949176261823982959e-01
-2.481233054124629134e-01
-4.917624323801358388e-01
3.618260549997951991e-01
2.447813302155972537e-01
-6.346916473792614255e-01
-2.473306372335414699e-02
-1.808576338715104648e-01
-8.552132257022574402e-01
-1.233924564884454102e-02
2.084648139863770067e-01
5.212123736036016197e-01
3.288082719491021710e-01
-4.439513953846060956e-01
7.839862598459880483e-02
2.203024410659902912e-02
-1.873865672757086820e-01
-3.344931377979786236e-01
-7.342505210162166840e-01
2.469445817252614306e-01
-8.958745633889172999e-02
-3.364707488885280706e-01
3.357978827958958967e-01
-5.253256112339076411e-01
-3.707832776241333783e-01
-5.205867365903051880e-01
-5.193331964674196000e-01
-3.553950562486186959e-02
2.254946183646655208e-02
-1.776028987967141481e-01
-6.511033023806899189e-01
-7.474587908525741620e-01
-5.459073196478236856e-01
-6.086451831587885719e-01
-2.192186717021045728e-01
-1.785262404205965325e-01
-4.252520319669810811e-01
-7.153871845181076772e-01
-1.634500368249889868e-01
-7.942914415502140280e-01
4.922543405626303992e-01
-5.273651893705245675e-01
-1.980889701026161964e-01
-8.459954454910594002e-02
6.238048076603833758e-01
-6.660950786305739335e-01
-7.284237117277158058e-01
-4.338661759868834844e-01
2.798780215281353456e-01
8.141888390974871825e-01
-2.959758284050167387e-01
5.355145310226474414e-02
2.746345333771904595e-01
-2.765536117635865043e-01
8.172681576326881747e-02
5.721670686459232602e-01
3.571830524588376909e-01
-2.390274868052800206e-01
-1.554011751638808281e-01
2.488797970073940991e-01
-3.053053961892899237e-01
-2.975602874371930939e-01
6.431376365934314554e-02
1.291138633087900514e-02
-1.537589899966314289e-02
-4.554167382704903400e-01
-1.688524293784391950e-01
3.321938241587178708e-02
-3.765312954018560365e-01
4.345928123328093307e-01
-1.673557225394511558e-02
6.572554263777630190e-01
5.267608161777225240e-01
4.146382566149529603e-01
7.302424291151997648e-01
2.880965287803275432e-01
-1.553497709613541611e-01
1.944793584150426580e-01
4.550973220307173994e-01
3.573180511951945526e-01
-3.667143652213105676e-01
-1.455641287707504228e-01
1.680888072690248092e-01
5.224062776561728683e-01
-8.149534198598475943e-01
6.046295015185327859e-01
-1.280831541321015288e-01
3.154090705039364062e-01
9.019946670394543009e-01
2.505630552386339249e-01
-2.959771692732764969e-01
1.385059248212370531e-01
-4.779577652198986892e-01
-2.849774244230055542e-01
-7.769010041588966242e-01
-1.930035300581734170e-01
8.601100331032260904e-01
7.799764169386597112e-02
3.866765541068803436e-01
-3.923982271296730939e-01
-8.360883788142838696e-03
4.388974696895420191e-01
7.771460677575723341e-01
4.287224115191163309e-01
-5.980767934792211027e-02
-3.159409539246336163e-01
4.909093237010779265e-01
2.580684140702759755e-01
4.407135336356434174e-01
-1.987847798801525845e-01
-7.107625560125785391e-02
3.313700185196349901e-01
-6.292052265532147581e-01
-4.249764190705512812e-01
-6.522642978879629183e-01
3.357917887131103840e-01
1.546631206150071436e-01
3.707415475820715067e-01
-5.334673583914759654e-01
-2.194464000119323022e-01
-4.122253807872648945e-01
4.966148432408761249e-01
2.917051998734129237e-01
3.235048871741371124e-01
-1.659416409499580025e-01
1.360103864365345139e-01
7.244853893239204812e-01
7.594255134371142857e-01
6.647720409774387357e-03
-3.547387621112090828e-01
8.342402651920253209e-01
-4.746922618292100937e-01
4.463849501124659835e-01
-4.908310022761752656e-01
2.607184034920665416e-01
6.103037215587270303e-01
1.210496761208561534e-01
-1.479737367792138825e-01
7.272078806354130842e-01
-1.088491905028275419e-01
7.758451122231012353e-02
1.666628213357547461e-02
-2.177036385186882986e-02
4.933226982444148812e-01
5.706079257090026502e-01
-1.927243587104407740e-01
-4.055736092306159724e-01
-3.001011291021983829e-01
7.400189106141203954e-01
6.566678773832056448e-01
5.928944285693745764e-01
1.687542291973514186e-01
4.938992751413294191e-01
-1.003558441851684774e-01
1.387956027097647302e-02
-3.655680961389112249e-01
1.434349318046997460e-02
2.336192440423578986e-01
5.875344473997473616e-01
-1.564482689591944753e-01
-1.311607010751278113e-01
-4.758493578549591874e-01
3.496989463495894235e-01
-6.150649288013245730e-01
-3.142700924650213556e-01
5.121666462168622536e-01
-4.236538597177879617e-01
6.193468900718692577e-02
6.224511732757920246e-01
2.919535283807159209e-01
-4.932286381134073361e-01
1.419061463894440156e-01
8.361885298682938394e-01
-3.209622362520821864e-02
9.160753696493356690e-02
-2.257534499046959520e-01
-5.771906892383713572e-01
5.887311007707928256e-01
-3.556900052949073521e-01
1.940186554392270279e-01
-1.491467368467719878e-01
4.108059400662470440e-01
-7.621057922320928490e-01
2.848059653939598590e-01
1.957326933847771122e-01
-3.802129042041555995e-01
6.234425652345366720e-01
2.979850838904141153e-01
1.041413209530990258e-01
8.498432119551865144e-03
-4.350226548464040249e-02
7.667425086586346916e-01
-5.182801155036591556e-01
-4.368808130997833272e-01
9.762766223459967696e-02
-1.748831269414411610e-02
5.367725913597379828e-01
-1.310466041252916769e-01
1.635659737697038318e-01
-5.970370281990217132e-01
-2.561118932252137714e-01
2.013667443363393039e-01
2.918616643842810721e-01
1.777884479163912568e-01
2.266348353149748862e-01
4.422904504639312839e-01
7.460433638543004786e-01
7.886643013270066005e-01
-6.070793922907313789e-02
4.554840747006690949e-01
-8.599560298095589861e-01
-3.304206260815348850e-01
-5.589905918434828758e-01
-5.346500104283030685e-01
7.690770489463008008e-01
7.480065909107633249e-02
2.855238312871243300e-01
-5.559013726711067305e-01
6.044360763399975189e-01
-2.790327252472745156e-01
7.372351195521804623e-01
5.352945499692320919e-01
-2.242187935543800970e-01
2.906820905096850760e-01
-1.168066049368879089e-01
3.841484393180844559e-01
-1.987195514920027106e-01
2.866256766172675108e-01
-5.613264477145737397e-01
-4.816772979330842253e-01
-2.198287876754702608e-01
5.816611149631942812e-01
-7.586899582464318170e-01
1.080695800916801619e-01
-2.059310705037231126e-01
-4.492708864094567267e-01
4.770319803091506716e-01
1.253893882084873568e-01
2.318756179869731204e-01
-1.466599793506981608e-01
2.758786672811492924e-01
-1.906094785070227005e-01
-5.808100944005936128e-01
8.026050998135239034e-01
-5.987497705291935368e-01
2.863336844521313096e-01
1.802252850494524272e-01
-2.092421109248656097e-01
-2.636155283578768271e-01
4.544532626548448140e-01
1.122080811508589793e-01
-5.752469457737754421e-01
-4.627336474788503740e-01
4.461476229974069563e-01
3.098355036164492371e-01
-1.573359649414107220e-01
2.586250825506858364e-02
-4.157968411241680928e-01
1.611142180621201181e-01
2.064036380432962003e-01
1.952738079582229669e-01
1.404276828606725869e-01
-8.643335457690488610e-01
-4.670396711125344158e-01
-2.916660625699288856e-01
-2.674659725880285666e-01
4.235646190953543666e-01
8.114985973757529170e-01
3.511024328311338483e-01
-2.394318237048761733e-01
2.895522127275390253e-02
-1.983184058392326587e-01
-3.749219456441732490e-02
