-2.609060627243073305e-01
-3.865616832493565247e-01
-2.015282805347762551e-01
-2.732930984858523704e-01
5.872167132232442022e-01
-4.093656721501662266e-01
2.318503493533784487e-01
-8.049208162443530212e-02
-3.325119981958062909e-01
1.646408787353507430e-01
7.432584228289522699e-01
-2.976273231351139748e-01
6.304943680404909712e-01
-1.149420897254254392e-01
7.968182004934878937e-02
3.520996070880617612e-01
-3.782303325250784831e-01
5.233860774345057143e-01
1.670687677003817595e-01
1.913476927437519209e-02
-4.924764622262798874e-01
8.211635214142487538e-02
-1.054731676850714506e-01
4.657489178060508772e-01
3.073376080910626973e-01
-5.392319217626019290e-01
-2.585871694784535046e-01
-5.250987778287068836e-02
1.342798122222342849e-01
-1.633117437601150357e-02
-2.236996683694406074e-01
-5.320761433193121892e-01
2.460464197224135341e-02
1.245361135807053765e-01
-3.527593695126155504e-01
-4.069182576960342357e-01
-6.279550545978739295e-01
-2.011751688721344355e-01
4.393393444344332321e-01
-5.042076641502521994e-01
1.006192831540753674e-01
-2.590552300171596878e-01
7.629616091248356824e-01
-1.842397318389118466e-01
-2.426116764584742291e-01
-4.313957857998331757e-01
2.133495010659888502e-01
4.344487689424090249e-01
1.314149510996387993e-01
2.606993325859226496e-01
-1.055627743944762553e-01
-9.573830272061500946e-02
1.780664862328013298e-01
-2.755970306461573704e-01
-2.768052166811970083e-01
-5.957027066744078336e-01
-1.949412488681505073e-01
3.310998778428945744e-01
3.676760820063814661e-01
2.967820976284496481e-02
3.550216611976206305e-02
-3.264429401437078937e-01
3.257685365849690567e-02
-1.235847999318950147e-02
2.013301189696742322e-01
5.364414145811841061e-01
-3.142685879129217819e-01
1.560112760020892775e-01
3.629386054923899874e-01
-3.703460204175171300e-01
-4.026166244673646810e-01
-3.921434521570984488e-01
-3.236388816284835324e-01
1.195587439151112041e-01
3.970000358496808546e-01
2.034240097430094901e-02
-2.358890479915703164e-01
2.844538599634683917e-01
6.150713968287997019e-02
5.292377046957069675e-02
-1.511306854154335078e-01
2.846377732259908755e-01
2.721543839875359416e-01
-3.755594961855522607e-02
-4.961516395857962225e-02
2.588671752102962853e-01
3.036895841669088811e-02
3.371466085010345060e-01
-3.208369574968852889e-01
-6.665300710321284128e-02
-5.768455152096513272e-01
3.398878351545364107e-01
1.438544317614141588e-01
-2.033778997078388162e-01
-2.655366048807454860e-01
-3.057083963770425017e-01
-5.520625668773536665e-01
-1.714635116797952330e-01
-5.063404255986675429e-01
-3.362227490916362971e-01
-3.015397636787541247e-01
4.314811145854986485e-01
-8.582313090041764070e-02
1.727332577775750333e-01
-5.812447070791706416e-01
-2.761811750593690662e-01
1.249848681774343995e-01
4.315875669542539872e-01
-2.233369359972153800e-01
1.311058883265046326e-01
-2.788419453783830826e-01
-6.158457272267315458e-02
5.545429891915579779e-01
-3.766017516888656158e-01
7.180212425600625004e-01
-4.541686457128116250e-01
6.935495443751658051e-01
1.080691476281116364e-01
3.525885034250132999e-01
2.838371230176721660e-01
3.329801631938000273e-01
-1.117521087014807374e-01
2.033024788000499794e-01
-6.023954670417808188e-01
1.573635662549265624e-01
2.943515059993942473e-02
-1.376455923198401377e-01
-8.916172757733881182e-02
-3.195993409895733772e-01
-1.314852753172509603e-01
1.816165405679646683e-01
4.712251139568812697e-01
1.175486687509932210e-01
-1.117988302890113028e-01
3.195725761990074743e-01
-3.331412738680254448e-01
3.335441196192303615e-01
4.286476959230308137e-01
-1.815601853606342020e-01
2.923119647610887273e-01
-1.477629351293766047e-01
1.872095636523442019e-01
8.407215129650505436e-02
2.252308755837700294e-01
-3.713307263480357667e-01
4.874476778024261492e-01
-3.311888530627161153e-01
-2.296054029342738667e-01
-4.821113980614184502e-01
3.472104174632563156e-01
3.813585930584899586e-01
-3.437428681003523723e-01
8.086540438767436667e-02
-8.986186896824840259e-03
1.161361069053352957e-01
-2.388075795407181845e-01
6.222333251930722842e-02
-8.872587576740877113e-02
-1.563426992233566126e-01
1.940710331808788991e-01
-3.897014153432403205e-01
5.323321911393507078e-01
9.969375601389152131e-02
1.886373812192258803e-02
1.958433489527892646e-01
-2.488335565092391344e-01
-2.901481609496595615e-01
-1.847717334207286399e-01
7.096902651884926527e-01
4.373711945061628525e-03
6.922667838289773279e-01
-2.857506950676235169e-01
-3.116474753883448634e-01
2.145950582858660582e-01
2.079338775955895946e-01
-6.412647887477873621e-01
3.134527450966358847e-02
4.946889032464614477e-02
-2.989988587782261287e-01
-2.936347699337747974e-01
-2.575469999305118884e-02
1.840197590396125127e-01
-1.143373238509324819e-01
-1.092567037313638689e-01
-5.168885001436841486e-01
2.839411708927950251e-01
-5.457372572489864737e-01
-2.853509870424421058e-01
-1.907062898953256758e-01
3.782474189012686172e-01
2.270450159854470185e-02
-9.727789323044674918e-02
-3.897163967782076022e-02
-1.031343173844616740e-01
3.900718435476204782e-01
8.296667533579699105e-02
1.102169027515330219e-01
1.998614705071873054e-01
-2.894763507418575688e-01
3.348923976649342132e-02
-4.102775001768634022e-02
-2.913264336865921122e-01
1.068567825019642870e-01
8.945870634447673775e-02
4.114677524526654251e-01
-1.685296156256442246e-01
4.553172346492896927e-01
-1.932671481177381523e-01
1.193344509273749632e-01
-2.819637716605286060e-01
4.652973689678737146e-01
-2.968345231576559329e-02
-5.759536610077333751e-01
2.102383855877477115e-01
1.629625972752208329e-01
7.806735643967897820e-02
9.657683002990929966e-02
-9.006544213552440670e-02
-5.428523557286645262e-01
-8.584075785191724872e-02
-4.084045323678017203e-01
-1.303823002954832555e-01
-4.356661639437681144e-02
3.169854352695025135e-01
-2.374085259444420892e-01
-3.487142002046773048e-01
-1.417364914282348842e-01
3.937647462094124307e-01
2.485340628901423488e-01
-4.205416842268765998e-01
-5.776292522060309798e-02
-6.152295098580036203e-01
-2.997911829844178699e-01
-9.570073852620178401e-02
2.330338303029386993e-01
9.304564044944418910e-02
-3.172401713418003255e-01
-3.658934243363936023e-01
6.033067151632717229e-01
-1.215163353789007195e-01
-5.745485236878666857e-01
-8.397831764151947320e-02
-5.946951694439631675e-01
-1.399152801284006264e-01
-8.680975276044857747e-01
1.885495232659689657e-01
-1.672678924165954262e-01
-2.742180067486965633e-01
4.301509483942844714e-01
-8.459152371337871901e-02
6.072568590214946771e-02
-1.596093511550393806e-01
1.446009575020494320e-01
7.440116160422602931e-01
-6.855235662026348820e-02
3.805734355738686903e-01
-2.552827031783227452e-01
-3.515651931402286046e-01
2.362437466191027458e-01
-1.858934668534871215e-01
-1.773652708044942683e-01
1.029141334766889293e-01
3.644736645707197797e-01
-5.608355258843352592e-02
-3.900115490554380560e-01
7.041334437803048463e-01
-5.112631011677760684e-01
5.609138013283668234e-02
-2.232928370187295397e-02
-3.109602358580827453e-01
-1.058078268726196230e-01
-4.967634669391619018e-01
3.201576477741613358e-01
-6.142878407173466004e-02
-1.637155808165898230e-01
-6.697987056781076198e-01
3.537898702437141107e-01
3.641341849254300378e-01
-2.943839263377406867e-01
2.254034793409859239e-01
2.776862569112130696e-01
-1.490187821791808809e-01
4.677472964492906948e-01
-3.318051751533219740e-01
-4.631844303170681854e-01
-1.308513026245170796e-01
-2.183785489871792329e-02
1.731820083262426424e-01
2.320029039514191760e-01
-2.520018763384528071e-02
4.056383602090953833e-01
4.334055007275073867e-01
2.381717042378125870e-02
-6.543995743878143756e-01
2.419289636152089362e-01
-2.577757158739185650e-01
7.161912262369803106e-02
-1.958370726703242137e-01
7.753131038592847579e-03
-2.554720391243046063e-01
-3.657220238878279295e-01
1.351334563136592781e-01
1.571958867976885887e-01
-2.662173575588816510e-01
1.730838242390740633e-01
4.299316404012624160e-01
-3.721300507569721416e-01
3.148936459359096829e-01
4.432036744082210600e-01
-5.756489195078047238e-01
-1.688673224585377497e-01
4.956068783307708836e-01
-1.472566439656496362e-01
-2.561621844414205262e-01
-2.456285940365462439e-01
-2.588908607733088063e-01
2.107873900482295781e-01
-2.771564572814003702e-01
1.605974315676216707e-02
-5.721474234402319087e-02
3.181432471235301485e-01
8.721938538164163146e-02
-3.298355713446406989e-01
-1.478279879702820154e-01
4.225866862339281438e-01
3.682594531876011434e-02
2.377034028035744651e-01
8.870597723693320058e-02
5.169146471277107358e-01
6.894797315940931481e-01
2.592296699645501579e-01
2.688493108288754208e-01
3.637057789757520143e-01
-7.123677920613970260e-02
1.233158309850075490e-01
3.868471559262378068e-01
-3.427985324772757636e-01
-1.378207602299340029e-01
-2.492315975943434347e-01
-2.430669989612496418e-01
-4.801109938172533620e-01
-2.046151830748934863e-01
1.171844717059194046e-01
1.705471339117886065e-01
3.050215143480377589e-01
2.915280001867234794e-01
-1.261145166593258538e-01
-2.785356099571856814e-01
3.795047888658081847e-01
2.848430194664911541e-01
-6.538618230695315559e-01
4.389013308932030594e-02
-1.886213426931278858e-01
1.514424568689223261e-01
4.484443965021948086e-01
4.572684379137444133e-02
2.482782684900635556e-02
-7.699442047750876261e-02
3.248126646152660335e-02
-2.066185086250783565e-01
-5.135042920851632386e-01
3.189785985175414007e-01
4.959080999166851633e-01
-6.616826330155943792e-01
-1.685048804230638297e-01
2.450709938846808433e-01
2.388868676911033440e-01
-2.612649073336163058e-02
-4.001584202582138539e-01
1.138160171739597756e-02
4.773601141597813013e-01
6.668871665275218075e-02
-4.171620684733483575e-01
1.499328187847200344e-01
2.930298526388828290e-02
4.486526814822223985e-02
1.826994436418042933e-01
-1.518241412114991196e-01
1.295520730921355945e-01
4.427370679456653635e-01
-1.929234551107725237e-01
-1.278472091525327814e-01
4.226971749837957204e-02
-1.337374530324080824e-01
-3.708096404325403883e-01
4.915125712017912596e-01
-6.008700118963776760e-01
-5.294439525453434880e-01
1.834350722587683169e-01
4.832520078495698979e-01
1.330939558170036174e-01
3.724745800679041818e-01
-1.582968122722110127e-01
-3.094030156990885613e-02
-1.009313756480525320e-01
-1.710362508878152665e-01
4.180960737054083554e-01
-3.146469318863136244e-02
5.277542628345756326e-02
-1.441872257024908177e-01
-9.780257170088602070e-02
-2.222914430485034842e-01
-4.703073903132243272e-01
6.190231573933147567e-03
4.079233862600593064e-01
4.160807908266984656e-01
1.650084747362137449e-01
2.607423463978489342e-01
-1.061202807152628741e-01
1.617824329765736591e-01
5.045891488872562558e-01
-1.401894552488215373e-01
3.482454078426472921e-01
3.956487674104024466e-01
9.441718334348228603e-02
-2.290554445887813262e-01
-4.803782394084084029e-01
4.937378205717027346e-02
-2.521015144207777725e-02
-3.369330969305076029e-01
8.840054841077718550e-02
-1.956772161846425384e-01
-1.158685017195471567e-01
-2.782183142791024300e-01
-4.613174927543050030e-01
-2.688043976413631575e-03
-1.439592217478255498e-02
2.577927591211575109e-01
3.805100910489259136e-02
-3.067608885338311553e-01
-9.223137134084916089e-03
-3.503143962129990352e-01
-1.911954251376119518e-01
4.586843666764088279e-01
-2.820964712877174208e-01
-6.013126095557252970e-01
5.534254189712962679e-01
-6.883032653042412408e-01
1.167951021873130379e-01
4.183851080924303467e-01
-1.905399470943536511e-01
-1.686606139838401630e-01
-1.859720368497701781e-01
-6.146981667425599483e-01
3.128730172333262782e-01
4.164054942713222296e-01
1.329579617263379476e-01
-5.605532223648264367e-02
4.308626149609109945e-01
-4.621111631580485102e-02
1.986813569659834633e-01
-1.718010960159691847e-01
-7.828744983090468734e-01
-2.650345493195395141e-01
8.279650638507118909e-02
5.707182964858041607e-02
-2.334443871312314456e-01
1.370151101970819574e-01
4.166300051234937407e-01
-3.597376266256032129e-01
2.407282533047629125e-02
3.815290002718322304e-01
-2.781579912893822337e-01
2.134695045072976527e-01
-5.071735147579381486e-02
-1.982870472699193032e-01
-1.482095502896476624e-01
-2.072990808051820288e-01
-1.723941232071310725e-01
-2.490855179002511854e-01
-1.390575055504151281e-01
-9.926976955925469193e-02
2.141833580811835711e-02
-1.573182671109413927e-02
1.946655977191843745e-01
4.571477811821716974e-02
-1.691750310075502972e-01
-2.995494668262375648e-01
1.739358533692868525e-01
-1.769938666253234316e-01
-2.385427681740214245e-01
2.454581999046787921e-01
-6.763177520370082796e-01
4.979367851530610567e-01
1.701789190223359227e-01
-2.435472115147545580e-01
1.566591155303816152e-01
-1.023361739813106047e-01
-1.042385954944450993e-01
-1.262338473614620440e-02
-1.348379647519100666e-01
8.801503282735041733e-02
-4.906327853204835443e-01
2.272473327626026718e-01
3.150801848844792530e-01
-1.547857661976349830e-01
3.278293025785469772e-02
-3.851786334327784167e-01
-9.336135023126275467e-02
2.710110334728336734e-01
5.525575420917282488e-01
-1.946188275449047267e-01
-3.410915616926536997e-01
3.353110282325323654e-02
-1.803588948631468514e-01
1.397020086164152686e-01
8.138373161425263569e-02
2.982999506404481194e-01
-2.684507682013408947e-01
5.050740275815606140e-01
3.459565171708620102e-01
7.736301340735223242e-01
-1.591131606798310283e-01
5.527885455288782807e-02
6.143373335380929862e-02
8.605755207189821898e-02
-2.267753450670560722e-01
-8.887601225280453154e-02
4.720105465931450639e-01
-2.652182031213182190e-01
-7.671429543762171843e-02
3.585168511781311462e-01
3.582386631146448203e-02
-3.931652191849233091e-01
-9.403427597363220314e-02
-3.678522621846633811e-01
2.653605494651003482e-01
4.009280084622556806e-01
-1.703446534961627346e-01
1.799060590785183100e-01
-1.230625468293705949e-01
1.934876328399635081e-01
-6.153411284265477565e-01
-2.807631100678605884e-01
6.341266294050901253e-01
-2.063914775123781575e-01
-9.859870034004673822e-02
-4.411941951553148833e-01
-1.038899167386155425e-01
-3.232824839895778180e-01
-5.766789580463944631e-01
4.436240994725086928e-01
4.632369582031998778e-01
-1.082535046164537912e-01
2.640514218730803386e-01
6.265825592147790113e-01
-3.500125884006624610e-01
2.490744637221232460e-01
3.388313466649847672e-02
-2.350220489113568345e-01
1.975468576960434375e-01
-5.920610853018979519e-02
1.826940821505222134e-01
1.182684700672206879e-01
2.392626022202490321e-01
2.106229671894772892e-01
-2.387231378039637864e-01
-1.950660195021529653e-01
5.534381384594723174e-01
1.831499545857134814e-01
1.231654986045887246e-01
3.692209078167746350e-01
-8.398817300850792977e-02
-2.873958725690255456e-01
-5.262722123864348456e-01
-5.483852208369700554e-01
-4.547744888912204075e-01
3.971034270117473897e-02
2.367275136155147786e-01
2.520458938378686981e-03
-2.407564080617276975e-02
-2.262647910961676501e-01
8.629695271332442352e-02
-8.950671108179074353e-02
3.191234230252102400e-01
-7.947323345394045058e-01
2.196512525213049072e-01
-8.129201687348618088e-02
-3.881462652440735850e-01
9.939480875849614205e-02
-1.859672431266257836e-02
-3.392097041649453359e-01
4.137819031222240151e-01
-7.653491329971848778e-01
-5.837271652055926463e-01
3.643001418684745918e-01
1.052835561311121632e-01
2.822831195317574426e-01
4.329030648419512906e-02
-3.060389989052190174e-01
2.446789147392623709e-01
4.975879520829030733e-01
-2.045326750186078624e-01
6.192849604252153028e-01
-8.707407876419223647e-02
-1.852538480218224315e-01
-2.758194620225665750e-01
4.062631413713391759e-01
3.665999515690253063e-01
-2.894328222223660485e-01
2.328530441480968771e-01
-2.349745204093387982e-02
2.535132793432565701e-01
1.135955652583227476e-01
3.667035700600488335e-01
-6.510774292535155550e-02
-2.851095638393146003e-02
-1.241255012640707922e-01
-4.169513068969187275e-01
-8.210058356607267960e-02
-1.424717112409556175e-01
2.317797883418126759e-03
5.219557616038987824e-01
4.385196842642566928e-01
-1.599425764430210672e-01
-3.721417309670642104e-01
3.692749533922851102e-01
4.577975144842936217e-01
2.535445528951984495e-01
6.379676945533079013e-02
1.168772744392163609e-01
1.939614983558937966e-01
1.951885687992256924e-01
-8.041925248386810887e-02
-3.529121255812520119e-01
9.119051657518678633e-02
1.204942358110044631e-01
-1.906619254039866596e-01
-4.495330032936324383e-01
-1.723830535548417642e-01
-2.538742772497114553e-01
8.519736837688150766e-02
-3.482100350156480673e-02
4.568445906050518091e-02
4.137099109153153931e-01
-1.563827899988834147e-01
1.887804241839824426e-01
-1.184257723638778154e-01
5.883601264814967147e-01
4.646159056348859173e-01
-2.824749423263537285e-01
-3.091364305751840291e-01
2.368261279997108670e-01
-9.627877570791849859e-02
-8.263164232609788995e-02
-1.806041407618749206e-01
-5.284493859659595838e-01
-4.513955950494990543e-01
-7.091937820279613502e-01
-4.323447938286215098e-01
-3.415568702719966321e-04
-3.218442443324975866e-02
4.628292758384825595e-02
-2.211174103380565970e-01
-5.547997769119850098e-01
-1.841985725925327499e-01
-6.925470208577384768e-02
-4.392196746889011627e-01
1.493809420526564513e-01
4.042347114413084863e-02
1.092296141520904124e-01
-1.530662502036775063e-01
-1.129717515397668237e-01
-3.292490525254827827e-02
-1.097653459896863470e-01
-1.721719303574340554e-01
-2.997076553819242317e-01
-4.652225751639434970e-01
-4.531253316055663394e-01
-1.893146996092097134e-01
-3.055276160930260332e-01
2.804795829815348029e-01
2.927432837758459638e-01
-5.822281934763312572e-02
-5.133068972507778271e-01
-2.818760610170148451e-01
-2.898780284806166119e-01
3.839089273288182613e-01
-2.098981199420292543e-01
2.253989080477314388e-01
-5.460887703747128313e-02
-3.844952232023331473e-01
-2.430238400107672392e-01
3.593889253672334916e-01
4.091213741924661362e-01
-2.576592673494146890e-01
-2.978142271331587487e-01
1.805415359653098073e-01
-2.866244074991475266e-01
-2.573242009384509310e-01
4.638397991530526232e-01
4.703366872590767495e-02
-3.027132652288405112e-01
-5.140108418020506997e-01
-1.261646795053219805e-01
2.117593324379429820e-02
9.423296459565347338e-02
5.662222420918749943e-01
3.144147498008569297e-01
-1.561296469716440954e-02
-4.944836294367885854e-01
4.576423673971497519e-01
8.707840772052696798e-02
2.899607454859787770e-01
-4.021561652051458546e-01
-7.515320853513120236e-04
4.622067048551689594e-01
-5.369185046094403502e-01
-4.112136371859862471e-01
2.748930530217365553e-01
2.571952248713645917e-01
-1.542283570106847135e-01
2.416621159956830467e-01
-7.480290429446298517e-02
-2.510598538523218237e-01
-1.018661585575961065e-01
-1.148568227185089163e-01
-8.382111251342573566e-02
1.274503091199167271e-01
-3.289385014037972677e-01
9.809760361701140574e-02
1.269811519492033691e-01
-1.225814127162684619e-01
-4.007459170058163545e-01
2.098856248563449878e-01
2.280843726251289838e-01
-2.623040664548074163e-01
-1.561633634851646892e-02
-5.091548818137223709e-01
1.194825753943333513e-02
-1.788292516661747766e-01
-4.117727228849747678e-02
1.641354232494600385e-01
-3.968051140974490076e-01
-4.694405162985806346e-01
-2.021162559578073836e-01
-3.442933566583417093e-02
-7.010034201242885954e-02
-9.346563891758065401e-02
3.899112896207093115e-01
2.420812410011184967e-01
-2.192866054653735963e-01
-2.236306101384959444e-01
7.583113744557315461e-02
-8.747604764559335777e-02
1.186432264441274614e-01
3.340309516535517331e-01
2.341044570952415249e-01
3.968776543481823404e-01
1.132439559597639145e-01
7.192171138643412009e-02
-6.223853555339073362e-02
-1.013226361518080459e-01
3.663619989697969315e-01
2.308668133592045313e-01
-6.233017348159687609e-02
-5.609076423773938780e-01
1.959516283834228934e-01
1.114577826503191232e-01
-2.024057035946062455e-01
-2.311555818440128862e-01
-4.737083421589343701e-01
-3.415829648261237139e-01
1.641306520855591589e-01
1.780322652753665857e-02
5.522236602613248557e-01
1.619879925598241566e-03
-2.903078883048345604e-01
2.800369952149793160e-02
2.850511121331283926e-01
1.838720119668601771e-01
-3.771092452108016357e-01
-3.156064884219338396e-01
-2.834248357139096050e-02
1.528409905822588344e-01
1.814716866879196311e-01
5.635731073398558832e-01
-2.840220102389839352e-01
-6.459769868357130573e-02
3.076814313809548285e-01
5.231950108062620730e-01
5.107157290818641338e-01
-2.577366844993037032e-01
-4.953462343989776251e-01
-2.304993598717592837e-02
3.471925032812898104e-01
-2.242853593107242971e-01
1.863287436668216446e-01
3.615684204969854543e-01
3.409663027451657058e-01
-3.878569607619374304e-01
-5.148898939800686803e-01
-7.090058616719705498e-01
1.919249906449663756e-01
1.515587949724507832e-01
2.943419212581759870e-01
6.505611471125063994e-02
3.926652435097017224e-01
6.007921519356982376e-01
4.138644418548595993e-01
-1.159929194363185645e-01
-2.480682891826914704e-01
-2.075354440078664431e-01
-4.333456009603490755e-01
5.396780083795663652e-01
-5.252816276872817047e-01
2.404917433556218176e-01
-3.867338400357434036e-01
-3.797514557764378185e-01
3.486321768965164880e-01
2.538355506922607835e-02
-9.958974552934241053e-02
-2.182559410714929315e-01
3.248181842877704284e-01
-5.696111941479289342e-01
-5.053526661829805811e-01
-5.570166778246926631e-02
-2.977131826260733805e-01
4.195501623950516068e-01
5.741583200758258732e-02
-9.795814964877445907e-02
-3.438913957628553925e-02
-1.147440118176860924e-01
-3.652021974172862118e-01
-3.729090848874319075e-01
1.625175600912552309e-01
3.511857352130897114e-01
-1.000632574474408509e-01
-1.603229653519949172e-01
-2.329651304291029956e-01
-5.826314328039732503e-03
-1.883541568282256773e-01
2.219241931620252739e-02
3.795531619583704108e-01
-7.681532931722172275e-02
7.154514084691071529e-02
5.311539654431003399e-01
-4.916529106578171326e-01
2.096581109933491338e-01
-4.215882932912354969e-02
-3.146689946208136024e-01
2.748610917379742946e-01
2.679456846251994095e-01
6.066613788333099500e-01
-3.131851842123817287e-01
-2.836625537514068096e-01
7.277597230522286909e-01
-2.920492377530043426e-01
-2.016206756630783692e-01
-6.219797003595706197e-02
4.398590590257192012e-01
7.044080033909230765e-02
1.766960898632207178e-01
-5.434616989800558073e-01
1.522091240365061604e-01
-3.645353676054638448e-01
-3.708493715506349653e-01
-7.284635473718557852e-02
-6.508251642852075358e-01
1.241530106525536858e-01
4.555168909214486472e-01
-2.456596175322320885e-01
3.928168643986964526e-01
2.610829336811266721e-01
3.506100591816119771e-01
-5.043195842232661708e-01
-2.778068459273405622e-01
-1.814148281144941921e-01
2.999069461318193963e-01
8.405144302378153576e-02
-4.433361818002884980e-01
6.614568941280475345e-01
-4.497933109803300966e-01
3.499873957653283352e-01
1.758838611598862595e-02
5.424156723404277569e-01
-9.948320924255554809e-02
-4.772487736424591009e-01
2.601138209627706921e-01
3.567117972245574808e-01
-2.254826612466157565e-01
7.215919645604715327e-02
5.636867631745552665e-02
-1.073856280796113144e-01
2.591491938707802811e-01
1.416934040146299867e-01
-1.247625133850730206e-01
-3.930995197846295364e-01
-4.992652744275650756e-01
1.768264035897825215e-01
-2.538009923860455319e-01
1.294735323429306931e-02
1.694051943826081763e-01
-3.523968973476631628e-01
-6.810902555410877635e-02
-6.519577580576337850e-01
-3.856627008565109982e-01
1.146458614803745335e-01
1.041526680697495155e-01
-4.647188803488413456e-01
5.611099055926582757e-01
2.985240556707676740e-01
6.621306697505725813e-02
-9.570108086475702380e-02
3.081474702360070261e-01
2.127011814939640533e-01
-9.287332877719058077e-02
4.129168670244671713e-01
-8.309507861282025565e-02
4.711313650613091486e-02
-1.072970095047308114e-01
2.862933050861301565e-01
3.661787463446190549e-01
-4.809957950970389362e-01
1.248887806093738062e-01
-1.012880229152755829e-01
-9.749733926035195064e-02
5.176909099577398088e-01
-7.860870688304855136e-02
3.156544269832644023e-01
-1.357695681422440570e-01
5.683168329085220849e-01
-2.223320334190470593e-01
-2.417456648062437097e-01
3.932130042509936890e-02
-2.219193073966974350e-01
1.102085389227014656e-01
6.027076013811677457e-01
-2.586020610332606107e-01
6.640734189899271112e-01
-3.208342333764371279e-01
-1.145139482191523533e-01
-5.191437455173121551e-03
-1.597376462495401772e-01
-7.000785282710808577e-02
-2.251629958267139242e-01
-3.738002080133790428e-01
-3.915121302986644958e-01
-2.593406387701507332e-01
-9.686729253732423439e-02
-1.789642257483025078e-01
2.569241744561444052e-01
-3.009463430052587984e-01
-1.269892137711167157e-01
-4.651224773971825988e-01
2.517967112705803978e-01
-2.603713733055824583e-02
2.666284760303217483e-01
-1.679818833175316523e-02
1.322901810646874010e-01
3.052510120195479071e-01
3.037853334701529073e-01
1.269079265008427881e-01
-3.752929132032287174e-02
1.857466410213244323e-01
2.506795445407118406e-01
3.352745209206869359e-01
2.544362806333404503e-01
1.805724710014711132e-01
1.642143116503157751e-01
-3.672149939768090121e-01
-3.194141679787971255e-01
-8.236314003820502938e-01
-1.672987454773570415e-01
-2.820545057554019741e-01
-2.141850902818147329e-01
1.952663433652238045e-01
2.170609983005084842e-01
-1.478176593572026187e-01
-2.174843331125820289e-01
-1.404662414133988485e-03
3.627502304713480230e-01
2.399369835933977679e-01
1.636239120570641137e-01
1.362329700180075487e-01
-1.747424816902704570e-01
3.951638163484548216e-01
9.793047534283104427e-02
7.796256957208290428e-02
-2.361837255781448763e-01
1.223406114228065000e-01
5.709399035013853485e-01
-2.277260994932968075e-01
-2.588341447762789738e-01
-3.145927847480211037e-01
1.191274613719046083e-01
-7.153026235587987836e-02
5.720606819120167136e-02
7.087724541463016892e-02
5.368022818711391114e-02
1.631849186426442833e-01
5.568401102862381435e-01
5.637526953152198483e-02
-1.821060516001253293e-01
-3.127589560561797599e-01
3.382704848757440708e-01
-1.158257847337414576e-01
3.622953031777212396e-01
1.739365112408549630e-01
2.171196829644251869e-01
3.209635907420565482e-01
1.337464440515036823e-01
6.309749798716544067e-01
6.815135361861586194e-01
8.410249590263593755e-02
7.052747980271742434e-02
-4.165218573166489802e-01
-7.925086598015362860e-02
-3.491945569535406246e-01
-1.314746271609355810e-01
-2.408078029525885511e-01
-1.447811307003022963e-01
4.717221044113557860e-02
-2.593413693819157650e-01
-3.070380761345111731e-01
6.998583928195829529e-01
-5.209082218081169113e-01
-2.941807086833058138e-01
-2.984240100508636639e-01
-3.566342045317365539e-01
1.807545105842167654e-01
-1.090366749882035052e-01
-3.880121214521862760e-01
6.209238669233189123e-01
6.192136162198442345e-02
-1.695426516447715859e-01
-5.304105459413196444e-01
8.394245363413063710e-02
2.509512859075973754e-02
1.427308749676459987e-01
-2.583949558064768670e-02
-6.764040221160852462e-02
1.166141869909497752e-01
-3.279770169505892285e-01
1.447346762539267473e-01
1.925064037549216178e-01
-2.058609318230096019e-01
-3.945755993724173738e-01
1.773141763943210936e-01
-1.313894036120474285e-01
3.251559542332727731e-02
-2.251036189016744279e-02
-3.827363974529474078e-02
3.789042802988792369e-01
8.673769478758337759e-02
-1.605096149796904348e-01
-1.568601995483616673e-01
3.233009619708760440e-01
4.040336223709974917e-01
1.693392700126526706e-01
-5.922073245006986841e-03
3.204300996446469152e-01
1.500189711547096072e-01
2.078273131955461483e-01
-9.871373106480553494e-02
1.181747890503882653e-01
2.655333673215404811e-01
-2.724423519896316814e-01
-1.098022037641144602e-02
3.716581218173834467e-01
1.651542097173703261e-01
-4.539758103721401594e-02
-6.664799357784487732e-01
2.086822119528694564e-01
-1.977549114191698709e-01
3.849719258190256177e-01
-4.110635407774450023e-01
2.180603597860261422e-01
4.745962519043914751e-01
9.736988926933341781e-02
-5.352472741122185074e-01
3.552140473557685585e-01
2.376954315953301311e-01
2.444219912664163108e-01
-1.117319585235130863e-01
3.053442228015376125e-01
-3.249990628281387295e-01
7.368698637386339456e-02
-7.324977017116753031e-02
-2.143124529349051954e-01
-3.258398721084506122e-01
-1.433253205219579829e-01
6.799871326209739886e-01
-2.908209481709824185e-01
5.146887505667913087e-01
-5.870643108165235491e-01
2.696300637310273807e-01
2.021755043558444154e-01
-7.756012056865247972e-01
-3.285451100516713074e-01
3.843004696236558271e-01
-1.370585620672441773e-01
1.397798940557412606e-01
2.136344909447605023e-01
-5.431070316619406313e-01
1.260763174772523421e-01
-2.731003789452964847e-01
-2.779681040127048308e-01
-2.993538188349125218e-01
1.961308109105571740e-01
1.833714327550229894e-01
-1.364146979603769738e-01
5.059083076912893606e-01
-5.303088949018093246e-01
4.003552070748902514e-01
-5.140722383599662937e-01
-3.197037920358614116e-01
-1.690788527683340092e-01
2.182321640891206060e-01
-1.142674405169744750e-01
4.579341278901779000e-01
2.801610153780394186e-02
4.233258391160220069e-01
-4.006771270884308678e-02
3.307203975868899803e-01
1.973829627143425802e-01
6.280389648520630363e-02
-3.095244760761354796e-01
-3.924860759009885514e-01
2.993293638598060746e-01
1.532393729636510604e-01
-4.601635858130462831e-01
2.303221854733109586e-01
-2.415837184345393795e-01
1.652035019279586847e-01
-1.787834348518681782e-01
5.601407882839932739e-01
-1.815825408337700120e-01
1.396663055484151372e-02
-1.782679550160418680e-01
-3.289576883517079109e-01
4.903734533850098026e-02
9.975138035432094818e-02
5.733716115223129739e-01
-2.144657569859737337e-02
-3.757335822642479117e-01
-1.907190325611755888e-02
6.744459776016242802e-02
-5.402305046171654856e-01
2.378584537511558572e-01
6.740856557679036909e-01
-3.331707028509938717e-01
-5.865317931086087011e-01
-1.620105539229788616e-01
2.874688336829870350e-01
-8.333397814581380847e-02
-5.929433192248956264e-01
-1.215421362564819419e-01
1.495572201480011854e-01
4.701730684453391818e-01
-1.137713641892746375e-01
9.039063740178703010e-02
-6.194069587630440799e-03
-1.841471514468203396e-01
1.525772935012439102e-01
6.376205831153142212e-02
4.427686260118879336e-01
-2.758405241589591272e-02
1.671657411920692005e-01
5.283876533863483826e-02
-2.700312793253658583e-01
-2.086646420766327947e-01
5.669996251117789265e-01
4.033259099010108595e-01
-2.219506762899790819e-02
1.261630683255336172e-01
-1.431650604457799549e-02
1.235293782143377650e-01
-2.006308878198217460e-01
9.485826485106872707e-02
-2.326336783937789643e-01
7.381979758063709346e-04
1.304521600305466045e-01
-3.606623415149653455e-01
-3.189858291247165689e-01
1.026236606694574532e-01
1.339063195376788973e-01
-2.655485447332376903e-01
5.422372786052398475e-02
-4.860526670412630423e-01
2.122574030299841097e-01
-1.667122185994207029e-01
-6.614082198247188682e-01
2.758512419857501730e-01
2.615830513578317751e-01
1.298349629529308991e-01
1.734462830293989621e-01
1.706444472889834529e-01
7.755990953934742693e-01
-1.628292631384564426e-01
4.189386899775973672e-01
-4.135248817142014172e-02
3.388150476790664500e-01
-2.995120131951780618e-01
3.471363533953533698e-01
5.937081461969644369e-01
-6.683302284784534836e-03
-3.514357858859231132e-01
-1.464567452209013798e-01
1.805666683730848543e-01
4.551700791415047576e-01
1.445793898101740971e-01
-3.853377794408104906e-01
5.013746475963262172e-01
3.458480611839148677e-01
-2.788168276699959369e-01
2.478585556367705056e-01
5.689509927021645375e-01
-9.764724351958480042e-02
-5.885028772283479315e-01
-2.678923259889749997e-01
-8.861624804440111983e-03
1.024561167961702407e-01
4.024655288330142855e-01
-3.262996601714075462e-01
-1.690649915196907604e-01
-1.432780475348671700e-01
-6.372703925833332894e-01
4.108545198039639246e-01
-4.030413612502087850e-01
1.453375161339107158e-01
-2.866181403122425864e-01
-2.160049789731594561e-01
7.433381502468325297e-02
5.250948182397201236e-02
1.057322496734135475e-01
-4.564031438856580025e-01
-9.476319593598124535e-02
-2.404501542574685458e-01
3.123908973900597630e-01
2.538768878159089470e-01
-5.889323604771545817e-01
-3.286052536591820283e-01
-3.618736293471027099e-01
-1.694226630506646680e-01
7.277302340096833411e-02
1.041292407721013530e-01
-4.537354004586148792e-01
-3.363904600284389201e-01
2.091509092125906979e-02
-1.017815085484332221e-01
-1.249743905356050372e-01
3.088733099698222698e-02
3.771497781738707422e-01
2.627953002740043495e-02
3.460616231902595152e-01
5.072841440101192312e-01
-6.141360454786475298e-01
-3.573169769885271158e-02
-1.653245168820609567e-01
-3.685470747628452060e-01
-1.264242272539203293e-01
-4.746656468076250468e-02
1.901881446713436508e-01
-1.588224567958576861e-01
3.255469404883323259e-01
-2.577469808980047405e-01
2.088551879369471287e-02
-2.204872683852635018e-01
-1.838460273597196104e-01
-4.239829334986729426e-01
1.323409117980186289e-01
2.344721478193352582e-01
2.343858551609482310e-01
3.906274674804037228e-01
3.955009640991095643e-01
1.719162003430025898e-01
-5.339898078914695478e-01
4.677874894484466695e-01
-4.108776007632805594e-01
-6.056900191469917205e-01
3.430293765547233753e-01
1.557156031907577232e-01
-7.042326144030901514e-01
6.057710509985592129e-01
-3.049919499372719667e-01
-9.440453599918798011e-02
-2.985482582939710250e-01
3.752417027914159986e-01
-2.073630162292220136e-01
4.974361322064213553e-02
-1.622154259864454773e-01
1.619351775899353363e-01
5.139292592512684221e-01
4.376997604620368465e-01
-1.375139859233912853e-01
3.463898789329227790e-01
1.594105322252563905e-01
-6.253392630088990822e-01
-1.856495202489148733e-01
-5.699386773101301762e-02
-2.056539202985368520e-01
1.377960446906004444e-01
2.608315039230406640e-01
2.664226031908475956e-01
-1.457726054561993556e-01
-1.399960408408829904e-01
-1.032641996738510176e-01
-6.299314092921427799e-02
-1.211001100075639741e-01
-8.621527331421191542e-02
-2.612399777934553552e-02
-6.832533313460928959e-01
2.748816656621971277e-01
8.065543085638146592e-02
2.910580166578607964e-01
1.838548667968016581e-02
5.310876959736321457e-01
3.000113544990407055e-01
-2.512712287167740421e-01
1.243538429469201179e-01
-3.171375618366234495e-01
8.433466360968978892e-02
-5.423541346586990830e-02
3.233514761902864243e-02
4.449546647271057642e-01
2.294278265945383921e-01
4.915582407065347548e-01
3.745276068459856278e-01
1.822692707609809837e-01
8.326360330896592776e-02
-2.237726673943945394e-02
-2.454305139645678313e-01
-3.099606706938929368e-01
6.300277022814068095e-01
1.433293897508608195e-01
3.632783569551955027e-01
-2.890515977213963250e-01
-1.546140926044397568e-01
-4.724612155826417581e-01
-5.791713840489642884e-02
4.253290160815355048e-01
8.516216731240679183e-03
5.236741252638260624e-01
-5.586651652690062253e-01
-1.005196271007643277e-02
5.627488845983626975e-01
-3.692919350752727481e-01
-1.889174780196812425e-02
1.930824393350901932e-02
3.374427060004549506e-01
-5.115545439717852361e-01
-4.637082527146235145e-01
3.596839679947329560e-01
-3.867425455778730758e-01
2.653208763650973245e-01
-5.442840484163575798e-01
-2.903366700658250310e-01
1.281191039250625940e-02
-4.847807110836712535e-02
-6.843788775720702766e-01
-1.035898069510078068e-01
-5.075657526826952634e-03
-4.698179590609254941e-01
-3.001571150667891597e-01
2.357123736257276114e-01
3.951132512911573746e-01
1.762473107099149505e-03
1.611645163459567709e-01
-1.118446078917612191e-01
3.081687495920013009e-02
-3.147371224234865039e-01
3.747003096982772230e-01
9.183417533709319069e-02
3.707197067157554926e-01
6.233611609425386835e-01
1.494533441782924243e-01
2.440261088592607930e-01
-2.625191613835022308e-01
-1.073493126149171195e-01
-3.880967978731021950e-01
1.666475851135521824e-01
2.528492365135494579e-01
-7.218072754715970651e-02
1.812448923100657971e-01
-2.966863340298560026e-01
-9.814033727475603153e-02
-6.890650128288527965e-02
1.465590555292312636e-01
-6.029202321778182050e-01
-1.778543966236302842e-01
-3.222944209551236172e-01
4.301803223389445430e-01
5.834850072217155625e-02
-1.990157019652302739e-01
3.739514012325397818e-01
-8.395948438069397723e-02
1.483236635910829271e-01
-1.108021942635358109e-01
3.460313108392861214e-01
8.936667393917530067e-02
-1.358483921797522809e-01
-6.929475864223333392e-02
-1.368645673473457836e-01
-2.201508505466207855e-01
3.495186735624640217e-01
2.487426246078554837e-01
4.116541542777529816e-02
1.079342668811271722e-01
-5.187206696399808692e-01
-2.591596691536214303e-01
9.832902259667948563e-02
3.727049272692943283e-01
3.786958088856769988e-01
3.941663642360181408e-01
-3.406153793004408348e-01
-8.337138505934382771e-02
-9.152142627006294717e-02
1.168153597694022439e-01
1.579660353344306267e-01
-7.011350160440461554e-01
-2.818986046559617820e-01
1.133363627326753609e-01
-9.816465534137375215e-02
-1.530283703418264529e-01
-3.509107834926517011e-01
-4.524505327513416164e-01
-2.979324872428583681e-01
-1.110990859655123508e-01
-2.591598242097494786e-01
3.821568256215635007e-02
-1.113398957793535760e-01
1.068307632179696376e-02
3.751345554225341689e-02
3.385457794477803040e-01
1.050535527962624116e-01
4.570215669092224653e-01
-2.928733853038095747e-01
4.479099278528676092e-02
4.616024985464577124e-02
-4.394395837102261781e-01
-2.073699544280239726e-01
-4.935460394209156831e-01
2.305498833567914407e-01
2.317172137083048922e-01
-1.619688774951719146e-01
-9.848130013450726028e-02
3.523002850819891840e-01
-3.005282855375546180e-01
1.325194411670386208e-01
-4.868230510299452751e-01
-4.915575420014859365e-01
-1.477420790100672232e-01
2.280124254690023555e-01
4.453877406106567793e-01
1.923148544069758215e-01
2.537693035684476794e-01
8.876658644901397333e-02
-1.462361140485343713e-01
-2.882478066162183494e-02
2.886675705724550678e-01
-2.871309654333782935e-01
1.251468353905514364e-01
-2.496729852099938696e-01
-4.533268325136711185e-01
-7.303272933043305493e-01
-2.265657041820140771e-01
-5.685725594611412692e-01
1.697897745663827854e-02
-2.438851152878405704e-01
1.646696389775029884e-02
7.856130437491706253e-01
-4.763535553534730127e-01
3.374654704046503029e-01
-7.941243876320512873e-01
4.763548081024429059e-01
-7.482356099660028570e-02
5.249512886776566134e-01
-4.344987942444672457e-03
-1.858268374062399531e-02
-1.807546744141159956e-02
7.374850612486941182e-02
1.608947455489834755e-01
3.124189243076376243e-01
7.447168857750049442e-01
-3.047596610738404488e-01
4.749723506645971982e-01
1.182507370846086064e-01
-3.361904271356163099e-01
-7.123493976134466499e-02
-6.181500090292968430e-01
-5.576970206450047041e-01
-3.911087293228415751e-01
-5.413020508706329892e-01
2.610410434910845900e-01
3.167764336319706109e-01
-1.492965979917805219e-01
6.553100135262255321e-01
3.131398333339384388e-02
-5.826925237415661041e-01
3.218652782108986088e-01
3.607661024100944358e-01
1.819268128808687046e-01
-1.769739641430286003e-02
8.649903468984913857e-02
1.729961921262470614e-01
-1.192572750709285367e-01
-2.118866205739459996e-02
-5.230074718287780478e-01
1.915888554631908214e-01
1.688005903420132237e-01
5.566798852041693335e-01
-5.699422021015236872e-01
-3.708921397481412807e-01
4.614611058756350886e-02
1.260433205195164441e-01
-5.295959569515188564e-02
-1.472980978234793292e-02
-1.093985648605594052e-01
1.235506194394575125e-01
2.314250414638647224e-01
-5.469175139159923038e-01
2.942991619582149276e-01
1.890554542301158270e-01
-1.662986649743877776e-01
-1.749952072819322690e-01
-1.074612856134772587e-01
4.587257460211932591e-01
-3.017826500281831081e-01
-3.949696941719978427e-01
-1.702856967968010560e-01
-6.214091062441561009e-02
1.368497793457034428e-01
3.367444232115401337e-01
-7.992622506328664889e-01
3.990002286358281802e-01
-9.826376631149826013e-02
-1.176653645261252212e-01
-2.519833113786671408e-01
-4.938286016703840459e-02
1.786249364019893426e-01
2.875476021384920089e-01
-4.121257762064698960e-01
-3.688298268682528858e-01
1.843062364327126279e-01
7.716856176249009547e-02
3.789720803241259928e-01
-3.647569234431269347e-01
4.198018097681428529e-01
1.448228906219297674e-01
2.841824048457419205e-01
2.808102235956754997e-02
-1.920011702445392210e-01
3.947974754168486200e-01
4.760134248521071254e-01
-1.652768688567793354e-01
4.273496346027768622e-01
-2.859556031427278322e-01
-4.436910205379406280e-01
5.172302007878407659e-01
-5.123874390439105975e-01
5.597356862809350631e-01
-2.489131326612838979e-01
-2.661294496928985343e-01
-1.310484597293644915e-01
1.429665270431531854e-01
4.054027233416792608e-01
1.202288187559615029e-01
-5.843549215866102875e-01
7.479347034571387498e-02
3.535010570217533843e-01
-2.450594087057972326e-01
3.109805583628035275e-01
-1.822231337748466129e-01
3.936228801923187248e-01
1.357419012928605950e-01
1.201562763468737999e-01
1.547690674522933518e-02
-3.162167383973482626e-02
-4.000227444904651541e-01
1.698963120063033128e-01
-2.571793544337638293e-01
2.645889662237785878e-01
-3.887534678615438000e-01
-5.785632051014477639e-01
9.207612053685712561e-02
-6.905356646534964726e-01
-3.312534248354906952e-01
-4.119707223255396622e-01
-1.685157506818830975e-01
2.279466721035786347e-01
5.403728494387832065e-02
4.973366371026834432e-01
-2.108884765940115258e-01
4.064585361003384412e-01
-4.627309196849306583e-02
2.266141819270106328e-01
3.125474702545383981e-02
8.143000303724899636e-02
3.153747404331919135e-01
-1.460163640475160007e-01
3.455589017157740805e-01
1.754002205834740979e-01
-4.988007791085559417e-02
-3.310022745724282983e-02
3.001692412355165818e-01
2.636649505320406983e-01
-1.799276892632352964e-01
-4.977222522477606215e-01
-8.760542737402235436e-02
1.919964812759602513e-01
7.730296659493667011e-02
-3.136402787829368766e-01
1.401471993369166613e-01
2.680564004773319797e-02
-2.838150030251820194e-02
5.745878018908547047e-02
6.056507175133557519e-02
8.290249021244809891e-01
-7.747132043554403324e-01
-1.234088640406838522e-02
7.106758784808062668e-01
1.701226589287926916e-01
2.556573191944288559e-01
5.046245038795044158e-01
-2.260783260967892672e-01
-6.781307590028713694e-02
-5.518786765713019626e-01
-3.758745599720529906e-01
-1.903739234769367683e-01
-3.591551148112887004e-01
-2.716548752735347128e-01
1.812464774058549222e-01
-1.687181680359760849e-01
-2.782817523561130768e-01
-1.924265292388000481e-01
1.003570939363099407e-01
3.060199480694573287e-02
-6.958334406968718078e-01
-3.018978489843057167e-01
6.833755720564855807e-01
1.454145383420025195e-01
3.673559025171899695e-01
1.300346046881843132e-01
-1.748473581516756317e-02
2.798425180132537160e-01
-4.505821666068225428e-01
1.996929246824948601e-01
-1.132494396219830279e-01
-4.013037115445871050e-01
-5.439317769903311006e-02
-6.602429042814952909e-02
-2.841969945912889428e-01
1.675858801841730306e-01
-1.612368007611711396e-01
4.251275036683266340e-02
2.022164328672419742e-01
-6.787287649360855546e-02
-2.329767848184736700e-01
3.145343341025120254e-01
2.318691052075458614e-01
-1.694611103493033066e-01
-1.522177759843527378e-01
1.353455150038157528e-01
5.536104490691566848e-01
-2.107111873050822592e-01
1.995635374150154240e-01
-1.089758811766926155e-01
-4.365157393674364839e-01
-1.169100815562588019e-01
3.672198922296204260e-01
-1.099790633335977763e-01
-7.883240996599931438e-02
3.622922193375830435e-01
3.100653454864973346e-01
3.765929261682707807e-01
5.261641206138899240e-02
-1.232380623957401444e-01
-1.472279661888069302e-01
3.487814279926476635e-01
6.572001837986065631e-01
-3.728936065424336976e-01
3.182884188777215240e-01
2.932318231101056771e-02
-1.775550418253677154e-01
3.699784249316022677e-01
-4.823673993718591291e-01
-5.888973710434448894e-02
-5.767320478766658765e-01
2.449800929165126540e-01
3.228050276108673788e-01
4.004974533059450503e-01
8.002793298233966401e-03
-8.731945623649360610e-02
3.107533255461831789e-01
-5.150710411158899715e-01
-2.439058162959006071e-01
-4.134630389520353444e-01
-4.506411771008341643e-02
4.922345950288462557e-01
1.722311081596480942e-02
8.223936113285371108e-02
1.570616067869784471e-01
1.324646186061622516e-02
1.322938965989264304e-01
3.908533360748062679e-01
2.819641892346401724e-01
-2.274315265901407090e-01
1.291032717035943411e-01
6.171315772041102710e-01
-9.025419728907602135e-02
4.979865809360542114e-04
-9.666065648741488381e-02
-1.673082431697915928e-01
-8.858860145274384534e-02
3.562710488682615528e-01
3.967333849139849100e-01
5.737360977063270528e-01
3.896454754804303811e-01
-4.035855847372533112e-01
7.763808232333989368e-02
-2.787214487210764591e-01
2.328428056884890018e-01
-1.415357468959792253e-01
1.379458279274768384e-01
-1.670696960806761777e-01
-1.204231717577017857e-01
6.600247405388839916e-02
-3.964544577271152948e-01
-4.547770785825833717e-01
-3.269243323491031195e-01
3.171086618088587161e-01
-2.081261984364537465e-01
-1.759857989768301711e-01
-6.471656029239955532e-02
-2.810006529380252860e-01
2.699301639835183231e-01
-2.286964695741730280e-01
-4.640312364140903797e-03
8.719271161930515490e-02
2.404466574705127480e-02
-1.276897512007541813e-01
3.474658959668983776e-02
1.183891655276852473e-01
4.948800310630114274e-01
-2.947260868924121979e-01
1.064915760832076813e-01
9.119190899749203549e-02
2.943568385012387267e-01
5.043729466837537645e-03
-1.777881237778564660e-01
-3.537415648004283431e-01
-6.757247515960140838e-01
-2.356582927077110479e-01
3.236202649932737874e-01
-3.394733537951193370e-01
-8.047813122998438273e-04
4.652495801422165123e-01
-2.556342201331108788e-01
-2.178559888725781907e-02
-2.835636318009447931e-01
-1.608499414992909382e-01
-1.665228369314192824e-01
-3.481635098465390987e-01
4.519561338961651797e-01
1.431950574624785144e-01
-9.541161475733742070e-02
3.175661451872928143e-01
4.304185792167105618e-01
2.275357698896647296e-01
8.989407888018252635e-02
3.074214690430483454e-01
-1.653404254883079350e-01
-1.678170031721031297e-01
-7.091835393785291819e-01
-3.846664793247995262e-01
-6.775481298740813896e-02
1.538765389479733112e-02
-1.115145584751722763e-01
-2.355341777651917545e-01
-7.469084180317127342e-02
-1.766686928741144080e-01
-3.250147466877570945e-01
-4.548817269638417288e-02
-1.298146590788983312e-01
4.463615790250683446e-01
-2.482548436576406670e-01
2.456976727679103800e-01
-3.151787892165793803e-01
-3.338806432002929259e-01
3.784262332431532344e-02
-2.754695570636805924e-01
-1.259570666285980967e-01
-1.093505051026963382e-01
2.418201564025129757e-01
-1.801535977890715845e-01
-3.774307516613841229e-01
-2.523022635114949841e-01
3.364019392833888511e-01
5.412789956758360388e-01
-5.303156039990996051e-01
4.754243869924058563e-01
3.870691460285934360e-01
1.185935362193487191e-01
4.748155332723637545e-01
1.920596241930717929e-01
4.534331347296748360e-01
-2.754451772868787285e-01
-1.337392066715452632e-01
1.115135914062057032e-01
-1.047265047611447078e-02
-1.399269096298239590e-01
3.072267603617279130e-01
1.294310397453924955e-01
1.729041439707535988e-01
8.223041748506416670e-01
-6.565502650786891881e-01
-1.166560824111804728e-01
-6.999815147787251390e-02
3.125799912922166413e-01
-6.718127792684387423e-01
-2.347480679321216068e-01
9.655199484903259632e-02
5.682571043176218306e-02
4.322431490328019210e-01
-1.051150453996402973e-02
3.137725864662155306e-01
-2.557801360582120376e-01
-4.221223574301914971e-01
1.516320793375905973e-01
9.612218118410223444e-02
2.504152355417005871e-01
-3.803802822886067636e-01
2.540076780892366326e-01
-3.894341094517991819e-01
-2.984260505728946744e-01
7.719489914449798040e-02
-1.946274057716143036e-01
-2.081826433111129415e-01
-3.086084419338934182e-01
-2.590095105682591603e-01
-3.208719223214228089e-01
-2.279327996961995617e-01
8.288514566318477828e-02
-3.180058454065212148e-01
-4.977658613336058413e-01
5.303375578876226015e-01
3.539791599632719499e-01
2.914712846088893250e-02
2.213905708325197286e-01
-3.793134593017136180e-01
-2.063583497936130051e-01
-5.164998632547473933e-01
3.720278178094604260e-01
7.514684848778492299e-01
-4.441686072586126244e-01
-1.756391353860124738e-01
1.581774783831092768e-01
-5.437926976433324899e-01
-1.801250343269602400e-02
-4.082522710359531848e-01
3.748721834615399984e-01
-1.282081079835847154e-02
9.203064052769188708e-03
2.612147409913176954e-01
2.048895955780572764e-01
-2.521049481906929013e-01
-2.736523951600701166e-01
3.332421686994914423e-02
-6.318421668630336274e-01
-3.566302319053735181e-01
-3.663734018063921072e-01
-3.257635589830269046e-02
1.830364798568761067e-02
-3.241323859133110608e-01
6.251681789900178643e-01
-2.443085879337295319e-01
1.181534923126018044e-01
2.001186190302619017e-01
2.227297790039488856e-01
-2.251959001741864197e-01
-4.582138736475013102e-02
5.606995545408977044e-02
-6.457423936155886057e-01
-5.216999837871030277e-01
-1.634112089246960997e-01
-2.165264398458185136e-01
-1.975613473918136631e-01
1.755617326478836060e-01
3.699189094285872392e-01
4.084398970755967473e-01
6.337116659334884883e-02
-1.782043731639925965e-01
3.192810358273445170e-01
1.093816842678689283e-01
3.185301919205221766e-02
-5.930274154667781739e-01
1.442824146752307024e-01
4.810224054784431047e-01
2.301471152433378353e-01
-4.991705203944794000e-01
-2.896516968267840442e-01
-3.614787021610275652e-01
-2.438934403587640354e-01
-1.584140134589564208e-01
-1.969147810226941908e-01
1.768007239315122492e-01
1.321166521053797685e-02
5.549389695115760635e-01
-1.945131533220428866e-04
-1.626292931891965277e-01
-2.935127699632413267e-01
2.308087758665286204e-01
6.098878617126982093e-02
3.883020598245956467e-01
-1.825798106629026585e-01
2.371664786126728708e-01
2.028920307424563196e-01
-1.000101933935126503e-01
-2.374246950758329353e-02
-3.144988868114609315e-03
-1.550273814321318500e-01
1.468483478063592473e-01
1.825291876995967510e-01
-5.665362395435095122e-01
4.269173667981942533e-01
3.166336125210549857e-01
-2.223697419488539495e-01
3.230174446238432973e-01
1.368349277907615902e-01
-2.204377850107636094e-02
1.711340365624458570e-01
-3.734948760387228530e-03
1.781269281743109723e-01
-1.458674103425686708e-01
-1.576209667883534116e-01
4.875267872519600809e-03
-1.255228129069419461e-02
1.136168607790375706e-01
-4.067113968241828914e-01
3.015399089437160313e-02
4.869196818713309449e-01
5.894434563967317908e-01
7.557559190603635457e-02
1.275578324351500925e-01
2.750344163903847283e-01
5.319326285107494057e-01
-1.614828580807896041e-01
-6.697799985709593229e-02
-4.836449628977499970e-01
2.421756931237016852e-01
2.975547851519474984e-01
1.476565433522751825e-01
-2.122628809905625913e-01
1.686896351030114649e-01
-6.089548584093732453e-01
3.028107638051298345e-01
2.635965884576497303e-02
-2.017771200775555496e-01
6.754878317991545866e-02
2.678289932628003522e-01
-1.535498295378021627e-01
5.006096557630214106e-01
-2.399318516153019776e-01
3.777748000964727959e-01
-6.673122633738884368e-02
-1.533155988021525085e-01
-1.831393890668924981e-02
1.759229807293527792e-01
5.930760773914737216e-01
6.572539539120805241e-01
4.031535894055878200e-01
1.090734935152412599e-01
-3.856820880674849406e-01
5.284029897992820191e-01
-4.923023519035450990e-01
2.125648114514389758e-02
-4.012943011543934624e-01
-1.309620651662648239e-01
-1.428827874241719309e-01
-7.122293387312131352e-02
3.829376494900426087e-01
4.355555718657702080e-01
4.116841038613863191e-01
1.130256298546301885e-01
-4.615225589423911645e-02
4.497986794620335571e-01
5.019414398961218327e-01
-1.744391187448440794e-01
1.570999573331305910e-01
5.903353394852006025e-02
4.269661225192996623e-01
4.177645745587545423e-01
-2.258909324613412872e-01
-3.471253042097827701e-01
2.161328699950428589e-01
-7.383084796274306250e-01
2.756820143149344982e-01
-5.495555738613857599e-01
3.206469783917639260e-01
-7.563115928967178991e-01
-2.042373799789482247e-01
5.319530831206482624e-01
-1.050389287844454289e-01
-2.562432999828904712e-01
-1.329154987745940208e-01
-6.828135394990398899e-01
3.397483789152021538e-01
-1.335377347000070714e-01
-2.597728664371640739e-01
1.535756939861906423e-01
-3.458226134876214719e-02
-2.746545619725577758e-01
-2.366166773831515913e-01
6.868162583638939278e-01
-4.982621364380107609e-02
-4.155553453756718474e-01
-2.751562171595486328e-01
-4.599394195020234388e-01
-1.670444887753939900e-01
-3.263677867885645539e-02
-4.563884746367599110e-01
3.131126644211331689e-01
1.195392887252643040e-02
-6.471317455323902235e-02
-3.205293381271033804e-01
7.277403101072993374e-02
-6.806975355030898955e-02
-3.431004739353169519e-01
-1.378248001449385030e-01
-2.068732640738775788e-02
4.830542389025772598e-01
-2.881849385962850230e-01
-2.650458595394988293e-01
3.812537412737275755e-01
-1.108129042706217787e-01
1.794770845190476333e-02
4.051370352393842689e-01
-6.381977785632417244e-02
-4.166222102745137934e-01
1.433438215042837360e-01
-4.739492774731888236e-01
2.228947238727592428e-02
1.153210843906372629e-01
1.117679736755120001e-01
-2.533169154376422316e-01
3.702784985154425890e-01
1.862796730935018519e-01
2.722119745787876521e-01
-3.278132737076875913e-01
-8.887532849458139317e-02
-7.067979435454271875e-02
2.986292836466253320e-01
-2.806581237258811146e-01
-6.491869245373937947e-02
5.021750006895850937e-01
1.895444200757286646e-01
-5.190133883202127651e-02
-1.251641215169278787e-01
2.450946773519047106e-02
5.476455211461142558e-02
1.034354082178063836e-02
-5.292813569179852240e-02
1.936949382875947367e-01
2.262352071567694800e-01
-2.410484361279434384e-01
-2.160943907647054074e-01
2.909870229927858168e-02
3.893281693305813418e-01
-3.080106638650584872e-01
-3.989924132457912664e-01
-3.957156349539018292e-01
-6.731121359507469259e-02
-3.540979193059863306e-01
-6.006420597634245517e-01
-6.205253081641749074e-02
-2.324905920557555628e-01
-2.301742366697835662e-01
8.716116571742793528e-01
-3.399767673949110613e-01
1.278549074767456883e-01
-2.443129665821169305e-01
-1.356574658216559426e-01
-1.197219554969357336e-01
1.607704928708174885e-01
3.095348081134150497e-01
7.200809795087238785e-02
-3.644536516018759970e-02
-7.578678159444826590e-02
1.243905747085265329e-01
1.003988866424040671e-01
-2.272220635717426274e-01
-2.763364850115725413e-01
-3.751468216062864292e-01
-1.945479716166662043e-01
-5.939841236583785766e-02
4.122594599160230022e-02
-6.787837770992819486e-01
5.653864070075674819e-01
6.112079263746252045e-02
1.681043227534294304e-02
-4.364450579424400400e-01
2.061580169190727063e-01
9.167739674689238949e-02
-5.948807733872418096e-03
-2.975341263951241100e-01
2.874874626356686558e-01
-2.360646103629345516e-01
7.380495413963580886e-02
8.831435950844250538e-02
-4.511210546762416951e-01
1.226714068704988503e-01
3.398050474722718040e-01
-4.429081346534303743e-01
9.992661120321566504e-02
3.066642335874686931e-01
-7.913990230762814326e-02
-1.467997644181590899e-01
2.322343348729130341e-01
-1.622563751825270573e-01
-6.230352531589052889e-01
-4.098364297681154622e-01
2.509302486502001384e-01
-5.478213656752808913e-02
-1.060663506517514620e-02
-3.534209757359111359e-01
-9.401261264647201021e-02
-4.764599682165245875e-01
5.985489109431998966e-02
-3.163259510518767748e-01
-2.289338032373385012e-02
-4.127995088860504369e-01
-3.001336047427825005e-01
-7.060116969960551492e-01
-1.008141283507422159e-01
-2.733053905227764702e-01
1.635092373822794043e-01
2.638919635213769488e-01
-4.127745967153576695e-02
-2.179703677428369291e-01
-2.151510617673499381e-01
-4.777349872752958415e-01
2.771922236975284948e-01
-1.702429234486839138e-01
2.346113960787093305e-02
-3.936419290269572713e-01
-2.094372017702836319e-01
2.571402049467383932e-01
1.909857915530873557e-02
-5.393987766747703194e-01
3.865450449062758920e-01
2.697802583615545036e-01
-3.106281533182872479e-01
1.044889259630791822e-01
1.091426809702671086e-01
3.722306226190676137e-02
1.143931277900170213e-01
-9.266256355598437300e-02
-4.459058516129047467e-01
2.355108473517130707e-01
1.534558503892518785e-02
-4.847808471648739626e-01
-2.715880745156619147e-01
-5.199180827151859141e-01
-3.441068211049043424e-02
3.853647740846943837e-02
-2.117551115793567806e-01
7.972844955468728900e-02
-1.302025434822929872e-01
4.232192380848494029e-01
2.548353116353866410e-01
-4.278270719860784999e-01
2.445349329518354264e-01
-2.897885656251806830e-01
3.949526594276582814e-01
9.406648433968191336e-02
3.268299724187710975e-01
-7.929184128932403874e-02
-3.356362882598314112e-02
-1.207864803774715418e-01
2.145353010083528578e-01
-3.546614812039839970e-01
7.816766704043909275e-02
4.298458831211112718e-01
2.949293557997596515e-01
-1.431800813080581214e-01
8.032939066748992496e-02
-6.939766850368807305e-02
-2.048460293612785754e-01
4.377357211254075398e-01
-4.200348598442988357e-01
-1.345968643164950906e-01
-3.645851268589918037e-01
9.107673686985946482e-01
-2.178127100290765950e-01
1.101049989002406831e-01
-3.459339343027030833e-01
-4.527097000355735645e-02
-6.163689462038515199e-01
-4.392537050250407415e-01
2.054039413904574785e-01
-9.954383819900264330e-02
1.583302812296046025e-01
3.972521510012172463e-01
-5.233551121272968232e-02
-1.382042387081740265e-01
3.566235566980073268e-01
3.605686077396376421e-02
-3.108761500212464113e-01
-4.361516432937045940e-01
-2.788151928057306939e-01
2.568404380564550116e-01
-1.352721721129681309e-01
1.512773885542483543e-01
4.937360447512609829e-01
-2.671598399480760722e-01
-4.332578210068041003e-01
1.291437282632692529e-01
9.156891669740713224e-02
-3.932883323491863370e-02
2.735539130491783655e-01
3.989762010273074644e-01
2.001506546542126674e-01
-2.165348061695215320e-01
-6.492515812213268955e-02
-4.460535949983663873e-01
2.788079897776639116e-01
-3.350611884692269310e-02
2.071396200858209025e-01
1.482094191487141055e-01
4.047623787069715151e-01
-4.303120007614044673e-01
-4.498188824692044008e-03
-2.174329728962023367e-01
-5.856758679929182643e-01
3.332699121792347952e-01
-2.840501647676691999e-01
3.271698506788641575e-02
4.198425364324958609e-01
4.721870807823682070e-01
-2.288079584800914446e-02
4.301824082646342751e-01
-1.228952203122040537e-01
-1.539731016277220976e-01
3.455718733221541106e-01
4.471588468171276975e-01
2.145956592283341374e-03
-2.572836536017243936e-01
3.312826810352060281e-01
-4.294616287446062497e-01
1.092488331717097055e-01
-1.587436269807622202e-01
4.015571999480520016e-01
-5.244257655401454166e-01
1.203891343329977492e-01
-2.490275988003684826e-01
3.580317891932109364e-01
-4.890328759091140676e-02
-1.162919641828935591e-01
-4.045767255028036025e-01
-1.394852253102428497e-01
-2.548640603967317064e-02
5.464548540410747723e-02
5.828003911324834696e-02
1.398495204250236879e-01
5.565949347253595914e-01
-1.187788626875935921e-01
-1.691502253658084404e-02
-7.377063143935018441e-02
-2.594005117452691800e-01
2.337809527924295527e-01
2.660659643733416790e-01
-4.280781245374934429e-01
9.610954822882328275e-02
1.261431902488387435e-01
4.935589445287041910e-02
-5.555950854292956986e-02
5.571771147410056191e-01
-1.482890178669618586e-01
-2.420134709108552953e-02
-4.897453140180231534e-03
-3.720188707104292447e-02
-2.141280512688852611e-01
-2.512115574990674838e-01
2.585470857672273609e-02
-1.369190645560061648e-01
-9.661260183773798249e-02
8.065353795416899119e-02
-2.965503815663606546e-01
-5.100014486399760960e-01
5.354293510328105299e-01
2.425299012519792075e-01
-6.753307472512633247e-02
-3.664301210012045340e-01
1.777508594459762184e-02
5.587559247420931241e-02
9.210831940904135040e-03
1.594193153746062686e-01
-2.307074921860744962e-02
-9.928139506811022030e-02
4.997914242678554442e-01
2.744483932404763182e-01
1.648965901740323814e-01
3.789538197525941232e-01
-2.683425427431516685e-01
-5.282436683728183313e-01
-3.309897984663091597e-01
-2.095994847660802018e-01
-1.414515815700486401e-01
1.403996246847372398e-01
-1.757676143345865416e-01
4.696273359612749831e-01
1.476393092121193185e-01
-7.492366711702254378e-02
5.596581549065042793e-01
1.885892867995520722e-02
-2.127473380038417128e-01
2.451607952316218753e-01
-1.368552210855367157e-01
-1.698488230272493515e-01
2.897097555161348009e-02
-3.701852500642211982e-03
2.314270464188195875e-01
-1.240921739863696249e-01
-3.010814285683678371e-01
2.343974378193973973e-01
-1.517039032689425360e-01
5.002699975727719073e-01
1.661322740284319754e-01
7.571362995710637089e-02
-7.654655834956589078e-02
-5.505855221015903966e-04
5.675514319171115485e-01
-4.451503513162848868e-01
-3.900033526868336153e-01
-6.629881372272192763e-01
2.215086032419243123e-01
-9.431387144786786136e-02
3.065407700148442549e-01
8.093319701502355024e-02
-1.523711991657751286e-01
-1.131002530404634360e-01
4.577408463460664323e-01
2.060402048211094073e-01
1.238699998890377130e-01
1.536526059910282016e-01
-2.496905992678778441e-01
4.001088873956697156e-02
-3.907682159639737085e-01
-3.245866660510089985e-01
4.103785338733871857e-01
-1.084427002565383075e-01
-5.308404412628496549e-02
1.512006511551592103e-01
1.755681575342879497e-01
4.862634891092445372e-02
1.179707303413557451e-02
-2.605621526646204056e-02
6.276162337188916085e-02
-7.355978912646379264e-01
-3.623365621756948762e-01
3.023943664112025420e-01
2.772179104291483398e-01
6.442181841904645601e-02
-5.582750065275057239e-01
-1.542256807292930743e-01
-1.549773276412254597e-01
-1.768615110216051611e-01
2.972969142913452489e-01
1.506560417170586252e-01
4.268233052006552564e-01
-1.937094812530421595e-01
1.907145593220954949e-01
8.277677438359803963e-02
-3.639737844198704941e-01
4.733025543263026380e-01
1.776938992678002427e-01
4.951110723693131765e-01
4.725081608393763011e-01
-6.437255004917416534e-02
-3.346410955517933328e-01
-6.339528239581430080e-01
-4.237857429340450288e-01
3.126876396567545013e-01
-2.228656748173463154e-01
-5.439817554481887196e-01
1.964256018485820154e-01
-1.294062415641240166e-02
3.402474344730382350e-01
1.338536265458670216e-01
4.491971667240328703e-01
-8.457187409227898134e-02
1.465769885347814952e-02
-5.424317552945597809e-01
2.906272907142263273e-01
-3.460809273717960211e-04
-1.303180476428231760e-01
-1.653663630740132284e-01
-2.748006312438253662e-01
-1.338547485149307881e-01
-3.570464951139504794e-01
1.300039247285419974e-01
7.820228769883208475e-01
-5.143530437255211529e-01
-5.048428645357572186e-01
6.509341538554097584e-02
-4.648130162820939271e-01
-3.016518820527763767e-01
8.827050854541046432e-02
5.699776606363117226e-01
3.112325548602818959e-01
5.650749630035778459e-02
9.655548629631674484e-02
-7.610280541200250548e-01
-1.049955093321330024e-01
2.590454279908172563e-01
8.245315294358709912e-02
2.612927560079253420e-01
-1.126404358219300073e-01
2.446644949962705762e-01
6.310140609225300956e-01
8.271950477460908724e-01
1.095439674833984245e-01
3.471595526169204415e-01
3.593475772653685341e-01
-1.166170330924148624e-01
6.312822921850838598e-02
7.568406414498716206e-01
1.228865809778067197e-01
4.062548917788602609e-02
-5.725309146760927392e-01
1.696062120313379107e-01
3.911627351585874046e-01
-1.062664535303323859e-01
2.300501099044217068e-01
-5.056498852961456292e-01
2.543185657139824807e-01
4.927244886172591487e-01
-2.898872649691122683e-02
2.386702408105918494e-01
-3.347906333150383468e-02
2.129231708845412130e-01
6.045249410622983988e-02
1.545776484914793969e-01
1.796121334586244789e-01
-5.169737799514484422e-01
-3.489658928198520194e-01
1.944324557185889701e-01
1.212176012852024809e-01
-1.260138186622020984e-01
3.948474697963604285e-01
2.931203508648891898e-01
-2.208923184479405777e-01
2.429872719574939499e-01
2.968945742466830295e-01
2.640974069488556397e-01
4.725930605964058229e-01
1.884980129229627266e-01
-2.960251711084132542e-01
6.441480675355233665e-02
3.123399574392525246e-01
-2.854058599247283334e-01
8.510180856129995197e-02
-4.859296904741829959e-01
-1.681043615872740149e-01
1.496352275495987927e-02
7.035797823859268885e-02
2.744399988387250522e-01
8.121511314443941032e-02
2.520794485710038946e-01
2.823850410954841239e-01
2.784172470992811732e-01
-1.334956851350180274e-01
-1.261621566391759874e-01
-1.829624033126908134e-01
3.509962781316432467e-01
-3.991219252752956775e-02
-6.599510882319263583e-02
9.827486083178596510e-02
-6.275134176200061198e-01
6.096338168328355733e-01
-3.406721088602601699e-01
7.543066655328339865e-02
-8.261531945307806768e-02
2.767940650867971031e-01
-6.671489753832372804e-02
3.146598526629878489e-01
1.431608151686489527e-01
-6.696231359252693971e-02
-7.484155864968411453e-02
2.053538947709654672e-01
6.377426390721001592e-01
-3.363271912702608946e-03
-2.489169437397498186e-01
2.313870486754340539e-01
-3.247862461168891240e-02
-3.521984339499244498e-01
-1.948431732144318418e-01
2.936336939212731700e-02
2.141480703789563900e-01
-3.482418123463995596e-02
1.514644972341366580e-01
-1.453034574484192432e-01
1.547608193912743402e-01
-2.021426602522973237e-01
-9.905929965575391294e-02
2.175292285007614790e-01
-5.782053345001501032e-01
4.254130346975337068e-02
6.673072024866011365e-02
1.285761178026401663e-01
-7.265157110436017140e-02
-3.322856988694039004e-01
2.532321911513985557e-01
2.294857750613643610e-01
-2.878639170999612862e-01
4.634437176395953539e-01
-4.758618294606608012e-01
5.756120253051222324e-01
2.784847932996065145e-01
-2.631946819791964320e-01
-3.298654378099436513e-01
-1.311708223733931179e-02
-5.564254630533916890e-01
-6.469175906720639468e-02
4.862571872937416217e-01
-3.531371040839136888e-01
3.571380710268071690e-01
5.221837383253381537e-01
-3.843062495326962091e-01
-2.065831434423709145e-01
4.869918835239825938e-01
1.401121688901419138e-01
1.729802725917270467e-01
-5.271674541988564944e-02
1.016765562827448288e-01
2.147017201775856254e-01
-3.110417937348413653e-01
3.564791486114975982e-01
-1.930261004412934522e-01
-3.377405404159824487e-01
4.210287346146389109e-01
-1.784958314010008373e-01
2.300913168401524656e-01
2.145686985094243937e-01
-1.045950250654758967e-01
-6.526744736399442415e-02
-1.524682431671751104e-01
-1.102252686898311934e-01
2.710712449592103113e-01
-1.285306283216559042e-01
-2.797169941517104741e-01
-1.880815069259655914e-01
-1.477640053549024168e-01
-3.706423624924431448e-01
1.359728697362071470e-01
6.405663849779229535e-01
-2.695641349626294314e-01
-9.921834753450617383e-02
-9.974953536719227687e-02
-7.182979515068823595e-01
-1.040593414927592497e-01
3.742959127483113102e-01
-1.793720706793519026e-01
1.258421375054817604e-01
7.297175764092236894e-02
5.494532954629678390e-01
6.805112881126054170e-01
1.261611717457407633e-01
-7.317993577046353476e-03
4.142353617277446665e-01
3.884211350673040242e-01
9.641272934508143821e-02
2.124772393518281621e-02
-1.909171348633988408e-01
-3.060853570535165824e-02
1.131022721342810206e-01
2.816738192370351057e-01
1.844684635724039012e-01
1.073220064599599843e-01
-4.560065336108386491e-01
-2.196950153642917569e-01
1.232772276858512261e-01
-2.316414968587248713e-01
2.502190816445228894e-01
3.369345092236318284e-01
-1.838412781399137996e-01
1.551319421199759130e-01
2.158654285219227531e-01
-1.183432802570087150e-01
-8.825175216071545758e-02
3.810267706598747389e-02
4.036616824011734495e-01
-1.514148909174298230e-01
2.972160984347924639e-01
6.140646551592685576e-01
7.109323884019002060e-01
-2.537942380865891856e-01
-1.069936504293210744e-01
2.011372489462717739e-01
-1.651834527703030242e-01
4.683630977367824744e-01
1.996459844409173012e-01
3.962704741708945599e-01
-3.370728934413433908e-01
-5.718713875373388628e-02
4.998387034221772884e-01
-1.035672097703806832e-01
5.352983162480198231e-01
7.396210208059358360e-01
-5.043102884266403851e-02
-1.008101801702783983e-02
-6.282686660447688032e-02
2.026437030994023836e-01
-5.302565320194931042e-02
