4.710184482862578986e-02
2.171588714810888110e-01
-3.446322803282662051e-01
5.514446825466202962e-02
2.331023776402016690e-01
5.583730212464357301e-01
3.182856233699291604e-01
-8.516920077749376428e-02
1.737613958870069114e-02
1.000908058150180024e-01
-2.213710814852091757e-01
2.514834326217061378e-01
1.078420988667360136e-01
-1.889202356220857082e-01
-1.831215894548031686e-01
-3.607941935297513392e-01
1.753198462994365880e-01
6.205317581247715014e-02
3.646843887980196763e-01
2.516184071496979646e-01
-5.352480553590183154e-01
-1.346994212500963323e-02
-3.975337157496793283e-01
-4.439662415826703401e-01
2.250827907373904868e-02
-2.718143426886746039e-01
-8.358373248542785849e-02
-5.175145800365517357e-02
1.429087389577130829e-01
7.478803698900285402e-02
-1.959867470748260510e-01
1.518886235189710332e-01
1.214840700641908883e-01
-1.391431241897943538e-01
-1.188473381795688011e-01
3.600068377653429241e-01
1.942534801496133279e-02
3.315491966341942154e-02
-1.438484153564209556e-01
4.676745666590320094e-01
2.144172986968597150e-01
9.143257178013645958e-02
-1.513315161087543381e-01
-3.559659990011983521e-01
-3.038258404390824508e-01
-1.756207265103264525e-01
-3.588016796409895237e-01
4.869027071140986651e-01
-2.434701963553903836e-01
-2.341719612333472700e-01
7.555893676896253963e-02
3.144679507728901369e-01
1.357734635539903090e-01
-1.205972170169088420e-01
3.548289216625929304e-02
-1.635585372454144704e-01
1.564063724984750547e-01
2.844315692887533151e-02
-5.725347039804140614e-02
-7.589927387893707911e-02
-1.346394602120095929e-01
-2.327918684048915221e-01
4.165285069067139467e-01
-1.532263079004763662e-01
-6.817479824576202010e-03
-5.238188753644786866e-01
1.246083339133865209e-01
-4.160212201929932574e-01
4.485483016288433489e-01
-3.716800008792986443e-01
-1.178309773176673819e-01
2.788968650740822897e-01
1.821406280019214341e-01
-4.294702088390646155e-01
6.264791098855576092e-03
4.674138242828786982e-01
5.169720012646317198e-01
-4.885026076717216004e-01
-2.084494537046316376e-01
-3.916616357103386986e-02
-3.677040996338551415e-02
6.706252840351024924e-02
1.312075202704099663e-01
4.673071586799452115e-01
-3.899763975859207171e-02
-2.264768251216864314e-02
-5.395783415292033230e-02
-9.429322900155048814e-02
-2.910443824805643009e-01
-7.213082901382278367e-01
-4.268253622252826118e-01
-1.244312650842192558e-01
-4.864968779459626358e-01
-7.203810194625330510e-02
2.126125166607805705e-01
-7.124530068402641636e-02
1.664635916356053125e-01
-3.984298801618222363e-01
3.947264204877863614e-02
3.072404321464347055e-01
4.378155489107768417e-02
7.804977255372590184e-02
3.368264371698542758e-01
-3.459291048294833859e-02
8.740050164551366185e-02
-3.423260570241663109e-02
1.794725357694332835e-01
1.816686834736683520e-01
-2.194452242723871765e-02
9.301883102770568124e-02
4.631021576353941405e-01
-2.517401915094233042e-02
2.126500859742112559e-01
4.922137634775421988e-01
4.630647357046488444e-01
7.359045189912349558e-03
2.979254769712697537e-01
-1.283126971673124311e-02
2.283747637318110646e-01
2.006649380342670486e-01
3.372615150155756081e-01
-7.184295128908940731e-02
-4.764816631715521750e-02
5.663141968342368937e-01
2.134353671025162325e-01
4.236613275461976191e-01
5.887285447721947174e-01
-3.844685251278413540e-01
-3.395745791000081004e-01
4.429007749314275433e-01
-1.493091269724006465e-01
-1.637454037715588839e-01
2.615872009267612361e-02
3.173466001317332141e-01
7.416827516685673416e-01
-3.323220056612199991e-01
-3.527925163409570408e-01
-6.444629766706861940e-01
-6.021098821975582466e-02
-1.868482954911683813e-01
-2.275037643563117828e-01
-3.794491991865571734e-01
1.290836692459162438e-01
-1.263342348360806978e-02
5.564453591769648044e-01
-2.081113401134561391e-01
1.870496121460931138e-01
1.954709202129996382e-01
6.417629281497720661e-02
-1.116328676576808510e-01
2.955944740775721252e-02
-3.824515397162424057e-01
-1.649636977570509422e-01
-5.107443278374650397e-01
3.091929264734515070e-02
3.424173377329902540e-02
3.572448137993105566e-01
3.328330512983070921e-01
2.169218392368128800e-01
7.307936658080835812e-01
-4.920389141497734375e-03
1.652184694757651839e-01
1.484856600138452776e-01
-1.558826734993496166e-01
-5.233117969327119590e-02
3.411570846759247599e-01
3.580536059236961999e-02
6.473674801062524742e-02
-8.590275251743542673e-02
-8.168435389067814356e-02
-3.970290899931802064e-01
-1.926702442591645970e-01
-9.465676407283163396e-02
-2.149457620667910851e-01
-2.369323080449319552e-01
-3.937251003479903984e-03
-6.254804514717035580e-02
-2.038363467888284486e-01
2.703097477213778910e-01
-1.422561827255535705e-01
-1.115407604804192765e-01
-2.752278986981896575e-02
3.975765236964180493e-01
3.606398807479764268e-01
5.950474039823845651e-02
-4.253915478486240964e-01
-3.106716711507823692e-01
7.717102813939785699e-01
-2.151438175635213279e-02
-3.008003334781196303e-01
5.714078919393158484e-01
-5.188450623929453248e-02
-2.418791122090218904e-01
-3.648467898720285374e-02
-2.619607245845222976e-01
-3.637814813274972137e-01
-5.020490902955185852e-01
-6.084839364957551899e-02
-5.362674909008843804e-02
-2.446069696566061449e-02
-3.044184473702646887e-01
-2.451931811851613963e-02
-5.782764312665013284e-02
-2.890472039588627418e-01
5.208650952950434343e-01
-3.045036705018372425e-01
-3.585882427250984272e-01
1.761650644258098697e-01
5.608211964237359570e-01
-7.696251849349491914e-02
1.802350092040404528e-01
2.016963222634886588e-01
-1.097346553437018729e-01
6.222166472685414923e-02
2.097332230920004870e-01
-6.362496030208817377e-01
9.897973202423539230e-02
2.808163127442905860e-01
1.354021154386079728e-01
2.729575532201916621e-02
3.652129524185884213e-01
-4.616077272174116675e-01
4.095327349386181093e-02
1.002342768367351922e-01
-1.987386585461895783e-01
-1.847242253324918315e-01
2.688196910249932570e-01
4.540571722337809479e-01
-1.555130477425167301e-01
5.404205437466845785e-01
-6.317043559353047177e-01
4.591747793748865991e-01
-1.501337327046740333e-01
2.278759468092103058e-01
-3.488722988359260202e-01
4.202409115797041128e-01
2.021800206864457494e-01
-1.087246602692120284e-01
-2.437038834408433718e-01
-1.599506157020644248e-01
-1.217544263401276194e-01
-3.060771306534491587e-01
1.709345820501415592e-01
5.168653233329869590e-01
2.432902447440200497e-02
-2.017254561037195026e-01
1.318552571322229305e-01
-4.828579271946651513e-02
1.139843687009676615e-01
-7.347554575834482071e-02
4.246372181124792589e-02
-7.920447021277764177e-02
-4.908774824832263795e-01
3.845646052206259935e-02
3.779349631690460953e-02
4.670184820894600630e-01
-2.223938577280662465e-01
-3.389716923175070118e-01
4.697789837895970377e-01
4.218470092866611482e-02
5.329363225240361102e-01
6.486118372505517149e-02
-2.693651533407621645e-01
8.750679462553598298e-02
-2.682352735483874429e-01
6.262263465148831809e-02
2.231182955688806591e-01
9.295590455666274954e-02
-5.217124903615520948e-01
-1.527301162861460782e-01
5.203725167516484174e-01
-4.502656337158782440e-01
-2.137224943008030065e-01
1.053839765459864131e-01
7.735326526580424966e-01
-2.726103236957639342e-01
7.927979987656516569e-02
-5.191910687608939506e-02
3.954295081024040703e-01
-3.691176445098178771e-01
2.003656820219029133e-01
5.032741647004457253e-02
1.040588249547346328e-01
1.211918724092779093e-01
-8.455037459034201591e-03
-6.442797113257914265e-01
-8.814323600587772867e-03
3.924783424383069264e-01
-2.515886547943298468e-01
2.390014440823370612e-01
3.883053327963786883e-02
1.920847021751785066e-01
-1.478031197619071035e-01
-6.656206569757283642e-01
-1.265883764062591121e-01
2.822634480140707169e-01
-5.481212273522820255e-02
1.710203501690674699e-01
-1.371989774396683015e-01
-2.673950406293975623e-01
-2.057969091054405730e-01
-3.202235825764500055e-01
-7.999980464445748118e-02
-4.604722457095969945e-01
-2.665478411979023687e-01
-4.722454527157541881e-01
2.741191908478836092e-01
-1.805446573927577403e-01
-4.794088621864252969e-02
1.120624777311198667e-01
-2.640770111075080306e-01
-1.041968326148731416e-01
1.698252007942133157e-01
4.155608693278393106e-01
1.915638169054650897e-02
-5.976293556482908248e-02
-4.396821503238460549e-01
3.636744894195065303e-01
4.077201290304038328e-01
8.222255055307126428e-03
-1.697391687695810614e-01
-2.753506249184848875e-01
2.466019363021138555e-01
9.835851173388372726e-03
1.707662107894875325e-01
2.124558716810608094e-02
4.563036492151875123e-01
-1.296222167807621894e-01
4.428897818343206505e-01
3.859101479439952520e-01
6.004086543920126445e-03
3.686786587197489196e-01
2.826756263469245023e-01
-4.697560681044374298e-01
1.949832996229537985e-01
3.950341417721748849e-01
-3.321765695052504297e-01
4.109317365298729152e-01
2.496530263366223551e-02
2.333877499603017047e-01
1.728778149205386916e-01
2.939668945790560040e-01
1.346145214276018090e-02
3.494276932640337785e-01
2.343127286567976142e-01
5.247833630854292775e-02
-3.731136242384186508e-02
-4.259124220449679865e-01
-3.667200972899556932e-01
-3.747652308817193689e-01
1.207298979226264085e-01
3.974883119487830907e-01
2.411096217938045738e-01
-1.474199853336022603e-01
-4.284053818391657664e-01
1.161562434373454578e-01
7.368614953787272492e-02
4.723997904294154927e-03
2.899402034232262948e-01
2.438348753614471565e-01
-2.490741174501428512e-01
-1.414953766188882002e-02
6.440950678167212118e-02
3.131479730445054233e-01
-5.210713308361923923e-01
3.317551325867985623e-01
-1.926914521319668672e-01
4.313858520639097249e-01
-6.332235759811363218e-01
-2.915479959662737874e-01
1.842715181279774850e-01
2.452387535996930490e-01
-5.635182419964139544e-02
5.508333496361225712e-02
1.369591286216399473e-01
-2.577799530906449421e-01
5.649811201614788336e-01
-2.711014625906686959e-01
4.497046731083641745e-03
-7.418440931946572101e-03
9.535151623058139847e-02
-2.913178533399877757e-01
-2.538807038230210811e-01
3.799468887638414449e-02
-2.325454983027542832e-01
-5.140685968158322794e-01
-2.445885741575686556e-01
6.625100124165053117e-01
5.024539517427020208e-01
8.096554661334046110e-02
1.933437605153309757e-01
-3.343784468059838311e-01
6.463863694870488619e-01
3.509195571470191122e-01
-1.649855255890703976e-01
-3.704396997642994682e-01
-3.531181822721107255e-01
1.054079542107170808e-01
3.523459377610033139e-02
1.140160792000448620e-01
-5.208026802462557836e-02
-3.013341196927448173e-01
-5.755730768787500340e-01
1.293860952758656979e-01
9.967995318348084333e-02
-1.653251410907981001e-01
-1.663818821185801822e-01
-3.413928101214835920e-01
3.465343240196213648e-01
-4.554208052831454356e-02
2.532632654390181148e-01
9.206562728581899058e-02
2.209715997341902549e-01
-5.331192668028847739e-03
1.890871953391479177e-01
2.343000354456821199e-01
-5.974054435912589112e-01
-3.773961554463318713e-01
-1.598060071091007006e-01
6.206287874532469967e-02
3.574414753078016815e-01
2.644885253816736115e-01
1.054182146112399299e-02
8.050542480746672447e-02
1.115067760912865774e-01
-2.023996898912245601e-01
1.882896594870649976e-01
-2.911815522675148538e-01
-5.987234342945420007e-01
-2.248209222866860146e-01
5.980204515192846237e-01
-1.339411185288002237e-01
-3.851749070787434670e-01
-1.567546445741598536e-03
-4.321541762777496576e-01
-4.933139809338848991e-01
6.680592140498797793e-01
5.812433645262966575e-01
5.579204444609939806e-01
-1.855665735328533572e-01
6.804593150985363548e-02
1.900561956826851417e-01
3.023694021625087380e-01
-1.612396555059825154e-01
2.487077640062235750e-01
2.495374804346783826e-01
2.990230962055110409e-01
-2.991124433132912319e-01
1.618515118143514231e-01
2.841492413845934095e-01
3.744150504824066417e-01
-6.528814922380833663e-02
-2.252217155798216797e-02
3.653616165889820300e-01
-1.547499980756008586e-01
1.662576264741646298e-02
1.093300122974201205e-01
3.101831925854964811e-01
5.616777024726925249e-02
3.699843218022783389e-03
-1.361905588298253089e-01
-3.871702007355602992e-01
-4.560931631480500403e-01
4.184218836936531849e-01
1.867956845966119439e-01
3.841853819364525191e-01
3.291963933192336711e-01
1.005458275092135922e-01
5.365266747767446498e-01
-3.503784842051271831e-01
1.138720607520340156e-01
-1.770451081069215338e-01
-2.754835416198895270e-01
-1.634290058179212468e-01
1.936484186080462272e-02
-2.952356153721341081e-01
-3.771213507432955581e-01
2.457893152459665054e-01
2.704027724122467502e-01
-3.961970564132093892e-02
1.771253300163265765e-01
-3.201593367259921163e-01
-1.271989263867890664e-02
9.260210651299088935e-02
2.493858548281061849e-01
2.076740790227379341e-01
1.002424217392496597e-01
1.386970466203367724e-01
-3.906218917336198304e-01
3.718797842048693347e-01
-3.402485842890996537e-01
3.073560321389080807e-02
1.897118734770644743e-01
-5.878902616419278138e-01
-3.085804824523787349e-01
-2.881741736803270504e-01
4.454576680941768618e-01
3.118434208957703291e-01
-4.170888726686298176e-01
1.113296356981015450e-01
-3.940413930422773103e-02
-1.987728078990972369e-01
1.152013468378637606e-01
-2.457222305885615188e-01
2.637573602943926732e-01
-3.305028267040011625e-01
-2.642607117042123366e-01
-1.851888757399084429e-01
1.715777499117429605e-01
-8.070360608629803534e-02
-1.177088536780611372e-01
1.221980157036791081e-01
1.295999351443117842e-01
2.545114065968990813e-01
-3.298310706377172163e-01
4.042074995916937474e-02
7.630644790529998722e-02
-6.415131188202745187e-03
1.614722459014449607e-01
-4.513919646935979912e-01
1.548239865830018658e-01
-3.561666468451244599e-02
-3.562702607125736165e-01
2.039825852507845191e-02
2.043906297389695703e-01
-3.761657100692733513e-02
-3.463211468563021783e-02
-2.714151701639334058e-01
4.395241176829719487e-01
-1.138279714580154311e-01
-2.036096849175813017e-01
4.918690447038319702e-01
1.521962673662740073e-01
-7.491715846070209905e-02
-1.355315462680629079e-01
-3.169833048960464250e-01
-3.047706634207559273e-01
6.358543410228718606e-01
1.840011336018835264e-01
3.280119173611186767e-01
1.000154804015936927e-01
-5.026484683519052976e-02
1.571507361122288504e-01
2.645052528405567038e-01
-2.354630953551145600e-01
-2.204321535339791860e-01
-3.658964271571835819e-02
1.462292324005216027e-01
3.210821761505512906e-01
1.225933972617163220e-01
-2.338158957782736080e-01
-3.362188365342139718e-01
-2.312367761505070285e-01
1.429987961875789013e-02
-1.540009167835313386e-01
2.333092598172503349e-02
2.869943432330008259e-01
-8.357666253274705082e-02
2.016036506793666416e-01
5.517182974223628911e-01
-1.891028669113263005e-01
-5.991530992546221235e-01
7.568955394112356072e-03
5.853343009563779509e-01
5.055027446536239921e-01
7.118768107330356587e-01
4.878576864722172779e-01
-4.105649421503252405e-01
-7.164439837146775458e-01
-8.821784685747659227e-02
2.070781910016098459e-01
9.595976169062851377e-03
-9.716122464322859975e-02
4.256257293799081132e-01
4.998424946640440125e-01
-3.047125271482847841e-01
-6.555952447500582037e-02
-1.024639659184974350e-01
-3.590924627713506373e-02
5.035306204336807007e-02
-4.084947467444813851e-01
3.294561591487373264e-01
9.135914628437631635e-02
-2.421930053268028793e-01
4.467452597878034393e-01
-1.929194735755476453e-01
3.528414515154628533e-02
-1.875566767816377323e-01
-4.739939578514802965e-01
-6.038436153048535107e-03
2.620363588751289941e-01
3.654673730166895229e-01
-3.490917533819175578e-01
2.426164792368192547e-01
2.147900571598043706e-01
-5.805096725630813914e-01
1.493344057033249017e-01
5.553233566477894234e-01
4.296667569774412221e-01
-4.022873819252363869e-01
-4.996895237605599727e-01
3.587841980879593606e-01
-4.634722639897279062e-01
4.115000223393974199e-01
-2.385983353055422078e-03
5.278954687057356709e-01
1.464818800357006179e-01
-4.284654545904781897e-01
-2.041061543679735524e-02
-4.548420174999129317e-01
2.267646451933308938e-01
-3.642294785629222598e-01
-3.599056372405512461e-01
1.478949244835625274e-02
-3.484133639995196791e-02
1.520490535810092303e-01
3.068958806514667792e-01
2.292641127995912464e-01
1.410173256291257504e-01
5.941059059295907829e-01
-1.937106524762040316e-01
-8.715725333158365340e-02
-1.265411697136425428e-01
-7.373638930475435484e-03
2.553063345069597201e-01
6.606315645840563078e-02
3.370899986861179976e-01
-2.911591617272781818e-01
-5.168875063735897668e-02
2.622361605446018595e-01
-4.813667150758169089e-01
7.993180861807971938e-02
-2.957762788561494882e-01
-7.511505236455850998e-02
-3.170613200548994537e-01
-1.988962355584261710e-01
-1.430356204801835340e-01
5.368939601021029129e-02
2.934507380869680326e-01
6.023244134486964718e-01
-3.998578995133938996e-01
-1.369752487426817433e-01
-1.053789455227619881e-01
-3.863471246219413874e-02
-1.475182693902945819e-01
-4.061079489955315980e-01
4.002051258210120310e-01
1.042432081815306416e-01
-1.221906182491005188e-01
2.189804762508216762e-01
-9.692107361342998384e-02
1.104925126109319033e-01
3.048207884602753270e-01
-7.936002064102856690e-02
9.558425742936126068e-02
1.623348592111942268e-01
5.693577042257154108e-01
-3.783097003666570091e-01
2.404606879074182579e-01
4.042105336041910135e-01
1.897594960575771650e-01
2.207902318279572340e-01
3.788990452350726734e-01
1.689043201964950947e-01
-3.299172153798840545e-01
-3.429183000029785156e-01
6.993301752487252054e-01
1.250278672370066235e-01
3.069940428582645930e-01
-5.150289852361467080e-02
-2.673584864548460005e-01
2.438348561042717466e-01
3.113714163244532193e-02
1.130159610609120929e-02
1.568169149098632698e-01
6.351336393097226606e-03
-1.370996831679665295e-01
4.232079073429191318e-01
-2.126536957242429193e-01
-4.853305199196085717e-01
4.250384619132533959e-01
-1.177014117710082491e-01
7.808156929129148049e-02
-2.654860811763647827e-02
6.701487715464841122e-01
6.178273454810822019e-01
5.183140627576235948e-01
-1.467793898226344429e-01
3.246254954728062803e-01
2.202241137726545367e-02
-8.204362700416664711e-02
-2.600849194380238094e-01
-3.184428017833978442e-01
7.099426374209148738e-02
-5.899619693044783064e-01
2.090283174868095423e-02
-3.943779628330274512e-01
-1.772060379272697717e-01
1.474241158633244897e-01
3.019821625541242449e-01
2.029052875907084719e-01
4.093138837413307085e-01
9.175137892242188342e-02
7.942754169083840465e-02
-3.045716694183743800e-01
1.765733458526748678e-01
-3.118980236566334385e-01
-5.207847807915623184e-01
-4.564357435847378186e-01
-2.689330539878514448e-01
-3.140985057122948065e-01
1.500455926315327759e-01
-1.877606050604495661e-02
-7.265140121102216242e-02
-1.412096672180822299e-02
-3.314171994210009520e-01
-8.674156550371941998e-02
-4.535062784452124907e-02
1.934798641435047928e-01
-3.799613558059682372e-01
2.147958833409275292e-01
-5.710632567630362644e-01
2.533029068568661002e-02
-3.834704587304051393e-01
1.472061317929637334e-02
4.185628965898507414e-01
-1.734133800307335604e-01
8.392128334076293106e-02
-8.732279823740281277e-02
-5.379633908060168501e-01
4.484063004994807700e-01
2.145494271717628409e-01
1.575530728122771229e-01
-4.914307085945104209e-02
-1.297830007911865945e-02
-3.959295140113956446e-01
3.904804817074339907e-01
-5.109524792026356454e-01
4.791388875840510986e-01
1.321161119763916703e-01
2.912381244085503890e-02
1.462924501090418772e-01
-1.688528265091376879e-01
-6.526813373226216797e-01
2.108341476375725776e-01
-2.308744659899439888e-01
-5.371362469147614171e-02
2.422643162354044533e-01
-2.218955988684083169e-01
-9.668394792178128250e-02
-8.387634171009945849e-02
2.609750398834419505e-01
1.378936448934460490e-01
1.751638479850740615e-01
-1.895029954736817124e-01
3.011745482588946143e-01
3.982338083884169322e-01
4.730077959565635870e-02
-3.726740182671980373e-01
4.418298795396086859e-02
-4.933055928575507121e-01
-5.362257219625495702e-02
4.140099876431362347e-01
-4.887839134567670274e-01
8.755847056236185089e-02
-2.000659106405597992e-02
3.766599288560595893e-01
2.637436753938279810e-01
1.586943206501158499e-01
-4.594159327032868445e-01
2.078754457276551781e-01
6.706052267562355451e-02
-2.681441535473726434e-01
9.302103333305093702e-02
3.488228530925684134e-02
9.348128568348716000e-03
-9.687402989520019214e-02
1.601390830600097834e-02
5.654486518436527276e-02
-2.274056801386925564e-02
1.793241549073770758e-01
1.843514135417950173e-01
-1.934269143133137137e-01
4.786334522357662546e-01
-4.873983205210867253e-01
1.067043975331476574e-01
1.079216910679261787e-01
-7.035206774290898857e-02
-2.525789809144338149e-02
3.713709134442193527e-01
-2.377818550818653065e-01
-7.891606034616649445e-02
2.255632192715696926e-01
-1.895912184594704050e-02
-1.404054956482647665e-01
-2.487488211979319019e-01
-4.534658333246970319e-01
8.806256266501719110e-02
-5.524834319966550611e-01
4.718993313275149926e-01
-1.347807206006487457e-01
-3.773677152535223067e-01
-6.138091006112209036e-02
-5.366071257950890683e-01
-4.211640067832445045e-01
-3.259367671527371169e-01
-1.853039016810449913e-01
2.479236770358908548e-01
-4.190003185578823619e-02
-1.144122258469847386e-01
2.954197712657739006e-01
3.401062090292453766e-01
6.329795436567106637e-02
3.802086843401961680e-01
1.925597241094416379e-03
-1.205163574471155297e-01
-3.937536112641615293e-01
-3.986211152426479831e-01
2.093296277820425599e-01
2.814276441090345360e-01
-2.530656916430876202e-02
1.445096272046516861e-01
5.151775628190324863e-01
1.357556095587779121e-01
1.568573963729592013e-01
-3.409629656161238809e-01
-3.601084566660168740e-01
-1.611205662141977635e-01
2.339582387581390088e-01
-1.651516255955334245e-01
3.104748576906879443e-01
1.381677246935955061e-01
-3.418074857850712800e-02
-3.951654084148877866e-01
6.078649866772095622e-02
-4.827354569458296440e-01
4.912315350431768479e-01
-2.746189393917579658e-01
8.013810074203144007e-02
-6.439541832611440919e-02
-4.840433410795390579e-01
2.608925660915069611e-01
3.204990823252520382e-01
4.737518865965942294e-01
3.057344246470489746e-01
5.849682207294019110e-01
1.722142353191838740e-02
-5.491716733866391920e-01
1.118636219614780325e-01
1.930437751912223165e-01
7.035259320492357471e-01
7.392446272363731308e-02
-2.183582430960785414e-01
-4.529207406138434644e-01
-8.337833339298743318e-02
4.777423555350283901e-02
-3.001678184400599081e-01
-1.105681896914084417e-01
2.249492391451120010e-01
-4.112599878334133319e-01
4.113871977240968203e-02
4.255747501910378539e-02
-1.871376798287474885e-01
9.001867561664746165e-02
-2.590575392085047723e-01
3.459463083345686307e-01
6.270504542380961333e-02
-1.531886052343323645e-01
-2.619576400980165309e-01
2.762253273554262645e-01
8.198030049857610302e-02
2.113502443603395009e-01
4.242625136559922128e-01
-2.557046680584023068e-01
9.649142952934780526e-02
-2.337241027269756910e-01
-3.864205478831475027e-01
-2.820388337605481480e-02
5.961670713156503876e-01
-1.466184637953825143e-01
-3.831474546469310072e-02
-1.074882428972711579e-01
3.349538929700406342e-01
1.662426930000374670e-01
-3.839050446095099156e-02
-8.681892902771741471e-02
-3.987794689262316172e-01
-1.910918414195297149e-02
-9.954143511753418827e-02
5.676292690270627883e-01
1.316514229760194776e-01
3.315135015812797903e-02
1.089413106907028417e-01
-7.665226906668164142e-02
-4.874393821802444626e-02
-4.426588174824511723e-01
-4.349176067823011527e-02
-4.844563635394343315e-01
-7.343497956538933003e-02
5.341051518496031658e-01
3.443831482246560438e-01
-2.637758032886398651e-01
2.256772438806398454e-02
4.791490732103290684e-01
2.305286694740924791e-01
4.229371265487513742e-01
-2.301362961621759157e-02
3.223055727586089381e-01
4.031753103737920063e-01
-2.996988911477216355e-01
1.595244787535279318e-01
-4.036408041862732388e-01
1.627783880510348946e-01
-1.054585393367267199e-01
-4.687807298945347728e-02
5.075883510858881370e-02
-4.056906536018711762e-01
2.362381049527338961e-01
2.017639634989035202e-01
-1.740064346017713426e-01
1.278199253882288458e-02
4.055248034420119545e-03
-2.654295144448306498e-01
1.477295683278323848e-02
9.202098173796725844e-02
4.131812680226465417e-01
1.043522615362841577e-01
1.017538654818573446e-01
2.910057359737457938e-01
4.002060373376135627e-01
2.032665966974268879e-01
-1.167097979450278517e-01
8.586798019892137590e-02
-2.473758002722486193e-01
1.528143847583107451e-01
-2.758638196844608037e-02
4.346591502824990738e-01
-5.577682112650493851e-01
2.622474763002790032e-01
-3.803241112339035834e-01
-1.571971707072939151e-01
2.523486965314558073e-01
-6.009804715786094820e-02
-1.755686729319517192e-01
9.470462610919946900e-02
2.039085197188106602e-01
2.883133274423823056e-01
-3.606942264284394573e-01
7.969847570098112510e-02
-8.600184921088505074e-01
-1.085590026767911248e-01
2.444625498569359401e-01
1.840705602566369559e-01
-6.676558624172232448e-02
-1.678291339004156224e-01
4.291868164551587705e-01
2.424257756244458384e-01
3.713189154294324057e-01
-5.157819838313700833e-01
-3.916641966363940686e-01
1.756943532205433867e-01
-2.019458111201687389e-01
-1.158425146472313039e-01
-2.825162516301810145e-01
-3.543939735442737660e-01
-1.553225589565206954e-01
-3.311626087345171943e-01
-1.329337553189056109e-01
-7.448955568685219908e-02
3.530947440314489150e-01
-4.385543713272736094e-02
2.974146951784620851e-01
2.441739252846270580e-01
-1.038129006116174924e-01
1.964622671236719575e-02
5.576120230587779947e-01
-9.188425886944870391e-02
-8.652356744857173099e-02
5.317167870559089127e-02
-3.320997068000494101e-01
5.769703686328538916e-01
-9.932395645295521991e-03
-6.549435671792070979e-01
-1.892407763710741292e-02
8.843486207977460656e-02
1.134380699649562146e-01
8.015967687746380910e-02
2.360768973922978686e-01
-9.730031666846439276e-03
-1.317147578862950807e-01
3.093349787941490070e-01
3.437563328748355906e-01
-2.116967708940326043e-01
2.842123474333890232e-01
5.304688876313932155e-01
1.274931179821388039e-01
1.223539535649860871e-01
-3.300529486420600289e-02
1.034656806398194795e-01
-3.288337069450954220e-02
7.575854043467954158e-02
1.031743034339182852e-01
2.982873225973117770e-01
-1.156592285666620812e-01
8.267320425894600366e-02
4.094865513757302566e-01
-2.968201861763100080e-01
3.495684943579842052e-01
5.868494196605815449e-02
-1.885134183364055305e-01
1.793020531529794515e-02
3.746210821463651919e-01
-6.106743538440460028e-01
4.213507081381926422e-01
-3.683735156103575270e-01
2.344252398381697911e-02
3.162842972839329803e-01
-3.418758774036269044e-01
-2.294318141236444397e-01
3.618705139018748018e-01
-2.761095098200171405e-01
5.863317963658000176e-01
3.483029993819483638e-01
2.259077703180865648e-01
-1.703191031615227113e-01
-1.643902822100350436e-01
2.275391804597729217e-01
2.181486071220563316e-02
2.775574555570908819e-02
-4.181563399824658050e-02
6.876673179509154021e-01
-1.636549882513907150e-01
1.390680333093786969e-01
2.371664915863395673e-01
-2.608319535727548488e-01
1.429819757297411675e-01
-9.945777782265621814e-02
3.630996682972984502e-01
-1.314556244267573448e-01
-3.824401141007623961e-01
-1.278618479670647068e-01
1.863463067875017684e-02
-8.656253063959856719e-02
-1.633432349327613164e-01
1.548962256987310437e-01
-2.420871235391671150e-01
7.612860840893380908e-03
4.524897947971043277e-02
-8.515565404869915311e-02
-2.947900440434246816e-01
-1.178024830294336217e-01
-3.429289156876209610e-01
-3.468843314891317253e-01
-2.205465458366872578e-01
-7.779572341009006742e-01
-6.130982541749702835e-02
-8.301040958967297045e-02
4.195143649881414305e-01
-6.979782774754392065e-03
-1.872018694024114582e-01
1.460179539200433252e-01
5.013444899909508257e-02
3.342251440149262565e-01
2.573480725872520081e-01
3.043589803912437330e-02
3.223631578626303673e-01
6.513780372000398389e-01
-3.161615479481251489e-02
1.639578807006221439e-01
4.047483050724592912e-01
2.005794440581618043e-01
-9.685422230447831779e-03
-3.937767267272833105e-01
-3.763375091959445529e-01
3.293819113773895357e-01
3.226740778251999675e-01
-3.497011155380245206e-01
-1.570354259058323598e-01
-2.474359558397143388e-01
2.030286357156768917e-01
-2.442935748028835230e-01
-6.397273554574255117e-02
6.099657003305469782e-02
1.677048623872108568e-01
7.271925991495303832e-02
9.165499930170470377e-02
1.015919371462009335e-01
-1.566543414392788658e-01
-4.654793783058003287e-01
-2.056313141561084412e-01
-3.496150943310148418e-01
-1.283904677211918921e-01
3.439033529092774821e-01
2.134764606882097737e-01
-4.763434171781158466e-02
-2.329588770933424813e-01
-1.895161889131631860e-01
1.537662149544786472e-01
-6.364879840917523346e-01
-6.961475074978092925e-01
1.183279816287565456e-01
-1.925788642126811667e-01
3.140815041227426607e-01
-7.237199929075636140e-01
5.614432536559417208e-01
-7.199442168376878060e-02
6.737039419857118183e-01
-4.267821434521092971e-01
1.484783331906469606e-01
-2.960587395466618421e-01
8.770336882576118542e-02
-4.265373111296152375e-01
1.340096288275647307e-01
6.665983713763097562e-02
-8.824560773552561632e-02
-7.224265933389466543e-01
-1.085764300562615803e-01
5.671169660861028472e-01
-2.736630689256046578e-01
3.144649421145796486e-01
8.371284648632122682e-02
1.183134397139847319e-02
-1.134836000640754017e-01
6.573941832762453252e-02
2.877344679858265253e-01
-5.212786193127831869e-01
4.813698674636023300e-01
2.078855484882631555e-02
-7.894173263200921983e-03
-1.649675334247399650e-02
1.062533458442755929e-01
1.604955030839458341e-01
-2.691227986039395059e-01
2.083638081554201882e-01
2.104111729950901566e-01
5.957859428698593085e-01
1.034069847520013991e-01
-1.395655783050881241e-02
-4.838342663441685260e-02
5.760034456319973462e-01
3.759504422251922495e-01
-3.647962904028750342e-01
-3.721588945445949981e-01
1.196227260286040622e-01
4.051719063849016367e-01
1.616049720875484819e-01
-7.319640151109244597e-01
9.622427250062941251e-02
6.385578534528210670e-02
3.113517344588612179e-01
8.844562082826196159e-02
2.142932392224802529e-01
-1.554883351519671664e-01
-2.904584737443478559e-01
6.103530942460138053e-01
-3.897831411128327983e-01
-4.267739126620023193e-01
-1.536636823930539499e-02
2.219393719116151131e-01
-1.011450180179218616e-01
-3.042688229505757791e-01
-2.785512167368279224e-01
-2.210055385004645878e-02
-1.293698282306574021e-01
-2.130585116035510831e-02
5.466328265818137799e-03
4.429859951857167966e-01
9.328660973274602308e-02
-8.925962029335383907e-03
-3.411381760184151180e-01
3.173591194089740997e-01
1.366118986220479226e-01
2.860795725694463831e-01
-5.251556093291142036e-01
6.276944634025571207e-03
8.388327611539554696e-02
1.540751581065737397e-01
1.468294694786394516e-01
-4.343331078323136030e-01
-4.146854877952085294e-01
2.471014066217790128e-01
-4.334583420459570124e-01
-1.450202922317224592e-02
-4.127248575487038051e-01
-1.555655162214304166e-01
3.954016828537784134e-01
-1.084496645336826270e-01
-2.174285998784360185e-01
-4.101172312947959364e-01
1.433904074479991908e-01
-4.786500849457903106e-02
-7.508828675340163683e-02
-2.223214359360638492e-01
1.758143720544412814e-01
-3.627382504983168998e-02
-2.485442377304569184e-01
-2.016949836612083602e-01
5.420096808773712249e-01
1.884173783773901156e-01
2.565790223036381046e-01
-8.202374188634109498e-02
-3.782134544517732344e-01
2.313553986235294957e-01
1.169358305556997685e-01
-9.199760229844257398e-02
1.922679554248911682e-01
-7.388098562754824572e-02
1.484999253550700338e-01
-2.745701649150686374e-02
3.885507950679512601e-01
-1.486141929722841273e-02
-2.250550206673836429e-01
-2.229626897908516814e-01
4.130515330921693540e-01
-5.745236798662108901e-01
7.280714725754832140e-01
-1.036765132363916680e-01
3.060681343528566696e-03
-2.622379606859129852e-01
6.035714659748906419e-01
-1.263240866167380204e-02
-2.271594393687846880e-01
1.189027377004904240e-01
-5.158039848246079861e-01
3.095273609125469561e-01
3.050709596858283135e-01
-4.942526195951861823e-01
4.177710934722363989e-01
5.144832222953404921e-01
1.178157003052532209e-01
-4.392366159231627099e-01
9.579673875884542333e-02
2.704185878086985406e-01
2.200572800953201902e-01
5.328929419534884637e-01
3.178678538976011797e-02
1.769429648513405062e-01
-2.072099870868904237e-01
-1.816487791932294704e-01
-8.333715848519872640e-03
-2.011382381782238216e-01
2.766157811535002731e-01
4.323249251390637315e-01
1.233756819767507437e-02
-1.050785209975154399e-01
7.567776512683772189e-03
2.682622716600480128e-02
-7.146406025413511165e-02
1.123489116291340045e-01
4.860309220636275240e-01
6.968873259571752854e-01
3.479207754592377189e-01
-3.700741865398407549e-01
1.158533373254871934e-01
1.884594573786578797e-01
1.247578743394027884e-01
-8.318876733917697497e-02
2.248140759091687424e-01
5.754147133266736269e-02
9.567791532883532235e-02
-1.926178860320836572e-01
4.291929688247980712e-01
8.024400070625464787e-02
4.772258372902521972e-01
4.727230801248800962e-02
-6.864910139219917995e-02
-1.402431822797794159e-01
-2.635594614640064393e-01
4.802590513442044906e-01
9.697296469232083438e-02
2.303589537503850371e-01
-8.766287710476203254e-02
-2.473106999248888271e-01
-4.003255999581983166e-02
2.713017108059070370e-01
-2.607562383809589046e-01
-1.932539903488792454e-01
-5.803752587917626604e-02
1.419734790083819753e-01
2.065381643008093182e-01
-9.719063505585558149e-02
2.500008375951555673e-01
-3.476522664839318821e-01
-4.304644737675772936e-01
-1.387459792320417384e-01
-2.254906895499449171e-02
-2.652913723782524547e-01
-2.344193677836090561e-01
3.642267068060504598e-01
-5.538438362452035024e-01
4.682152934062605021e-01
1.992840866350613360e-02
-6.084721899021099389e-01
1.459691341920859309e-01
1.270911453812513525e-01
-3.520880076329854225e-01
-7.705933094766567737e-02
3.940855699966683279e-02
9.338269223960946053e-02
5.808276431658324634e-01
-4.079169977839396388e-01
-4.472225425986151581e-01
-2.953812658067606067e-01
2.724427196458785172e-01
8.315061938943579811e-02
-1.117091965814494131e-01
6.004044970956043392e-02
-2.506607377005609649e-01
1.544714774557427450e-01
1.281129941522150817e-01
-5.240396701453970962e-01
-2.433783368383505286e-01
-2.563154078603299135e-01
-1.556944513537492913e-01
4.274226196944723166e-01
1.377950731998459355e-01
-2.080867566999840546e-01
-4.213304152917269896e-01
8.864942756289181935e-02
3.194269204616750346e-01
-2.126993329834377666e-01
1.519490413566002562e-01
-8.845813845466267422e-02
-5.694438561281059408e-02
2.778328765494774699e-01
2.215721510127875993e-01
4.548426031607202477e-03
1.517702672468044245e-01
-1.327382410740547414e-01
-4.069909397924490468e-01
-1.937368320868826377e-01
4.574744698225380879e-01
-1.671478572376641769e-01
1.413158572172227567e-01
2.185295504082037099e-01
9.928188992167855109e-02
9.567597434420813118e-02
-7.570688581769252634e-02
3.074744901698622801e-01
-3.396604621600750606e-01
3.688097538206595027e-01
2.442711719596249997e-01
-7.949942799506978797e-02
1.698950702749491698e-02
1.733095534363288670e-01
-6.729410160893900539e-02
3.426316347573816756e-01
4.861495994378289831e-01
2.980109299135760836e-01
-6.371875188458230033e-02
-2.690540066320657592e-02
-1.161283462541951028e-01
-2.186522254680048696e-02
-1.735319844322314453e-01
-4.633163153848686155e-01
7.833924708515918600e-02
1.876625269863025358e-01
-1.089574783911273492e-01
-1.507929283085616690e-01
1.683569748878336048e-01
4.861411060471193535e-01
4.655299763903867488e-02
2.160151090778980876e-01
-1.864053686640086138e-01
1.313734186663064740e-01
-5.376040852916314644e-02
-7.353285368088371618e-03
-8.842274334276481462e-02
-5.103726721161085944e-01
4.470990126657178876e-01
-4.393614059743477518e-01
4.186316148951931826e-01
7.424778314921910705e-02
-1.795135915770866564e-01
1.510554430568765982e-01
-2.155042414259471795e-01
-2.722327489743971152e-03
3.200143213408425114e-01
3.408977645171791249e-01
-5.542084722927090312e-02
7.687018778753909598e-02
3.402826758131934359e-01
1.132037108609262877e-01
2.814078387487806143e-01
-2.680505195235590721e-01
-3.278481054439233988e-01
-1.026571169445285175e-01
-2.674019771275504831e-01
6.494878048150025396e-02
1.266025603293285118e-01
1.480450241913298659e-01
3.781585373142719309e-02
3.716842833854989703e-01
6.720661284728735030e-01
-4.449743943598574170e-01
-3.520284327186030127e-01
-3.089772715899857247e-01
-2.318275036371247322e-01
-2.605441822436354582e-01
-2.697457583077635945e-01
-5.217707373023596634e-02
9.782584106125215284e-02
-9.054556374986300060e-02
-2.263145600077456354e-01
6.315577817886156020e-02
-3.406885493598458270e-01
2.223802427315534069e-01
5.461045315538468614e-01
-2.498993805050427897e-01
-3.350143497960018646e-01
3.040167836928430178e-01
-2.849407468729470150e-01
4.007829606763138597e-02
-1.263366329267837096e-01
5.731261087154151945e-02
-1.033611178582387324e-01
4.207227648805962894e-01
4.846521278907906655e-02
1.161955888944093407e-01
1.127911106363955196e-01
-2.089994366752302990e-01
3.793990522826810041e-01
-1.664353255845135715e-01
1.733549698092755331e-01
1.645108242644073571e-01
-1.759826053586635297e-01
4.622975963970222812e-01
3.143828273155637731e-01
-1.618472158501927383e-01
1.455751558496827802e-01
4.968676023620307580e-01
-2.321326859511036456e-01
2.904662098507051482e-01
3.074095085794954496e-01
3.000532232726128845e-02
-4.283013811302677221e-01
-1.100689672250927675e-01
-3.380508921826237412e-01
1.308141175424374358e-01
-2.994724640645027303e-01
4.440820638309772583e-01
-2.126075725049770271e-01
-6.290082887006433199e-02
3.958545754382968851e-01
2.466106314453684889e-01
-5.626161758097826537e-02
-3.944836684045212039e-01
-2.775474126845882683e-01
2.530054399410148341e-02
-3.254697877271864881e-01
-2.667317435694116501e-01
-1.663928346647127188e-01
4.158543507919311155e-01
5.968523818330595532e-02
3.286885948590755890e-01
9.162929287195534234e-02
2.802113303264131320e-04
-4.730153475558758480e-02
2.588582618418437953e-01
1.780507264250796862e-01
-2.165145077518123573e-01
1.824275431364626721e-01
3.879063429731880452e-01
-7.210498385255190157e-02
2.298977320575011640e-02
1.994044683316824884e-01
-3.785784295094128948e-01
1.793518036782641989e-01
-2.744531082064000788e-02
-2.604850430426783880e-01
2.452616415956487272e-01
1.811187495056861829e-01
-9.229673779501219866e-02
-8.845526374254009117e-03
-4.708471794837133795e-02
-9.414348786135912084e-02
-1.035443760943143693e-02
2.137985593603555778e-01
4.598201741098473239e-01
-8.656490602215084762e-02
2.621071571171701975e-01
-1.160600908969057210e-01
-6.713827998713976786e-02
-2.030506021341754730e-01
-2.754029080957246522e-01
-9.259039435462962375e-02
5.615106609006997873e-01
1.159601615548252335e-02
9.791840778694305136e-02
-4.398860270697444452e-01
-5.760766631032258195e-02
-1.991165701940287025e-01
1.140433056127475439e-03
-1.827046049332894939e-01
3.349788787730089146e-01
5.176212505168219513e-01
6.777574831254106966e-03
-7.309146522281930736e-01
1.456302825770930398e-01
-2.370797123606815937e-01
1.207191989063050308e-01
3.121715688789223897e-01
-1.732785429062582150e-01
2.594586773879039021e-01
-8.549101257296481959e-02
1.429498455118410893e-02
1.273456943806784147e-01
1.327916335258653713e-01
-1.917563688797773169e-01
-2.665726328777213161e-01
7.106586972441979178e-02
2.661734694807669221e-01
-2.060706104936778638e-01
3.923608307622060420e-02
1.915104865877804985e-01
4.937910122517643052e-01
-3.596284186360806934e-01
-2.456425277114412109e-01
3.873133535588408893e-01
-3.319166412048267789e-01
2.200845929995855210e-01
-2.324697167953757304e-01
-4.944327788364892839e-01
-9.111457470103072331e-02
-1.041642093557673121e-01
-4.366145704391504734e-01
-5.500047087760148723e-02
6.395960550792366694e-01
-1.875891436388753275e-01
-2.954963487134234512e-01
8.189674137673770560e-02
1.326659091393976309e-01
-1.195426552851469593e-01
1.052154569191565275e-01
3.308726735924258366e-01
-1.925635767937034226e-01
-1.081729333213573979e-01
5.174390314545240788e-02
-1.144049377470547982e-02
-1.169112402054002520e-01
-3.510173776259319922e-01
4.160702400371285581e-01
3.668869090923290721e-02
2.254349029470998494e-02
2.089279804419026665e-01
-8.096209231804086803e-01
-2.952230414516860968e-01
6.612250047429422961e-02
-4.274394072833452851e-01
-1.021476027176986684e-02
2.074600407873534724e-01
1.484633488141622569e-02
4.315226222821296198e-01
-1.372002336132333578e-01
4.271622590740203340e-01
-4.808441399124616100e-01
1.086398778110355401e-01
8.646296643644257873e-02
1.400935425335047280e-01
2.478447474652034077e-01
-3.253186508476828553e-01
-9.951034134684050292e-02
1.564739491987280628e-01
-4.612235081495764666e-01
-3.966457418220407927e-02
2.490203057283393029e-01
-3.912777563283644788e-01
-4.096379080479102264e-01
1.375002809287177719e-01
1.678816401755510099e-02
2.989550073085474602e-01
-7.761351878565656004e-02
1.157042168600254106e-01
-4.143639183795074787e-01
1.267651533576851786e-01
-6.491083003560398079e-02
1.029870222884520375e-01
-3.478295884572505381e-01
-2.151383229260270258e-01
-7.733487190011641144e-02
-2.091204431677177178e-01
1.454432972030978988e-01
-4.390611305000668291e-02
1.416929123714361950e-02
2.900717866446406168e-01
5.644040977737929676e-01
1.140236494596836847e-01
-3.322328350554775711e-01
-2.626520645307269808e-01
-5.277826930166819031e-01
-4.884799691878809469e-01
-2.036437896849132290e-01
8.023942646533895051e-02
2.428454671522213837e-01
3.457960571882046086e-01
5.528608795239629836e-02
-3.418064500515253235e-01
-1.467655253594968290e-01
-2.688005611384498839e-02
-6.558423121439785897e-01
-3.095871853575434818e-01
6.628768434027085821e-01
1.404072004894570957e-01
2.652207718372437961e-01
1.555822982546178068e-01
-1.845573697265713922e-02
1.488200620533065566e-01
-3.606595031535003715e-01
-9.974573055740876271e-02
-9.615965395231079738e-02
-1.614478489853960474e-01
-4.668397576299552765e-01
-3.367614337557514048e-01
-1.095024699533361234e-01
2.711702919089749031e-01
1.607152637073703261e-01
-2.270864522474521363e-01
-6.561555924626937264e-01
4.187835691571702990e-01
4.925280850117786519e-02
1.649992313550051048e-01
3.092490819887039333e-01
-1.686754331907865112e-02
-4.109884013192095509e-01
7.651285879044880667e-02
5.095005800542338203e-01
1.160119246716107833e-01
4.457198565606900198e-01
-2.890188694283613580e-01
2.124242968437721479e-01
-2.551337296923152365e-01
-7.406504114279581844e-03
-1.246329949028913975e-01
5.186890561142747103e-02
-1.759938044412900360e-01
5.064455443598023798e-01
2.860193880559294133e-01
-3.784486384459179176e-01
-1.814861946321698893e-01
3.600501002580415166e-01
7.398183167155386597e-01
-4.026200000784381783e-01
-2.471513106044946062e-01
-3.175134369226701447e-01
-3.247290661640009346e-01
-4.208629898677642700e-01
3.300494591115417098e-01
8.538099701576051803e-02
9.482958952529289831e-02
-2.280168101907901756e-01
-5.269265837108359080e-02
-4.785717620874484490e-01
2.333164378204087008e-01
-2.863530132069886935e-01
-4.483449154793547331e-01
-5.220768713135423567e-02
2.386587162514231530e-01
-1.045563532587741734e-01
-6.447472078442019472e-02
2.465583236876182638e-01
4.888664801889726075e-01
-3.559712163835079823e-02
-2.019592395838731291e-01
1.476751812193329294e-01
6.908161870432484586e-02
-3.203465143087030897e-01
2.550712613757828429e-01
-2.490030735508383108e-01
1.891813866632860094e-03
7.713905579669720902e-01
1.136686636648998883e-01
4.663949548996655994e-03
-4.056667465882135559e-01
-4.307113654653875745e-01
-5.052217430825634015e-01
-2.439816411315404721e-01
-6.524331410669974574e-01
1.319925246739124189e-02
3.095047676444366846e-01
5.980761096514634056e-01
5.108692589326437883e-01
1.396954290313142388e-01
3.056299222265473348e-01
9.985178446245121520e-02
-2.835055426065277162e-01
2.367871250638820535e-01
-2.717028541673706665e-01
-2.166425418701161676e-01
1.865195742709525040e-01
-4.232208243287185478e-01
-2.585917528967757867e-02
-3.476370324441298010e-01
-2.173760639098462066e-01
3.470168236118121308e-01
-1.163260850529419244e-01
-2.289804205487517286e-01
-7.672273626435559268e-02
-3.196289811172211004e-01
-1.346757241199367239e-01
2.324520193655453815e-01
6.752161705166410677e-01
1.634982992463785423e-01
6.154399247397234207e-01
1.494074336386962409e-01
-4.404888812988504987e-01
-7.077926474121800648e-01
2.752927261571006673e-02
1.754335348712518505e-01
1.513972160375020581e-01
-4.526621643900736736e-01
-3.390088873544095383e-01
1.270854268180438285e-01
-3.432996423724558877e-02
1.586395432806575467e-01
-1.443978339449019377e-01
-1.991119995415358834e-01
-1.424722841901948922e-01
4.198333864033717555e-01
9.235588237044367599e-02
1.610501350935006071e-01
8.691354717757113213e-02
-2.685668375449548062e-01
2.473212000961382551e-01
3.522420087021274071e-01
-1.175523408486995602e-01
-4.262533526403513573e-01
1.455569945261594444e-01
4.612791538898424748e-01
2.172241382587684067e-01
4.278236439870358176e-01
-2.006429838545931710e-01
-5.366645988655654315e-02
1.181751744436508947e-02
1.197473116613015504e-01
-2.398772566390811600e-01
4.181156148250572691e-01
-2.680974418900317763e-02
3.009800367588815195e-01
2.813613049206779571e-01
1.708864859737981579e-01
2.733448314809455715e-01
5.076673355014277300e-01
1.546293326211664043e-01
1.289008258879615620e-01
4.038574815539647256e-02
1.655103638377366723e-02
-1.201913882651881316e-01
-3.510593129393205780e-01
4.826503151814212078e-01
-3.740827302137528232e-01
-1.355252320028173529e-01
-8.644991903152562940e-02
-7.128380454271525390e-02
2.463160978055288497e-02
1.068379364473862336e-01
4.266638432297952255e-01
2.467646037648835999e-01
1.608718800720596587e-01
-2.899259597473833466e-02
1.455239308380839869e-01
-8.438890279547139883e-03
4.124952216031769758e-01
-3.089052049066720040e-01
-1.427302493007947537e-01
-3.077608336673488543e-01
-4.474066767225466368e-01
1.709844882164414104e-01
1.137421060157149250e-01
-2.786179025712289259e-01
1.806430404899045938e-01
-3.986009773435311154e-01
5.204261284425842904e-01
7.808029061068855192e-01
1.560890305217425555e-01
-6.230788849563247966e-01
-2.726980216171785987e-01
4.336423804972990709e-02
1.840458467819418298e-01
-1.549210111145823965e-01
1.525414459602929540e-01
4.325542573849557315e-01
-4.532983371615887935e-01
-1.009540589950894685e-01
-8.263433192093207202e-02
-5.249625050827280148e-01
-4.439875045815111498e-02
-1.989198798682662306e-01
4.748644592277385668e-01
-1.109707216780502770e-01
-5.895578197514326213e-01
4.305935806075443517e-02
-3.859838639079826716e-02
1.370799860038830753e-01
3.946394777747997545e-02
4.474774143802709991e-01
1.681860193384381585e-01
-7.230069555919986513e-02
1.089773982433182575e-01
-1.581704805819869608e-01
5.845774756799562016e-02
3.610806375536866897e-01
-1.314913679776920918e-01
-3.183062451861989328e-01
1.057521485690680052e-01
-5.894372711135451026e-02
-2.144330694610958321e-01
-2.594705243377682935e-01
-1.745169896949118338e-01
-1.441497694492809012e-01
1.500037547532745985e-01
-1.631466595634280953e-02
-1.055503942287918384e-01
2.084231915754077846e-01
-1.850488264534328742e-01
-2.093948095381297225e-01
8.812336789926066005e-02
4.194680260076787959e-01
-4.559065222273908091e-01
8.615401170725765778e-02
6.000859853687019463e-01
-1.174477798355672009e-01
-1.832576498357003925e-02
5.201139175978445328e-01
-5.515984342074924385e-01
2.219761759533572798e-01
1.304283771463366770e-01
-3.213801000407323638e-01
4.959716298300916870e-01
-9.223377578896135853e-02
-2.150927925639912752e-01
-3.347762790609415395e-01
-1.235580213129455762e-01
-4.737818399589556195e-01
-3.612503552732554413e-01
2.461582691839634962e-01
-1.291867214048643131e-01
8.590836779247383592e-02
-4.779924960148368429e-01
-1.854290782322957076e-01
3.991587748899163429e-02
2.452753459757520405e-01
5.625507555424333894e-01
-1.796198757006355895e-01
1.378269757446133267e-02
7.588432063574775122e-02
3.026177364380723267e-01
-2.916780643827727726e-01
3.597785627826476373e-01
3.331060709773556727e-01
-2.917098202289240549e-01
4.881584303494367894e-01
-1.288525385486981867e-01
2.508420004559853284e-03
1.735273291487007818e-01
-1.384618210355696433e-01
5.034607865071817345e-01
7.641242507988425803e-02
1.590926461102589451e-01
-7.252227700234527286e-02
2.068049446282701001e-02
-3.792025061277888853e-01
-5.352445278242249360e-01
-7.327498701476248266e-02
-6.102684116632127453e-02
-9.860652906605961443e-02
-1.391112831903408287e-01
4.839032859363504580e-01
8.110876588832527379e-02
-2.361464796485376882e-01
-1.349433370321845016e-01
-4.427382360763941760e-01
-3.803656241017240314e-01
-1.232148476078990390e-02
6.044354214264038294e-01
-4.804887346616925625e-01
-5.016734222179271008e-01
9.525080772574413823e-02
-5.860940069573129102e-02
-3.354624365967210364e-01
6.138407827466947631e-03
4.711127594735848856e-01
-9.208434873451039337e-02
-1.889317378547127335e-01
-2.839886965452085299e-01
-2.593691002801672418e-01
-7.137626657462112223e-02
3.805745533041590689e-01
1.637032499909581718e-01
-2.487780918354519644e-01
-4.296001927145164379e-01
-1.276061308138398964e-01
1.349175676310809813e-01
2.184462277143221776e-01
2.363002902811606465e-01
-2.687573717518134675e-01
-8.757912646517217181e-02
-1.989783818874553134e-01
-3.506975946694965707e-01
-3.944418732511071335e-01
-2.555277786167691190e-01
5.981267563978380775e-01
3.703536803033006253e-01
-1.678488063207254077e-01
2.687026156491253426e-01
-5.597161661293954121e-02
-1.126787042810848821e-01
3.237480625991299155e-01
-2.805565229175924213e-01
-2.295910638063584086e-01
5.313318152501244063e-01
1.451041526386640801e-01
-2.450869032841604747e-02
-3.278097434113660946e-01
2.624905986983345207e-01
1.586088294784285257e-01
-1.127842253985422705e-01
-3.020381339064617254e-01
5.218730177021102534e-01
-1.610760000340045739e-01
-1.895701245726552631e-01
3.033898516861044947e-01
-1.937308048661069426e-01
6.958634899738910112e-03
1.018371497066578868e-01
1.764928116193668628e-01
-1.147501221928196903e-02
1.500972377971536709e-01
-9.815838649495743640e-02
1.372601955138696150e-01
1.083343600585597311e-01
2.704396184758597332e-01
-1.717281291339107785e-01
-5.175105325404220080e-01
-2.603855383331443729e-01
2.665314839761381283e-01
2.684468209041116979e-02
-5.529347033125299182e-01
8.098089665940293169e-02
-1.919401707720626016e-01
-2.488109638847025573e-01
-8.279651908743386468e-02
3.473943941079460362e-01
2.039597442928925974e-01
-6.967024075087571711e-02
1.159785498452503838e-01
-1.848678794224959954e-01
-2.462614849758192059e-01
-1.603714749946279772e-01
-4.864088684326443035e-01
-2.776490490528253363e-01
-1.520452248161684172e-01
-2.496740425307173716e-01
7.791164190308308424e-02
-7.483208859630022247e-02
2.431634837447214578e-02
4.451582712834102895e-01
-1.080514045689840164e-01
1.339651415001185952e-01
-2.713435688083877528e-02
-1.711529308752339773e-01
2.050555444351040424e-01
1.600963007776175506e-01
-3.423562635043836400e-01
-1.333767911994054312e-01
9.730879834931371875e-02
3.091734416270146626e-02
2.061113964367844165e-01
4.006476730685064602e-01
1.553666754201821765e-01
-3.008363724315900045e-01
-4.454211218255039184e-01
-2.019164989245955666e-01
-1.892254173124958971e-01
-3.056292191804029224e-01
-9.358009715231307979e-02
2.019379456924323413e-01
-1.085442829503152073e-01
2.300520952568801958e-01
1.553703299986485264e-01
-2.421222177023483746e-01
1.219870847841446893e-01
4.635652582666500154e-01
6.986248471131450977e-01
-2.944664540338265413e-01
5.889482456141650335e-01
-5.501626360178966113e-01
3.885514058853637986e-01
-5.213946275292518084e-01
-3.101511559015265318e-01
1.705146061998750323e-02
8.993818203196408956e-02
-1.166054987179150626e-01
-5.115835623400060567e-02
1.834375995270922932e-01
2.792734038653728046e-01
-3.897225156892823450e-01
1.177781635112584990e-01
-3.430933804849420898e-01
-5.995313329471309988e-02
1.824137280787989715e-02
-2.386011991072831961e-01
3.402028701841842279e-02
3.226449175986663698e-01
-7.597748975961743367e-02
2.079108220354980996e-01
-1.648937956672453242e-01
-1.387504376871259160e-01
-3.393126595981575400e-01
1.542459889345806912e-01
-1.289659046819819632e-01
-2.961044018920953036e-01
1.454171918706973488e-01
1.117152693767911945e-02
6.109307923055782297e-01
4.997450817829036246e-02
1.820826881204071560e-02
3.665981500174285701e-01
-1.037978750702792108e-01
3.467066482461750310e-01
-5.019497069418290547e-01
-2.207875299393807778e-01
6.064844530688149327e-01
2.785989016045006261e-01
2.403839561726141549e-01
-3.364211849715612046e-02
1.204894828817637403e-01
-3.598260155613094979e-02
-9.078474108405466814e-02
1.909211751682915459e-01
3.631084769018272929e-01
-2.167774151541558003e-01
-3.097400726706236451e-01
4.014600130536471467e-01
-1.639796135729649496e-01
-1.577818437945237573e-01
5.348075425074899636e-01
3.936447677707404225e-01
6.028287240409119230e-01
-6.889584751891229819e-02
3.911584994870711540e-01
-3.798443507947844022e-01
-1.270552219899963031e-01
4.538193616939245612e-01
-3.753980140128518883e-01
2.672984687655480252e-01
-1.741868762281001681e-01
9.830341520713703485e-02
-1.305009015950684970e-01
4.903407430748575324e-01
4.551074034108459898e-01
9.012314237655269511e-02
-1.908699811696134077e-02
-1.548344682554714524e-01
1.441017770585124591e-01
-1.486743953950050157e-01
2.917399832032694373e-01
-4.344696127800139474e-01
-4.242826491125160082e-01
3.409309376731301522e-01
-1.934297693938151486e-01
8.796742179662821182e-02
-1.357779970071824327e-01
-2.648067081817482293e-01
1.376950211888974263e-01
8.388677380349360280e-02
3.088322289543224963e-01
3.061943154537549727e-01
2.700899940425821252e-02
-3.558408863664838107e-01
-1.378267705001242072e-01
9.264675348004471067e-02
-1.299668373706187041e-01
5.077371498901349645e-01
2.970767770487581783e-01
5.284109491473737430e-01
-1.393314628166407443e-01
-9.440787198931023527e-02
-5.341258563363890932e-01
-7.792189162167971472e-02
9.893019964381075115e-02
-1.284287855904361897e-01
4.512715399632478697e-01
-1.716307996894997911e-01
-1.117530114752157966e-01
3.369774553806861306e-01
4.188526926462600164e-01
1.822883158385715241e-01
-2.930457728011862106e-01
2.243059998616598327e-01
5.789693802603095296e-01
-1.914760192957977447e-02
-8.736501168480445556e-02
-2.564326964921101806e-02
2.094099695016936602e-01
5.455806700579255430e-01
7.488306211478967800e-02
-3.267569680781030883e-02
4.484839457437127530e-01
9.108195668166767234e-02
4.381339527050447380e-01
1.446293589477666841e-01
2.735513786686852855e-01
-2.638706431342304759e-01
3.861078225816089171e-01
2.577449058313434072e-01
-2.336167095001458471e-01
3.405707147275109925e-01
2.067010052354767702e-01
-2.228934852639216924e-01
-3.991095723945868867e-01
1.573345877799496029e-01
-2.975062694530257179e-01
-1.772516258988287574e-01
-3.377461329484630903e-02
1.167177771524941232e-01
5.467815570646060441e-02
4.333619040843320613e-01
2.674463632334209140e-02
-1.094175997125872712e-01
1.869849246871070347e-01
1.883255519566573721e-01
-2.486482633019327371e-01
2.614706535712940094e-01
2.434792717816605390e-01
9.508548677897968315e-02
-2.044286500921809746e-01
1.867237206658461934e-01
-6.138560626775649842e-01
1.764667127838506211e-01
-2.569776635075515236e-01
5.932612543934035268e-03
-4.639271680915507678e-01
-1.527876965688821642e-01
1.195892924340590524e-01
2.266153193942318789e-01
-3.976047714818249368e-01
6.572417146586003733e-01
1.774712866015915602e-01
-2.250595304847299860e-02
-3.423005301699212355e-01
2.300043186731987876e-01
9.117459121787149789e-02
3.260328552322737106e-01
-2.907660046028627265e-01
-2.174734491690122427e-04
-5.176865583640372082e-02
-2.100859938897805396e-02
5.606975175894099994e-01
2.603971426911639853e-01
3.580541461354121990e-01
1.057957803883201320e-01
-5.957109575698132931e-02
-3.541736930648184956e-01
6.390219019186964278e-02
-1.428979324883274948e-01
-1.299702770990335265e-01
-3.370736786699712884e-01
1.446725591736988670e-01
-1.570278979938840858e-01
4.194632652610832402e-01
2.579514280593772635e-02
1.276147001695801808e-01
-5.902828649224734631e-02
5.956280138265729329e-02
-1.513054575596592954e-01
3.614692191010492883e-01
-4.943589177214653685e-02
-1.669231941748139658e-01
4.641466661985976794e-02
-2.917373046238314616e-01
-1.006496696692933263e-01
1.100384051353195392e-01
3.062645117528707273e-01
3.182862300979287795e-01
4.542733114301754360e-02
2.399526696195561620e-03
-9.918505146847338139e-02
-2.372946867829903717e-01
-1.555481443443814116e-01
-7.529506217247114441e-02
2.581034163943959903e-01
1.118448436582921562e-01
-3.338212305260487844e-02
-1.636002701844230522e-01
-5.679833367527716774e-05
-3.218370711370941439e-01
1.209881531969134449e-01
-2.491309888547776907e-01
-2.471645029972572571e-01
5.238588888194901927e-02
3.284901739587849923e-01
-4.507155637370462986e-01
3.068966603327980547e-01
-3.391978561067764408e-01
4.414461420099332623e-01
1.598276841862545511e-02
4.152551029776111458e-01
6.820372365889516841e-02
-6.524046888971329894e-01
4.838271923026019050e-01
2.281134215815174004e-02
-2.617106804779666951e-01
1.675017124147838155e-01
-1.807226303490798436e-01
4.954072252754562755e-02
-2.935648986376568903e-01
2.280373448330563248e-03
-1.602097710709524392e-01
-1.500007668256484739e-01
3.011250270389737582e-01
1.489691921585745704e-01
3.343974844271550839e-02
2.593980384844152970e-02
5.290634636729323326e-01
-1.246002752562505311e-01
-3.282680133354250462e-01
-1.140876851376528417e-01
-2.791675709218401358e-01
3.206981330951655385e-01
2.559610480103954866e-01
-2.417508069166215620e-02
-3.264079141349931351e-02
2.038597898125999452e-01
-2.375562168425799370e-01
-5.653772786337361023e-01
3.441767452596001808e-01
1.493500828879247844e-01
-1.251131090938863988e-01
3.181792731388136675e-01
3.524308336802574049e-01
1.895492478593450991e-01
-3.677092653987366726e-03
8.029246165628113607e-02
8.175878129978295106e-02
1.855262834043352460e-01
-3.636248451627981937e-01
-8.833901285973558282e-02
1.646371266076878670e-01
-5.203709492249626312e-01
8.784419347196013861e-02
5.037799672271838815e-03
7.190270617817556831e-02
5.908478726778647605e-01
5.688807150522013911e-01
7.717536031563369814e-02
3.872859690805880439e-01
-3.998985399756207482e-01
1.779094970175675861e-01
1.319695543051923985e-02
-2.798259988648140739e-01
1.472336268518980029e-01
1.535370515572167908e-02
-7.807730084792839642e-02
-1.796666427335081861e-01
-1.618330374227467949e-01
-2.410391266828960655e-01
8.170881138279326161e-02
-1.468931114451895725e-01
-4.850377624982968316e-02
2.805464281501959811e-01
5.895061082283596932e-01
-1.766377842368771212e-01
7.151458002388889623e-01
-2.760571924675517819e-01
1.463615082274417056e-01
-5.215076459949415932e-01
1.670112913259813314e-01
3.115434724228567376e-01
1.902590915415083572e-01
-1.892173843076483397e-01
-3.516776744805721888e-01
1.983884881952589496e-01
-1.392216137092868733e-01
-9.372624859085018634e-02
-2.544740074146119579e-01
3.136642491135963051e-02
-7.872857336082611512e-02
-1.197317552788979417e-01
-4.551124593801325058e-01
-3.184353228386198609e-01
-1.320554154330784158e-01
7.564392447803389152e-02
3.956212524865656555e-01
4.037848042413921812e-01
4.398014303709980033e-01
1.186689625083224425e-01
5.045846312668588185e-01
2.398266914285094031e-01
1.250370249041830029e-01
-2.277356870401585631e-01
-4.382337086042423779e-01
2.409259714828791976e-01
1.496873143427655539e-01
-5.464868622903313877e-01
-4.696023515553530286e-02
-2.037382194864125473e-01
-3.645565376510118138e-02
-1.771211294569832728e-01
2.336754563331587820e-01
-3.037577051839346690e-03
-2.233215431296328435e-01
4.854394736884488915e-02
-2.417225215861504017e-01
4.538471669671979014e-01
3.329436259848307378e-01
9.103296737818135365e-02
-2.940372372489978847e-01
1.500323826451900877e-01
-1.851559819890278291e-01
5.050188309844659551e-02
-3.157020928572707441e-01
4.987655585091627097e-01
2.140711280827226753e-02
2.600652853246472329e-01
1.961488495418438061e-01
6.052153968729612199e-01
-3.240785092678498680e-01
-5.793972207838662403e-01
2.837453090667552691e-01
-8.245618691437681669e-01
-4.348084695395731947e-01
1.121983152570629194e-01
-3.055101008517704386e-01
-3.407146031972060340e-01
1.735677641780117852e-01
-2.420438019250548134e-02
-1.620199083847123911e-01
1.171875405073951465e-01
3.379330791646679155e-01
-5.400120069052192218e-01
-5.086524528739420070e-01
-1.588270107921569974e-01
4.379456039963859904e-01
3.490151959996071196e-02
-2.726249212194714056e-01
3.223418882846083577e-01
-1.394398368466022997e-01
-1.450406481428847538e-01
-2.347013154004127800e-01
6.945608564100822502e-01
-6.971759973905669039e-01
-1.100676225870561020e-01
2.418561106496357471e-01
9.217710192609684938e-02
-4.654394431564327084e-01
6.503236269691715921e-02
-1.950382813075979549e-01
-1.042800854934284871e-01
-2.302913493037838932e-01
-4.245529159701708632e-01
-3.737585465082197134e-01
-3.571403636699361783e-01
-1.949109117265510061e-01
2.214077109728564696e-01
4.928314581833956876e-01
-4.470408929594336112e-01
4.380970290348600860e-01
3.779624679462578185e-01
-1.250465385946905317e-01
-2.180277019518778725e-01
-1.705820690970089870e-01
1.659510246320622384e-02
-6.236715030756478928e-01
-1.725619668710502153e-01
3.430064717250802531e-01
1.654667280615863822e-01
-3.410724943759451677e-01
-2.703780211667456412e-01
-7.840577697576529836e-02
-1.901093103179027355e-01
-4.186185631646189287e-01
5.464238537257595091e-02
-5.870689671765360051e-01
-6.880902189457899221e-02
-8.466102510111403467e-02
2.079074939758888269e-02
-7.980650228763334908e-02
-2.377436496538421484e-01
-1.280131026442313524e-01
-2.514391255987094009e-01
5.372741735144119513e-02
5.112942132173921989e-02
-2.856326087799976876e-01
1.148362503320314674e-03
-3.443758068034364055e-03
2.492659879668269740e-01
-1.058193241461315437e-01
2.682324842719556734e-01
3.357468616009882667e-01
-4.334293074269434110e-01
4.458203404798294356e-01
-2.021211253239909023e-01
4.487436952242419563e-01
1.783939398665032941e-02
1.532918729202777108e-01
5.025473733021182943e-01
-1.605227398826745144e-01
-6.947135470719489891e-02
-8.893672159419654943e-02
-2.554645966040176575e-01
-2.162407680301733359e-01
-2.428903839832334544e-02
2.811077874715005032e-01
-4.472135662071985429e-01
5.676112034412802987e-02
1.281387669520955008e-01
-2.329926017985353703e-01
7.818574093094887711e-02
-3.420251720755680402e-01
1.035008602015384180e-02
7.723954670607117989e-02
-1.394740910353153840e-01
-4.525327589484745561e-01
1.404749823300263656e-01
-6.072218332060021206e-02
1.575229048765662554e-01
-2.593572902897276489e-01
-9.700554781750048150e-02
5.918130753177079928e-01
1.063830312279361034e-01
6.168743895409326550e-01
3.076600692220685662e-01
3.238190908086883701e-01
-2.933922692481413241e-01
2.060283433253811691e-01
-1.166029596407185120e-01
-4.045161030020612003e-01
-7.515420494469313151e-02
-3.620987728774511388e-02
4.338386932260933082e-01
-1.361677193191650204e-01
-5.632833634806798662e-01
5.039848707572769371e-01
1.892606554350165504e-01
3.971228906638500644e-02
5.881378537383565863e-01
1.514306059133017635e-01
1.588723641847950008e-01
-1.227607946422579546e-02
5.954999860275298484e-01
4.139159464507563002e-01
-1.033828846630294035e-01
3.314687680286890203e-01
2.542073477802439530e-01
1.621911964030595954e-01
4.852764947370271087e-01
1.455821223653170904e-01
-1.437515208041560966e-01
2.450725380839600676e-01
-5.658794938348618575e-02
-3.944497434898830424e-02
-1.571097130296809641e-01
-2.456661155556284608e-03
-4.909580970927335253e-01
8.990970026259169356e-02
1.456322707175150000e-01
4.753414400826497799e-01
1.056160444565034939e-01
6.064357505792419833e-02
8.005583995434517597e-02
4.831290323355265370e-02
6.757288673048768290e-02
3.750449652210075535e-01
-6.104515845246520911e-01
-4.524701669470536647e-01
1.922534702993390632e-01
1.082287943674186542e-02
7.161000824127498054e-01
-2.099563780460761697e-01
1.822130943138522696e-01
-3.098931753785526544e-01
-3.704413426900433626e-01
2.089287327567921904e-01
3.291523279671601521e-01
1.879961996764910326e-01
-4.124492451922585068e-01
-6.605820383276714836e-01
2.784089748382632123e-01
1.213535204573663873e-01
4.495204483595890976e-01
1.690272635372828680e-01
5.303096464561195544e-01
-2.551889824110263327e-01
4.479583747793103310e-01
1.278190343011217922e-01
1.597876186452625025e-02
2.896790747636899255e-01
5.532344106545860063e-01
1.675532945597973666e-01
5.324473473039130766e-01
1.597674293829972336e-01
2.726600600526526974e-01
1.017129597407909203e-01
-4.293702572481294250e-02
2.753216644838417659e-01
8.848848293082001160e-02
-1.285784653215845119e-01
-3.255455888606369474e-01
-1.133560098661746812e-01
3.842567408179900501e-01
8.777936371562275464e-02
3.426992033452812975e-02
1.343650703093647036e-01
6.175000572314757186e-01
9.457803012534381215e-02
1.591618266801458209e-02
2.845876008147416036e-01
-3.805312725363255710e-01
-2.482986482605313572e-02
4.171748391742412521e-01
7.419290017597500453e-02
2.190876771153524305e-01
-2.104625864533962165e-01
-6.124412975874889142e-02
-1.513022488798975718e-01
3.144210997290035614e-01
-2.239706313947576188e-01
-9.768468761223761399e-02
3.907314746050442045e-01
3.484749866137829000e-02
-4.579421648150584501e-01
2.196730787445820010e-01
6.512610147001951511e-02
7.010443607620653328e-02
-1.210008910985901076e-01
2.078588938296609123e-01
3.152442528544910916e-01
3.297021154294397238e-01
4.126345272619147408e-01
-1.131819848099792081e-01
-2.871012383004302726e-01
3.732994618694663869e-01
3.603543188389481955e-01
-2.436198490561615471e-01
8.908767055399821611e-03
2.554279259946303782e-01
-1.159812770292902723e-01
2.051291108645225958e-01
-2.579474736221687992e-01
-3.978377834133958735e-01
-1.893826708440547180e-01
2.304174768076849844e-01
2.847425133026945665e-01
3.253621952944876772e-01
5.702328596540333638e-01
3.508702733717280337e-03
-3.040188239574054263e-01
-1.014164089793415102e-01
-1.636791132184970965e-01
3.963821476962369195e-01
-2.230845596472246783e-01
-1.844604322751359493e-01
2.594468257294291758e-01
-1.964023945126382731e-01
-2.015356975400405815e-01
-1.115448905395987067e-01
3.151848680554754090e-01
-2.915601154338074985e-01
-6.284153386173998990e-02
4.255909104376307539e-01
5.543403095327969349e-02
-3.295260283126071332e-01
-6.621159657524295916e-01
-4.837724386260404130e-01
3.470755817056127984e-02
4.114443987335379971e-01
2.431243063111650782e-01
1.584872202215968084e-01
1.812818586482285999e-01
-1.786342925601238363e-01
-2.135780608697534499e-01
-3.761955119596361863e-01
-4.371633626041288717e-02
-1.936791091445722035e-01
2.489727927740816027e-01
9.987982015688331994e-02
-2.525129331153208589e-01
-9.472104523850673197e-02
2.588424202390588458e-01
7.394646783817060420e-02
-2.205014101289743886e-02
5.840647745729098395e-01
-8.163004448660243773e-02
4.375093682367785508e-01
-2.376692460392182960e-01
-4.172516322039090952e-01
2.772384853259058923e-01
-2.278468645261484335e-02
-5.734647005770013989e-02
5.247298475638613180e-01
2.737929928085459097e-01
-3.780874542567811969e-01
-2.758483434585915495e-01
-9.411118916096102016e-02
2.887755050920173816e-01
-1.221078202880468422e-01
-1.720534904878750493e-01
2.257820561689728445e-01
1.326197708224289284e-01
-3.102625024767270978e-01
-9.956198347336926713e-02
-1.952394121410041539e-01
5.240853273118727396e-01
4.064597030278458423e-01
5.880623427930156688e-02
