-3.280929282267651126e-01
6.042775188196091163e-01
1.197147600084037394e-01
-8.510252273498433717e-02
3.113763673413905836e-02
-1.937250544067172994e-02
4.133687776827414395e-01
2.139984897266891395e-01
-4.913969868194379975e-01
1.161139893071231055e-01
-3.926380252336095222e-01
-3.238662593114818300e-01
1.932373931523292954e-01
-3.474969472674689364e-01
-3.024793081761369962e-01
-3.048528078753514614e-01
3.293999399968646768e-01
1.461857064993650757e-01
-5.142565495267654718e-01
3.925707456039081999e-01
2.899679201330528922e-01
-3.750188268172234551e-02
2.655257888840145686e-01
5.797259769933651441e-01
-7.899047761254563982e-01
-4.270292995424889715e-01
4.181519354108270692e-01
1.268647338433791516e-01
-3.941794660459269628e-01
-6.220194014004608585e-01
-1.624660698074893439e-01
-4.522331769624508002e-01
-3.769479567918896379e-01
-2.442135093450745198e-02
4.612485193702768882e-01
-4.163623137719509870e-01
-2.050383148805033917e-01
-1.410072104373236435e-01
-2.726310344911249128e-01
-3.051882389613871371e-01
3.373121024739521023e-01
-2.702310442474708529e-01
2.632915280583463802e-01
-2.658842139456560338e-01
-8.066595639193328005e-01
-3.217276222488768544e-01
-3.786222117969189616e-01
3.016919752411751920e-01
-2.135103026122122660e-01
6.501198086585015246e-02
9.058496402717189366e-02
-8.808211762604841732e-01
1.127667694199195256e-02
-3.006871993692609157e-01
-6.203892570145235208e-01
2.440500001458369428e-01
2.881553271728182208e-01
-1.052289082275213589e-01
5.088269684854687114e-01
-5.711800846141048549e-01
-4.648457963705434626e-01
-3.317235407569353312e-01
4.531050423179288633e-01
2.944109985038734778e-01
2.030271991049630576e-01
-5.011208488065264227e-02
1.215748250606497327e-01
-3.305240923428504063e-01
2.749845728867120198e-01
-6.002647710138956164e-03
-3.593038557060627691e-01
5.629750844813588007e-01
4.586933168710494169e-02
3.377414978867970263e-01
-5.400503999272123767e-01
5.715962155186646854e-01
5.006788014831485834e-01
-5.181668336559578369e-01
-8.564279491674184818e-04
-8.517330022777580556e-02
-2.864344497791121436e-01
5.442966481197585027e-02
4.796850340748590735e-01
-6.865332843000908625e-01
-7.258559176685897008e-01
-5.487349200809664707e-01
-3.688371602831774787e-01
2.606349744945697933e-01
4.267719477157274621e-01
-5.547399397430863299e-01
4.712104155052668775e-01
-3.247141214205663262e-01
-5.496562456630906673e-02
-2.793872447789692015e-01
3.675314457173642357e-01
-5.064447781135597015e-01
-2.136104821397908846e-02
-1.057569115028441087e-01
3.007688377310520078e-01
4.494235186582091202e-01
-4.937296747554397180e-01
-1.271359737167526982e-01
-3.114964558216142820e-01
-2.202641302248351807e-01
4.612846373309060777e-01
4.136893980150835315e-01
5.035209871155027495e-01
3.606585018544566229e-02
1.332718949631837846e-01
1.612737405426904469e-01
-7.085322008470840149e-02
5.545558994659818275e-01
-1.118778214926130846e-02
-2.930009384028134031e-02
4.317262560047014919e-01
-6.453217214569341165e-01
-3.604497518681987756e-01
4.978634709208256681e-01
-1.147656062210237193e-01
-6.464404535182094458e-02
-7.679101630262153977e-01
3.851220104067234334e-02
1.317630202084085333e-03
4.284410805659595589e-02
1.749338851301683317e-01
4.691279426824518928e-01
-9.483747696042396647e-02
4.220169062369024116e-01
3.399333345972710974e-01
4.776727417525023500e-01
1.442940800819215164e-01
2.069361760333943145e-01
-2.731249535614151958e-01
-5.134399756206758925e-01
-1.927492890181910501e-01
4.463044672392890710e-01
-6.456482009916118814e-02
3.259256197017639661e-02
3.059149590921521611e-01
-1.882406925017930943e-01
-3.399595643013734181e-01
-8.184250966056832999e-01
5.520043107429170592e-02
-7.880245988675621538e-01
4.714452861184856847e-01
-4.342517266866994796e-01
4.646572139402305734e-01
-4.631065890539512453e-01
1.561944436050146379e-01
-6.734235636971426242e-01
-5.938766094676460605e-02
6.244794493700214222e-01
1.952798252919548394e-01
1.203544456089577913e-01
1.964575746291761793e-01
-3.108917531410118618e-02
-1.249935811329775659e-01
-7.308631388243229388e-02
-1.792078069727171541e-01
-2.207169317014138488e-01
1.878928739570569495e-01
-1.101438142622951089e-01
-3.026355060116676099e-01
-8.940592835868123311e-02
2.956560884609413797e-01
-2.038329897046766703e-01
8.297427824643374139e-01
5.714709982190004922e-01
-6.485700806481801972e-02
-2.673467337321800974e-01
-2.916997745137460685e-01
6.005239485679201433e-02
6.085574343818912421e-03
3.674361495102623082e-02
3.895670002648834451e-01
-3.059440048190724681e-01
1.322996412602184535e-01
4.626678614770062259e-01
5.264214494654788634e-01
-9.421101038574457298e-02
-6.274448639932863614e-01
5.745827454050222299e-02
2.890092364989500506e-01
1.541557990316569371e-01
-7.395899702266899300e-01
-2.692440953112078955e-02
-1.683671723667019490e-02
3.298103594473617700e-02
1.841867920390869162e-01
-6.039178757332991365e-02
5.140034813857137230e-01
3.378911692745031892e-01
-3.188094369185981436e-01
-2.054012670152776387e-01
1.902912208113496095e-01
4.242795779442414261e-01
-1.108838764789516484e-01
9.260672042255281566e-02
1.561241610009474201e-01
4.796636514418334274e-02
-4.849663278746167983e-01
1.523337961876293778e-01
1.871461551306369542e-01
-6.353496040961841285e-01
-2.588726367270448997e-02
7.785535144035139743e-02
-2.725174630870999884e-02
2.692741125327258733e-01
3.785468802230780305e-01
-3.653743884502970718e-01
-1.723392673824136190e-01
1.451465242872717054e-01
-1.365510353049778913e-01
2.713926406711610895e-01
-4.951649948345703267e-01
-4.992418983507447283e-01
4.296791430148017010e-01
4.352755922431755242e-01
4.598572381785515084e-01
-9.953830662731637247e-03
6.167164514068961267e-01
4.571041253449172892e-01
-7.307769112257295196e-01
9.297616643616466447e-01
7.075180155443351326e-01
4.616805084347448684e-02
-2.750872075781130022e-01
-2.013578742764979834e-01
3.112200726156828523e-01
6.062969509961799730e-01
1.528770194234200241e-01
2.973281312541478649e-01
3.922223043545159937e-01
-1.154939143054336953e-01
1.634272981330076868e-01
1.213362325528907631e-01
-4.418598916337242999e-01
-3.429441768909566868e-01
5.407063055417599129e-01
-4.631735204025384522e-01
-1.613954625132518750e-01
-7.785630213022606827e-02
-1.936467042788758142e-01
9.040017313738016314e-02
2.410982542042877999e-02
-2.944111274149297519e-01
-6.388198561299107681e-01
2.698322790370179525e-01
2.941050048609495371e-01
-5.172818227083767484e-01
-3.276612444570725646e-01
6.093722571028753476e-01
-1.745404937651218735e-01
-4.830531515083694855e-02
3.335094510002531432e-01
5.562973659469151455e-01
-1.708920400941725815e-01
-2.223888201458458225e-01
7.135369628101284611e-02
-3.137022797089453752e-01
1.892134388153673408e-01
-2.476469100126268419e-01
-3.752731514928162038e-02
1.943991103825420674e-01
-1.446305428724297404e-01
-5.136387840208028743e-01
1.878856987018694830e-02
1.113713722882643115e-01
3.155593051469869903e-01
-3.060165061473043568e-01
-4.290387021399226786e-01
6.218168182941694599e-01
2.011658394626970603e-01
-9.694961447956282341e-02
-4.809788293944361644e-03
-2.078817043069712267e-01
2.204614681714573213e-02
-2.484151847225370968e-01
9.310949706724792191e-03
-4.617739190720184794e-01
-3.132759349354937578e-02
-2.783385914891677859e-01
-3.162881110859692146e-01
3.601434566481780397e-01
-2.251987385520406171e-01
5.978974126508422582e-02
-4.836876159485085092e-01
4.056923037827364076e-01
-3.403041766019843095e-01
-1.570998093363422110e-01
9.407628054123894079e-02
4.331330302840727953e-01
-2.146281009229459302e-01
-9.108568745332654149e-03
1.314222886910511312e-01
-4.606584023230547165e-01
1.255289732416947912e-01
4.669400526998203627e-01
-2.437974089550008494e-01
5.364257990477779847e-01
-6.034328282722716263e-01
3.515545625372494820e-01
2.674492898034708244e-01
-2.305620561310242622e-01
2.403952691459322055e-01
6.134068939626007716e-02
2.555910337161125812e-01
-1.564902093317054599e-01
-2.363940140064911821e-01
5.626497761813605003e-02
6.697003767365816707e-02
-5.455256956935050638e-01
-1.926654327590262283e-01
2.583652341221187587e-01
-3.489879209383778824e-01
-2.692816527644523172e-01
3.073038615543414176e-01
-3.316540325758761676e-01
1.273864408891434152e-01
-9.934453048364444427e-02
3.376513202011322545e-01
5.496246656511150075e-01
-5.127920642397844064e-01
1.358693964545717447e-01
3.730526121691298269e-01
1.247662505673845408e-02
1.716269935575045480e-01
-4.627323427800427713e-01
1.215728775884996060e-01
1.854002399931425904e-01
-4.821235019292779977e-01
-3.943816453334648697e-01
-2.352385801846511304e-01
1.411666409690128521e-01
-4.661254546767755746e-01
-2.275074328104757515e-01
1.869716579070109519e-01
-3.131174502339297283e-01
6.193052029404483988e-02
-5.213967562814507684e-01
4.037727228576097338e-01
-1.237989072022548792e-01
-8.235167109203451741e-01
-4.631963072136463522e-01
8.767533351735323777e-02
-6.955718211426837883e-01
-1.781473288894773188e-01
1.567974982097732062e-01
1.465415517612860263e-01
4.847691684151529679e-02
-1.425227951280068073e-01
-2.048953466381405464e-01
-1.640633389114564897e-02
1.525233737324059591e-01
4.983742468192949304e-01
-9.001847550469728176e-01
1.171591143682548658e-01
1.832066198413461189e-01
-4.331697053888674542e-01
-6.697487676482998253e-01
4.300332716733334254e-02
2.238538903891392207e-01
-2.655026944535186506e-01
4.522396665823533168e-01
1.028961200331743597e-01
2.842179079822677590e-01
8.753315931438562791e-02
2.218250789478847240e-01
-2.380872149128633042e-01
1.732272791508083221e-01
-2.426813567574204744e-01
5.176235406187377208e-01
-6.800775351177296146e-02
-1.420899332768642553e-01
-3.489084388029062289e-02
-5.950041749041602435e-01
-5.957305585309502494e-01
-3.730710386258807576e-01
7.666090940333501746e-02
-1.876147347033438606e-01
-4.010054805542958567e-01
-1.279128578428566192e-02
1.599755523056106687e-01
7.312469850998486454e-01
-7.385073721207511266e-01
3.532621539573821967e-01
1.149598863892503653e-01
-3.194338716400784706e-01
-1.998844991662918069e-02
-3.549586581703252364e-01
3.237786848017377150e-01
2.126455824624913227e-01
-7.975274930378363214e-01
3.057723441465923231e-01
3.546959331472691046e-01
-6.679130003082961453e-01
-6.662684754839369450e-02
6.373110115697291356e-01
2.733833870695203672e-01
-1.564865108855747478e-01
2.097366159061699320e-01
-9.307106719727298305e-02
1.466730649638540163e-01
-5.119368877378550620e-01
2.047456986335660367e-01
6.314983048825070222e-01
1.639196119284254960e-01
8.938072929143130452e-01
-2.757155680087353122e-01
4.456167377251699646e-01
2.499280400657122592e-01
-2.509515670128998899e-01
-2.898830752230269758e-01
-8.876675330412479165e-03
4.910763966914689638e-01
5.960989241706690124e-03
-1.647013489717359391e-01
2.221478479353554136e-01
-3.458455851509010248e-01
1.957143420572904358e-01
-6.861199644725592961e-01
1.234714543315853230e-01
-4.578837333292633538e-01
-9.903308800015557523e-02
-2.171036816078083034e-03
2.524827653766567592e-01
1.072629415145180121e-01
-4.221462630433324148e-01
2.532035859245219123e-01
6.334970085218378788e-01
-4.639131326605116512e-01
3.496150366966807588e-01
-6.290693088078845585e-02
2.854646578837298498e-02
5.695732215038924462e-01
4.095146739008070913e-01
-4.555601604460077780e-01
4.370518474684687016e-01
2.498290073837077310e-03
9.776317263767876631e-02
7.872848527901556148e-02
2.366937560503582505e-01
-6.888812961444783223e-02
2.074058813376312427e-01
-3.261722296544380395e-01
-2.053538952615804325e-01
-8.022539415587708334e-01
3.994309707371963003e-01
-9.440174044934308839e-02
-1.787304123764791308e-01
2.608791523962418757e-01
-5.732677985893176453e-01
6.870220317221389372e-01
2.059466069709642577e-01
-3.835958192572639369e-01
-3.649107414777857383e-01
2.290634632194286646e-01
-5.012620867064671026e-01
2.837737459670994222e-01
-3.522119904131540968e-01
6.302722309562823755e-01
-3.842025887472921841e-01
-2.146075803338681753e-01
-4.610463131200897013e-01
7.741586276889856899e-01
-5.500921726780059196e-01
4.176240055790610972e-01
-3.219161390012939550e-01
4.689298536338412093e-01
2.441099759074080028e-02
5.896506468802135137e-01
-4.557724615662722134e-01
-4.134281055167268182e-01
-1.657595515997414004e-01
2.899297432355868454e-02
-4.126488082638272714e-01
1.809393648039379909e-01
5.098389613442364521e-01
-3.821631518421005902e-01
1.036824907990575584e-01
1.213500139910836523e-01
7.998163578897866943e-02
-3.075177910325691544e-01
1.774051687174170167e-01
6.096489658354288244e-01
-2.217241813516329374e-01
-4.011539334146792535e-01
-2.305420206575700126e-01
1.656977442893202146e-01
-3.925154440491741559e-01
6.143946804429251118e-01
-5.442623656124544462e-01
3.231573475578090049e-01
3.227448770788149957e-01
-2.968338137493083950e-01
-5.887739829430649330e-01
7.340907004923095114e-01
7.129918934288670407e-02
4.069647974075438768e-01
-4.897730074163487712e-01
2.039639310839601594e-01
1.054065680017264861e-01
-1.781995391634353942e-01
3.455884763825108341e-01
9.573283959921249919e-02
3.355408391887394481e-01
-2.098921913840055276e-01
-2.212300648959500404e-01
3.725550568899346077e-02
6.452708938552320639e-01
6.182619923027103948e-01
6.213889426036649233e-02
-1.534327264292009441e-01
1.202984205037505860e-01
1.202713873188212268e-01
-3.733520912367650491e-01
3.334028941433054283e-01
6.096368076940897884e-01
3.635797398183229778e-01
1.011531388040942114e-01
4.588180327101694655e-01
3.030563629708255546e-01
5.227514201034852981e-01
1.237301886462479836e-02
2.790370114874623497e-01
1.951923839207741207e-01
2.704806639914679178e-01
-5.097312635791932944e-01
-9.402468680199189965e-02
3.859199657162336039e-01
-2.405507751898010027e-01
-3.476771848713551272e-01
-1.875853739696038344e-02
4.808223139788141143e-02
3.005887847160123583e-01
-3.753503632895367481e-01
9.082701096625264703e-02
3.082029493596733505e-01
-7.169861585539673010e-01
-1.140726720730909916e-01
1.363732831308463178e-02
-5.127721477240264614e-01
3.701804248936887975e-01
9.549872743296462796e-02
8.365524367561640862e-01
5.982623979487255994e-01
1.217928463241014780e-01
-4.653668001508524665e-01
-3.988265215357288396e-01
4.347697509118795267e-01
3.075654964410458603e-01
3.336510222795864566e-02
-3.971620046542551075e-01
-2.319200909209455652e-01
6.277040776508214792e-01
1.482173940337013773e-01
-4.184823537387648562e-01
8.599065055886355446e-02
-3.817491110484249051e-01
-1.213195497375257614e-01
-3.767379292492756826e-01
-2.308309123385580142e-01
1.696208926782932225e-01
-4.635696581179119535e-01
6.780125790892725934e-01
-1.001764458571012583e-03
-5.104200481007756807e-01
9.032889646018940066e-01
-1.647958527742739432e-01
8.029824303968571830e-02
-9.798622349105728588e-03
6.120520009770860081e-01
2.703172953176157800e-01
-6.097125538716404725e-01
1.846688398176788426e-01
1.399962245276808459e-01
-3.178874375177512812e-01
9.625225944477135143e-02
2.400438970152150298e-01
-9.468995294323005740e-02
-4.106355249386870604e-02
-1.497963504274114621e-01
-2.685207333100033678e-01
-3.133658775427951571e-01
2.713275241599883980e-01
3.422244527837143280e-01
4.281166658103152667e-01
-4.271885768524146254e-01
-3.508054951262744997e-02
2.232448366065727385e-01
3.839330872633042180e-01
3.572277672845921570e-01
-5.406934372361407171e-01
2.923295827825478366e-01
-5.254347392711000708e-01
-6.095451696456757329e-01
-7.172836762071599370e-01
8.462478919281957168e-01
-3.599667237506070649e-01
2.534347269428712801e-01
5.200055081157834991e-01
6.419796031268672210e-02
-3.874837876682647453e-01
-2.020508177779533829e-02
3.966246953993634028e-01
-6.910034065584200746e-01
-6.282137282673392331e-01
-4.787083452949067452e-01
4.695729531831751569e-01
2.274915420275133715e-01
-4.234529659238391308e-01
-2.313999811330180734e-01
3.710196050167116066e-01
7.271736352870981912e-02
3.309862515840877872e-01
4.419154708841218637e-01
2.668832974324627377e-02
-5.133525350393487452e-01
-3.033355053829065451e-01
6.658416844822216962e-01
3.878775954691564554e-01
7.306946759878625297e-01
7.754063485702860081e-01
-4.844886369091249145e-01
4.591915153566926699e-01
-7.799861104055395566e-01
-4.363447252028413992e-01
-4.900672369879579549e-01
2.487516829843812172e-01
-4.172441842880780100e-02
4.309955041341087534e-01
-7.253434383280465969e-02
5.692539765511608341e-01
-1.974439956553656894e-01
-7.556638839691723342e-03
9.720540248925695070e-02
-1.603636551779361874e-01
2.191311675159679784e-01
-5.374065574423277786e-02
-3.522434166542976475e-01
-3.502831190125261368e-02
5.227997793768504042e-01
-1.751862826838335163e-01
3.674684681630319139e-01
-8.868127449596704959e-02
3.934108616161756666e-01
-1.923942564842279560e-02
6.941761630262052729e-02
-1.158311932760067581e-01
-7.691409128962655162e-01
4.748125575164181544e-01
3.961090771949604128e-01
-3.409784462477671863e-01
3.822737787614952643e-01
-2.716961338592803823e-02
-1.880912040745650882e-01
5.919051692857038027e-01
-2.886210400467326687e-01
-3.324148025349519808e-01
-1.760478722947981245e-01
4.795881910234078838e-02
-1.925813768427291767e-02
5.183038212330078887e-01
3.026795020243804868e-01
1.066637680704762003e-01
-1.334764995616927463e-01
3.530413625698081148e-01
5.792405707681194116e-01
4.301519399468417548e-01
-2.844270196529923855e-01
-1.902328439442469710e-01
-1.435303406750947364e-01
5.300011815852805341e-01
3.412211963201774445e-01
2.238769045342884900e-01
1.625632421182137133e-01
6.459566125667283165e-01
3.151947502954954156e-02
5.351462816153308537e-03
3.732293706413759571e-01
-3.020456158821939185e-01
-7.121914188166746928e-01
1.549522817560203825e-01
-3.741654659975530289e-02
-1.328421193023508473e-01
2.225273588547403425e-01
-2.888157049893324002e-01
8.361692543088336538e-02
4.517593451099993773e-01
1.374911583222017120e-01
-9.022264568001794882e-02
4.195590016947094991e-01
-4.579189637386816836e-01
1.491838204167271753e-01
1.801338057526218339e-01
-5.105383403057892622e-01
5.835756804679104182e-01
-4.961367684629381936e-01
1.567476348984501167e-01
-2.370348251989682353e-01
2.411204780470807552e-01
-2.377845553269477830e-01
-5.755717681065113389e-01
1.174077195254974726e-01
-1.154019825947386890e-01
-3.075903294804923638e-01
-5.201607755486103990e-01
4.212704748007843336e-01
-4.204564403973209963e-01
1.795699104782579880e-01
2.082090928662241880e-01
-8.164703706530629379e-02
1.659430495264490601e-01
2.462427328770356028e-01
1.872481651042700035e-01
5.830041628335241866e-01
-4.748131824147975300e-01
-4.894480558292282901e-01
4.831147418757003598e-01
7.722227894512534441e-01
-1.687491281177188607e-01
-2.191879609040148780e-01
5.844800775992992081e-01
1.908494023878152049e-02
-2.996521115075918562e-01
-2.482928539264456502e-01
4.000923365172156521e-01
5.364494807093105333e-01
4.860856544527162870e-01
-2.396958824869298565e-01
-1.352308063332141874e-01
1.831697955038031900e-01
4.760856560105726221e-01
-2.669544314000530383e-01
-2.928011509358736109e-01
4.530484907121523075e-01
-5.184802155542728164e-01
5.108752512810237345e-01
-2.890218081889942003e-01
1.760648019880033388e-01
-2.555896919475019943e-02
5.641002598747808516e-01
1.125300353521361957e-01
-1.791439336249560921e-01
-1.348994377272539902e-01
2.270415169968110491e-01
8.230656629579655159e-03
-5.440703028117437334e-01
-2.853608998869959779e-01
8.410279115984685416e-02
-1.089710837250505160e-01
-2.772011153308124448e-02
-2.119839576912029289e-01
9.094298508539723491e-02
1.369658818299360759e-01
-2.242026394717642201e-01
3.253274254869280568e-01
-3.599325353626477986e-01
6.345297031914474140e-01
3.193124478697376145e-01
5.812173543423470035e-01
-3.726600241362681976e-01
-2.660523220083132467e-01
-2.342519378136591890e-01
1.594131875425065792e-01
5.972197852083681591e-01
4.361359632058117164e-01
7.563381451563754021e-02
-3.734321499179334425e-01
-7.131969404466480533e-01
6.624130000957413333e-01
5.219651730982255433e-01
-1.731261029986939093e-01
6.309203768673532498e-01
-1.648212611447080755e-01
-7.390912697067585357e-01
2.959122140277892221e-01
8.947780261287791026e-01
-4.162171512287982100e-01
2.188218472054655472e-01
3.767007363198764391e-01
-1.696163279071371266e-01
-8.403743278018618867e-02
-1.893411341955372196e-01
6.855556196874991182e-01
-2.985793634072764907e-02
1.073235788608756236e-01
1.778439464435210837e-01
2.021952891937361663e-01
-2.581924058149334122e-01
6.657551808181205386e-03
-4.656025767693728473e-02
-1.339968181595484753e-01
-6.811854932549197272e-01
-5.549410574706383770e-01
2.005288821001167954e-01
-4.289490726382926278e-01
-5.072312358115617370e-02
3.439108623946616206e-01
3.332141292174107816e-01
1.554175392535128430e-01
-7.056433338635756947e-01
1.034375326475965758e-02
-8.650269019191601794e-02
-1.713615115979365000e-01
3.149847445582361072e-01
5.652951646502868410e-01
1.607856576822680461e-01
6.179876618120970153e-03
9.205929683988778311e-02
3.362530245587554423e-01
-6.698174199440103393e-01
-6.429012806824763171e-01
-2.401232733907040229e-01
-2.967846168517488392e-01
-8.280571667691695170e-01
-4.371805916469163056e-01
6.694751645340363266e-01
-8.358362310248856897e-01
3.777740421280316452e-02
1.765896205852299505e-01
1.043865549973068373e-02
-1.260624631501559567e-01
2.995360999846287120e-01
-7.994312294691657828e-02
-6.677909259806158460e-02
7.479685975066428794e-02
-6.306294206684565085e-02
-1.616239329184890050e-01
2.437375336973264250e-01
-4.896711482741397115e-01
1.665428619024031387e-01
1.462487161307959305e-01
2.960289168585140684e-01
-6.507381924162336517e-01
3.437167843608087692e-01
-4.691828051115376486e-01
5.374780263981992351e-02
5.443479583803353394e-01
-6.752269761641729873e-02
4.232299852979939381e-01
-7.160343484999800445e-01
1.001085320252594474e-01
3.633533468201424199e-01
8.899438644522604525e-02
-4.588363185797126875e-01
-8.620165308784449865e-02
4.191601378878963002e-01
-5.599007535953334225e-01
1.762810598908833293e-01
-5.401829401612603387e-01
-2.519588434406991873e-01
1.295074271305597935e-01
-1.835936246483182432e-01
1.390808321003738635e-01
3.820250453900000398e-01
2.739471222422596441e-01
1.636180310523798476e-01
1.536758622094608617e-01
-2.977908928888184370e-01
2.521155544620650168e-01
-5.892011449982352822e-01
-1.682051996719386433e-01
2.675311150916531155e-01
-4.743900312271525088e-01
2.121083567870893916e-01
1.972707180906739799e-01
-1.199852550748903707e-01
-2.482173424932439532e-01
3.825580920161327642e-02
-2.371113843179405989e-01
3.341817418925393524e-01
1.236820404189310427e-02
-3.045611605505731956e-01
4.647657729736784926e-01
3.538448667126918579e-02
5.363730728879690934e-01
6.253850920249548473e-03
-7.249176087275834013e-02
7.217389102562382641e-02
3.742174151379333291e-01
-2.644805668692077477e-02
-4.184251682922027898e-02
-4.289765283331961609e-01
1.416001250480743157e-02
3.595828895841292061e-01
-2.945716669931711107e-01
-4.094783384239071289e-01
-1.204082141371191211e-01
1.334413318337690779e-01
5.396450681703710006e-02
4.195919963507793726e-02
-8.189061506625797682e-01
-2.985911293309967407e-01
-1.691180387262716106e-02
5.765156576701899738e-01
7.321035644846987656e-02
-2.856970955217348340e-01
1.039254050561950748e-01
-5.957040733592166015e-01
-1.062758362311573418e-01
-3.359053085600438582e-01
-4.646462345626906076e-01
4.118637298141710756e-01
-2.764023951077725777e-02
7.700145334765031713e-01
7.493330017282713307e-01
-5.484159010745144336e-01
1.326540599071343307e-01
-2.755206287944845789e-01
-3.443013119797054267e-01
4.472538127873478264e-01
-2.829976040883399116e-02
1.698821640495139229e-01
2.051035924462773496e-01
-5.622368485397574167e-01
2.999852572567436315e-01
-9.962994113842918442e-02
-1.083292184813401948e-01
1.076186678843086830e-01
-3.915088864960263870e-01
1.992943272527248066e-01
-2.872826501850616054e-01
4.542292420920497967e-03
-4.444960050932670326e-01
-4.125028564288825694e-01
1.555155316591992354e-01
6.776096540658578249e-01
1.476236728371148332e-01
-1.915287003517761044e-01
-3.404763021560091030e-01
-2.410708344201977771e-01
-3.855968311890993205e-01
2.213420528019274525e-01
1.470859649984159467e-01
7.737425876770405164e-01
-5.273124259143638914e-01
2.591758140404528676e-01
-1.269773917497781790e-01
4.041581258044665836e-01
9.259723823852014646e-02
-9.430096213792059368e-02
2.233124147238318979e-01
5.942990719083843798e-01
-1.399034448941915421e-01
1.799896185797701387e-01
-3.019196174840313440e-01
-2.698492437427113533e-01
-6.395766165510562429e-01
-5.936078917943869993e-01
1.567310499174578708e-01
2.595792777886560820e-01
4.972487799800315300e-01
1.770995906229621553e-01
-2.314094118091831187e-01
-1.711114990712931383e-01
-8.369109023507412259e-02
-6.151655939197178125e-01
1.420124118729863549e-01
9.100434858041377140e-02
-7.494919175949926737e-01
5.465440786004626128e-01
-4.035335096522880693e-01
5.374177861580683446e-01
-9.282751018730478476e-01
-3.815898708733516109e-01
-3.130158351896140112e-01
7.518162753661020159e-02
-1.690727733702074298e-01
-1.502286794814547966e-01
5.213787418019116826e-02
1.065473634881093368e-01
3.658872950533917368e-01
-2.788489609755065990e-01
3.636335044647501236e-01
3.261335651790245871e-01
2.063771542999691747e-02
2.998206089048223444e-02
-5.363223737812696790e-01
1.832110926037550658e-01
3.824209890250453991e-01
-5.293965586612841001e-01
-2.564867356608582227e-01
4.850827120166555373e-01
-3.654718361685134476e-02
5.088803443661078507e-01
3.239400260679300980e-01
-1.344306379665446971e-01
-4.676469686903062528e-01
-1.011972041092395469e-01
-9.311268510655038577e-01
1.933461452153889537e-01
2.308667118424126974e-01
-2.189493409523999845e-01
-6.531348170135791165e-01
5.830122142029312698e-02
2.737337575454589778e-01
5.943724346264751129e-02
2.627945121680211882e-01
2.841168999293938180e-01
1.975414668809138685e-01
-4.012389674903104053e-01
5.804000435661549329e-01
-2.373716073034330132e-01
-3.090344208406045623e-01
-3.363157897386891138e-02
-4.276709116011905287e-01
7.790082554485514010e-02
-7.741323003248408163e-01
6.751344644366563674e-01
-1.061544463865139176e-01
5.277182733633636325e-01
-5.664552862703411962e-02
-1.237804088219177740e-03
-5.347652935462727797e-01
-4.493300305374040571e-01
-1.875877389951705887e-01
1.702070739069930505e-01
5.083758827868085639e-01
-3.368155491092880149e-01
-1.677443514784480449e-01
-2.605138793721916701e-01
9.645907485366662926e-02
-3.720336915965993807e-02
-3.986476065683410841e-01
2.328780538645801486e-03
4.847899988427144258e-02
-5.747566483469714882e-01
-9.672681612193499701e-02
-2.762579592515584936e-01
-5.660460817032854086e-01
6.588159896278928951e-01
-8.440095827440360909e-02
-3.846216160026479369e-01
5.335559618538681104e-01
-1.905451188343678659e-01
-7.189385517688184901e-01
-7.999123587574018257e-02
1.782513360489619281e-01
-4.910704487721276879e-01
-2.188617848204627847e-01
3.618538922164377669e-01
-4.527945099411038177e-01
-1.215104729697543129e-01
4.865018175379252213e-02
4.299773161207420813e-01
-1.828811712246096455e-01
3.925327827216202464e-02
-2.455555296452817671e-01
-2.602291832804241034e-01
-3.736467222391937071e-01
-4.901121990907739145e-01
4.829872550317371727e-01
6.727403691106859096e-01
-1.617052182035421670e-01
1.976114507299553749e-02
-2.379753840225786454e-01
2.321816724341588256e-01
-7.197195131907234249e-03
3.266775375712966945e-01
4.958699536735428626e-01
-3.796136842100296116e-01
-6.648104124807654447e-01
-3.127585322285369451e-01
5.919892355967040221e-01
5.071542279604011050e-01
5.601222768712542655e-01
5.907279703451339126e-01
5.187189152431382899e-01
6.901866800399755197e-01
-3.733870109780484947e-01
1.585907363206086329e-02
4.591994882710218051e-01
-2.195601059685722556e-01
-7.346945705538345806e-01
-5.244723574177725389e-01
-5.675768274213979225e-01
-1.369403611764910267e-01
-7.899590982344694146e-01
-1.448902126575213889e-01
-4.612135188230662708e-01
4.041990388593809380e-02
-4.185715217739205407e-02
-2.018650748968952024e-01
-4.339819947385067239e-02
-9.898833263534006360e-03
4.870760662220944281e-01
1.942221095493643912e-01
-3.451553007708724197e-01
8.510628726034709574e-05
6.541072128761080129e-02
-1.184984315848667744e-02
3.156270121578006460e-01
1.671637860184945201e-01
1.972824625740371984e-01
3.987913897803858077e-01
4.946724255952625882e-01
5.569787706798814408e-01
-1.137206446595778325e-01
2.664428001616078179e-01
-1.948301445116051855e-01
9.494985780913950402e-02
3.700235645470100199e-01
4.819297660487087964e-01
2.663554136368521952e-02
-7.891001176520189009e-02
3.895080759240714396e-01
-4.177646158913842500e-01
2.425196382388145611e-01
-3.941241391595555199e-01
-5.378789615663741586e-01
5.210539426691858100e-01
-1.828206363315293959e-01
5.287010270511790511e-01
1.044500451673461977e-01
-3.691031558829039882e-01
1.604227425126191209e-01
4.684938681520056103e-01
1.620820414178002766e-01
2.556264684328871106e-01
1.186833965774001381e-01
4.615849375798173337e-01
4.640400538085592830e-01
5.317296908866886440e-01
4.989082898275460504e-02
-2.245698365398948182e-01
-1.393870591344737453e-01
3.406658901221671920e-01
4.182165385825344778e-02
2.083567257234988923e-02
1.496218923739325683e-02
1.661178885545237238e-01
-2.797430117836737229e-01
4.931477843415744688e-01
3.791548397493800793e-01
-7.010458750306382270e-02
6.922664704112740930e-02
5.156126695523860493e-02
9.935740877306360741e-02
7.833778399348949595e-01
1.729305447046698418e-01
1.721114594377845183e-02
6.400169089199675421e-01
4.702837246292519702e-02
-5.945780987172106791e-01
1.473310421081756860e-01
6.984495182150551873e-01
1.911560649777103715e-01
-1.143571779686216455e-01
3.851241627148205282e-01
-3.449344096039207996e-01
-1.691821985665720451e-01
2.402698385893943800e-01
4.339454367547747049e-01
3.298551550930244880e-01
-8.903099704412065218e-01
3.480125669603952865e-01
-4.218975343495686703e-01
-2.284166171212029250e-01
-3.505494020662944243e-01
3.860009733780979113e-01
-5.280350686746268507e-02
-5.627653530147698202e-01
-6.302459874361836523e-01
-4.476298342034178979e-01
3.039199064643377524e-01
-3.897566080971491820e-01
-1.936845426624322353e-01
-3.205715543218455310e-01
-4.390553318389441850e-01
-6.581819610480431348e-02
2.619177653567707487e-01
-3.559042807240427320e-01
-1.252005122411249671e-01
1.682380862576336455e-01
-1.979486825784339266e-01
-5.528921172456793265e-01
-5.588911152375561353e-02
-7.021804094433453658e-02
-5.633351707341422987e-01
-2.836320536591703245e-01
4.991106134229092994e-01
2.449824508428439518e-01
4.692045665301197710e-01
3.543932644198916071e-02
6.579216826988444344e-01
-6.005079939467988098e-02
-2.154494632759197392e-01
-3.547513605688797696e-03
-1.210938566894083773e-01
-5.756458424696673237e-01
2.605118270205485365e-01
-5.820048886586506320e-01
-1.250148881225971176e-01
-8.934027618164472884e-01
5.674757635258863564e-01
-6.560387986284312856e-01
4.947836774652407121e-01
-8.061829121495958650e-02
1.257547103405872446e-01
3.312106543579356188e-01
-5.536398437328827749e-01
2.255102465484802310e-01
-3.973277227532890366e-01
-5.015314994816704175e-01
-5.546103289554510374e-01
3.092131037654031189e-01
-5.553258600911632481e-01
-3.678069033428877366e-01
-8.210308177956174847e-01
-4.351549497602775762e-01
-5.942430669121032683e-01
3.820679132038627968e-01
-1.543470212541852571e-01
-9.959461997959531687e-02
-3.829478447201308255e-01
-1.012206439191302154e-01
-1.110218211530198951e-01
-5.237812325228605875e-02
3.582518733614763196e-02
-3.125887757308589698e-01
9.401227309440118862e-02
2.291077768167092410e-01
-3.898084321492117366e-01
-1.079770565674486454e-02
2.551168271061130532e-01
5.061526076742184355e-01
6.682938670781539692e-01
3.707549512950086834e-01
-1.758460838162135831e-01
-1.608753054246833680e-01
-4.369881218272866907e-02
-7.742539729517814440e-01
-6.213394072145347335e-01
1.464772987442795604e-01
-1.131477675557226725e-01
9.976248362902865804e-03
-1.785674700771364698e-01
-5.231155863558133862e-02
1.232586685672872190e-01
-1.546296062906544200e-01
-3.508137833879090839e-02
-3.723434845994085252e-01
-6.683914506347169437e-01
3.712796266331653827e-01
1.313681602770441215e-01
-4.729135885314852406e-01
1.853015238362169803e-01
2.956390484945236041e-01
-2.397630012457660775e-01
-2.317649341369971971e-03
1.746255591727484957e-01
-3.414966890070877392e-01
7.615580520937803577e-02
-1.991756239052558386e-01
8.673197831962301679e-03
-3.033338800931775214e-01
1.007098065837616352e-01
6.073225820795665753e-01
6.856933207465902569e-02
-4.916706697383503577e-02
1.585620433732885526e-01
-1.148304471225291973e-01
1.838180383670472984e-01
4.991988275484977866e-02
3.641962031806159628e-01
4.092668181808531425e-01
-9.356672936822721387e-02
4.008708273926477883e-01
5.194669375528947475e-01
-2.151754100961052463e-01
-3.869412691491590228e-02
-7.513863537123843805e-01
-3.353343405662976284e-01
2.339214473686714035e-03
-6.013996869531117173e-02
4.406709883691524166e-01
-7.241569311593943903e-01
2.339001351654141359e-01
5.730396437350415706e-02
-2.949146197292398797e-01
-1.350627470947784459e-01
1.959229751942924425e-01
6.958060235505721947e-01
1.715981258620473959e-01
-3.293097281371680507e-02
-1.445584726438096379e-01
1.551923306009093950e-01
2.171522850411456984e-01
-2.444644052159357372e-01
4.002136056820814192e-01
2.587056469826422012e-01
-2.352109204813282728e-01
-2.079427344507867592e-01
-2.111203628458491466e-01
3.896967485619212135e-01
-1.502386606055255425e-01
3.916856591277088073e-01
2.116556215711549727e-01
-9.732416430406889973e-02
2.851565862408939056e-02
5.247977569482086269e-01
4.724873039886505754e-01
7.908991560646269625e-02
-3.782191406283968993e-01
5.189236313288638769e-01
-5.898577900452475209e-01
-2.675925239123500554e-01
-4.841397311943651527e-01
5.348717893710819293e-01
-1.229900017862727984e-01
-9.583363017515643401e-02
-2.539528355651515801e-01
-4.764713450996531652e-01
2.077817845830518539e-01
1.355764814905484894e-01
-5.076081631411278883e-01
1.418304547537307947e-01
3.881280938740601094e-01
-1.790609518987788251e-01
2.511788744885257163e-01
-5.730601121525258357e-01
7.505651288530286458e-02
-2.826826297588146408e-01
4.336791516940007307e-01
3.950509245563429278e-02
6.841932548866458408e-02
1.071927323053651314e-02
2.013801719425032874e-02
-5.032992652517240817e-01
-1.288014227420475610e-01
1.923627822231103734e-01
-9.816447086877477801e-02
1.691877845283540627e-01
-4.141397706447860205e-01
5.453932862737257414e-01
3.734311017512557118e-01
-2.397125187030985649e-01
-3.469188729922439429e-01
1.241193234325729811e-01
1.956094082647013011e-01
-1.603206677742926300e-01
4.476910762636836516e-01
-3.178158478991242181e-02
-2.970304723189394203e-01
8.934855881785418175e-02
-1.211474582474321993e-01
3.577812191718371393e-01
1.043583458385542867e-01
-2.577393683311052230e-01
-5.358358763900157307e-01
-1.402280534013407298e-01
-3.808257924282461016e-01
4.204535048369903993e-01
1.619376045584415280e-01
-6.457436280412566232e-01
-4.220541947765819590e-01
5.812839206377593548e-01
-1.583453371616895811e-01
4.041902610720117250e-01
1.217233575636624161e-02
1.482215094869523964e-01
3.492906698101021917e-02
1.830628531321489560e-01
-8.232138520774051615e-01
1.484674672380268401e-01
-2.685911365027012221e-01
-2.210924363658247349e-01
3.106927549834259672e-01
5.817612968187866329e-01
-6.184161656273725605e-01
-1.170032011989500798e-01
2.155163743589091560e-02
3.341688036275105578e-01
-4.363266443878167228e-02
3.782802394863455375e-01
-2.773837276102743554e-01
-2.306099345993516680e-01
4.325131005037258225e-01
-6.462677565301243598e-01
1.096839335706007446e-01
8.858925773639786394e-02
2.774801532502929602e-01
1.593301484305114646e-01
-4.128689773263546914e-01
-2.669516859432990441e-01
5.250159087547543457e-01
2.961298539010150943e-01
6.284665593622141833e-01
3.273745160219398986e-01
-1.826219016516452964e-01
1.000670179571760271e-01
4.353800057930133360e-01
-1.312456157279586477e-01
-2.560247666631633723e-01
2.669287048656313610e-01
-5.164601347194666126e-01
-2.539974019509237957e-01
6.702374228487930630e-01
-1.243720940934047725e-01
4.754568024927109671e-02
9.685643487357516179e-02
2.649079635343723482e-01
2.964216512505293277e-01
1.985496798193000234e-01
4.861425702170770191e-01
6.444061839635134570e-01
-2.280105040955018036e-01
4.398934676680461564e-01
-1.950420796812633584e-01
-3.880213182791780735e-01
-3.741845539393178627e-02
-3.981360128130396331e-02
1.991112090238975341e-01
2.170561160317300287e-01
-4.165428811750733207e-01
6.863156282219823323e-01
-1.142700639246677086e-01
-3.166550413981004675e-01
1.748191293169674698e-01
-2.142936270435865376e-01
-3.943131048502153124e-01
-7.957466303937401619e-01
-1.396598301398139230e-01
2.643475517921820006e-01
3.724393802511765661e-01
5.564499730148324552e-01
-9.463583617475533616e-02
3.149013526419310871e-01
4.673850163925498680e-01
-4.300633270104957107e-01
1.287007545850374635e-01
4.566827305870743703e-02
2.092492613389678180e-01
-4.411850075520350467e-01
3.805640288595287801e-01
3.886175513703339357e-01
-1.663136146222309597e-01
-5.874170831468161769e-01
-3.466542472638826089e-01
-3.752127854167012222e-01
1.339961530779789634e-01
-6.658677117461204720e-01
-5.832999107376906078e-01
6.607842825630061423e-01
-8.116876182327742439e-02
2.658055641792779755e-01
3.022821667861643191e-01
-5.967649484893229328e-01
-2.980141812863653650e-01
1.590188695068441571e-01
6.722936998638348038e-01
-5.798692807278220673e-01
3.151363434061658086e-01
-2.216305465666212338e-01
-2.602813988124991762e-01
6.547314095170854165e-01
4.243056637304718492e-01
-8.499873860932347786e-03
4.562757496582275363e-01
3.836109819045553648e-02
-6.448194001386676755e-01
-6.727350859584625420e-01
-1.527114853721384807e-02
6.335063700692972199e-01
-1.766575581447483723e-01
-3.966357683794011768e-01
-3.402134748004760900e-01
-3.611404450369057328e-01
5.056480551786743383e-02
-1.871120281139175001e-01
2.820684399057489244e-01
2.446692187387792816e-01
-1.452841011845015795e-01
-1.793671908974034945e-01
9.042651885701771808e-02
-3.985802838310065210e-01
-6.534421525129420205e-01
4.217484956241209226e-01
-2.624398386162779540e-01
5.284275034491997536e-01
6.271735078063339630e-02
-7.403861429619315593e-02
3.065835983876699644e-01
1.312512240741197100e-01
6.112913628580411984e-01
4.523181074256697048e-02
4.576723598361766010e-01
-8.804097603423782781e-02
-5.327655935714309399e-01
-4.109877348734172764e-01
1.470411678451991611e-01
-4.556236911414937585e-01
-4.103359288515979753e-01
-3.035016048321940302e-02
-5.616742832673599084e-01
-1.291869003201815969e-01
-3.085636459962948774e-01
-6.201618854534798331e-01
3.554770259069776062e-01
-9.853920589989353940e-02
-6.748410959232175044e-01
-3.118952995610307366e-01
1.687371561263824038e-01
3.689964443447121822e-01
-6.721468310039452332e-02
3.898429671713032896e-01
4.888988049856152207e-02
-3.104300939341283483e-01
-9.777425628815047953e-02
-2.365692091343327697e-01
-1.325393680844446920e-01
5.754801518804639748e-01
-5.872999244833866372e-01
-5.924709867733145563e-01
4.660641429915475253e-01
-5.642131693654585112e-01
-1.497575278516297126e-01
2.928284733692656724e-02
-9.402913013600548708e-02
9.178481581223912888e-02
1.619198091530578976e-01
1.067386582236732606e-01
6.154421725369211282e-01
7.972515842836196132e-02
7.100279859346937672e-02
6.060334374992649709e-01
-2.032876807494866656e-01
-2.954561125931920440e-01
5.062339235081537714e-01
-2.036424624103286840e-01
3.333014573878339548e-01
-5.469258813072053194e-02
6.846235569046430491e-01
1.331597899885867964e-01
-5.469787028818043906e-01
-3.724644413680264776e-01
-8.397304402780766952e-02
2.240906773367612459e-01
-2.802129193721268341e-01
-1.560116557883383381e-01
-3.157151128151945985e-01
1.455029583171645741e-02
-4.768152202761869601e-02
-5.319482209745647339e-01
5.658299330796627558e-02
4.186046032708571896e-01
2.088497922697582498e-01
-3.967926527583957585e-01
-3.637019330770870362e-01
-6.507138832084786717e-01
-3.936072769631906998e-01
-2.403309738263317286e-01
2.860108289501840373e-01
2.239192187634349296e-01
3.888729755719736447e-01
-6.328070832058475537e-01
2.920663544055653316e-01
-5.601363150516798228e-01
-2.226181196871361012e-01
2.632955006260347397e-01
-2.774585909236943482e-01
6.536825104302500522e-01
-1.219039391595424793e-01
-2.839528295771294175e-01
8.040135647718298084e-02
2.692897481811825644e-01
-1.558927765192226755e-01
3.593171681943695406e-01
-3.370478345100169637e-01
-2.065095145758437389e-01
-5.225996209385308511e-01
4.400893040383478949e-01
2.647486268911991569e-01
-3.450507850119030051e-01
6.525286972392961848e-01
-2.763064159463417546e-01
-3.803943959684560339e-01
-4.746770150490594031e-01
-1.491447552538994852e-02
2.014567343380712638e-01
-3.692420406973793146e-01
-3.367249983438407868e-01
-6.535052406678609760e-01
-2.239796547463369369e-01
5.272885153343669362e-01
1.277725270192494877e-01
7.098141037306429091e-01
-5.457944871100305351e-01
-7.386225736713477596e-01
8.461072534318757610e-01
-6.284202095713147251e-01
-1.222008340486060024e-01
5.518845116960666708e-01
4.401996221713064261e-01
6.656160696136848021e-02
-3.756313575525267456e-01
4.709126050899030691e-01
-3.442097008517582823e-01
-4.214749224716360931e-01
1.893143359263340375e-01
6.675595676308161697e-02
1.408702602259560566e-01
7.544786645679708581e-01
1.760231196154619093e-01
2.469738813410343181e-01
-2.520240614655121052e-03
-2.868999881895900050e-01
3.711288092827638163e-01
7.062415084644146912e-01
-4.357214985756985293e-01
-2.494811910067844252e-01
-4.153792753701850832e-02
3.275131375330259109e-01
-9.365566999869026632e-02
3.785017358987034786e-02
2.181910636435653861e-01
-3.309915997093357820e-01
-2.494787679088739663e-01
-5.879018117710727021e-01
-4.823797472272695064e-02
1.118832128476243172e-02
-2.243163227186209530e-01
1.155355551565951100e-01
-2.640965398093704786e-01
5.910915965009656547e-01
-5.528849398439243945e-01
-4.330149770515293040e-02
3.420564697753331607e-01
-5.573197090402735032e-01
-1.368389576899281812e-01
-3.118098936426392798e-01
4.016352252658858535e-01
5.740814919437848829e-01
6.319115338983775088e-01
1.317143196104312575e-01
-6.300991196174692277e-01
-7.580390380631463199e-02
-2.501748921215183885e-01
-6.170438107026443575e-01
-2.073094379116404221e-02
1.411763471757087884e-01
1.423409588596337427e-02
3.557991995781541461e-01
4.492708942021469420e-01
1.245599007007599790e-01
4.004552359542178364e-01
-2.525968646916689209e-01
1.253867547835991469e-01
-4.328667087308429862e-01
-3.649863823731814838e-01
-1.824004289356436492e-01
7.921405562046152093e-02
2.664664096042577701e-01
4.952309808254010681e-01
-2.064190299910223167e-02
3.719362111489599165e-02
-4.423878798631314391e-01
2.130364876184155376e-01
1.907499186358419807e-01
-9.299824557873939690e-02
7.567736064338177748e-02
-7.214206159248214290e-01
-7.450947933779772381e-01
5.361964738880815873e-02
-6.418211517658589660e-01
3.871503294141633855e-01
3.499816757543129375e-01
1.892084512222904080e-01
-4.161148878238758453e-01
3.318736503727364173e-01
2.050161156572682941e-02
-8.393306725966100112e-02
2.094265073984890591e-01
2.084100338326951851e-01
-6.428180247117560864e-01
4.813042882821451651e-01
-4.125358304020765136e-03
-1.241068957229357339e-01
1.629375877986653509e-01
-6.793421124390297550e-02
-4.051975342332296282e-01
-1.208866511781252068e-01
-6.644072819311933401e-04
-5.833454833873753520e-01
1.436746498959171926e-02
-4.443340028808932807e-02
-8.928571676995038509e-01
-1.137573594839423330e-01
6.759904843458242052e-02
2.427546726960652657e-01
-4.604418979281178492e-01
-1.902638089764079332e-01
-1.282935061366175140e-02
2.548192997318549091e-01
-3.079360643050195190e-01
8.901878085297381116e-01
3.031688844064076016e-01
-4.221623444659757807e-01
2.771674206916893146e-01
-2.756641611888737131e-01
3.015687409811274033e-01
2.818759760554260252e-01
-4.672825766265095160e-01
-3.734848891282073202e-01
-3.579226943306903497e-01
1.008630785879152392e-01
-2.810037739743957985e-01
1.231141235341613738e-01
5.522058215702478901e-01
-2.836921216955646252e-01
-2.092119030275819691e-01
-5.827962901116338079e-01
-6.248457045292080680e-01
1.545951047485740193e-01
-2.296605108630400682e-02
-9.961980313999768688e-02
-5.256994201405474909e-01
2.896784484621556799e-01
4.602999993832657122e-01
-3.724719109993856470e-01
1.842282565093713020e-01
6.209580664532308308e-02
5.754682262885753019e-01
3.157602959881448124e-01
6.511858276666425693e-01
3.707566555962658189e-02
-3.524508544815344036e-01
6.378527453931062130e-01
-5.087506364963528815e-01
4.453664788592270884e-02
-4.052181349023135232e-03
-2.664006864722731072e-01
8.518403670965314367e-01
-1.230366566656350830e-01
1.672524142807140235e-01
-4.962383256845322999e-01
3.446464746528847822e-01
-3.922866423562098026e-01
3.487584519427304186e-01
1.904629450420863152e-02
3.314218250792557163e-01
-3.956961464020741087e-02
1.265681711525480369e-01
-4.728036771860867349e-01
-1.106904002148896386e-02
2.106080492459930509e-01
-4.089519555567594500e-02
-1.264552107955362048e-01
-3.335125837796615311e-01
4.032604879497610206e-02
-1.023977834485282346e-01
6.219889839936792314e-02
2.382110819048595396e-02
-7.125776287460622305e-01
-6.384250541872958651e-02
3.664212124983917684e-01
-5.909962576232595799e-01
3.040307794823444709e-01
-5.998016119390817136e-02
-3.205345084818911894e-01
6.311977360653517333e-02
5.976785633795509423e-01
-1.166605807693809338e-01
1.070505858077870770e-01
2.105129384520594837e-01
1.328937369531160151e-01
5.582881001240233565e-02
1.566074605590462437e-02
-2.127942414692743367e-01
1.611411908720668806e-01
-2.159852993091015139e-01
3.551246240401998988e-01
3.721162373705758641e-01
3.051364896917774239e-01
-7.213585234638832111e-02
-5.603103945158821597e-01
-8.509904324542788556e-02
-3.327474766765941561e-01
4.361730524292609101e-01
5.771910460808995502e-01
-5.135642286304866744e-01
1.086257989482344866e-01
-4.875107638347476735e-01
4.607023583077871076e-02
2.010767328473834215e-01
-1.855777696630905860e-02
-7.199717484782771626e-01
-4.618182753980887290e-01
-5.213480558440123369e-01
3.277726343742857207e-01
1.835757329739568788e-01
-3.611393661060219307e-01
8.467304403136777236e-02
1.670453649634763837e-01
-3.353385227486769815e-01
-4.030815940920920992e-01
7.492700072561317426e-02
-1.348457297517389741e-01
6.203744520462670803e-02
-1.972401076509590345e-01
-4.186943817359772835e-01
-1.597350365216774759e-01
-1.379796803479574514e-02
-2.263802879652073441e-01
1.953999315813833570e-01
-1.599469410165571259e-01
-4.941534864591943244e-01
-8.621162054032264696e-03
-4.271287658740123838e-01
-5.002087873060233614e-01
-7.190776392389179872e-01
1.233670506393136912e-01
-6.971518872567813042e-04
4.960870555474540256e-01
3.046084187662968512e-01
9.764246062659107106e-02
1.739911592673717977e-01
-6.410983381733397213e-01
6.332351172342891577e-01
-2.236626411611836174e-01
-3.662184095527008520e-01
6.868153644643211209e-01
3.124765031482888977e-01
8.272362213944658982e-02
-3.379346948194397737e-01
3.100582364688292403e-01
-4.248742207947039384e-01
1.212808436305466836e-01
6.592090554500831256e-01
-1.431590645445096899e-01
1.182838235774913704e-01
-7.074902185413128874e-02
-1.414451857162236093e-01
-4.630480434271576629e-01
7.776431491182593525e-02
-4.642707797644822776e-01
1.389332940503507086e-02
-9.428811022162207622e-02
-2.931326426246394501e-01
7.208595955150118861e-01
-5.030727312214214875e-01
2.462962000321542444e-01
-3.894532733522357848e-01
-1.679131094793726020e-01
5.342658369033310706e-01
-5.530638492051948713e-02
3.767115480478068212e-01
5.919212937238387262e-01
1.346231133858212525e-01
1.888250585894916123e-01
5.148080271412300846e-01
-5.249415652830628082e-02
-2.660978706409881656e-01
-1.380711904549000724e-01
-1.926291273353828992e-01
-2.556934546094180583e-03
-3.290614681652086204e-02
-5.473117321834137794e-01
-5.653820680103943154e-03
3.376640439428992956e-03
-5.856665559947866750e-01
-6.228334865560142264e-02
-1.604045649998636913e-01
3.913639039007001941e-01
2.418653371958228160e-01
-3.715845956742439560e-01
-7.038264902427174841e-01
8.903596440025690617e-02
-1.467433579621865158e-01
-8.292054272755602362e-01
-6.012692718213046295e-01
7.840741134665764334e-02
-2.328753975789461250e-01
6.071734145539594563e-01
-3.376171918056386501e-01
-3.945156126431299537e-01
-1.768242228867054622e-01
-4.227794545422722955e-02
-2.471830559945160932e-01
7.366327521272170165e-02
1.077155375956282968e-01
8.618339937748803470e-02
1.729621664943130632e-01
-3.719781045484613635e-01
8.470729443293729677e-01
-3.164281489376644663e-01
2.424595997888896459e-01
1.097430415727355807e-01
-4.291502032092945340e-01
-5.393430755327203174e-01
2.821358729649532937e-01
3.423429790146090279e-01
-7.666139841486393491e-01
-2.368438767893145946e-01
2.827656213397955476e-01
-2.795214178643860153e-02
-3.366148742935836657e-01
2.686257039638951793e-01
-6.523724166885253029e-01
-2.380066444295214911e-01
-1.574120237459242233e-01
-2.459746456872550779e-01
1.413027727927391175e-01
-4.035056969879633471e-01
1.112328626118780361e-01
2.460960947853975678e-01
-8.372433956940113220e-02
4.083276935163270283e-01
-1.996527493948854204e-01
2.590665519062012589e-01
-1.383584242415576426e-01
-6.514817871730652077e-02
4.989351705779799390e-02
-1.043022544021092041e-01
4.829008984792907411e-01
-6.099655121939828728e-01
-4.643551547773820398e-01
1.407215728748178185e-01
-1.999256985756315830e-01
-1.693556590736300382e-01
-9.787247936493283229e-02
-6.916608339806220584e-01
4.257453028767418240e-02
2.257665083483646751e-01
-1.122099133934881116e-01
-7.136585041136176422e-01
6.332541043714878803e-01
2.283726059880899495e-01
2.417256380937793936e-01
1.093035014753601930e-01
2.891166084630723554e-01
-1.403878449373369697e-01
5.940052160392465808e-02
4.608889387723762859e-02
-5.858623747941065218e-01
1.988605038246846757e-01
-3.091961525856695148e-01
1.884145383319962008e-01
2.869524813782067807e-01
3.898138918728868280e-02
-2.313566253736714096e-01
-5.627573785961603736e-02
-2.033625554022222837e-01
-3.543338810314771714e-01
-1.337862707388395023e-01
-9.215731139813024275e-02
-1.395029196706803754e-01
-1.903927744662592403e-01
-1.645948387276514602e-01
7.599245234595420895e-01
3.065797528420224904e-02
5.462199474691337500e-03
1.233005456669208078e-01
2.969074767904413270e-01
4.824543219046040915e-02
-6.657479927204370540e-01
-5.341776885043258982e-01
-1.388340574611230949e-01
-4.153426952547922824e-01
9.824527610301572733e-02
1.688690256654239996e-01
6.809300310152699431e-01
-3.240414775870026909e-01
-3.443981275977073819e-01
-7.524161251520780636e-02
2.837509447738258417e-01
4.329068510998573260e-01
1.917293036178735477e-01
-1.420790470259837290e-01
6.312352933892404483e-01
1.693644184836051447e-01
-5.406315493361277813e-01
-3.826627342481853655e-01
1.286767991815492840e-01
-4.912977471977769683e-01
-2.673322428392003181e-01
-3.379366337092380990e-01
1.214242644378563940e-01
7.532245288391161697e-01
-6.973371783731098228e-01
-4.342987770366196765e-01
7.650259535060872640e-01
3.482442920967694922e-01
7.416121971550833081e-01
-4.071323110136270129e-01
3.618424462595739022e-01
-2.484539161146285258e-01
-2.305262130126549125e-01
-7.629548480645298447e-02
9.171859240959449877e-02
-3.341967576195184475e-01
6.008264409840937681e-01
1.237938315610210560e-01
-1.997013220492320218e-01
-1.872166180393686485e-01
2.173032901779765047e-01
-3.384349746071856763e-02
2.814030392468327979e-01
2.414747812155195184e-01
2.216752436352855404e-01
6.080726815240804217e-02
-2.275567124706739247e-02
-5.261301231646005050e-01
2.216312751762410105e-01
-1.649922910403131826e-01
5.444950273371507166e-01
6.023029025318427099e-01
2.449643707473802279e-01
-3.987084205673268600e-01
3.453934233213598604e-01
-1.447746905192184019e-01
-8.282788156659065537e-01
-2.098119862059232010e-01
4.171870207144589560e-01
1.441821373324938538e-01
-3.177384515851418012e-01
-4.921835706423278722e-01
3.431977900351174671e-01
2.732204766227213089e-01
-1.908372923254352815e-01
2.066816605194453649e-01
-1.309033460779800428e-01
-5.163705733153084454e-01
-2.300630861452605258e-01
1.155723072798641449e-01
1.658013986573191045e-01
3.150883046712407709e-01
-4.823086443173716376e-01
4.337098519187685408e-01
3.142083427535585782e-01
-1.162551184712717726e-02
-5.028972858676362678e-01
-1.287695869213542343e-01
-1.849977228129949247e-01
1.501403045685912874e-01
9.904731742463492028e-02
6.408578654689294218e-01
3.722244980436368866e-01
5.833748578178652444e-01
-6.125541032351175530e-03
-2.274367570271650096e-01
-5.743035815765774599e-01
-9.255570771784495943e-01
1.864923104119244890e-01
-5.049160820469712485e-01
1.611305211741637100e-02
-1.649972458513312371e-03
5.317991814399467554e-01
-5.160852062147569530e-01
-6.799158531178830511e-01
6.857989053299309301e-01
3.249470852233545259e-01
-2.389000137558251469e-01
8.501179517440811129e-01
2.434394712740649801e-03
5.910320233744816854e-01
-2.670370973164439832e-01
4.853901601164696891e-03
1.753664800105137200e-01
2.601228020701875643e-01
4.066666925818816503e-01
-3.913888798270480085e-01
-2.419057088107332346e-02
3.591712044387070785e-02
2.651288329423015511e-01
9.114842006158864474e-02
1.700786577433429092e-01
2.807331435210506654e-01
-5.912834830468791658e-01
1.734994702282580126e-01
2.981702577329532478e-01
-1.510158225632911577e-01
1.579472936559980500e-01
3.135975083829369014e-02
-6.047440973506006401e-01
-1.323015455969024923e-01
2.611377605393967460e-01
5.078915559209661312e-01
-4.843615471610953072e-01
-1.555991667967634440e-01
-2.272719691788709917e-01
3.306520487195049873e-01
-3.553283555818484984e-01
-3.578327670564802054e-01
2.280832135368707769e-01
1.054389443562338269e-01
3.722408437800424075e-01
-3.379024271653938705e-01
-1.040809047176625424e-01
-2.148068340970546095e-02
6.660148756828455641e-01
-2.466456086273347004e-01
-6.508619882401034396e-01
1.095392980735157840e-01
3.099961292667055904e-02
-2.488214875276154592e-01
2.391735991855063054e-02
-2.896641613159681161e-01
5.917395717381915832e-01
-5.754110360879429731e-01
-1.602235170564854372e-01
3.579166202018974410e-03
5.970576569250789500e-01
2.463659187625771019e-01
-4.406321640135035106e-02
1.981658220625725497e-01
5.947194166938781779e-01
5.470230808917985188e-01
-2.674393272947867689e-02
-1.335530726105156434e-02
-1.987731586341961176e-01
7.412831480812587248e-01
-3.011082221651631974e-01
-2.653649920724983069e-01
-6.524972149910024388e-01
2.121363213620153232e-01
3.075856490402255061e-01
7.419287308382834789e-01
3.437021171358130289e-02
-1.061454710051558809e-01
-3.935532782097623805e-01
-5.891369345785650857e-01
3.221774225003833925e-01
-2.859874627277335657e-01
-3.993852460237125035e-01
6.540519839461034213e-01
-1.538741637809060842e-02
1.199226828194330241e-01
-4.455964337504610961e-01
-1.001717049817559546e-01
2.262721597186342082e-01
-2.066605887732778785e-02
-2.330513275704134135e-01
-1.153227303646894020e-01
5.524278903025304777e-01
3.534388890413643347e-01
1.423373300317525292e-01
2.176412446028869740e-01
-8.370295764319315990e-02
-2.720223082495605293e-01
4.526379627198372502e-01
-6.694438367598052331e-01
-6.332222787799122177e-01
1.113423146254504392e-01
-6.922709650634170098e-01
-5.265489663897880007e-02
4.956544036853119950e-01
7.769075567839718588e-02
2.851858517337826360e-01
-2.035100619222276752e-01
4.590488451419731664e-03
-8.552521644453837668e-01
1.610691207341160558e-01
-5.859216146494474753e-01
-6.795074337577456935e-01
-2.326172959564185572e-01
-4.094243494607594513e-01
-6.355347955407744664e-02
1.676802745086278246e-01
-4.267683053602433496e-01
-2.164087384596360408e-01
-5.763477337114922827e-01
4.162318356585771872e-01
-1.166292823855934191e-02
2.747486855387257787e-01
1.287213125509896194e-01
-4.668573300710707197e-02
-5.017540259896420274e-01
1.891123824811679482e-02
9.642416350422182425e-02
5.769706177293978389e-01
-2.327423577647421693e-01
6.680127382621168231e-01
-1.045076196620775000e-01
3.663530765656911048e-01
-5.562117768757429692e-01
8.318914605499160009e-02
1.023204052850367612e-01
-1.819462547640590122e-01
-4.008140859390036947e-01
5.775341108066577300e-01
4.005018318854539627e-01
1.797315318631909076e-01
5.454156161725540741e-01
1.385482392211425384e-01
2.756516519342650517e-01
-9.238891769333336390e-02
7.747190092363925862e-02
-3.259620783643402686e-01
9.094695232221869929e-01
-3.774850415461339370e-01
8.235193537626042670e-02
1.714981204179332475e-01
-1.006397509132406914e-01
-7.005247265820625513e-01
-1.435358347717941019e-01
-5.135316407842837050e-01
-1.742433391305794610e-01
-5.519827072449293714e-01
1.972879954560270988e-01
3.350518024385401583e-01
-2.450440103189095165e-01
-3.232354870592315521e-01
1.139403312102421628e-01
-4.682746460403944821e-01
9.601725342772705896e-02
-3.926527284384104810e-01
-1.904996850294743416e-02
-8.669351578496699295e-02
1.384743331381788345e-01
-3.125622550820429391e-01
-7.993700991188058824e-02
2.383091843293392298e-01
-3.736395371508617336e-01
-1.417305251875527750e-01
1.825761205655750674e-01
-2.504820943061377703e-01
3.506836815207369784e-01
-4.970807900235841847e-01
8.248985210327601791e-01
6.287106602714853665e-01
-2.291974852816410502e-01
-2.533672379932971550e-02
-7.321052590658859716e-01
-4.222900622421988936e-01
-3.587308227200983191e-01
5.326426621175081588e-02
7.396727209811263526e-01
-6.599528054038940050e-01
-4.066732883909149887e-01
-5.709099479057555548e-01
6.092862777749229186e-02
-5.705645184185068053e-02
6.523475504444525841e-02
-2.134093322822368244e-01
2.581572437738653969e-01
-2.061817581372211716e-01
1.078203995212930789e-02
-2.574417526078804364e-01
1.186187849241219366e-02
1.161741794122138766e-01
-2.725431446960646098e-01
3.607688104733227652e-01
-4.149051736021541203e-01
4.602226112942348069e-01
2.279821297357216281e-01
2.685733586209157475e-01
2.736720514152834460e-01
-2.496402612383010755e-01
2.607738602753451040e-02
1.519377202056162446e-01
2.159284450039195835e-01
-2.946971393244224302e-01
-7.622352771130963545e-03
7.946207465592572405e-02
9.377031336771732839e-01
2.343487373996460399e-01
1.956647993031359611e-01
3.315813971483462796e-01
-5.346408296389297821e-01
-2.337752547202164299e-01
2.508111367318564544e-01
-1.881413020566058761e-02
-1.851135211981147499e-01
6.564814626440311773e-01
3.259965399781255060e-03
1.689440806319883470e-01
4.857337051274390194e-01
5.016139038271685280e-01
-4.988224666055722789e-01
-5.020972462159323246e-01
-3.402475077239923706e-01
2.674279379853049532e-01
-2.265076624490443280e-01
-2.599054506091533212e-01
-4.556440242510857441e-01
2.713632861689020959e-01
-5.251466735030565491e-01
-8.283384043611768943e-02
3.982128477725817017e-01
-1.244402577993241887e-01
-3.884165662748690906e-01
-6.250235966606566829e-02
5.386548637762138270e-02
-5.340939588868444110e-01
1.725805087415519246e-01
9.713491662834426721e-02
-9.658730660258019185e-02
3.853125588819144021e-01
1.612989332496274908e-01
3.293150223337756866e-01
-6.191124072036328224e-02
-5.409548754115167668e-02
-1.570117671321174524e-01
2.863375108353961584e-01
-2.663493024440328760e-01
4.292006626685521131e-01
7.026669696468069715e-01
1.531597541106456406e-01
1.964018229726133824e-01
4.310089424648221312e-01
-3.823797947526084151e-01
-9.474519725994054453e-02
-7.689582865453905569e-01
1.090449866542940460e-01
4.581305775569901595e-01
-6.603891416936070492e-03
2.490154661409710590e-01
-4.153840474656536608e-01
-2.586017208530088096e-01
-5.828055837895343982e-01
-1.875059421552736638e-01
7.162498518567016192e-02
-4.007726937875387696e-01
8.355289515125648159e-02
-4.993423641575019944e-01
4.110068578778706683e-01
-1.790316562386806698e-01
3.099606704961586079e-01
-7.206332929201187953e-01
-2.813739460776478185e-01
-1.224029920125146859e-01
-2.747659313576583662e-01
1.048710884910670216e-01
-4.289215584215237409e-01
3.215609727409321494e-01
4.782060076652596692e-01
3.948882711638440624e-01
-1.972252398764184622e-01
1.009943417834284624e-01
8.961933616027126237e-02
-4.840087887162512481e-01
6.556992125142375727e-01
3.532712248354363260e-01
4.363141365260055915e-01
4.495560856950773232e-01
-2.647317412854279794e-01
-8.629512280228020249e-02
-2.027374303184316662e-01
-1.470687378142927215e-01
-4.137733759498307684e-01
-4.495314941658704391e-03
6.207800221128863261e-02
-5.308290981210680437e-01
-4.596954492085169042e-01
4.238669131548719049e-01
-3.508829398741469818e-02
2.729696242053457067e-01
3.684644874647998725e-01
4.802759937401970269e-01
5.112339072847799093e-01
6.800292219314256481e-02
2.117459200121274421e-01
5.451934939883374964e-01
-2.684252263142241079e-01
-9.690251625623538811e-02
-1.104693272759329492e-01
6.067600880930926754e-01
-8.888134832364739946e-02
8.838259999563453928e-02
2.138345458350877359e-01
3.867397530326437405e-01
2.282016762253248898e-01
1.181206144777274258e-01
1.306461962878225080e-01
-2.113950979286347565e-01
-4.307479275683871456e-01
4.018885845404646662e-01
-1.112249912648254485e-01
-6.690325169751705214e-01
1.479086045601986366e-01
-6.372064849087057947e-01
5.700769030773417123e-01
-2.243558877252413084e-02
-1.047338464704039573e-02
-2.157585132191436883e-01
2.714449055579769010e-01
1.995342069136418067e-02
5.043195842282677255e-01
-2.549453994372981591e-01
-4.853125361688395145e-01
2.734099533641666246e-01
-4.760834193426352057e-01
5.801990583263029189e-01
-2.523034547279354167e-01
-2.291300239534212468e-01
2.804870563132831340e-01
-3.345680538959325823e-01
1.715328544221144391e-01
2.855515060151275764e-01
4.467073468421449700e-01
1.411774936114915946e-01
1.151219983282061876e-01
-3.225226472311429338e-01
-2.026854890948973364e-01
4.971390791383887287e-01
-2.696486232814140904e-01
3.302422742454408366e-01
4.407407132813012662e-01
-5.476773155378433788e-01
-1.944086503348925743e-01
2.752361784827033198e-01
2.210224536261996275e-01
6.177113678223741106e-02
-4.151745507865609586e-01
6.683534314672893162e-01
2.344682684434799824e-01
6.510237835838228460e-02
3.783966234030276127e-02
-3.474259175389010634e-01
1.986758315930178265e-01
2.912746438905428406e-02
1.329483946970005936e-01
-4.072453902153127560e-03
4.199474727521429473e-01
-2.593272406355960902e-01
8.514356647378135134e-02
3.567865322733702049e-01
-5.693249179269399551e-01
4.585795856355220357e-01
4.272206680348021590e-02
-6.011870602157626253e-01
-1.773722834061367826e-01
3.998401100633548477e-01
-3.246081249519656708e-01
6.496461965086806900e-02
-6.213705836607812394e-01
-2.394977181746732464e-01
-4.677992140978969871e-01
-8.478087103833306659e-02
-6.887881978837437913e-01
-1.825944029453576700e-01
-3.794078750295827307e-01
5.326792398420816532e-01
2.412979458764085219e-02
1.533329513096588770e-01
-1.862874102284434730e-01
3.446610138707487669e-01
-5.518136490026339658e-01
-3.662836791444545326e-01
3.625707688123421812e-01
-7.345897589451730325e-02
2.813220417680183383e-01
-8.119736161968189592e-01
5.358478356419900113e-01
-2.358610356254570162e-01
9.902910473171168404e-02
-2.249960974290109716e-01
3.202691160987450880e-01
-3.742601780315661930e-01
-7.704449436419518078e-03
7.710592825552332608e-01
3.394821736177497384e-01
-1.163252105055727903e-01
-1.464828458203071282e-01
-3.835293714515435048e-02
-6.701640938438269135e-02
5.324358436216228840e-01
-5.330003740959098346e-01
-3.711121155829969487e-01
4.461771262688409290e-01
2.676545044888950509e-01
-1.085106223937978981e-01
7.790584649640948101e-01
1.711117327116733200e-01
5.979204675675851011e-01
-4.688710143532192481e-02
-2.546968819197593659e-01
1.380880468379370729e-01
-3.635165985947660938e-02
6.467397499744083067e-01
4.878437834185644917e-01
-4.016343982744313701e-01
-4.862602660491893158e-01
-1.216300756597130939e-01
2.841130431258801492e-01
-4.655911294722104854e-01
-7.622095915600773930e-02
-3.413185530732635864e-01
2.429216926967839307e-02
1.819882010942899808e-01
-2.374710777676700413e-01
-1.045820846599379295e-01
5.766444026793706712e-01
-1.947985237747653087e-01
-2.478408303307987337e-01
1.684574311195558005e-01
3.730959227879815376e-01
1.157388452046202582e-01
6.419512388780367340e-01
5.787938623359411006e-01
4.725379356363784006e-02
5.137038041087382823e-01
4.005301438417471216e-01
6.059027255925311106e-01
2.304709601764834415e-01
7.968238001284632110e-01
5.777485676534452885e-01
5.755014877961466269e-01
5.356964205936177725e-01
2.666178072238250402e-02
-3.279387635055028283e-01
1.764879802954666954e-01
-4.193550224049611974e-01
1.218076068933365841e-01
4.475521095484944478e-01
-2.852813312116653233e-01
-9.249573524426560334e-02
8.694257626762819102e-02
-3.619573125895729666e-03
4.554838955285702706e-01
4.321423591198928493e-01
4.699822632763034358e-02
1.713021052453974902e-01
2.586175625663215683e-01
4.076284239212965010e-01
6.166356102480025081e-01
4.515854092805182685e-02
3.450198936447192999e-01
1.733657651654842424e-01
3.062364418533688459e-01
1.543708727745908282e-01
-3.751151617475528277e-01
1.064088209711051836e-01
3.055940158378050997e-01
-6.262809737198921090e-01
2.027586420224243846e-01
2.935392246265545180e-01
2.473585152938554965e-01
-3.120629954201561973e-01
-1.879048193056687410e-01
3.790577980512754852e-01
-5.048362576276076430e-01
-2.556781359212108584e-01
9.232395349055175227e-02
4.251757980268425219e-02
1.907429182685324298e-01
5.296480928651980252e-02
1.531398127681881174e-02
-1.786086913270942544e-01
3.919148495115542391e-02
1.535819310902418744e-01
-4.624497281258850845e-01
-1.208696922564765630e-01
3.619886335135894841e-03
5.358431999377666344e-02
9.868919810799070547e-02
5.663201440261749209e-01
2.125270945715022619e-01
3.329222907066161086e-01
-3.389910607627262627e-03
1.669293216354635623e-01
3.795466594778698632e-01
5.006160716345350314e-01
5.530520379154608701e-01
-4.978455068437882547e-01
3.659425742890524136e-01
4.648401167459249861e-02
2.796419667082214455e-01
1.091294836285326697e-01
-9.625216710163495004e-02
2.061929042182013561e-01
5.693612820244604578e-01
5.646603839009372433e-02
4.697782926287423777e-01
6.337792285898116162e-01
-1.646976441287984483e-01
1.945001691433302371e-01
7.068347550086354070e-02
1.820983727885303605e-01
-8.535105599645934765e-03
5.441989516265717530e-02
-2.849883972128699483e-01
-3.619385614000952822e-01
1.388138744705678107e-01
2.040066413006106916e-01
-3.841330979185231254e-01
5.701921949655655020e-01
-7.286268482562963111e-01
-3.611381604790039890e-01
2.239742260887755410e-01
-6.836007332235342904e-02
-3.572297377591330814e-01
2.060635609330118134e-01
2.773074891139588605e-01
2.181999096387851611e-01
-1.740328223032586163e-01
3.525439234377187869e-01
-2.242861223200993126e-01
-3.366790645107109459e-02
-2.364974335214701240e-01
-7.849578626581613650e-01
2.529183347015595551e-01
6.090299998570803952e-01
-1.222738024592734049e-02
6.268683931184036995e-01
-5.962503785768933362e-01
-6.946606094650042973e-02
-4.242526615360953102e-01
-2.224086574873310740e-01
-3.033148305403448597e-01
1.073253819560098798e-01
6.232484263671368430e-01
3.794182233156155881e-01
