1.104576626563239516e-01
-1.240401556035372610e-01
-3.664541091851583610e-02
-3.101153138368102358e-01
2.291121854335575747e-01
-4.348448392917481642e-01
-4.816583395749298169e-01
4.574720676837342737e-01
3.821469766225115694e-01
8.890758443907100794e-01
-7.545116002385064968e-01
5.054115082553041205e-01
1.491567297686428040e-01
-3.093731849975319137e-01
7.893598863264000842e-02
1.996492285965702773e-01
-1.697108508697758866e-01
-1.067016544283820451e-01
-4.322949167771460988e-01
-7.585102304066698720e-03
6.860651269575260280e-03
-4.963086662370799207e-01
-1.816391512000677666e-01
-2.871584983866085627e-01
4.850701248595056247e-01
-6.115707180891256645e-01
-5.378487996608725119e-01
2.151337401218687551e-01
6.583605064172664001e-01
6.544831484559557877e-01
6.068900483212112951e-01
-2.273942989619232025e-01
3.228089241970932277e-01
-5.602111489154204538e-02
9.862630470886065703e-01
4.575687148046894137e-01
9.127939303042482688e-01
4.679668050844474347e-01
-9.906420696177217211e-01
-1.398494884216412437e-01
-2.023946881888704086e-01
-1.000663271795398795e-01
1.314615541985011959e-02
-8.012913995690884583e-02
-2.340621997326148007e-01
-4.632337979819949880e-01
1.967940293133976226e-01
6.874575197624116507e-01
1.374544136515993831e-01
1.886148810486804328e-01
-1.569699757206578783e-01
-1.330994754680301928e-01
4.343970954994686995e-01
3.565320595803463943e-01
-4.715485940469645032e-02
2.517104422678618225e-01
-1.968085699780076081e-01
1.774965883362711050e-01
-5.386178452497205615e-01
5.337877172570967277e-01
2.220272776135973625e-01
-3.266752803971839092e-01
5.248634594701134803e-02
4.293848598272194117e-01
6.719111570596242311e-02
1.696684502384733229e-01
1.513274319264404089e-01
3.776022866915640375e-01
-8.385144699896158738e-01
-4.223669791350919550e-02
-4.743023548500420183e-01
2.085783459570274279e-01
-3.325923372231049391e-01
-4.058370239448420014e-01
1.300690196605294169e-01
-2.737196441255357882e-01
-2.593638039790779892e-01
-7.850740368013907622e-01
-5.178218096747031485e-01
-6.191727773361848097e-01
-2.172727116115324292e-02
-1.178516582158914416e-01
-2.655008105482850600e-01
1.232006028813784626e-01
3.208171746418810311e-01
-3.786509129682259084e-02
3.250523082884657078e-01
-5.710922670735690820e-01
2.231784807546343952e-01
3.919653452231127710e-01
6.396645951504983385e-01
-1.974453375627565482e-02
5.044924923808015160e-01
6.220905040278151832e-01
2.201790224612861779e-01
8.190052327438898661e-02
4.837492473609911192e-01
-4.124546472328147750e-01
-5.964592501800483060e-01
8.030125946224436762e-02
-3.615612072654779685e-01
-3.753997411592961964e-01
-3.592452866476768536e-01
-3.643899794179803475e-01
-3.423018287291809125e-01
-6.591326234366594594e-01
-4.613018291427368189e-01
-6.681457376712114371e-01
2.856918175780274183e-01
-4.332648418336132456e-01
9.344220140189093970e-02
6.497835385751268289e-01
2.494393748327524973e-01
1.704281302955746313e-01
-4.694690748875637309e-01
-3.438362667026029218e-01
-5.645600564683567191e-01
-4.393183885720435833e-01
-4.115984749662299214e-01
-2.856390571681608481e-01
-1.680399347156747991e-01
-5.555375760748854086e-02
-4.205391032031827181e-01
7.255002286560600089e-01
2.460872119175234740e-01
-4.984817369393508835e-01
-3.264099035303432150e-01
-4.071999479957583712e-01
6.224887054362409078e-01
1.576358729731727193e-01
-3.183952472080282536e-01
2.038261171556399187e-02
4.911256830146530639e-02
-9.190345276672997610e-01
-3.997368900945351688e-01
-2.817472346426900254e-01
-6.267464817794791976e-02
2.394348393393885277e-01
-1.433100351001707073e-01
-4.337998232758946693e-01
-6.378183391571762284e-02
-4.455695758940411699e-02
-3.719469965156803615e-01
5.327556861041760072e-01
-8.173584499668956616e-01
2.327405270197418496e-01
-5.152767502491970575e-01
-9.481233988684925063e-01
4.527761778539927118e-01
2.476615138355167112e-01
-4.349518103177826278e-01
2.670403514402998058e-01
-5.335685769132620937e-01
1.820527073934567197e-01
8.398459278731753574e-01
1.084905308724278150e+00
-1.748352902602999803e-01
3.588483589134229268e-01
-1.147375765103659379e-01
1.103651886772240021e-01
1.249215008365816282e-01
3.157664025245385808e-01
2.318733867972230245e-01
-4.285561715729112597e-01
2.226164383374135414e-01
-1.692714510634861780e-01
-1.860550108792783097e-01
4.396514328187549614e-01
-1.217628198384684834e-01
1.668166334575676701e-01
1.954185875676190398e-01
1.142796133766899869e-01
-2.133358147451502040e-01
-6.551090415219316121e-01
-1.011418640487419113e-01
-6.225286869712679527e-01
-3.357545746094762751e-01
-1.750989285168595422e-01
4.087818807201346050e-01
-2.949098900788511002e-01
-3.925256668134528004e-01
2.463967494794395280e-02
7.145829948440243218e-01
-2.523646502889772547e-01
8.473880980466599877e-02
-6.811893719845151240e-01
9.009426647830903745e-01
-6.417961437138740566e-01
-3.265838866850162558e-01
2.787010921992002510e-01
1.774785346919196538e-01
8.983539553854675841e-01
9.755451545579147954e-01
-1.001482902696569643e-01
9.249293820991066895e-02
3.452482092322928242e-01
-1.792357250125200530e-01
-4.493194768612052137e-01
2.534455567616206717e-01
-2.195500166698085287e-01
2.311779722136127480e-01
-4.017553870850211761e-01
-5.499863545431535328e-02
9.285234054883617638e-02
3.113384906452520973e-02
1.312565571669425113e-01
-6.039076283228356212e-01
6.796433320146177959e-01
-5.631975886125714093e-01
2.525660024221425548e-01
1.851884541474642376e-02
-4.935155164187491478e-02
2.239722159506235266e-01
-8.042371086110174927e-01
6.274106890089807820e-01
2.485566117996157454e-02
1.412311129092419792e-01
5.928504850381956931e-02
-7.558037416797433461e-02
5.610664580928257372e-01
-1.135857598394118539e-01
3.353391649875718805e-01
5.924079521545353444e-01
-6.395451955019469947e-01
4.530536822465032198e-01
-1.959196837909346622e-01
7.552386658270469066e-01
-2.830779066746842432e-01
-1.597920381381347232e-02
4.190800517719308060e-01
-3.201002784878359542e-01
-1.442866723283225960e-03
-3.400271352622933480e-02
5.687220399276449179e-01
-6.854751408532573365e-01
-1.482251340246575622e-01
4.376092270452561772e-01
8.766611726897117762e-01
1.728361618461245475e-01
-8.259148157073943342e-01
3.845455716521611889e-01
-3.495528932994291793e-01
3.804637898918873384e-01
-5.599002098618490741e-01
3.722618714078877039e-02
2.356723907654923456e-01
-3.434176949330498552e-01
1.675371923307100164e-01
1.993053959775731299e-02
-1.781926656253923769e-02
9.922580003630226964e-01
-1.485893485525116020e-01
3.965695315037445767e-01
-3.308410507842840520e-01
3.084155096585371458e-01
-6.259108249885554365e-01
5.020628894361780503e-01
-1.451359200426429602e-02
6.137770646701906641e-02
-3.935290352401221714e-02
-9.317559329885538588e-01
1.669025467697764498e-01
-3.663542208175843418e-02
9.407067487116088644e-01
1.032208686533954423e-02
-3.293721004739166847e-03
7.115584200298424866e-02
6.583568230082371686e-01
-1.513645952092292080e-01
-6.189787196705649475e-01
4.190554325571357874e-01
-1.347070414663769922e-01
-4.133431596935205898e-01
-8.430677730331065378e-01
1.193175064851073261e-02
-3.739003926760108010e-02
2.208012271200924248e-01
-2.704179930321372327e-02
1.240641994110210783e-01
7.445727769066508017e-01
-1.913407933928732430e-01
-8.768853248571811809e-01
5.328946709572577323e-01
-4.467801894648978367e-01
-7.561288697895635069e-02
-1.373885558155970021e-01
-1.645546691741821832e-01
4.843982764414740405e-01
-1.207077293399301809e-01
3.692256599139404072e-02
-6.682849439953394421e-01
-2.808649782499020864e-01
-3.074979034711634585e-01
-8.624725979771361573e-01
-6.937475536158950185e-01
5.649886966371041597e-01
7.173623076374183727e-01
-1.079286916119131634e+00
4.501884557406646836e-01
-3.693666894722620886e-01
-5.558210677889494633e-01
-3.649469015786439008e-01
-3.665253291272496106e-01
-4.944761454922251276e-01
9.237898023433150918e-01
3.537732604075670140e-01
-2.127550305658530150e-01
7.235570579209957276e-02
3.594408272024102735e-01
-4.228830187127028545e-02
-3.758810081714072937e-01
2.375247767738816185e-01
-9.438077591254647736e-01
-3.664218190317513058e-01
6.100432651300511377e-01
-6.317657176014507270e-01
4.724239691578430156e-01
6.206413570247200084e-01
-2.486402816497010893e-01
3.040136869757291693e-01
-4.987690889521612658e-01
-4.094298011055723385e-02
2.239042203363918182e-01
4.840393004955190759e-01
-1.503517967374340403e-01
-3.293935720530141165e-01
-3.529408619598545238e-01
9.830948118664487034e-02
1.371471178923346357e-01
-1.665162750579781692e-01
4.638542412216827282e-01
5.457574783881161684e-01
2.166589873406177535e-01
-4.304620536039110434e-01
8.682135966374537883e-02
-3.382038318416538680e-01
3.728481783076279671e-02
3.750203646802044988e-01
-5.958347572381280655e-01
4.776647155535344164e-02
2.892128267194111202e-01
-7.259796925587644334e-02
5.705042609613668603e-01
2.250687371070193010e-01
2.025539984117980252e-01
-1.289840267256736617e-01
-3.439938446735027466e-01
-4.093231775950395557e-02
-3.443148477746093006e-01
2.593440224657569959e-02
-6.999811988083668446e-01
7.822796996350983578e-02
-2.235438967111771924e-01
-5.486814205691949997e-01
-1.315856645931344771e-01
-3.578292374992707026e-01
-5.013514406539198998e-01
3.402321457468370225e-01
4.681428773644172314e-02
-4.369933032060590583e-01
1.143201056571117036e-01
-3.034925156136831781e-01
-1.819351657327637761e-02
-6.661071735380942604e-02
-1.001033807024665379e+00
-7.761076868808043372e-01
-2.561972696487779255e-01
-6.483220115130616801e-02
-4.664739845875064128e-02
4.437313319596912775e-01
2.009843752506695058e-01
-5.272211931578806299e-01
5.668157871122405655e-01
2.654272996158996700e-01
1.080213280666769277e-01
-3.210613235142691368e-01
8.491216681805241473e-01
3.864760907584294802e-01
7.639045330918243781e-01
4.469438863800953010e-01
-4.580730270343945087e-01
-6.111149811459324344e-01
-2.759940047093306648e-01
-3.193303839604216821e-01
2.064140798948392586e-02
-5.902042475580543401e-01
-1.263864027385597222e-02
-1.195047652911647579e-01
-7.550688598701278398e-01
9.842910482596324562e-02
-3.214850104860841329e-01
3.481867897971577253e-01
9.717855887859794262e-02
-4.940778557018623562e-01
-1.982062501768299123e-01
5.321736239636609689e-01
-2.701397317864315945e-02
3.208254925529858137e-01
-1.104340967197690038e+00
-5.689509201269413730e-01
2.498234022932596388e-01
-1.646575172236035278e-02
-5.165092306420230317e-01
-1.721319292910761245e-01
3.855695123380489808e-02
2.826532706277431473e-01
1.068076184329647405e-01
5.829972016934203971e-02
-5.135416306617816007e-01
1.839320367154531621e-01
6.249996791128777929e-01
1.132554386808797831e-01
4.767975555719054515e-01
-6.600223246854720616e-01
-1.851610862666988877e-01
-2.483142400980287157e-01
8.789202914602588512e-01
-7.004868964877428716e-01
-2.420668642455205966e-01
-5.168717699769905805e-01
-3.052346379831964024e-02
-2.761581654548122544e-01
-2.550122613229374169e-01
-3.826475723651016070e-01
4.204232690984207599e-01
2.065076704003535601e-01
-2.215749462111747392e-01
6.108845798157461759e-01
2.473411835903275846e-01
-6.283943956990918622e-02
-3.647515017980956231e-01
8.006265805568707483e-03
-7.457339286547696178e-01
-7.430228853336293682e-01
4.113509089304468458e-01
-3.474039629220479486e-01
3.284493000081508129e-01
4.835586239587529866e-01
1.086252022599014100e-01
3.309119773038902701e-01
-4.189467893152792888e-01
2.590015344051849189e-02
2.564696004241617810e-01
-2.521598629481726639e-01
-4.651145310957946477e-02
2.333456914396957183e-01
-5.278576410898603299e-01
4.828370207189033175e-02
-3.845641689353055392e-01
-4.431801587644247920e-01
-5.667397614562141861e-01
-4.122006712936050477e-01
4.925758542005304608e-01
3.175455993497571239e-01
-7.347462668894184645e-01
2.184384337371122475e-01
4.283118056922277095e-01
-5.178135197876048146e-01
-3.959198761159750668e-01
4.701542464663250875e-01
-2.307522468177695407e-01
4.894070373702566479e-01
2.981078739856201643e-01
-6.327401361875852892e-01
4.687770761560358102e-01
-2.499108390528748669e-01
-2.737852052287598204e-01
-4.979570466025637909e-01
-1.079015310046609333e+00
-4.418753602760276400e-01
-3.064101622785064816e-01
3.014619747556028240e-01
-1.055032780898318867e+00
2.896430704687751323e-01
1.090804409270897946e-01
3.431877581061170690e-01
5.512793671909308468e-01
-3.288203228627283869e-01
2.956582270883895136e-02
4.037806147366081178e-02
-6.141030779970402254e-02
4.370643379695752229e-01
5.862891838569429526e-01
-2.660227372584845762e-01
-7.721684205646403565e-02
-3.717618147909667048e-01
-5.568681120799018336e-01
-2.241836277208304196e-01
-3.799297342869849964e-02
1.814922696449794703e-01
-3.928023454155913363e-01
1.084118008561762991e-01
7.468469309540523016e-01
4.071267595660936767e-01
6.799100908246087371e-01
4.336509270048924947e-01
3.273825126833232457e-01
1.971185297631626587e-01
-1.430236814000300227e-01
1.459216574900050190e-01
-5.178560094137850678e-01
4.139645128617654990e-01
-4.477959942649272773e-01
-1.714929983509171363e-01
-1.773959611414023696e+00
9.500873706011044861e-01
2.593650793476812155e-01
-1.570641900809002511e-01
3.533311198686517884e-01
2.458402880917701094e-01
5.359264070119734713e-02
5.338847733460108658e-02
-1.730684255907132263e-01
9.668512808216089827e-02
-3.116746691232447075e-01
1.636616515673873784e-01
2.110884531893273963e-01
9.437450698811584993e-02
4.828801841984902143e-01
4.105537198366006613e-01
1.053170614971596475e+00
1.946018486608378992e-02
9.555810405239666405e-01
-4.683366430632649458e-01
-4.779491332218517574e-02
3.504264510795513932e-01
-1.735645074344239203e-01
-7.266595773457300289e-02
4.442374293558099541e-01
-3.670147037960508896e-01
-3.330694980679084205e-01
2.975916129544838862e-01
3.362670468884520480e-01
-4.821701702417868773e-01
1.935186411812437612e-01
-6.251678483550606735e-01
-6.628483884466940257e-01
1.445968480241267007e-01
-2.507891598156585800e-01
7.448856516873400557e-02
-3.610026985097428143e-02
-6.487972269871970787e-02
-2.712138845920157859e-01
2.601950138322794981e-01
1.260435041378785426e-01
5.619854577548650809e-01
-5.142252010576459087e-01
5.558913865421594158e-03
4.681433380193952276e-01
2.834062396213667401e-01
3.084615134899644784e-01
-2.837974189277290282e-01
-1.428121340934613848e-01
-7.956309336584322933e-01
6.358653106499762009e-01
4.400041366074984861e-01
3.309846373584041657e-01
-4.497904643310005612e-01
2.197443565955961020e-01
1.338511678919062364e-01
-9.966815500888213109e-01
1.356120343824075425e-01
5.107668688273517832e-01
-6.258294430984071011e-02
-9.262851798404017623e-02
-2.614095762447280480e-01
-2.748910851357607571e-02
5.725441031653261126e-01
3.143437954987082228e-01
-1.243043069507796805e-01
-1.379746567769346566e-03
-7.793657076168919451e-02
4.991285689480140508e-01
-3.144926354678482250e-01
1.153081019292500287e+00
4.155566111735685131e-01
-3.324416580533326449e-01
7.550449432987823561e-01
7.377497340121197400e-01
-1.584678948561534517e-01
-5.561247874818558978e-01
4.168022399696972857e-01
-2.392179507887082779e-01
3.747561151376139765e-01
3.554232364098323105e-01
-2.306847870483527407e-01
-3.919082197415782454e-01
-5.651311177408686603e-01
-6.347521739396224660e-01
-1.557855153548109994e-01
-1.640471869523062176e-01
-7.357810080909442663e-01
9.504994990985379810e-02
9.249099379027539425e-02
6.186580066491567109e-01
1.738117062108268662e-01
3.886467270813822594e-01
-6.723427325201712934e-01
3.635498044430580666e-01
4.502980783397454445e-01
-4.912748373336560115e-01
2.179758705014500364e-01
-4.435608683371412009e-01
3.794594160966625607e-01
1.381811807379160761e-01
2.146463219250505094e-01
5.830027013447316442e-01
-3.185272891744139745e-01
-3.356854771262559600e-01
1.088345661600328418e-01
-7.584497235561454831e-01
7.074600943753736049e-01
-1.558472075059232423e-02
3.081756351105424674e-01
6.217841520771579811e-01
3.751911173287771073e-02
-6.575460364897770527e-01
-1.046011306430382648e+00
3.891445858737566654e-01
8.979186557043523642e-01
-4.526940424287209663e-01
4.001786222221159206e-01
-1.891998756479900401e-01
1.946787650350890186e-01
1.305291743449413511e-01
8.431755717427624752e-01
4.733305146379287454e-01
-4.433190154167236385e-01
-3.020636492300654008e-01
-1.752144644680632135e-01
-3.228351285847253505e-01
2.720923554148080847e-01
-9.114804756960523391e-02
5.927937637148228411e-01
-4.271482713431128397e-01
-6.457637597896699333e-01
5.388932013360117068e-01
1.348466762123294860e-01
-3.392621908242111073e-01
-3.932211308070769629e-02
1.734446558988915477e-01
-6.315864083660681638e-01
2.956728947010055508e-01
-3.826943317844225811e-01
-6.995780632403203469e-01
8.234526431457017681e-02
6.627579028757623059e-01
8.013385649196218541e-01
-7.385724730542888583e-01
-6.100720885963913931e-01
-4.613984317325930951e-01
7.212547778498770157e-01
2.500412033470342799e-01
-5.042339788029723269e-02
4.772077349055611761e-01
2.016061996148349189e-01
-3.752196986157149694e-02
6.543223122271344394e-01
-1.970501352141784124e-01
4.431103379440666790e-01
3.639795459610651873e-01
5.089183028662638275e-01
-5.770017039067433240e-01
-2.307489462360435006e-01
3.467974830719758317e-02
-2.315317342844643023e-02
-4.926991860845200688e-01
1.965557220085683010e-01
-1.662791917981097378e-01
4.003301164603470519e-02
3.380513260941808706e-01
2.874512783813095163e-01
-2.242275981225187731e-02
-1.204273517350755163e-01
3.225249965344525460e-01
-8.380206237670287939e-01
-5.553266146111900392e-01
-4.132330496147794408e-02
-1.086349347826186945e-01
4.999914063186756685e-01
-6.471738401966189436e-01
-8.813527183092421946e-02
-8.676858219449748999e-01
1.838222181006361478e-01
-4.507056441924358614e-01
7.730314660163642992e-01
-5.536870182198780910e-01
-1.978229287368118983e-01
5.611140556298837012e-01
1.237356527531571770e-01
-1.114744714795276315e-01
3.580295794727911263e-01
1.027952688300523554e-01
-1.884432371203590417e-01
4.218418781272296192e-01
5.637861154903824057e-02
-4.731229121840993534e-01
9.399298832266270720e-01
6.743850671961859611e-02
1.951747613735854148e-01
4.927491781126099313e-01
7.159006509973874222e-01
-1.655171513877697342e-01
-3.085552757495820253e-01
3.953565565565749229e-01
8.197857510376886925e-01
5.808722673817843241e-01
-1.630115650877602462e+00
1.829873528356472101e-01
4.928270757632673416e-01
2.319742665847785434e-01
-4.378597677192695714e-02
-4.736554213776303368e-02
-3.639877685702747057e-02
-5.440814535336696567e-01
2.656835250333973442e-02
5.353589260014108842e-01
-1.067540762902592588e+00
1.160447590722178957e-01
-1.105935277919801174e-01
6.392148583013919083e-01
2.779061609313278614e-01
-3.943981961465005126e-01
3.371331300388241692e-01
5.468517583030891860e-01
4.353722034373462280e-01
1.720811740689188463e-01
-7.883471942375767094e-01
5.289808979203969308e-01
5.784979430184367111e-01
-4.569047249809210509e-01
2.119491167525997533e-01
3.900663546065531451e-01
6.740330862701629511e-02
2.846678225901699277e-01
-4.140772504740986015e-01
3.402692359969341496e-01
-4.744110499568650607e-01
4.798282545080634343e-03
-3.124325988934929521e-01
-9.078310597306393781e-02
-5.317475321229773177e-01
8.928806129746142961e-01
2.783064614627672045e-02
-2.344694170506286535e-01
-7.290347545229124426e-01
1.218570281375737974e+00
8.283300698237427984e-01
4.064374826185539469e-01
-4.358275648375320444e-02
6.762594432198536509e-01
-2.735317527339378163e-01
4.194697281069569850e-01
-5.694683589083139319e-01
7.969722128513191395e-01
1.604556879348242593e-01
2.035423544835339160e-01
-8.158776787463620783e-01
-3.869349911629791916e-01
-5.111260052292889711e-01
2.015878959625549971e-01
5.602139894943594101e-01
-1.033922560880874975e-01
-4.344157516402911146e-01
2.127110121819489330e-01
-5.884646486571635249e-01
-4.850588981311494408e-01
4.428680878528718501e-01
3.078374296189617665e-01
-2.770515071501690740e-01
4.158480419739683520e-01
1.582181221808645066e-01
-4.074508858905439568e-01
-3.255291167357863280e-01
-2.277807004718063189e-01
-7.955980488881670976e-01
2.298218097769332557e-01
5.110127152697471198e-01
3.089726926542087360e-01
-3.567051147521010379e-01
1.750630034109293132e-01
-1.576158290421866837e-01
-1.605655887736987756e-03
-6.173320550376730498e-02
-5.858835910171403261e-02
1.744781176064063022e-01
-4.649684793489203272e-02
-5.111142263451846635e-01
-1.406223354129591818e-02
6.343535145754151117e-01
3.903520076099136205e-01
1.898064658760405254e-01
5.251547548748635164e-01
5.016948811982446799e-01
2.936930664374890476e-01
4.278126245706464492e-01
4.203397613470431782e-02
-2.191324679718357760e-01
-8.047614639783996771e-02
-8.806850612101164710e-01
-3.225071043886291733e-01
4.863721941910033597e-01
-1.771902532967990773e-01
3.289067822480133962e-01
8.649047483256433466e-02
5.673372709914236145e-01
-8.039249526184746308e-01
2.976132018420942771e-01
2.072156055803808794e-01
4.095531229713704202e-01
3.692982666175319562e-01
2.368439710278356647e-01
-5.410159423697735726e-01
-1.142378662461557698e-01
5.664777043389349620e-01
-4.284891062311193544e-01
-1.237123881276930570e-01
7.670870567839360721e-01
-1.868263586204683135e-01
5.845843693586124656e-01
-8.620321492210682168e-03
-3.215779959793108045e-03
-1.908679226533628315e-01
6.535150208711570929e-01
1.219583945761029131e+00
-6.052147694964739033e-01
1.129477383011223468e+00
-7.297280180753195067e-01
-2.805440688211507938e-03
-4.501946525752112405e-01
-3.959449696627859172e-02
4.020734785437920511e-01
-1.025159402212374893e+00
-1.581500765261393548e-01
5.149132034045103001e-01
5.283446952679905079e-02
-2.524564841766084311e-01
6.908505294243583172e-02
2.055965164591848082e-01
9.851456215799478944e-01
-5.324336290445941255e-01
3.418959441244928121e-01
-1.244153303363393359e-01
9.097975797453250468e-01
-1.817330652680521075e-01
5.131799477145446708e-01
-5.065621103555163485e-01
-5.837449687078718474e-01
-3.488980234215946497e-01
-6.451706720427981268e-02
9.897686749703929476e-02
-2.767625227499052598e-01
3.238010732404434378e-01
-7.080273158446226400e-03
2.980227543444016747e-01
3.136237066022645736e-02
-4.085550673045003633e-01
2.746031883850815203e-01
-6.278430394813501181e-01
4.626578839047701397e-01
6.217962227113139617e-01
-8.487323004659358405e-01
-7.193955587312402811e-01
-1.202184198254112879e-01
-1.351708512621874192e-01
-2.028268453040419084e-01
-1.228937497433288117e-01
-3.289118319308487193e-02
4.578558243780635473e-01
-3.925068244054179534e-01
1.619255309313911428e-01
-5.165842436232221946e-01
-2.576863763500220408e-02
5.216011466495016347e-01
-6.057178967058350905e-01
-3.380777376188083272e-01
4.486772801667876509e-01
-3.384512009530253329e-01
-4.398893827140832324e-01
7.515061557029520944e-01
-1.330773308258855758e-01
-2.988467487000213696e-01
-9.471361226703857161e-01
4.339925038700142013e-01
5.897856105528315185e-01
-3.193975476212070896e-01
-5.595899979733678919e-02
-1.784187211061557532e-01
5.157217885627968235e-01
-3.093911355548238928e-01
5.089208908637408157e-01
2.040615708246593107e-01
8.257216134770126170e-02
-3.401854683469474616e-01
1.327434779422414501e-01
1.935684427563445220e-01
-2.596854537049531064e-01
8.638871104338304852e-01
1.599058761430558473e-01
-1.828707099830168548e-01
2.478338389457857005e-01
1.361394744787090272e-01
-4.820346147878808996e-01
-2.524367243174347256e-02
-2.445264925079598251e-01
5.717532997117903415e-01
-1.123402365812810888e-01
2.320886304739583905e-01
-1.289291565840899878e-01
1.918500659777981621e-01
3.832763488211800573e-01
-3.007880933475651219e-01
8.309694549992113766e-02
-1.145886841384521071e-01
-3.556334409761660598e-01
-4.316982764459491584e-01
6.166721186468883120e-01
5.270563176905489478e-01
-3.826022215908831958e-01
-3.713402365581952025e-01
-1.212812777235150324e-01
2.660982265062156737e-01
-1.012166458949997683e+00
-4.960265881898551221e-02
-2.544854592046350561e-01
-5.606420837811411373e-02
-9.708162631921379848e-02
7.066232670631396318e-02
3.012323471576935363e-01
-1.086634845448875231e+00
-4.639162444912984240e-01
-1.820719149129345071e-01
-1.185124357878745427e-01
1.013812895554919991e-01
-4.095771119248819980e-01
8.420812395988170884e-01
-2.227365355599973396e-01
-4.712576802174071600e-01
4.007735244584660350e-01
1.717400582321407243e-02
3.350750402783201354e-01
-6.697152360013720607e-01
1.842057794843474094e-02
-4.050611844519593774e-01
-3.592106995070261655e-01
-3.994196017067410676e-01
-3.940453959575506704e-01
4.862243226138397711e-02
-1.297015856605172879e-02
1.485010406773367153e-01
-4.921844628947251721e-01
3.201448190564111784e-01
9.265807209474588579e-02
-5.753586655351708434e-02
-1.101838471507575329e-01
-3.968634880261247277e-02
-1.090367810561848338e-01
4.640286355123688367e-01
3.632938048366056716e-01
-6.517002672254819384e-02
-2.781525624040467881e-01
1.176323951614414720e-01
8.568977562668159687e-01
-1.627618146937911126e-01
-2.361212682987448019e-01
-1.867016313979907166e-02
1.893348254823377541e+00
6.336754347554695022e-01
-7.117642803618529079e-01
-8.233538501981509938e-01
6.498280007138148573e-01
-2.065216943810871675e-01
7.101028601248360328e-02
-3.869406462349868625e-01
-2.219252474246992124e-01
-1.528001983279644593e-01
-3.103085738478081335e-02
5.774143845947286025e-01
1.070167968450244755e+00
-2.382259496461288650e-01
-6.205251545473813302e-01
-3.907298011097765089e-01
-1.976446874954935484e-01
-2.912317409616215214e-01
4.386665943462784156e-01
4.785045910858572171e-02
-1.070829919746346892e+00
3.272091903339670038e-01
-3.029876905263182985e-01
6.128132183170080793e-01
-5.181321104034317671e-01
-1.862347823785481249e-01
9.867862643791409927e-02
-4.556872656599608162e-01
-1.668201180055137733e-01
-5.501313493109680763e-01
1.584379531120035933e-01
6.897533721628168468e-01
-9.272684065474556814e-01
1.998025516598702644e-01
-3.616108909671538751e-01
5.519854327154287699e-01
4.610047434785424086e-02
-7.239617002253662115e-01
-1.181366284836635888e-01
-5.295938179866459539e-01
4.342749939968865713e-01
-3.093929801112318412e-01
1.943611259625056265e-01
2.052397548152568724e-02
-5.337236629475000660e-01
1.369610135573783583e-01
1.980637545195894356e-02
-1.945774942206019431e-01
-1.629042122959215577e-01
-1.200460811401121153e-01
4.580482968681677813e-01
4.236174575949858134e-01
1.357032917876103140e-01
-1.900553259159017405e-01
-3.415611079808755779e-01
4.449994291414696712e-01
2.710518144357259018e-01
-6.858792818684402715e-01
8.478395986702007558e-01
-4.509659854279911562e-01
3.333660820102372913e-02
-1.662399877560331585e-01
1.510545902241252902e-01
-3.858669173375553485e-01
-3.047953676668800349e-01
-1.607203460369231729e-01
8.367577723051605743e-02
-3.745198239860335621e-01
-3.348591925686163484e-01
2.754809660365512558e-01
5.281969783970057453e-01
-6.162941030022934391e-02
-2.940273081414065959e-01
2.625221363977180977e-01
2.475078182994457920e-01
5.104977093547069522e-01
1.298357219988175437e-01
1.684248277581775199e-01
-2.846098614030220242e-01
-3.322745341920833040e-01
-4.371217450954450467e-01
-4.065290923944700485e-01
5.431953622449903207e-01
9.414346750927747587e-02
-1.628687514744423526e-01
2.916211700787781913e-01
2.164869301415330294e-01
-3.617550537140049038e-02
1.065048248653550633e+00
-8.284713091912088156e-01
2.878050091939445831e-01
-5.311724098930159510e-01
-1.862220389875229309e-01
-3.954471304709480939e-01
-1.563234607686419531e-01
2.385602240606637670e-01
-1.060444815474781421e-01
9.346567264335446934e-01
1.101424071819213202e+00
2.259023014149917352e-01
2.078415696027176851e-01
6.618025052219398408e-01
5.639638995234100977e-02
2.158808076576930191e-01
7.786396077526770432e-01
9.257613279961972585e-01
1.518108910597724126e-01
7.073736792680425101e-01
7.240710276682374991e-01
6.195104514954953567e-02
4.525631634730142849e-02
1.310391523986034756e-02
7.869003388430402257e-01
6.299860038324932576e-01
1.073018796959211318e+00
3.797491419440177651e-01
5.289821536082691678e-01
-1.326480710278366004e-01
3.889674151463409224e-01
4.346913996069144970e-01
5.095404119616209204e-01
9.600734265484869301e-01
-1.804862662165106213e-01
-1.473245059023317038e-01
1.157633617237191492e-02
-1.384245869212949454e-01
-3.503373328499617134e-01
4.840711295227180244e-01
3.238237954915521022e-01
-4.358394200872516833e-01
-4.128143147678796643e-01
-1.679244709856585471e-01
3.480310877199281894e-01
-1.114800969659147378e-01
2.873205694166168778e-01
3.185250453047807073e-01
2.009964618688314109e-01
-3.577126821402486501e-01
3.726836354793652273e-01
-1.427274625429334476e+00
-1.475793099260895580e-01
3.455011104279199219e-01
6.072745445013039145e-02
-2.032356443301472915e-01
4.183362602459512747e-01
8.441329261374358461e-02
1.410384146696876118e-01
-2.627497678876905551e-01
1.822278255738379871e-02
-7.286107743165900485e-01
5.788927102496502775e-01
-1.118736500930414129e-01
-2.217867673464666289e-01
4.654799863577744889e-01
4.387437789135787969e-01
-1.728048290880183635e-01
-4.231186383797354011e-01
-3.580585397535114844e-01
3.503245210482550803e-02
6.457305863083148689e-02
-5.805301980653878591e-01
-4.409625264788655796e-01
-3.733695941648892402e-01
-1.975681259439571735e-01
-2.813899258648808743e-01
-4.972076886362333803e-01
9.717302671156577420e-02
2.207775353526091333e-01
1.573713073251174488e-01
3.754204041055435592e-01
7.495719107299466666e-01
-5.443779507977632159e-02
-3.200529533335914056e-01
5.539508164607435114e-01
-8.499930539347907987e-02
9.796964181837886088e-02
-3.497481688176071746e-01
-3.364001326596060548e-01
-4.800570147592804759e-01
3.260625462752968495e-01
-5.601870149238750984e-02
6.892866628850565780e-01
-1.574642996856641941e-01
2.389583578672882791e-01
7.608088527573945159e-01
-2.846185795371436456e-01
-2.580651467065606108e-01
3.522735129772893714e-01
-3.308193715978399174e-01
6.214862926555583811e-02
9.164736510791263169e-02
-2.385389034500279004e-01
1.673359345677478960e-01
3.255513798607290732e-01
4.867426179580175427e-01
-1.487247919950847874e-01
1.201738198285313697e-01
-3.988585932395818379e-01
-3.689897439241877075e-01
-6.708720985333798126e-01
3.468369822536204183e-01
2.118549667652786517e-01
4.648574794688581369e-02
-2.266104682042175966e-01
-6.910981729332703605e-01
2.942831110021318919e-01
-7.779786276549069957e-01
2.396180402392343034e-01
-6.900554432032270924e-01
-5.997266593265516976e-02
-9.355593958072303540e-01
2.554903299275447237e-01
-1.199272290807315011e-01
9.601267097086851887e-02
6.428946281328906664e-01
1.081145530759289208e+00
-9.039143546606062674e-02
-4.848740991367687103e-01
-2.549339974701943512e-01
7.619754003528121933e-01
2.812132296646751572e-01
2.156872348481994606e-01
6.109443568401269342e-01
-3.253769259687865345e-01
-9.124270484469709785e-01
5.963356383939479727e-02
-9.603149325530158098e-01
-3.265567021815529714e-01
-7.117653124208826732e-02
-9.738654076467225806e-01
1.491225936831600818e-01
1.673939411170395630e-01
2.540422463482235327e-01
5.852138946172623368e-02
3.193712850365931777e-01
-2.747377208107877333e-01
3.703794895548347121e-02
-1.968723639717054330e-01
7.268883396847501677e-02
-3.234162753140502056e-01
6.461536543846043701e-01
8.792268745783086148e-01
-4.144870343484775010e-01
-2.604073524789948246e-01
-2.999064743334577954e-01
-4.254969394956589213e-01
5.536641161593690574e-01
-7.832708560510243112e-01
6.228746498339555737e-01
-3.297975328422582675e-01
-3.572476922187010628e-01
-6.341338269180495368e-01
-9.430779693715938272e-01
-7.639772815142790163e-01
3.277094809307624645e-01
2.337053170131224711e-01
2.990262310007529289e-01
3.521851508245079643e-01
-9.124248449919232506e-02
-2.488528233247118415e-02
9.450964202692102578e-02
-7.631460941426598810e-02
3.996541677530882630e-01
-3.762155514630969311e-01
-3.086869736326235125e-02
5.179681818096503187e-01
-7.566497374822966915e-02
3.208813845864708636e-01
-6.568935736808260151e-01
-5.955441740287686914e-01
6.054790469613815507e-01
-4.212023763984555913e-01
-5.735922347785012143e-02
-2.415869576956858888e-01
-6.013497512385213017e-01
4.043844091020579179e-02
-4.622828862913472281e-03
5.318573804569097785e-01
9.731013087670560280e-01
-4.252628004577670429e-01
4.784673330783137390e-02
-3.974177322551250002e-01
-2.622260549399003104e-01
5.783729426654041772e-01
-6.412807581728794393e-01
-6.452190322733357686e-01
7.305300938777440356e-01
-4.715223781755987220e-01
-3.405687779235311297e-02
5.652037726046751226e-02
-3.406954704705328352e-01
4.414289536720930052e-01
-1.765868742567864580e-01
-2.628563836060660019e-01
1.335277277133078977e-01
-6.500134673445863154e-01
-3.272662191533058373e-01
-4.229477598806279381e-01
5.019236546300732682e-01
3.474268046190983616e-01
-5.677313853415905803e-02
4.849756080335845820e-03
-3.047549933382319165e-01
-2.300266542229767452e-02
1.239060960559545121e-01
4.437616225347481430e-02
5.630746728692170855e-01
-3.410172655558653398e-02
2.693306496853982157e-01
-1.653669339947231101e-02
-4.344299683303063375e-01
-8.213829081166329482e-04
-3.385059615814242084e-01
-2.347899493586053654e-01
-1.267577881894113689e+00
-3.467067911529186919e-01
-5.327429965504506537e-01
3.352220846998328896e-01
-1.535557370830234469e-01
-6.657736322243079652e-02
-3.396789431243255608e-01
-1.981225959479901433e-02
-8.524202541515251141e-01
1.199021915260543025e+00
9.149741958097490357e-01
-1.005533209370643999e-01
-2.553178891573516796e-02
5.778781648483539701e-01
3.286367783961112732e-01
-1.267670374542370360e-01
-3.961215315065867992e-01
-6.550667558750041808e-01
-1.966247271338750907e-02
3.775658304871711834e-01
1.421822184065972827e-01
-2.663544835989936077e-01
-5.137474787635442075e-01
2.759569703598773599e-02
-1.529637914707935864e-01
-4.044262714435367667e-02
-6.382726909416401861e-01
5.513680195159393893e-01
1.467064607061284720e-01
-3.915636084334285227e-01
-6.272744062109048002e-01
3.829847274625752807e-01
-1.858895271258384219e-01
5.861116667371724792e-02
-1.924046395142417210e-01
-3.505186584686695861e-01
-1.429225024778809638e-01
-8.450432354930723089e-02
-4.937316853172896702e-01
2.191267484027769052e-01
5.045788050693883475e-01
5.504150311503926973e-01
8.899346882645360612e-02
-5.508766755830439843e-01
-7.215976710805652172e-02
-6.456824760972159627e-01
2.086040931459150205e-02
-5.873416474704171719e-01
6.593052654061534179e-01
6.146144742222581225e-01
-3.413131051595160170e-01
6.425919551129959384e-01
3.701071808631302140e-01
1.983478158600334162e-01
-8.557201414457720201e-01
3.826309634249467351e-01
9.463304759619011186e-01
3.360304641482672605e-01
-2.302751220960515821e-01
2.786803793907455251e-02
2.626757025258825706e-01
3.756168753626488721e-01
-5.309284991834346545e-01
-4.385646004398064957e-01
-6.339078502740040921e-01
2.972290465228374368e-01
2.102040666146535730e-01
-6.049625035912540305e-01
-5.043242671547273348e-01
-2.055138343486004049e-01
8.638698203491972372e-01
-1.883834084862095470e-01
2.722931619557302230e-01
-5.948972631787088350e-01
4.697504066020208313e-01
-3.091555655990815832e-01
3.746064693448485361e-01
-6.144083446207518895e-01
5.718263547064285079e-01
1.848382998461918780e-01
4.466155852615141253e-01
3.658952392379044571e-01
-1.833939834532528623e-01
4.381636271731667587e-01
-9.637099553751953679e-03
1.433387931448692754e-01
6.235453047808221794e-02
4.039236924628750725e-01
-4.475799338121346782e-01
-5.350711734441687684e-01
-6.270967172747807794e-01
8.446876370352349728e-01
-4.187414454655112306e-01
2.735151478884688125e-01
-9.193681651723965842e-02
4.749559359333460073e-01
-1.439726381787093945e-01
-1.256647736444141961e-01
2.906273167975249178e-02
4.422521020521374413e-01
1.831799114210320156e-01
-5.152023773334217793e-01
1.670532174919677759e-01
-3.801816406397847681e-01
3.251068067496726277e-01
-1.252350035120344263e-01
5.797494152630047748e-02
-6.331009863860083131e-01
1.714462755352941792e-01
3.799147903984387842e-01
7.227032929193381028e-01
-2.047275917186111294e-01
-4.779032129537011953e-01
2.454301163030545574e-01
2.204320820471718789e-01
-8.594831305524523735e-02
2.653213000485171169e-01
-7.520286412551317745e-02
2.629364252071455521e-01
3.867254665724499663e-02
-1.776672970915446903e-01
-1.908355859570198265e-01
-1.263901027522006393e-01
-1.307365913420939219e-01
-7.235129695240982706e-02
7.292828723772002419e-01
-2.084942853618841907e-01
-6.980009796532959943e-01
-5.678255283973516754e-01
7.867947952255008870e-01
7.775372469049877944e-02
6.386038054149759113e-02
4.818236602749217945e-01
1.199543834718766799e+00
-4.011963462773887601e-01
6.005708807713068254e-01
-3.718080963301467756e-01
-3.196869442177022735e-01
-6.310473847758863997e-01
3.896814938995070143e-01
3.553628300080150515e-01
-4.837467278754095656e-02
4.668981475296917205e-01
1.645285993514798428e-01
5.446554619995747082e-01
3.247149775048709941e-01
-4.944584557565064875e-01
-4.942890729287036655e-01
3.593234316769534642e-01
-3.180628682210012714e-01
-1.471680202220591871e-01
-7.307918098679769270e-02
4.704696100949563586e-01
5.908576053153440089e-02
6.996104680797458897e-02
-1.235403718553193669e-01
-7.343156689629941614e-01
2.222915161152919650e-01
2.288842853848082060e-01
9.959999635237095639e-01
1.547904281992807385e-01
-4.708605009796063556e-01
6.522091289346155785e-01
1.554765168869364500e-01
-1.308045694090111954e-01
-2.592868489893729311e-01
9.405776226292793252e-02
-1.243163609267787933e-01
6.137977664707787717e-01
2.221403316752863788e-01
-6.625954358618940665e-02
1.367676063606169112e-01
1.470402331667229889e-01
4.357725440128060179e-01
-1.206572451347581315e-01
-2.494550311247529240e-01
5.793949087158387079e-02
-3.454308856846019515e-02
4.602451981823336147e-01
-5.312296690403102151e-01
-1.141447965898551464e+00
-8.888917335002148867e-01
4.780275744527310300e-01
-3.904494752180591166e-01
7.014236136881034367e-02
-3.745696987390656485e-02
-1.401628166879301807e-01
3.445817844406869890e-01
-2.793014693176560925e-01
2.194259466019506943e-01
-7.158074972953504256e-01
8.539094461493363930e-01
2.704476273199409864e-01
-1.367780648187950643e-01
4.950483590122529698e-01
-5.007805169560473058e-01
6.658964216842389039e-01
-4.321249076961717339e-01
8.690352065430792528e-02
-4.889981368149122209e-01
-2.359533699564699272e-01
-1.429115909943767249e-01
6.606676903120392574e-02
-7.662814213581911615e-02
-4.584776131230279272e-01
-1.741829606987116974e-01
-7.758778227839255304e-04
1.548977865034518175e-01
-5.604260798761000473e-01
-3.109646198382947091e-01
-2.978903651778783135e-01
-4.626826942558584510e-01
-4.527918855065536374e-01
1.725260665797926640e-01
-2.721480745581335570e-01
2.867724195013757749e-01
-8.094130224240336791e-02
-1.929526274139666542e-01
-5.519827912892710797e-01
-1.818049176433103320e-01
4.277370300032902750e-01
-2.801833620640349354e-01
-1.011214974414354595e+00
-6.981260843510133096e-01
1.090143150382249515e-01
-4.743959946591841947e-01
4.298272508414782145e-01
-1.938763848118982280e-02
-1.022586909281188117e+00
8.559196198679975831e-01
-3.679432136274011222e-01
7.463520062684672607e-02
1.520421707954239532e-01
-3.994114435559241727e-01
3.958805025831747537e-01
-7.310546377451662692e-02
-5.063477532125314484e-01
4.302047599202524775e-01
8.228408854355506730e-02
-3.084020899999275755e-01
-8.353074900696275673e-01
4.022813190609805800e-01
-4.302217498209482405e-01
2.679857420846832872e-01
-2.218514601251190821e-01
1.695608144974377063e-01
-5.684156477932693630e-01
3.084543428868086190e-02
-2.472166688186661077e-02
-4.588367409214783033e-01
9.534518349300899476e-02
6.098522171406800529e-01
9.519409539281156740e-02
9.077572695634650302e-01
-5.231296971123818862e-01
-2.611644360403711507e-02
-9.148851343786691681e-02
-2.548093755603890731e-01
9.641163205148031712e-03
6.682503285629963485e-02
-7.714589135162694955e-01
4.827850283716411672e-01
5.285618649101761490e-02
-4.685646256301387313e-01
4.176221546564671816e-01
3.194108694372636004e-01
-4.916281113593197194e-01
7.274957529302755743e-02
8.158464481676741542e-01
-3.363788615457266040e-01
1.113686793384638940e-01
-1.233831758498118991e-01
-1.541502484917976756e-01
-1.107106795911405872e-01
2.391430408326218268e-02
-1.471690573479268738e-01
7.394982367365113829e-01
7.116619568275993624e-01
1.491302629441927929e-01
5.105011624928653680e-01
-3.813892434473004078e-01
2.571010722942430049e-01
-9.602952651799914752e-02
1.273493004154401809e-01
2.116442490087135087e-01
-3.587199382018099181e-01
-9.126871894319525946e-01
-7.726002548413962723e-01
-3.164073050960619082e-01
1.350467875509839544e-01
-9.588164327528927444e-01
1.083893381112082555e+00
1.870146223823495601e-01
5.740035299350758624e-01
-3.744157713704310275e-01
-9.535960686019773203e-02
-1.745381560449624225e-02
1.533145220367589934e-01
-3.210524856031181651e-01
1.022893654109768846e-01
3.808250232409159941e-01
1.596686987057647500e-01
-2.717302658316190778e-01
2.815571144199949249e-01
-6.727762473230537443e-01
-4.740731216985187291e-01
-1.034168833333243942e+00
1.203467705630343776e+00
-1.814859719232547186e-01
-1.859319375027501942e-01
-6.359162363942615359e-01
8.965382786962071415e-02
4.533949616034422259e-01
-1.525512152675639055e-01
9.669162115834274707e-02
-9.256384211467322265e-02
-2.636030030767835819e-01
1.840912282978517944e-01
5.784077327010216096e-02
7.241972279753223773e-01
-1.156356620040555727e+00
-2.737440852436348604e-01
-5.132019092767194923e-01
-1.840042147737500078e-01
2.983024432934519021e-01
-2.081045144334139341e-01
5.761412335137845453e-01
-9.545813380417547678e-02
-1.453051556207378137e-01
5.040852085336441218e-02
4.292888220290736467e-01
6.575357679684863677e-02
1.256311635352900802e-01
3.574448537154839567e-01
3.011564142992447998e-02
2.437479442867342416e-01
1.551326710491681693e-01
-7.129595603209161192e-01
-3.603283531695337660e-01
-2.138769772807976033e-02
6.369135426457100957e-02
5.157519142761792796e-01
1.383754441036471050e-01
2.267039152004953484e-01
3.087647830416496708e-01
9.790344946961193617e-02
7.815274170743520266e-01
6.442833220447177212e-01
4.573118312999915336e-01
-3.692708760889487629e-01
-4.189189824175603150e-01
-1.004195456253947905e+00
-3.775225041801693049e-01
4.636506768533096290e-01
5.230089993359892109e-01
-1.252533421015805670e-02
-4.898226408563056689e-01
-1.573582907941306341e-01
4.390151771153538718e-01
1.305384497671883970e-01
1.474463847859289189e-01
-1.642086866759215058e-01
-1.027430258886067538e+00
2.828841864264290962e-01
8.662207021960957598e-02
5.876558609458052418e-01
-7.895375876747700028e-01
3.795061150221740731e-01
5.623337994663358819e-01
-1.830706653039626541e-01
-2.292152610523154055e-01
5.745858236486535153e-01
-2.560412072125962668e-01
8.468979806107082564e-02
-3.023683582850056895e-01
6.369694584229642631e-01
2.686981530106979377e-01
-6.832717862309181100e-01
1.832443693817563668e-01
5.596977810120290497e-01
-3.245368271092634593e-01
4.622268761713830831e-01
-1.045816868206174699e-01
-5.713735393932658502e-01
-1.852479276369374539e-01
1.027143387795224072e+00
5.797005882692085610e-01
4.253910932317334082e-01
-1.745086701952016928e-01
-6.654131042535532670e-02
1.869134070393185243e-01
3.790087930999397337e-01
3.008900482397656173e-01
-5.063872359240870757e-01
-6.640886221062836103e-01
9.292594309120438822e-03
-2.022622834161315053e-01
1.449952999887945959e-01
-2.150346579429223692e-01
-5.857094132850159535e-02
-1.686357960253824506e-01
2.278772760394301433e-02
4.000547616418572150e-01
-4.275240816755218609e-01
2.028103233569349961e-01
7.038431492596959327e-01
-4.500918755974859797e-01
-1.263690069882023315e-01
6.581987997194758133e-01
2.352847899691636324e-01
-1.964538510921841619e-01
-1.560645046082243664e-02
8.641856435360735222e-01
-4.359168292237936559e-01
1.294307449052528591e-01
1.243770759273723492e+00
-3.320204967078406177e-01
-2.574101445207023220e-01
-3.899861018933009071e-01
-3.338485640202320526e-01
4.021274492398559941e-01
3.288141288802131634e-01
-2.811486908277756047e-01
-7.717200168679913541e-02
-5.763578178325464707e-01
-4.490996935643500887e-01
-5.393156463419072066e-01
-1.081890642421089038e-01
8.544489178320852085e-01
-1.763661777882697401e-01
4.699201837914751545e-03
5.804837992300261595e-02
5.263222081998375490e-01
-3.240974081795129358e-01
3.827427101628381734e-01
-4.114711089990261139e-02
4.546811138982484457e-01
7.178903637421657491e-01
-2.157577297557297102e-01
-4.168003842608584142e-01
-4.015852164650763889e-01
5.723947762442581633e-01
-1.176505823927554095e+00
-8.095809711706143663e-02
7.185424120108073465e-02
1.540857334458568539e-01
5.364243417641144651e-01
1.834144559602594315e-01
-1.558649427306262741e-02
-2.811918969904387833e-01
-4.209406846536777325e-01
1.874016827270966468e-01
-2.427611055445372257e-01
-2.748790708229296165e-01
-2.842135577710785954e-02
-1.689599318523255789e-01
-3.000948632586827314e-01
-3.099066048238591220e-01
3.398899561662372948e-01
-6.826598672353537678e-01
-6.648199477786720379e-01
7.119484234935244960e-01
4.254689465742604870e-01
-7.839986461694833375e-01
1.492871721259739215e-01
-2.728986765411228754e-01
6.815633677832813042e-01
-3.682392741388028634e-01
-1.551855632092995485e-01
3.253440893664130695e-02
4.621602539915343755e-01
-2.288383796715229568e-01
2.395511162328806121e-03
6.671579580133923937e-03
-8.935143120882486079e-01
4.715215880347838340e-01
-6.105212543199178832e-01
1.057935132161783587e-01
1.059111081525820619e-01
-1.484013804774135525e-02
5.156695463630582843e-01
6.810165581818141689e-01
-6.202285824473783293e-01
-1.800234045587953413e-01
-6.663109395450070305e-02
9.534397817227545646e-01
2.870587226175571605e-01
-5.499360532185629813e-01
-2.173881837248954618e-02
1.664437017413097630e-01
-1.253645899628396884e-02
-4.388828878913784703e-01
-1.782477980963445008e-01
5.214512315731806291e-01
-6.217742454897026150e-01
-1.673931145133927129e-02
-4.832602919760561888e-02
-1.640539406990946802e-01
-8.773300921083448944e-02
-5.012160161754318777e-01
-1.777708978805006557e-01
-2.448363383462552334e-01
-6.746926334372698175e-01
8.402527949553283138e-02
-3.399950320685672933e-01
-7.703534678394591273e-02
4.098565378668485581e-01
-1.127223977090310303e+00
-1.097653519861909732e-01
6.747147106445305909e-02
5.158201432390250307e-01
6.355370220705125472e-01
-8.429095263590084819e-02
-3.325760626651660945e-01
5.369901950602741225e-01
4.401555386681056392e-01
-5.565887654714654076e-01
-1.882878504840416745e-01
2.917307848336401777e-01
6.429673711873475084e-02
5.906598601560043849e-02
-3.026379577643157348e-01
2.626787889675899490e-02
-4.903816202789816892e-01
-2.456363353090144086e-01
-4.138898126420266221e-01
2.513051382121979371e-02
-6.873073948336075878e-01
1.899540018024541144e-02
-1.251241083532912690e-01
4.482362500519332382e-01
-3.463835763323835221e-02
4.272675677076054335e-01
1.995780661361590824e-01
1.561657065245365128e-01
-2.827473011418759063e-01
-7.777855416911033659e-03
-4.436386524527211050e-01
1.630663856061936867e-01
-2.724772514193602446e-01
-9.137636640142158262e-01
2.475116185252565215e-01
-1.690480414486551786e-01
5.153748967554111493e-01
-1.194733966032761191e-01
3.885607695194970290e-01
3.334356767688143597e-01
5.700504066286370408e-01
4.070493458391972741e-01
-1.632974080833470287e-01
-3.264733874822113302e-01
-2.907622262697504567e-01
-5.304544905439874114e-01
-1.932846629510218822e-02
-8.017902059652398661e-01
-7.663781927641567515e-01
4.171681014137562094e-01
9.301860849410530374e-01
1.712438321550178166e-01
2.375203602431770755e-01
-6.033013926481038958e-01
7.401769410600889110e-01
9.804117887207155491e-01
9.240922396470209466e-02
-1.047104990931733010e-01
-4.372897431240778399e-02
1.837375198576261803e-01
6.758848517901397956e-01
-5.800959112396707473e-01
-3.057266814934509469e-01
1.369376557764478974e-02
3.330560112346839796e-01
9.503389284223717759e-01
3.238969053564264566e-01
-2.456797001001163605e-01
-1.086776314224669360e+00
7.889068438981181597e-01
1.643025584519791360e-01
-5.112556397115715079e-01
2.879440429368654297e-02
1.896922520636583065e-01
-3.931597363613090201e-01
-3.059633107963247167e-01
8.581293587303120418e-01
-5.224524751931335365e-01
3.662221170832231643e-01
1.704270827698865787e-02
-3.416823176470880075e-01
-3.723949378705078139e-01
8.201746079345588747e-01
4.146215029642024152e-01
1.274521357154226320e-02
-4.878853495163398279e-01
3.694178053778758297e-01
-7.327837838818708205e-01
-5.588583224823531204e-01
-1.366419693733073593e-01
-4.036246096394650040e-01
6.201770404740685194e-01
-5.182319672727829785e-01
-9.674602045257013616e-02
2.858924341085554155e-01
-6.544213025948547591e-02
-8.645255906546617242e-02
3.943752023621498459e-01
-3.018800304739843732e-01
1.345825177793621430e-01
-7.152953671248769574e-01
4.822254418436276446e-01
-4.044628732179854635e-01
-8.489258926439174902e-02
-7.917426372387296185e-01
-2.337600423415379380e-01
-2.573720098253451938e-01
-6.899027397090521374e-01
3.408909899160427748e-01
-5.171291606771316607e-01
8.726584308074067931e-01
4.459058924004863367e-01
-4.842453297843997695e-01
-1.991298200642287186e-02
3.376764526071060479e-01
-3.512694522122639107e-01
4.987529187643780504e-01
-3.918205803194773074e-01
6.044139986962633326e-01
-3.299315671153789653e-01
3.941817892591776284e-01
-3.021690401842727636e-01
2.733660987341369752e-01
1.919325106980402929e-01
3.628088602250544303e-01
3.977828358604378334e-01
-5.263593171172180618e-01
4.605061017845104576e-01
-3.025926834878100435e-01
8.213841661111106474e-01
8.910937587073855526e-03
1.333915222300071368e-01
-3.262196116388692557e-01
5.339014762156899518e-01
-1.584376469158614020e-01
-2.704178880155061818e-02
7.327553774762010086e-01
-1.453282209016265036e-01
1.448899451471573063e-01
-3.438967377233619338e-01
4.245097413312530210e-01
4.864505597773017831e-01
7.466623489777546308e-02
-1.003936401252371269e+00
-8.386743580402198361e-01
4.748996345413489251e-01
-6.181077780154596579e-02
-3.932124428031521512e-01
-1.313620623053520564e+00
4.389611132741988442e-01
2.088158572055607842e-01
-3.762320804919887518e-01
-1.124690088413771993e-01
2.196129040670682653e-01
1.756173930112242820e-01
2.273986609616594767e-01
4.989535461344685174e-01
6.147889494295297741e-01
-2.478056619997245358e-01
-3.055245694674075807e-01
-4.759861767832642698e-01
-2.923775297385889371e-01
-8.379715997861956200e-01
-1.657957614981711847e-01
6.225806207189396035e-01
-3.579910839156068975e-02
-6.140030365252185929e-01
6.723182345925843295e-02
2.222696996778739664e-01
6.694600754117066566e-02
2.654446792398451604e-01
1.339616051079156045e-01
-4.675805957310498751e-01
1.888406966520250196e-01
-3.236654200021735206e-01
-3.377552451483027407e-01
1.168538804323505098e-01
1.632917129998293637e-01
1.575858218494884111e-01
4.747479433205382682e-01
-3.216162895920435805e-01
6.601262337839673977e-01
-1.606041798485972061e-01
-4.479728539424097100e-01
8.738918126887261495e-02
3.530170512737862976e-01
2.495536309548162246e-01
1.165780995521387975e-01
3.527967748881270516e-01
-3.864315022054830295e-02
-3.324097306341992908e-02
-3.748832257825663872e-01
8.371236575538135716e-01
-1.287628133093580984e-02
7.896405981875534996e-01
-1.446998892946881332e-01
9.885735950041169007e-01
-5.422950640545394219e-01
1.766101674400620269e-01
-2.211779504112017236e-01
-2.584540056457264590e-01
-8.678437556330226288e-01
-2.890918554614306246e-01
-3.668636867274019386e-02
2.557946737362936651e-01
-1.259041699556196214e-01
7.603034568917908798e-02
-7.104859291840907864e-02
-1.558458958361160773e-01
-1.601582763705768631e-01
-3.967920028234353524e-02
3.080271960606192905e-01
-7.337584097683286233e-01
-3.800168117192439382e-02
1.196474343523097617e-01
7.057116604507234214e-01
2.127334836762903025e-01
-7.558517247953615570e-01
1.594691986684267371e-01
7.388503323161511593e-01
-5.443445995097748735e-01
7.519765333343984837e-02
4.084763259055141926e-01
2.275509548024409190e-01
-1.618626563773259419e-01
2.998871711537580698e-01
-2.985091732470109838e-01
4.021293584562440904e-01
-5.887605135257086841e-01
5.609483781221581422e-01
-7.816948079852205078e-01
-1.379259446558102897e-01
-4.617792089850749071e-01
2.196042778185648692e-01
-5.439698027065310582e-01
5.277115854483185320e-01
-9.377902124142821483e-03
2.057859605596903951e-01
-4.480167349950484601e-01
1.618382323064120887e-01
-9.109380249231173732e-01
-1.647051081051794930e-01
-2.445603001776361363e-01
-4.352943909757282515e-01
-6.950044277864871889e-01
-5.792721864225212069e-01
3.708040265005175251e-01
1.070473721943482781e+00
-2.524961521839952372e-01
9.934789780466024567e-03
-6.336131443856442280e-02
4.975499254867897791e-01
-1.447334587432825836e-01
-2.465813285010695077e-01
-3.230448638426707264e-01
1.648160383745060631e-01
-9.182245099995497428e-01
2.440030166820815194e-01
8.396019583008321185e-02
4.824316700705293115e-02
9.072963637977200513e-01
-7.053029521938505297e-01
-3.307971787425031396e-01
5.635025275212827145e-01
-6.591696493483727437e-01
1.919453394383904832e-01
-2.424484147088852848e-01
6.709412160116787205e-02
-6.180998956464843486e-02
-1.843121449944173651e-01
3.010134762509096840e-01
-2.236629900952803451e-01
-3.737660261610804557e-01
-2.008674794417879550e-01
-1.854480359170687653e-01
-2.977381003373552604e-01
-2.274529752119504034e-01
3.969770351613229886e-01
-1.907279086845783955e-01
-6.577663131704936106e-02
-4.232050366035237099e-01
-7.157925700899765709e-02
7.559853612942403212e-01
1.576233321211131522e-01
-2.459293324151095583e-01
5.707575159982019031e-01
-1.197073696897869466e+00
9.822093987506066437e-01
6.222220015401522808e-01
3.980037693025381129e-01
-4.698691392987689452e-01
3.789921043960595148e-02
1.220812184700272029e-01
2.289236672335896727e-02
-7.160736286145678031e-01
-3.379079630295468983e-01
-3.704416190497255013e-01
1.907016419842221810e-01
-2.141149686469744906e-01
-5.778412087246872497e-01
-1.027831548929601047e+00
-4.628536226108583840e-01
-6.482315764129199520e-01
3.802854252277798608e-01
1.202227883722805368e-01
-5.123374057718418362e-01
1.799822976227789528e-01
-6.453922667309551775e-01
6.213299039760015186e-01
2.091914372231179486e-02
2.036430825722796711e-01
-3.235663444398058641e-01
-3.332860064885684315e-01
-6.242822904344415003e-01
1.505662948115963573e+00
4.547678698372422668e-01
-2.170754448140057580e-01
-4.199636821731091985e-01
-7.049051948088451702e-01
4.919171768664715172e-02
6.755418096353396074e-01
5.454284685658056242e-01
-4.472901356219692870e-01
5.332048613513484109e-02
8.089303131505895528e-02
2.882504357332049683e-01
4.702532622301750509e-01
-5.572021452186388946e-02
4.988755059503396927e-01
2.638755578003844082e-01
1.374564862086463668e-01
4.928870716850763944e-02
-4.349188112101299852e-01
2.040232581582145932e-01
4.158580542731271090e-01
7.309099721002192407e-01
-8.433163770164067707e-02
6.263821425836842982e-01
-2.542393489291751019e-01
-8.958273348967948913e-01
-8.904940390054569277e-02
-2.231964959314049479e-01
4.786439029037853343e-01
-7.729111228210877593e-02
-8.431833535826069315e-02
-4.709125544715281331e-04
7.981253943979034482e-02
6.257253606773301169e-02
4.325090975782590608e-01
2.049830227121833548e-01
1.013419051517772118e-01
-1.374870221793484282e+00
2.265376572890890894e-01
-5.549562791437139264e-01
-7.405077211729313991e-01
-1.400184075257132621e-03
-9.620495209296692218e-02
-1.623552792026372038e-01
-9.698670674533818592e-02
1.267707190469581913e-01
7.139598323594747997e-02
-6.660542637640980423e-01
-1.514156334453941599e-01
7.758653767895974662e-02
9.410859961258503936e-02
-4.365598521452684344e-01
1.530477610784672371e-01
4.537931684300423596e-01
-1.713856126179474082e-01
-5.527012901109800147e-01
-1.269335543785995668e+00
2.171487760929890209e-01
-5.340012310540201979e-01
9.170233621284751280e-02
6.616681431403760305e-01
1.431057885642739724e-01
-1.100485251566307943e+00
3.212801433606102819e-01
1.226181177252317483e-01
1.042614416488366058e-02
6.535452069630090510e-02
-7.633012166587802017e-02
2.785655660100404551e-01
2.440795685600559428e-01
2.041837666356348668e-01
-1.157221961167782753e+00
-2.609459144279869247e-01
4.218908346787931252e-01
8.806455090802728369e-02
-1.526678113616047605e-01
8.955967629156716403e-02
2.441360314841314189e-02
2.733157694968204043e-01
-4.476517755729698678e-01
-4.369254027587133882e-01
-9.490977724425591067e-01
1.217476788497419415e-02
8.206705748382053800e-01
-9.675531040260007543e-02
-9.003450458772849219e-02
1.806432438552536268e-01
1.214936270179253874e+00
3.501661196751500865e-02
-5.005105330261732099e-01
-5.984789330680102548e-01
-4.069039500680559085e-01
1.206559766903229747e+00
1.044366978319196892e+00
4.543494247480900361e-01
-7.651802118550325993e-01
7.555874719824208219e-01
-2.310060413723049808e-02
-4.395306185719843883e-01
-8.849260567464871385e-02
-1.326277812716951665e-01
4.083169515584793574e-01
-3.435396797707356287e-01
2.336284602758736950e-01
-6.118298423328403235e-01
-2.026352070247876835e-01
3.748524250544524317e-02
8.564069681306585302e-01
-1.748279641507842208e-01
-2.619369473258550407e-01
9.406464602559144739e-03
3.657908648998152712e-01
-8.216880313723090579e-01
3.197039226640464860e-02
-4.520163048352674462e-01
-5.697928837577840300e-01
-2.479671217015843032e-01
-4.482329399368757405e-01
-2.014958967430222070e-01
6.247148352178715225e-01
-3.500307296128369883e-01
-5.030106620705796505e-01
4.279525507188055578e-01
7.980823439493101024e-01
-1.682538024369354956e-01
-2.163364864973408852e-01
-9.530931303071897565e-02
-5.515117373479908741e-02
-8.332068331683116502e-02
6.980572417127620666e-01
8.276787564201187886e-02
-4.042372453142625277e-01
-1.611699589160963397e-01
6.297880851603307462e-02
4.127793807902979673e-02
1.252640283742470495e-01
1.401606757273777260e-01
5.117827667016656285e-02
1.126632808318923790e-01
-8.286172169530334752e-01
-5.771201896997080194e-01
5.308322658568244146e-01
-4.712763812792100104e-01
4.375624371014719682e-01
-1.277397744206049679e-01
-4.510230607018661519e-01
5.241484376654628186e-01
-4.620628888574337956e-02
3.952581333070252501e-01
4.209966332620446727e-01
-8.298359846557937791e-01
1.115383378578990031e-01
-3.845687470980673206e-01
1.383369676825987604e-01
-1.042288956488581358e-01
1.574950987695241666e-01
9.007508127607843917e-02
-8.637653338808435333e-01
4.354973103837915804e-01
5.217262301225551457e-01
1.437365096997384739e-01
1.987485265218383867e-01
-2.410307018297204729e-01
4.277204002376340242e-01
-5.175617840918203538e-03
7.102782742651331249e-04
1.655461629392419587e-01
-2.804531812184285489e-01
-2.535285955751643838e-01
-2.609225705766225478e-01
-3.593886157834828565e-01
7.084014089931187641e-01
7.240587506094848802e-01
-4.140651476912581286e-01
1.179178505392066839e-01
6.846884406060912420e-01
-1.313133417454992735e-01
-1.056017399658469719e-01
5.089376444694810875e-01
4.625130081340666499e-01
-8.614575409036777376e-02
4.198024027737711217e-01
-7.243379026934948506e-01
-4.699482882779629223e-01
3.773232302087362600e-01
9.505890325479031400e-02
-2.995564359378347086e-02
-2.240469165874811597e-01
7.087066219452041738e-01
4.630609855233133176e-01
-1.870173935366876705e-01
-5.795245534506352492e-01
3.347760913097471702e-01
-3.196069806171085714e-01
8.013624430059842485e-01
-3.357696276342721498e-01
-8.569335501394620414e-02
2.059474683993033906e-01
-2.843531723311261139e-01
3.409980533948364645e-01
-9.197970855182732719e-02
-3.768190285776079618e-01
2.089182684583661131e-01
2.038396342904020830e-01
2.935634718721125691e-01
1.903250899923577544e-01
-8.276157010494100685e-01
-1.555985479508867897e-01
3.517310974746395980e-01
-7.801240028882785449e-01
1.073391244947663248e+00
1.259615806428263429e+00
6.396723309353198328e-01
4.500830981972426814e-01
7.923783768473946498e-02
-9.026941039992000260e-01
2.092722479588033091e-01
3.643640291492032945e-01
7.873303596000248428e-01
-7.771281154388592904e-02
4.071176074314162285e-01
-5.308596204561033538e-01
8.044694634667011179e-01
4.637195813585685000e-01
-6.659795544585069837e-01
2.815175714255621631e-01
1.059542847322013787e-01
-1.767639133917416894e-01
2.032617359531698961e-02
7.416155609934427240e-01
6.402936279127443564e-01
-6.083126188434239134e-01
-5.559795361969258609e-01
-2.039500474266771057e-01
-3.933999172700197722e-01
-6.278398114620654252e-03
-9.235999619036529273e-02
-7.057989408275094911e-03
1.630866855972607499e-01
-2.863604564907983874e-01
3.458915319036969804e-01
8.754615324823895872e-02
-1.079953625250361371e-01
7.120174188225965040e-01
-1.026957386980338560e+00
-3.231324283030682087e-01
8.190884754870312312e-01
-1.062676392768585165e+00
-9.780331198957216143e-01
2.687196561625944113e-01
-3.537738623372301827e-01
1.236251976542430242e+00
-1.861137279846969694e-01
-6.526357534796911608e-02
3.060525531837073876e-01
-8.151163991016966426e-01
2.154254993897052883e-01
4.484772175108644454e-01
-2.675084450463078856e-01
3.849774661904026840e-01
-1.958342415217582677e-01
-7.820637979044249288e-01
9.387798050828758400e-01
2.399376323924032051e-01
5.364259732540610504e-01
-2.942647089203768718e-01
-8.529055622382296642e-01
-3.776501904442420288e-01
-2.092959539666709168e-01
-9.986064611955419723e-02
4.615234036619575431e-01
-4.654235301396505292e-02
8.821408496922208409e-01
1.071364747056111344e-01
-5.901641348521148300e-01
1.649193562814329495e-01
2.095524683779201314e-01
5.777554153358185340e-01
5.741829806662358537e-01
-2.558635304671315613e-01
2.466246902096099480e-01
4.323302563315043479e-01
6.088709959888659595e-01
-2.665143165540739822e-01
-3.702345054352546017e-01
-4.156901229970357270e-01
4.403037506144583668e-01
1.571692478059261711e-01
3.303617558764637696e-01
3.931500766968355487e-01
-3.292679259319301055e-01
3.554014828288779571e-01
-7.096437085866069694e-01
-9.053042148141520196e-01
-2.941164332739056864e-01
-4.958696198873777661e-01
1.606302172116128024e-01
3.987661962589750253e-01
-3.379405891743548773e-01
1.096288852446939688e-01
2.480243634164264188e-01
2.442431434913824861e-01
1.110195985251377360e-01
6.758745711351996088e-02
2.901590263129162905e-01
-8.579633061955499462e-02
-7.963431213736411607e-01
1.699312176456655998e-01
-6.516756391246250057e-01
-1.647764973181838899e-01
-6.349367046292089256e-01
6.497653323551015880e-01
-1.603507879338204045e-01
2.460811733768864806e-01
5.052672314151376298e-01
5.858753281861592832e-01
-5.481346348835014481e-01
4.007294903986172163e-01
2.738395206219555733e-02
-1.008151966590795923e-01
1.021705929558575532e+00
1.138287199907394021e+00
2.300165971351368632e-01
-7.351464028178544829e-03
-6.302195473913891899e-01
-1.071687725686238796e-01
5.002632274414244712e-03
2.680381230409113469e-01
4.350218383238365627e-01
-4.943686125612016813e-01
1.200738929610429384e+00
4.344877184757716115e-01
-2.726260802256419979e-01
-2.418408444071242780e-01
-9.510220940760875930e-02
6.399137506615487636e-01
4.220536045448227136e-01
-4.254475906359037607e-01
5.644997842120111353e-02
6.557098002885916044e-01
-8.170521861927917961e-02
-4.566775691750751820e-01
-1.710182627182243731e-01
-3.415444638612928907e-01
-4.171895312024745950e-01
1.324850654735930111e-01
6.847580509240946967e-01
3.087957172111523430e-01
2.252746681389702910e-02
-1.171112239630625051e-01
2.505914764254092431e-01
1.009153785811434112e-01
-3.248491805512199182e-01
-2.122691203263938620e-01
4.794044908742934874e-01
-7.753947026681928811e-01
-3.833067881309974445e-01
-1.697623755269293822e-01
-3.346352794869513619e-02
-2.695924448239999660e-01
-5.509946787865528384e-01
8.129851843586149984e-02
-2.111649822887382844e-01
2.413239226490965506e-01
-2.832862794624246283e-01
1.089349922008280014e-02
-3.917137926011288740e-01
2.579180814977278247e-01
4.091745352851696715e-01
-4.938772751271014450e-02
-6.660598389893290783e-01
-3.518918809743601939e-01
2.990735644919628733e-01
6.804223935887120100e-02
4.905267615919166602e-01
-7.619664109626028692e-03
1.851419302295492231e-01
-7.989851651452164472e-01
-5.238075413374991829e-01
1.919934815203460099e-01
2.126034004684335399e-01
-3.492188613695934585e-02
3.214071255237871960e-01
7.642268355504673316e-01
2.384782647650248721e-01
1.010574220980279936e+00
-6.081057581354545882e-02
6.655551906272250129e-02
-2.351373531666449690e-01
1.264664312168919391e-01
-1.313688798847211792e-01
-9.559705096134316626e-01
7.604955707550808963e-01
-5.549903977595544990e-01
8.965857587880962654e-02
3.408610045955526857e-01
-6.577858328075617544e-01
-2.219168367902006611e-02
-6.218227635953575971e-01
-3.546962484941624805e-01
2.939589451079309135e-01
1.444606713454536784e-01
-1.963869439533903472e-01
-4.197687079700538129e-03
-4.220867087748857438e-01
-8.358198047301693689e-01
2.524332438762685871e-01
2.433403128155911810e-01
-9.659260395830537860e-03
-6.754437629324177017e-01
-2.268253969191025843e-01
-9.412832030786066895e-01
-1.332173674758253545e-01
6.620120182027386946e-01
-1.984643042742942898e-01
4.272199891458542398e-01
5.572448854314591138e-01
-4.110165154564996981e-01
-6.850250168752892721e-01
3.524384883742950891e-01
2.457716882605841258e-01
-9.967241179093601078e-01
3.780078954151150361e-02
7.523651732407571346e-03
-3.245095996698343921e-02
2.855758056976605008e-01
-1.510187424425616931e-01
2.551764670370780252e-01
4.138056553976798280e-01
-9.923682222989945734e-01
-5.831737250288135943e-01
1.366984491525401468e-01
1.739512025639568527e-01
-1.863030731259143757e-02
3.249826170109136325e-01
-6.800094261235868631e-02
4.577761757953262012e-01
-2.667001762434954570e-01
2.666115246791619375e-01
4.043101227464122177e-02
9.708951492884237977e-02
1.675879642976423334e-01
9.584703544058617575e-03
-3.623666881083522084e-01
1.765320805896735123e-01
-4.160734822948652933e-02
-1.881926669449793255e-01
-5.583801985152807568e-01
-3.679346450174257876e-01
2.529132738286725690e-01
-1.468008203382361043e-01
-3.294072899860496229e-01
-7.575202342979469039e-01
5.190123489096471615e-02
-1.040649349865446105e+00
3.273564796720311865e-01
2.794387736106332398e-01
-2.034414795868464410e-01
-4.255839439596605933e-01
-3.923279924032227473e-03
-3.916341215655781971e-01
-4.137785291800726295e-01
-1.283812699496449383e-01
9.017168737131242562e-02
-4.547648215793081428e-01
-9.004244998499459918e-01
-6.431490319422537016e-01
-1.665827917079086284e-01
3.237788246666976621e-01
6.938831660113176092e-01
-1.943788734209622171e-01
2.720767080107943658e-01
-5.328667121046744004e-01
-1.399539607317883128e-01
-1.490445789340851257e-01
3.037150399341207452e-01
-4.878991884406986279e-01
-6.951119586951006735e-01
6.586057744769513445e-01
1.011955842072776030e-01
-1.335349976560567808e-01
-2.741598340055719785e-01
1.990729987571159820e-01
4.937143705242674208e-01
-4.350307413272106460e-01
8.945648809909013954e-02
-1.410383507038352191e-01
-5.826511128348486057e-01
-1.538132616742788339e-01
-4.109678210203357440e-02
5.646387574586017033e-01
-1.647643778125156278e-01
5.321431878924035574e-01
-1.071109568612234192e-01
5.319286925295195756e-01
4.611344541483188841e-01
3.734070268739035914e-01
1.343558113561911238e-01
-4.133745325082779365e-01
4.608221483385868122e-01
-2.824619875000405900e-02
-3.084298940534786482e-01
-1.126363164145485901e-01
-3.881636026110081295e-01
