-3.059872132299253922e-01
5.222529281113141852e-02
4.510881787252898900e-01
2.349290144559609828e-01
-3.994774733163160008e-01
-7.828576183803018784e-01
-1.385821051140028182e-01
-5.626108589932491411e-01
-5.955215691173632031e-02
-3.413740542032985270e-01
-1.595907368435246498e-01
1.039643203346688888e-01
8.716527310992436828e-01
-3.134413058180713918e-01
7.310947694023360866e-01
-3.857855642891561132e-01
-1.298083091234575603e-01
-3.826578569545530661e-01
8.558642929081357043e-01
-4.740546117135114312e-01
4.560323304698391533e-01
1.923222873710099534e-03
4.117543230862237280e-01
5.227375817160698768e-01
5.687277770230081408e-02
2.543147981028680560e-01
-4.591344286194546376e-01
3.950689375422994920e-01
3.385912281016600911e-01
6.286899538632713114e-01
1.823389226883785075e-01
1.003985532588685392e-01
8.261547877736991063e-02
-9.872058042865761163e-02
-4.050547456857154782e-01
-2.404699084127818187e-01
-8.709654997882581018e-01
-3.670081231169932678e-01
-6.620561722396830495e-01
-1.758403109396704939e-02
1.376676537637670505e-01
-3.660460600564220679e-03
5.011254029386168485e-01
-3.652309236680424676e-02
-7.339266303611897690e-01
-6.282106670602694010e-02
5.495922903283222416e-01
1.464077484634567772e-01
-4.256532833160155821e-02
-8.751860223179677156e-01
1.474304446361667686e+00
3.961901562666749199e-01
4.712741774131872230e-01
2.457669956372156642e-02
-1.344592777441691589e-01
-1.201842143118055095e-02
-5.571621209748897074e-01
-7.910949185985673981e-01
4.924345936348329400e-01
-1.752615413442059344e-01
3.262483724635950599e-01
2.666477337301170758e-01
4.966934665521113845e-01
-2.548847242453830542e-01
9.165460447102186103e-02
9.773996852371191757e-01
1.419364220166632884e-02
9.859969428865575369e-02
2.097305768439069462e-01
7.898024123823030873e-01
-3.201056311187078784e-01
5.782693781108594333e-01
-4.718370238963216501e-01
2.823988322796252004e-01
-8.486895990512065280e-02
8.648251755273270724e-01
9.460885793755205997e-01
-3.386624665962273961e-01
2.063511014037313074e-01
3.893697385714883219e-01
-2.463890809743947141e-01
-3.664828559707266620e-01
4.713695730796540473e-01
5.373714806161511426e-01
4.801508524702216008e-01
1.824178370498126256e-01
-4.301026560342449678e-01
-2.325962139168641363e-01
2.909419784062304282e-01
-1.030948255136131531e-01
-4.657853046444893064e-01
1.453895268701863031e-01
9.113462636151811180e-01
-5.353850283314713909e-01
1.232394308850184583e-01
4.203340747940050859e-01
-2.693904936989031940e-02
-2.839181139643544571e-01
-2.863905173598379483e-01
1.825544971662229343e-01
-5.424002994037193659e-01
3.643391606718200948e-01
-1.019241491148930701e+00
-6.189952877403367970e-02
3.856294474748537815e-01
-6.858551432093272782e-01
3.345509225394141528e-01
1.496151400478501481e-01
-8.625771393239461959e-01
6.409314644484805923e-01
-4.857084767807066106e-01
-2.829438969520454983e-02
4.184662901777045363e-01
-1.811605736435563385e-01
4.174978265848952041e-01
2.978764289687949041e-01
-8.694886632646727787e-01
-2.110561132807409757e-01
1.064953436872619896e-01
4.566938089079807250e-01
-2.856738478952979277e-01
-6.668331638750923940e-01
-4.584913241904506331e-01
2.218201457202543525e-01
-1.347627491731656635e-02
8.872040315318606429e-02
9.061340817048152418e-02
-4.314921934990700869e-01
4.869817754627295270e-01
-7.345389023225112890e-02
-6.348429102111577960e-01
-1.762062698819807649e-01
1.433466545515051926e-01
-7.438230327565606981e-01
6.655783751572251772e-01
-4.156578303710131150e-01
3.917938306441584029e-01
-2.184741367325994110e-01
1.404317846979250550e-01
-1.312457772178491355e-01
-4.116853468747320166e-01
-1.706274930706138671e-01
4.908405637831611545e-02
-9.180806778090151443e-01
1.287821170989060793e-01
-4.223593405519929234e-02
-8.518462144259111857e-02
2.148418090506569178e-01
3.076597163398933632e-03
5.065868803931552478e-01
-1.607266035166902141e-01
-1.424689278973289008e-01
-8.994705725315936540e-02
3.872718471239129934e-01
-5.484288551585395632e-01
3.723039880792878842e-01
-2.361491953179418735e-01
8.391270475009411367e-01
7.363656084315142736e-02
9.242134626109038686e-02
1.571467416535412276e-01
9.551092164845395582e-02
-8.493477436087659704e-01
7.372444047120415567e-01
-8.031022336524120675e-01
-5.154990902583965751e-01
5.075088388692412522e-01
-3.446783419830490303e-02
3.100341266700480936e-01
3.623268975457399343e-01
-2.106343358426450985e-01
-2.356614388319610010e-01
-4.156207724896093247e-01
-3.275036764218214325e-01
-5.676118382814353269e-02
4.416434840015082686e-01
2.617569633331284784e-01
2.457228539503724107e-01
-6.246437709287385731e-01
-7.876093833204116379e-01
-1.167926810074141064e-01
1.092832369691732586e+00
-9.201746901252813582e-02
-3.311011871444628774e-02
-1.626846302621814955e-02
2.000874001625003173e-01
2.373832445733702889e-01
-1.291017356266149774e-01
-4.936951043214081181e-01
1.219133117312890979e+00
5.033012640055065656e-01
8.705761592298927320e-01
2.051773729410349689e-01
2.581529399487589305e-01
-5.870186282238996078e-01
-4.117396741115220138e-01
1.297904463692764465e-01
-6.130984626555242567e-01
-2.359827562603080409e-01
-1.250203839555555363e-01
1.690968530340281051e-01
3.710672649539060175e-01
-6.067737051511393753e-01
1.212193622755186384e+00
-1.112607288946162454e-01
4.087297919925140799e-01
1.562012431306539773e-01
-7.694239291747314580e-01
4.408448355410950897e-02
5.200731258674889945e-01
-2.569812107288554914e-01
7.686150043658818154e-02
-9.328056496447459933e-01
4.088752373854047661e-01
2.440645410173995500e-01
-3.783902030665832750e-01
9.254655156842246655e-02
-1.882444641793462881e-01
8.214276228032983962e-01
2.186912039006552178e-01
-7.159164039588881145e-01
-3.597118582882913307e-01
3.536725708820432912e-01
-2.731240542432095131e-01
-8.354427015670581325e-01
8.916855234255030016e-01
5.697357873534687478e-01
-2.022422606055028216e-01
-2.889948773405841553e-01
1.655520587928842047e-01
-7.754132989233505358e-01
8.723328481220052888e-01
2.125197159006390057e-01
6.243529291507329826e-02
-7.144294874187826494e-01
-4.504556377713831439e-01
-2.605350296765587825e-01
-5.589270832400781153e-01
1.213932693586126932e-02
3.484106319950370234e-01
-7.015172216508118730e-01
3.963679315845152207e-01
9.437340791404066204e-03
1.879650036820657844e-01
2.023410381100284594e-01
-1.533514944602120678e-01
5.082459403836137035e-01
-9.116892918054001482e-01
8.442605726191255711e-01
-6.356891043309033096e-01
4.516319647823560102e-01
6.752870222023745761e-01
-3.958447487403407572e-01
4.519386903913921172e-01
5.048537302374191960e-01
-1.979625490770864360e-01
9.373988063973104357e-01
-9.244179902537155713e-02
2.787415868054295420e-01
9.714929342737543827e-03
1.111990440626875187e-01
-3.178738235126700729e-01
4.920623876529491847e-01
1.903597745759427196e-01
-5.130908381356511505e-01
-7.230542943437062720e-01
-3.666834032000276800e-01
-3.273958800428531379e-01
5.209142879189626596e-01
7.532690218521256309e-01
-1.121055549495800552e+00
-2.542702243358660463e-01
3.991450981902534001e-01
-4.199781655705220329e-01
-2.490706046476017232e-01
-5.699449342949179931e-01
-5.805765935131566025e-01
2.202866452305272255e-02
3.059220221676905438e-01
-2.465841657248170893e-01
-4.514799734787247609e-01
-2.866149871385370584e-01
4.175470555567965536e-01
-3.005907695240207511e-01
-7.156802486284571385e-01
4.305909643625879801e-02
-2.064951154009680712e-01
3.711596433707177733e-01
8.911510193751973063e-02
-4.320664839525332201e-01
-2.851880655840385304e-01
-2.449541948927425883e-01
-5.729719802045387667e-01
3.463751856379765348e-01
3.724711397338333896e-01
2.711437248122753330e-01
1.895634302380953817e-01
1.004865666041806632e-01
-6.036401023365378649e-01
-6.519705875696432118e-01
3.249490896822484487e-01
-5.035069886318251919e-01
5.992410415811556812e-02
9.691790022308861829e-02
-7.258153057634723071e-01
3.663218625451319932e-02
7.688915813490281304e-01
-1.542567709730966241e+00
-7.887973361269706718e-01
-5.713277717944026390e-05
8.261980345910546752e-02
-1.898952807160187994e-01
-3.970924043362960010e-01
-3.625012882577324236e-01
-4.770705233278439983e-01
-9.192255527187440101e-02
2.016396100068642561e-01
9.764246564288080535e-03
-6.337001158175913362e-01
5.695244938467142193e-01
4.457787324236773263e-01
7.124546426359130713e-01
1.013062519437397113e-01
3.949333389218384061e-01
-5.075066079956983556e-01
1.576489571535554246e-01
-4.817660044227888849e-01
-4.906445201247055521e-01
7.487147651301936935e-02
7.289591531571959493e-01
-5.847105878753983133e-01
-9.599912171544845441e-01
-7.719249286101673158e-02
-1.098083247329167678e-01
-8.117472487625513322e-01
-2.114877489555964107e-01
3.362288407301299853e-01
-1.788271739920908876e-01
-1.623533514392042076e-01
-3.665769292253368561e-01
9.802470119659986714e-02
-2.038102161215159247e-02
-6.487089297120238740e-01
7.158149109460422155e-01
-5.752035754312992966e-01
-1.679848708217216435e-01
6.461855941173791917e-01
-2.580951782739414613e-01
-1.533974563555653980e-01
8.147145849016063091e-02
3.136367995151765342e-01
5.777793347472748309e-01
8.852552466595146052e-01
-9.248664137673752172e-01
3.283158445110060386e-01
-2.892613103160579513e-01
2.917838486690735866e-01
3.323936727149830461e-01
-8.619404463917937353e-02
5.985263184505283940e-01
-5.301245567566618133e-01
6.304093591807174990e-01
5.680641074820854675e-01
2.228042110967122791e-01
4.171950377717202896e-01
5.149763123515151975e-01
2.811363079008826205e-01
-5.183783512690831596e-01
-2.967047666812802076e-01
-3.673346872067743130e-01
-8.175368991053368062e-02
7.369082323202490459e-01
2.700893757605135614e-01
-3.475214058542851897e-02
2.051351825868961420e-01
-6.315150942480971530e-01
5.941917093036445108e-01
7.791246112904929300e-01
4.519390958613170861e-01
5.005261198363658570e-01
1.128050113365529628e-01
-4.471432907542668977e-02
-2.341738241361972506e-01
-1.059417790743593324e+00
3.537322857616557736e-01
-6.680045985904047301e-01
3.847932428747778411e-01
2.148209147457246782e-01
1.476635356449206571e-01
-4.549769841357448330e-01
9.691698884828476857e-01
-5.755810566605191331e-02
-6.622942098722727211e-01
-5.737712372715877418e-01
5.133847084152031170e-01
6.086998257063939988e-02
7.018528326377533322e-01
4.553603245355984375e-01
-2.482651275251273881e-01
6.882776808347841335e-01
3.638047653300706119e-01
6.043975205184971555e-01
4.256203608876413802e-01
1.451238216322967844e-01
2.739834995277868335e-01
1.310281036080335193e-01
4.703325226345407284e-01
-1.445921511249542019e-02
3.553577844397849961e-01
6.799982720790820334e-01
-2.267109114554796134e-01
5.164012766476301364e-01
4.672812048886709757e-01
-6.685605876873006448e-01
5.220051126340577996e-01
2.036651718345203754e-01
-4.840504697914742305e-02
-5.283347120382235751e-01
3.149241561532978295e-01
-4.070812064970134037e-01
-1.569399133571406924e-01
-1.590833939756085003e-01
-6.819093944106109362e-01
-6.266459179500591947e-01
3.370141377413093942e-01
3.512802492485667116e-01
-6.339159386481247882e-01
-5.825085022593216033e-01
-2.754622564669385598e-01
1.915245659551405577e-01
-4.641898144722652608e-01
-2.640478726353340799e-01
-4.295529446739718149e-01
8.257463590706436429e-01
-2.932117122565995881e-01
-3.024117823067351551e-01
-7.906565562467000874e-02
5.781470557722453441e-01
-7.971210560309455184e-01
4.122586184869723169e-01
3.113821982224503349e-01
2.952226954705245432e-01
6.504305466696715943e-01
5.125497694262129422e-02
5.686164413207052126e-01
6.964818669176633392e-01
-7.297244309864366063e-02
1.201158563164806736e+00
3.902905380350121800e-02
-2.379317874271617145e-02
4.867662980950419049e-01
2.687624559864570384e-01
1.506453660919141180e-01
-7.799676052019447470e-01
7.115196978048931031e-01
-5.751693059023452737e-01
-3.803140560268295500e-01
-9.250042036783090449e-01
7.325595743682308258e-01
-7.478594765227553065e-01
2.473917330240829882e-01
-7.735483688134663360e-01
-3.137201669728741926e-01
5.484492394291426987e-01
-1.049376360833053634e-01
1.062785496531613028e-01
-6.476851229178113289e-01
9.776539613572260423e-02
8.945593493237757876e-02
1.669906511570935781e-01
-1.513953522768869409e-01
-7.140756991725986103e-01
1.438467890576295219e-02
2.559329276606013837e-01
3.544251236847524300e-01
-8.686966987410884578e-01
-1.915287419896582743e-01
-3.943850676471052363e-01
7.705781766726298443e-01
6.531146915131049724e-01
-3.106888156578564431e-01
1.677709189142019830e-01
7.642103187420111743e-01
-3.305263512870226794e-01
1.068999008659457239e-01
-2.320462900730637656e-01
-1.665878621168561113e-01
-1.281984270677208673e-02
-1.973051099282484566e-01
4.618965840859761141e-01
9.149117677490911649e-02
-4.344228321590518083e-02
7.566720636052566562e-02
2.640330785707230010e-01
1.418159946817768580e-01
-2.071967193866354751e-01
6.143043146127959153e-02
-2.427303578518608396e-01
-8.438901721109234311e-01
7.574881266769584176e-01
-8.774082430470331317e-01
7.570502068254649775e-01
-1.427043744997474439e+00
2.236197350013577334e-01
-3.837792619227159419e-01
-7.292651580890241458e-02
4.069363745940197119e-01
-4.314028323776005758e-01
4.842898070064894922e-01
1.459812421157166140e-01
3.728760636046902222e-01
7.604755011022346078e-01
-1.579352121015750177e-01
-1.947143006235466933e-01
-1.699164411192920221e-01
1.016648468624073320e+00
1.412180321525634830e-01
6.617218566720886042e-01
3.151596439484248280e-01
-4.044351806821006035e-01
7.764637678240943197e-01
6.958187189550235630e-02
-3.049771995214053955e-02
-1.711882761534140318e-01
-7.519207044948749141e-01
-6.746735404132224723e-01
7.357087716122630017e-01
3.692036217294566991e-01
3.575051964606910659e-01
5.153578466568096289e-02
-2.145439922239098518e-01
1.155507120997493753e-01
8.487258210844753625e-01
-1.086418067734367943e-01
1.450421807226972559e-01
2.885698812169082972e-01
6.557621309252128494e-01
-5.479175846127276595e-01
-6.118642357475226889e-01
4.640521948176042355e-01
-2.395230329959441851e-01
2.422251832920266357e-01
2.902261277883016327e-02
8.045831958027467312e-01
-2.207611328159530539e-01
-1.707344979311371524e-01
2.456074941445991755e-01
5.461976915926816112e-01
1.330970922565920811e-01
1.242878887295689461e-01
-2.232254505216060558e-01
-1.124133936121163441e-01
2.038460109394309994e-01
-2.263038396463683544e-01
3.127300151748820256e-01
3.723737136373093948e-02
2.756766479303086048e-01
6.749477390403760269e-02
3.039630631719889564e-01
3.207001683532690883e-01
9.862585931784563498e-02
2.063275108221241938e-01
-4.190229488376399081e-01
1.308748780677175594e+00
5.930925732416967300e-01
-6.693065907667312686e-01
-9.433513853417554995e-02
4.672774553230341077e-01
4.226280816774258264e-03
2.190378604602351564e-01
2.098484652996912281e-01
6.381378790501894827e-01
-3.624720061275735206e-01
4.483245048991454929e-01
1.054399091420425566e-01
3.997197260298390176e-01
-5.715023107117789963e-02
-1.662814223330809707e-02
1.537915672060745642e-01
4.072106367159362139e-01
-3.532696878382614591e-01
-1.123333613860308111e-01
2.055205621696356566e-01
4.595704744897212424e-03
-2.196116876483851232e-01
5.417158642740362851e-01
-4.968072261033043557e-01
3.425932875076512230e-01
5.236461638459435353e-01
3.760248877447626703e-01
-4.532907526992536185e-01
9.500062663797971541e-02
3.067393026727890937e-01
-7.121588646495169428e-02
-3.073953764534638755e-01
5.079532195308771314e-01
4.430752751695601344e-01
-1.627433516670210856e-01
-3.639360531326994441e-01
-8.890470167827828618e-01
1.523549810241716859e-02
2.208557157022167372e-01
7.798307080049553530e-01
-3.203302547556237112e-01
-2.123970768222682159e-01
-1.224190636860047199e-01
8.050502111794520521e-02
-2.595515185161492711e-01
2.340157094546201355e-01
-7.213571911370566525e-01
-1.130759306557858612e-01
-1.941881406114395747e-01
5.720360162011869365e-01
-2.016436214481627798e-01
-2.763511363056529446e-01
1.048469941328769306e-01
-1.194325016141966067e-01
-3.681535638869556926e-01
2.656136689378851834e-01
7.208291921390386214e-03
5.410037561005484053e-01
-4.336150051832453056e-01
-3.671639665665991648e-01
7.132622789036542343e-01
4.418019562375881670e-01
4.098653999801779579e-01
3.371197650846011751e-01
-3.189759340033727214e-02
7.743024878467019700e-02
-3.741506714569783898e-01
5.381682762236460471e-01
-8.122517611307749075e-01
-1.952733115306286571e-01
5.766911220930577286e-01
-5.816001607483193281e-01
3.701463545216232554e-01
-8.523402351868029914e-02
-2.027512153710223086e-01
3.030995978856082518e-01
-4.313487862261624617e-01
4.537316666864374404e-01
2.285835706924364552e-01
-8.771180067778648892e-01
-1.056559826030419202e+00
-5.829128904193529026e-01
-7.548541345086932086e-01
-3.561822374578015871e-01
-6.415401739612678345e-01
3.084631826329709003e-01
3.188902356721255438e-01
7.284488854213166942e-01
3.625945232066980078e-02
-3.561335180982969639e-01
-2.267564998173205448e-01
-4.079355558202648058e-01
1.702460742785928405e-01
9.736626635968001486e-02
-3.185904902441568098e-01
-4.091298379454779699e-01
-4.757718604659928463e-01
4.579435777812338459e-01
3.823559130703028941e-02
2.690050457938263362e-01
-4.746021385752730026e-01
-1.509058583766673123e-02
7.581143698995016500e-01
3.285223448717541350e-01
3.390809326386679673e-02
3.093838191631934076e-01
-1.482892135390738997e-01
6.647279702057190542e-01
-2.873925645314734378e-01
7.697849951727571416e-02
6.956794642683766794e-01
5.927535306340016019e-01
-3.886761128681061606e-01
1.486773502542177439e-01
-9.590562978962331453e-01
1.212226698846660955e-01
5.972177070520990894e-01
3.901274110021753228e-02
3.033086775835239779e-01
-1.839836336018290663e-01
-2.753700406784398425e-01
9.628773558788698006e-01
5.357312748938012487e-02
-3.315468024935156466e-01
8.082738447561294004e-01
9.150133438861988988e-02
1.083027413229222524e-01
-2.139943735261994051e-01
3.353062999361053897e-01
4.040614644713322878e-01
-1.129229841815008323e-01
-1.421939042338353776e-01
5.639091950079408999e-01
2.722696074388175624e-02
-2.660454336378389462e-01
-1.825202726326431990e-01
-5.878196433514515373e-01
-4.288094420366003745e-01
3.308532926043652456e-01
3.330140473080991370e-01
-3.909619788523504558e-01
5.373288712534883826e-01
2.149215228434630809e-01
-4.730206154468710039e-02
2.670302293445180886e-01
5.487794207842220384e-01
-9.351328967504686229e-01
-3.065642949981511323e-01
1.883153756151270397e-01
4.895511245970010639e-01
-1.004184469557062864e-01
-3.018531570106373074e-01
-5.440095700301585818e-02
-1.169460524945722252e-01
-1.169413490719937998e-03
-1.768469378086037491e-01
-9.153134420446790154e-02
-6.180543058934145906e-01
1.233404399873232887e-01
-3.300810763500086065e-01
-1.383666858137678757e-01
-1.140548361966301716e+00
6.332958023239577683e-01
1.478641738457779353e-01
-4.714139858126112359e-01
1.280571710536428931e-01
-1.283836494705496434e-01
-1.862329681140831861e-01
2.134374112898435039e-01
-5.472617355363001979e-01
3.960075097974769670e-02
-6.632867371137812773e-01
-7.501419623342220344e-01
-9.894748490478042502e-01
-3.567522028276577384e-01
7.447198047871301796e-01
-8.586781278382871196e-02
4.271472066936356227e-02
-3.703298256951109146e-01
7.739522805085786716e-01
-3.038952379560254657e-01
-1.283383919188516020e-02
6.114891393503391059e-01
5.437785295276309494e-01
-6.347050279790317218e-01
4.103276909247360327e-01
-3.309037910470979393e-01
4.080806999142814195e-01
1.106386668680092861e-01
5.386757817158397549e-02
-3.845846894988118603e-01
3.111074083626691120e-02
-9.797818297470867188e-03
7.687954288421724458e-01
-6.436035830568365146e-01
3.099414276548819180e-01
-7.609841791979514436e-02
-3.074823170947271200e-01
-6.565549682480945615e-01
4.500891774261368550e-01
2.001401303235773865e-01
-5.370745954853651805e-01
-2.882539905198659436e-01
6.316284384848779299e-01
1.394879845824570086e-01
3.430494513603278284e-01
2.398776652901592477e-01
-2.973198177567638600e-01
-2.357743576624374282e-01
3.989057845778156697e-01
-8.194464220372670304e-01
-1.066835815230308127e+00
-9.744811412151765939e-02
-6.624090831138063074e-01
1.461092145826544120e-01
4.648721971923475138e-02
4.346227471543379073e-01
1.022613186882694869e-01
2.916002098810420162e-01
-4.317854778128298321e-01
-7.760628924085263280e-01
-1.446433207733064177e-02
3.950512551888193946e-01
-2.314339615863718336e-01
3.036745215153310862e-02
9.141498112841399404e-02
-7.556168963713850717e-01
-9.071757724522250266e-01
-4.816229111710015887e-01
2.153673829184158395e-01
4.333075835290641636e-02
1.116868847908696477e-01
-4.738413990275751053e-01
4.258835495463372256e-01
-8.190425821663082084e-01
2.717140156778440341e-01
2.310890279079630683e-01
5.419621259485760678e-01
1.006668143750838018e+00
-3.291987260765720791e-01
-1.016216118177766803e-01
8.931719999442050417e-01
6.632284592439336990e-01
3.648603786860632470e-05
-2.227042351974480305e-01
-2.264731756283966391e-01
-1.530696586272012882e-01
1.380881423667396635e-01
2.643736670011736511e-01
-5.805638060587826887e-02
-3.523325972174440324e-01
2.127214245707736706e-01
9.529706456373882029e-04
-1.369142862038586483e-01
8.547732954217078516e-02
5.113535250021916667e-01
-2.602190176013840506e-01
1.442774407202483067e+00
5.550921606548651077e-01
-5.415578918733886249e-02
-4.232498190789223957e-01
-4.508821608908043510e-01
8.437192097614226727e-02
1.572509820680199899e-01
-3.543009164943098921e-01
4.126491635293287330e-01
-2.721447917545851136e-01
-4.434634855053673497e-01
3.803021404208433154e-01
-3.390993818080763056e-01
4.789253927799642652e-01
4.077861475616903486e-01
-4.486263350070109901e-01
8.539641278323334417e-01
-3.434331842141670477e-02
4.203980003611763605e-01
4.609282717493721759e-01
1.099483365788939265e-01
-3.331097494745578480e-01
-1.853830714243499544e-01
-2.365630670137427172e-01
-9.745397609002447448e-01
-7.866446858972148126e-01
4.961862390966323422e-01
-1.753861987319215443e-01
-5.281738427041494655e-01
2.244979839533687016e-01
-1.547314211543608931e-01
2.470115559385332171e-01
-1.044991495232436285e-01
5.703949402775508881e-01
2.757985603129682328e-01
-4.781430376615217887e-03
-1.092458946847960077e-02
-1.283175247552627296e-01
-8.433635552876378449e-02
-4.543641954122180082e-01
-3.323022440278441958e-02
4.698631998339645177e-01
-4.688800897654665234e-01
-4.434652686528357812e-02
-9.044298429233907366e-02
3.263129925921766650e-01
-1.162818703562134570e-01
-7.779166676874029740e-01
-5.264687184314856966e-02
8.731319854589060236e-01
-3.614438377521829726e-01
-4.216155742346582302e-01
-3.276680945430430203e-01
-6.306869881586296689e-01
-5.593472659553959669e-01
-9.946234196786253312e-01
-9.953015441892214543e-01
-5.849138676224768796e-01
9.225898566148138524e-01
1.199231847362177139e-01
1.048338708880701131e-01
-3.547405542198369677e-01
-2.012905909063229526e-01
5.073181440952131971e-02
8.566856294880647038e-01
1.558052428234184272e-01
-4.476684107239263799e-01
6.760218253447964898e-01
3.287610646683776228e-01
-4.845495958959341598e-01
8.093461286830617996e-02
2.082317943168574825e-01
8.867074001498858049e-01
8.843604474446719044e-01
-7.073116379873879422e-01
-4.987789266394543342e-01
2.870397232580013114e-01
1.884851271101483094e-01
3.422522684579995533e-01
-3.886543953188874578e-01
4.133664907135095601e-01
5.041418746740542467e-01
2.631732808057123396e-01
-2.298982788084572293e-01
-2.218745711016475719e-01
8.397785398463503137e-02
-7.403546663169904285e-01
2.852271664144172547e-01
2.568652902664189663e-01
-1.124791936509980245e-01
1.748527232729613079e-01
9.259242004856846342e-02
-1.402961067916920213e+00
-2.174600339345916233e-01
-6.045934582530846368e-01
7.215135678179851464e-01
4.656268981507166727e-02
-6.577213557305437996e-01
-4.751051103276048709e-02
-1.984695449848500604e-01
-5.259471287000061501e-01
-4.593911946295021198e-01
-2.168069074936644358e-01
1.354304175061255278e-01
-1.462681848722356959e-01
1.199910599688297497e-03
8.260784059500382304e-01
1.014462720139467367e+00
5.061155050002363875e-01
-2.158780711508682393e-01
-5.514784847947417079e-01
-6.691939603741944298e-01
-6.574807951456221322e-02
3.721004675031298892e-02
5.188543996767955857e-01
1.517535076469914701e-01
-4.717614916742360887e-01
5.933729763472767038e-01
-2.596955313737183135e-01
5.707164088608177588e-01
1.112463559317760781e-01
-4.307186163352997310e-01
5.239129067348947677e-01
-3.818909040696262247e-01
2.193952000079430475e-01
3.352122362533526134e-01
-1.766290556182897042e-01
8.904070825789439647e-02
-1.035515713080013278e-01
-4.536763591236701032e-01
-5.727052208053274862e-01
4.034024840594357397e-01
-3.346521914374044337e-01
-5.413727205753826599e-01
-1.117660924863839167e-01
4.224709536437413759e-01
3.790386553561357896e-01
2.047213511002379527e-01
-3.639323502262531429e-01
-1.827948519174318609e-01
5.904807908876225087e-02
-5.668590481388956492e-01
1.160630047053810288e-01
2.209623048019849212e-01
1.757674320138699620e-02
8.986495662860613520e-02
9.757659883151820202e-02
3.086259426214403856e-01
-8.615916058702435265e-01
-1.315867082724671289e-02
1.142085678628649431e-02
-6.794619880260566180e-01
-3.637344236975017381e-02
2.464897421909910957e-01
2.077852090325211787e-01
-3.700455416170878031e-01
-7.977996618538135687e-01
-1.453247245349114369e-01
-1.617455728357192479e-01
-3.864350874188627466e-02
-6.775609703602103462e-01
1.611618355325969976e-01
2.895682579524648248e-01
4.094246705301621964e-03
9.150362566202793757e-02
-2.108572090383861453e-01
9.123395350998542153e-01
-5.690102292404890516e-01
7.786216059311928950e-01
-3.017338929852883544e-01
-1.002597237642204181e-01
2.879440450364507686e-01
4.695483891122020914e-02
4.403783147803817521e-01
-7.076175858265698615e-03
-6.140344916998774494e-01
6.263843043268911837e-01
8.584134235822452608e-01
3.286204744744031236e-01
-4.445658414012825799e-01
1.578522385044714149e-01
-2.579705590702060514e-01
-4.806455390763834101e-01
6.888090349074706964e-01
-3.446711755207524930e-01
4.076496292338193661e-01
-8.997712664450106812e-02
-6.849677944990069101e-01
3.889686911158581756e-02
1.194389198605632085e+00
4.941377018794659293e-01
2.379403280461532266e-01
-1.969539182291511759e-01
1.584357693159056113e-01
1.332278040831145871e+00
-4.120307016995740645e-01
2.687812308821686536e-01
-1.968302700049171239e-01
3.995037113795681383e-01
3.713845515226841809e-01
-9.978785287356493894e-02
-4.903592465607209405e-01
3.235683473785844755e-01
3.403424085284418865e-01
-1.197217521117307504e-01
-7.325233730288951972e-02
9.968728136637723669e-02
3.673076909594381600e-01
1.002152360022402211e-01
-5.141526579111055373e-02
6.763658335544090461e-01
-4.238316212285777596e-01
-1.766140009824257451e-01
4.224153611224397142e-01
6.734868489765543087e-01
-5.113308098020276082e-01
5.382582428238439354e-01
-8.248608194140241157e-01
-1.552655447080750553e-02
-1.333950449624650425e-01
3.650494416433312517e-01
7.332701266329690881e-01
4.307832488918990621e-01
9.841092313900424993e-02
8.837397360751262365e-01
5.817231842031689304e-02
1.277636838541731934e-01
7.691285697518038950e-03
3.575065975437634325e-02
5.708870693437606558e-02
-2.766456849839346033e-01
8.081903599489009826e-01
-6.902584524951641543e-01
9.568673704659411139e-02
3.435991022087407920e-01
-3.664701167177435437e-01
2.745975114972792896e-01
8.462882816599975877e-01
3.276007628547486505e-01
9.171133863315771018e-02
-5.972521130592858829e-02
-3.960289096528649688e-01
3.075697535021868489e-01
-6.812740083285572235e-01
6.770010546424091169e-01
2.005031469196326688e-01
-1.601920726571855469e-01
6.879878723078627356e-01
1.124515778335317268e-01
-6.776003747734238303e-01
3.677738768415069748e-01
1.092262532769316952e-01
2.088764613012371596e-01
-8.207033737236928417e-01
2.993443383804614277e-01
-3.423241302980223333e-01
2.249681645845960920e-01
-1.838061348786579619e-01
5.671617731987358413e-01
-3.225768768014444787e-02
6.318952493501061030e-01
6.581784254851438254e-01
3.976735740926941320e-02
-5.345562081952590638e-01
-2.696445693833310897e-01
6.309994920824549269e-02
4.627572968021199662e-01
2.096045876324148516e-01
2.913978117174076399e-01
5.146145626410323359e-01
-1.932220834339822835e-01
1.821071905435406313e-01
-4.788843097671479643e-01
-2.354028879281879760e-01
8.505933988651280531e-02
-1.699803449875486039e-01
-4.108655159001065038e-03
-7.927126469947844978e-01
4.395715383294394596e-01
-1.873886242910314526e-01
-5.351515715899585190e-02
-3.472365610713359918e-01
-2.295822465352558295e-01
-2.214674507390411162e-01
4.957530088813334734e-02
-1.553488018232531687e-01
-4.082932110855155283e-01
-2.245135777196103632e-01
4.916049435596315798e-01
4.386935297818959079e-01
-7.676862171279459357e-01
7.519468345036189882e-01
8.931143927307041430e-01
-6.214613263604503723e-01
-8.818976244828209410e-01
-3.494790091389526343e-01
4.738613397562263518e-03
-1.597069884849496302e-01
3.967504407244875630e-01
-2.981171032072432170e-01
2.936215994371335070e-01
1.096913475871001964e-01
7.400426076000489184e-01
-4.613626575216639991e-01
-3.176352604766859433e-01
-1.985243468222997743e-01
-4.934087609766477089e-02
-5.650143591500845774e-01
-6.267061475800859982e-02
-8.605924155793508445e-01
-4.035080375442320899e-01
2.475949227811199416e-01
-5.577490620881880856e-01
5.846443860174730389e-01
-2.123238852853987640e-02
5.746392961918356246e-01
1.763329920528831640e-01
1.862621644344714111e-01
-2.589623828788367027e-02
-1.030111808722715017e+00
-4.685321045562021447e-01
-4.042862001581530862e-01
2.980503973745291524e-01
4.749543913379279669e-02
-7.965825195974403083e-01
-2.560632815738510537e-01
-6.852425824117883701e-01
-7.543548470217178309e-03
7.590169798891710506e-02
-4.121752832176429071e-01
-4.895937444478712375e-01
-7.050864011496017492e-01
5.396665889824852069e-01
-3.303731600029613524e-01
1.813341969022680411e-01
-5.526782589337226881e-01
-2.013382104462670130e-02
5.494852604525848339e-01
-4.227870919516635295e-02
2.232622790891616305e-01
-1.088513771891468501e-01
5.985956053521701570e-01
2.521475524370659360e-01
-8.137565708961210786e-01
5.001292002263212355e-01
-1.856574516674505959e-01
-1.045047590327502218e-01
-1.352689077353866454e+00
-1.046991818830481924e-01
2.195539841936905434e-01
1.170916463318120992e-01
7.276512071650211855e-01
-3.362338066689223859e-01
-1.428473211947374755e-01
7.188917523028114376e-01
-7.635675988786491675e-02
-1.057192740953630111e-01
-2.817891609369730932e-01
-2.990682311264278304e-01
-4.178879050445428733e-01
3.605937367222324941e-01
-4.639772914886099997e-01
2.672804894218137606e-01
3.068574017834935219e-01
1.592509168462273583e-02
-4.165461355936148080e-01
-1.878422697107291484e-01
1.132645112100278517e+00
1.583592247320465829e-02
1.306718026182118464e-01
-1.711141425420190099e-01
5.010278663862830495e-01
-6.765455879747833690e-02
-4.093829631183856788e-01
-5.848760545150799572e-01
-3.582117946116797347e-01
6.801892797135704605e-01
-3.122568902705404326e-01
-6.247247002195545074e-01
-1.733724074072157673e-01
-3.700520181561952615e-01
1.274636234270317414e-01
1.942960342060945367e-02
-5.768184528525841515e-01
-6.863911140333719407e-01
-3.360009877134124689e-01
-1.165034360863143270e+00
4.990032543134362286e-01
-5.591175858642193353e-01
2.003356902464384637e-01
5.814322795355890694e-01
-1.073375059451857072e-01
-1.216485496569367664e+00
-7.206013826114963938e-02
-5.921512665234256456e-01
1.853438574529454319e-01
-9.562036168225271915e-01
1.548019588702181926e-01
3.810939830964286124e-01
-7.913638715230350007e-01
-1.432685978825800621e+00
3.323426517959404691e-02
3.370055912296763267e-01
2.156780966203395988e-01
6.709570343231169298e-01
4.375508006559527541e-01
3.245259342718100348e-01
-3.091304455062847678e-01
2.311734886491481344e-01
-4.491130741201980747e-01
-5.590655938359783139e-01
2.785305611389408686e-01
1.483257024397328649e-01
6.155629871219678861e-01
6.346361004071633394e-01
-2.225897122831924091e-01
2.547575690995184522e-03
5.808725672895563852e-01
5.161782820105008662e-01
4.904952501485124738e-01
3.570961557282481547e-01
-5.731775250246071707e-01
-3.106619450162274032e-01
5.464430616677309338e-01
8.608869025684083576e-02
9.343850117416514778e-02
5.920201619999463372e-01
1.934818238421364134e-01
-8.620750902737863708e-01
4.256133973047738217e-01
3.779968804413164629e-01
-3.507167733163849555e-01
-2.944060717661659346e-03
-6.474452622814067526e-01
2.687252060653420593e-01
7.605583295827874624e-01
5.318006632654447008e-02
-9.596498865460018068e-03
8.277120595406937120e-01
2.736310515817140243e-01
3.406006603594703974e-01
-3.560707336355863895e-01
-5.510209199085572829e-01
3.709433188797550129e-01
4.033341241577022562e-01
-7.370610164714116452e-01
1.701848622005641132e-01
4.816105830058314830e-01
4.216980871101744799e-01
-7.823551218653083117e-01
-3.691927106747902032e-01
-7.110053619327051377e-01
5.304085778762740455e-01
-3.646902802328265691e-01
8.345413140129115392e-01
-1.934664544113086082e-01
5.652674416684547176e-02
2.610255446164109205e-01
3.810822275803177339e-01
-1.459316557108474299e-01
-7.441514382131937388e-01
1.055402929660124722e-01
-1.915894495875638537e-01
-2.557773767312827573e-01
-3.815555315985996176e-01
2.163624041717991664e-01
2.129721792195402585e-01
3.880373668532705045e-01
9.256519548082501325e-01
3.736325895000878194e-01
5.643247956040156055e-01
-4.188546085507491301e-03
5.673919412876290980e-02
-1.168928962912760550e-01
6.833730151837523747e-01
-5.968683686622225926e-01
-6.503375324471850905e-02
1.080835771018074792e-01
2.045099797169147859e-01
4.032217335694598948e-01
2.560440088287759819e-01
-4.284559144134429953e-01
-4.285409897744214547e-01
-1.303676021922540729e-01
2.927817625722552441e-01
4.185059902540466115e-01
2.819580861758322898e-01
-2.874088876934844938e-01
-4.958023777404942378e-01
-4.072303978882321207e-01
2.826127760900604691e-01
1.784861135612845207e-01
-3.142172080069917661e-01
-2.205039210275991646e-01
1.197061340189856278e-02
-8.563529260323862746e-02
1.975079736166499011e-01
-1.115134857396373746e-01
-1.732808551142928088e-01
-2.426032098679056226e-01
-5.648805718379541763e-02
-7.151664033416471611e-01
-6.477224533952284924e-01
-9.397607846572194612e-01
-1.830512520214338246e-01
4.249348073670210502e-01
-1.334975086806040601e-01
6.209872222668912922e-01
1.908315411011906049e-01
-6.206311706932599037e-01
7.793489608413041170e-01
-1.086494113025626429e-01
1.911394657596826308e-01
-9.549839932571489720e-02
-2.444439987083925625e-01
-1.035436159037016329e-01
8.185439313058491262e-01
4.012085522735844845e-02
-7.676327271188356782e-01
-2.100982120760908622e-01
-6.698049459429634978e-02
5.725962307943536223e-01
5.341643048464468357e-01
-4.738450785529371156e-01
-7.546883630866589865e-01
-1.365402961161909512e-01
3.187257835150952290e-01
-1.470596823309508472e-01
-1.253875130205006627e-01
-6.219817800810503727e-02
5.004945685311927850e-01
3.492670334005362198e-01
1.032430630674747302e-02
-1.237128456028253165e+00
-7.004872900697790561e-01
-1.271327125468161567e-01
1.588786782683129506e-01
-9.154974558641499893e-01
5.833925741498034029e-02
3.937057986471709237e-01
-3.302472425288410229e-01
1.607014267150458919e-01
7.084258370440504188e-03
2.757539582530981748e-01
-6.727934680939154366e-02
2.285878453086282597e-02
2.860057824196938214e-01
7.664294668340907446e-01
-1.993845843536339868e-01
-8.544945923647109254e-01
5.508920352653262631e-01
9.989205460906688816e-02
-3.205573689159191275e-01
3.393701000839405291e-01
-3.262372618126854196e-01
-4.855063745926703755e-01
1.923363208416660752e-01
2.667472436858387558e-02
1.044710521383419716e-01
7.646162972159237237e-01
-1.886530132446441743e-01
7.334119388168203191e-01
6.980874302352750860e-01
-9.841879197682752711e-02
3.249427723858340777e-01
3.740661734529006355e-02
-1.788375757923057752e-01
7.460619651292603738e-01
2.801604218057995310e-01
2.086597319942131712e-01
-3.516461655057656621e-01
-5.846689511268171602e-01
-9.273617754219042331e-01
-3.741390160509964341e-02
-4.479599366945175021e-01
8.076759369083169604e-03
4.356336209958522887e-01
-1.549298735372512392e-01
2.073261970662229337e-01
-2.370332844666826755e-01
-3.013799679528736952e-01
9.651403622370449131e-01
-3.087408901906528724e-01
3.056787899566503625e-02
6.752009622490787177e-02
-5.092198340387924516e-01
-1.559812696680428212e-01
2.760813970579895082e-01
-2.324364929038890137e-01
-8.758512638751487778e-01
1.967614613194736128e-02
-1.965287257963387602e-01
6.517783054658116138e-02
1.696214261130085665e-01
-1.522698748875760955e-01
-2.707418404197612372e-01
5.221228245510958210e-01
5.355732140923946671e-02
-1.998160725746483679e-01
-3.467249808181787074e-01
-6.061250772544173326e-01
-7.098285372302794993e-01
4.089975589562055980e-01
-2.360620854367722621e-01
-5.593025986709554420e-02
3.164744878097889291e-01
-6.445821391541872725e-02
-1.548691200156747660e-01
-7.767319405548674949e-01
3.257348288489917976e-01
9.714712137781780221e-01
-2.979520175222740153e-01
-1.638601692221800799e-01
3.668590555469265491e-01
3.544176533790356909e-01
5.001419557657104109e-01
-3.808013042375406609e-01
1.709533383235863624e-01
4.854626588958159683e-01
-5.631005146398616601e-01
7.179937714160422590e-01
2.483648832398075990e-01
8.070917556542174243e-01
-3.397304149977465881e-01
-1.300015027743756935e-01
8.425815997973116200e-01
2.933147240447662174e-01
2.506894188603206453e-01
-4.527451099365729092e-01
-1.413441511098509351e-01
5.178321421601910224e-01
1.469674701348891721e-01
-2.218628002431799195e-01
2.731709046140878838e-01
2.057118667585466909e-01
5.379611630267868705e-01
1.166860324020058404e-01
-3.499484767971526855e-01
-5.863044132207769765e-01
2.587173478932048853e-01
7.598362987695111981e-01
1.601860598701062774e-02
4.393537725745715328e-01
4.778955901146350604e-01
2.267707129680563150e-01
-1.330244454194873527e-01
1.071014274193172078e+00
8.128805021179688062e-01
-2.707213370550575204e-01
1.961854984746623232e-01
1.619023706889552439e-01
6.407925624586909841e-01
-4.649440949735706430e-01
-4.985321455793947365e-01
5.627867547797308495e-02
-3.353441097200742793e-01
6.997250568637566337e-01
3.353268227407706359e-01
-5.716242164348148691e-01
6.215994280076184708e-01
-1.983542877325526477e-01
1.446071426256028691e-01
-3.551329466734788887e-01
7.071271811400204887e-01
-5.153783166395584647e-01
-1.163333824159420299e-01
-3.859443430419605137e-01
-1.139793368628210513e-01
-5.870006628643714697e-01
9.910117741389555535e-02
-6.111713887128522593e-01
3.258115193961474976e-02
8.130043863480367339e-01
-7.716950457023855625e-01
2.089895597566011343e-01
6.191462399867528887e-01
-8.256732971360775802e-03
-6.465241629965647052e-02
-4.202346585653722877e-01
1.215537964232688700e-01
1.600504878551596954e+00
-3.067027551923298123e-01
1.200325315405457616e+00
-7.787328109218535910e-02
-6.737536897171218786e-02
3.730871446514245626e-01
-1.468533137461037197e-01
-6.757080902300727221e-01
7.552078495630898392e-02
-5.978627008489564298e-01
-4.455286930172987214e-02
1.218876949134867216e-02
-2.068358035030285480e-01
-5.110984607297527349e-01
-1.119012971830922187e-01
-3.295366827956556222e-01
4.961955994075950005e-01
-1.784716420423213545e-01
1.393353413838260141e-02
3.154551844251349269e-02
3.648267350053302494e-01
-5.905494511106228472e-01
-4.730646280029408013e-01
-5.411923040852142375e-01
4.733055370861520839e-01
6.185049884676235843e-01
-6.156976347278081407e-01
3.056368583517166115e-01
-2.640901972813977094e-01
-1.170286783098557493e-01
-1.466590884376967607e-01
6.481710631723447413e-02
-3.547633437792090394e-01
6.091640758881031736e-01
6.882234932927472348e-02
4.615662204246220313e-01
1.938549795583695001e-01
-4.301901750071549513e-01
1.008772176126793818e+00
3.057611296436426596e-01
-7.408510152197834708e-01
4.346702599795962962e-01
-8.364667479909543291e-01
-4.246478803124558166e-01
-5.168151660484163884e-02
4.673857544152891785e-01
-2.371337478354223482e-01
1.250379813955069808e-01
-1.078474581046893338e-01
2.636137651332612908e-01
8.599831539703169103e-02
-5.247353310001476867e-01
4.787902425601522904e-02
-6.072304681567508577e-01
3.010823832898134461e-02
1.296115557400662199e-01
4.042705497526969949e-01
2.755876794326949653e-01
7.562858432691190735e-01
6.579949184320921240e-01
-5.877229891716942989e-01
1.388238670555886345e-01
-5.390051898890005910e-01
-4.450996978767919887e-01
-1.220039948528503781e-01
1.029318720536964576e-01
4.161955915079202928e-01
7.675511824333793864e-01
-2.248555762871288222e-01
-5.718531841277953165e-02
1.080955776990568384e-01
1.007960496698016434e-01
1.891818287395447828e-01
4.199670876073947623e-01
-9.718080509292986724e-01
-5.613637098395385383e-01
-5.429411408978370712e-01
1.608624508893666261e-03
5.805974958312275502e-01
5.756991598843556185e-02
-4.543262063622366398e-01
-4.217702960714470595e-01
-4.084937686518528288e-01
-4.542952936266356212e-01
-1.773032384769257508e-01
1.865282279313331404e-01
-8.093659499962152504e-01
4.401955456798715138e-01
1.304271019650937724e-02
4.187123525527843837e-01
-1.315181164271879699e-01
8.476783113655653179e-02
1.990741906011469775e-01
3.437711722022090272e-02
-7.167430310294917173e-02
1.970308733368397458e-01
-3.959647156546733937e-01
1.713772940843350800e-01
3.104270982325595396e-01
-8.092689245627102124e-02
3.975276509018046966e-01
4.100969940386077761e-01
7.834164248818789589e-02
-1.344112203706830655e-01
2.962201609786705436e-01
5.702992167011790015e-01
-1.895583062622264309e-02
7.570289066417552615e-01
-6.383602040926139587e-01
2.306433029771171039e-01
1.670043974624688399e-01
-1.120810661458397639e-01
1.578777491331409544e-02
2.419445785336690191e-01
3.080276149809831332e-01
1.565967906410543897e-01
-5.133970386292171367e-02
-8.354843418988333603e-01
-5.912727351546420707e-01
-3.636232648350687935e-01
4.893791015707126268e-01
-1.934016350725777933e-01
-1.482934471456660297e-01
-2.098823962637526575e-01
-1.914550505020475302e-01
3.814790476031720279e-01
-4.558425768033249059e-01
-3.972292207879625503e-03
9.360509885662006146e-01
5.410878590282494627e-02
2.631305602829657753e-01
7.656629199483927506e-02
-1.953747767854252526e-01
-1.566464764202246118e-01
-3.177527080437359541e-01
-4.426224787135443761e-02
-2.795014792767064327e-01
1.157139283488063386e-01
3.067122342142787894e-01
-5.490398268710521279e-01
-9.112947891377510823e-01
-7.522501264101620899e-01
-2.880608703719245156e-01
-2.022118904527811234e-01
8.127540830017124796e-01
-1.491597443408340662e-01
-3.337805978606499524e-01
2.176248866266832505e-01
1.801700366419089760e-01
6.747006697621379945e-02
1.094199482523169481e-01
1.758723278446354121e-01
-2.773343989261395914e-01
1.286322279849867189e-01
3.258820067899487749e-01
-8.701613881874135092e-01
-5.754774808942001441e-01
4.602378908496253529e-01
3.611901685791820138e-01
-6.429027278625147612e-03
-8.002823830701299990e-02
-1.300276744249447836e-01
-1.156016803746710286e-01
-1.962353219581711161e-01
-1.382706141114981579e-01
1.290156169476512626e-02
-1.023854905299244722e+00
-7.795669045505229100e-01
1.001050645338336320e+00
-5.434046211808117866e-01
-3.011675236379773302e-01
-5.052941319045779478e-01
-1.226826274959239349e+00
-8.219116378748533847e-02
9.342722281056631273e-02
-1.304861157982149800e-01
1.645940079656890154e-01
-5.552924005873183244e-01
-4.902230969085613621e-01
-1.975601705655910256e-01
-4.285019089487231148e-03
-4.702593615991960685e-01
3.881648953653839551e-01
-7.755367405345395815e-01
7.515059683907612254e-01
-4.674866233523664594e-01
-1.205455646156481098e-01
-2.757086695396265830e-01
1.747183845800071023e-02
-7.118212930007735695e-01
-5.792634274401057271e-01
-3.156236257726945799e-02
4.503096382320327384e-01
-3.507422334801130748e-01
2.431432905500748864e-01
2.692478275071267246e-01
2.988037235307218209e-01
-7.840462624911539447e-01
2.329305876079242610e-01
9.876304032687781564e-01
-6.575917199219402653e-02
4.874909945546501699e-01
-6.591742354662821768e-01
1.444879489870208311e-01
7.146078996733390420e-02
2.863708843106865243e-01
-9.632935813517798374e-02
-9.006854263008980122e-02
-4.506455640842373378e-01
5.765406134424527762e-01
6.477733783299517434e-01
4.427754538858916789e-01
-2.179579850006312103e-01
6.401558519735154329e-01
-4.357345715483724735e-01
-6.706750691800388298e-01
2.690291102665208767e-01
1.380467402073581873e-01
-1.884998619324133873e-02
3.974776237386780098e-01
2.615572556695986983e-01
9.165225583063865145e-01
-2.863629500593105615e-01
-3.171617560270934000e-01
-1.639999599015070919e-01
-3.683335254751049503e-01
2.423178758231331886e-01
1.194340363514363013e+00
-7.527613389553888812e-01
5.805872372291992489e-01
1.550273433106740817e-01
-5.652000183878151951e-01
3.609359246530393639e-01
2.409291594140437476e-01
2.614087238335282559e-01
-2.842384430054874511e-01
-1.950116062978228260e-01
-1.820069770913790852e-01
-4.851048007341475787e-01
-2.547183203718400568e-01
2.053761866309327111e-01
4.825659510768216115e-02
-2.833853323933637203e-01
-3.419763290367185959e-01
-5.361545954131260450e-01
1.828466312119154114e-01
6.109558149653130377e-01
4.348868961708539649e-01
5.878437902643618429e-01
4.565021288056707593e-01
-2.775325892330333943e-02
-7.279639630026731867e-01
-3.301324534296844471e-01
2.854980943513115710e-01
-8.431253462639318186e-02
-5.616444079174404136e-01
5.452159428236702521e-01
-2.862172995497745953e-01
1.747045427088376179e-01
-5.623438794403533558e-01
2.944080046861065614e-01
1.280301621444735583e+00
-6.129119483648012845e-03
-4.469508682859920090e-01
-7.823237454523737089e-01
-1.372556520155421844e-01
3.218485452915286760e-01
5.075801078282896617e-01
-3.892391773298926605e-01
-2.073068111528009738e-01
-8.085432832796154989e-03
2.255166662280824186e-01
-2.573902787850088081e-01
-4.512146137079839914e-01
-2.809084472493501572e-01
-2.464251331291641423e-01
4.804883414421520227e-01
-9.373597066676027101e-01
-1.974583755165771476e-02
4.297793741128286826e-01
4.947172676776185885e-01
1.993635498578841814e-01
-4.651753508616438548e-01
2.277076499524481878e-01
1.442032891000312456e-01
8.004385105030009662e-02
2.038115204220299348e-01
-3.185351055980126245e-01
-5.412695548857767713e-01
-1.136751224608904209e+00
7.906459272818946449e-01
5.573726974841871629e-01
5.225417254269399958e-01
-1.642783308822642341e-01
-7.730836430502001644e-01
-4.527580980011289280e-01
6.736844664688855511e-02
1.571652537680116590e-01
-5.147785144990069117e-01
-5.278080868636593204e-01
-3.573953341213501611e-01
1.015672949194838387e-01
2.746798923399767708e-02
-2.204458109034952151e-01
-1.659588262726128804e-01
-6.029767378311272352e-02
5.569183692488146598e-01
2.355120609756466699e-01
-1.788324065489609871e-01
-1.765612994563878213e-01
1.397486222560589131e-01
4.116517803402459652e-01
-5.975515833609652550e-01
-6.813226642456544635e-01
-9.287538408471796014e-01
5.778352775291251131e-01
9.597468717913677505e-01
-1.990216424827666586e-01
1.393750483320007838e+00
-2.318471739619814287e-01
-5.412515523700411890e-01
1.728569058398610192e-01
-3.494434873040020428e-01
1.096007120903257137e+00
7.975641511088205071e-01
6.550852795986020771e-01
6.497930831704773480e-01
-6.033624963588253287e-01
7.540006638811144746e-04
-1.994690451367640005e-01
-3.851908274424373779e-01
9.358171490676351345e-01
-1.813162897129220741e-01
-5.771893167221771315e-02
-3.346976521480528599e-01
4.523382023673611085e-01
2.495165933939386127e-02
1.107139659723502395e-01
-4.408237389675563889e-01
-2.326358197031161701e-01
-5.355167239623079833e-01
-1.254447482256797475e-01
-7.633607927457525255e-01
6.124504713536803591e-01
1.190770630915468642e-01
3.072193246731698135e-01
-2.859443590728064644e-01
5.062151163723496716e-02
5.624031012553115660e-01
1.541478874361652263e-01
-6.185770464922204503e-01
7.149170040287392003e-02
-1.322789829537376338e-01
2.455062955231996913e-01
3.626107277616788527e-01
-1.073981205669015115e-01
4.817332542727391642e-01
2.630528283399334866e-01
5.114906725593292292e-01
3.218453922583133786e-01
-3.425661872184739831e-01
3.005590506849504795e-01
-4.837548563465023377e-01
-1.955377198479860412e-01
-3.914452716050607073e-01
6.151938000690219122e-01
-2.707485619092890872e-01
3.081554791699008256e-01
7.278855679745656060e-01
-4.355534179186504318e-01
-3.762211982693336454e-01
-1.947157941590313690e-01
7.665247039728863010e-01
-5.087162315880644492e-01
-7.811874924908472628e-02
-2.244659064284384997e-01
1.561124495217409702e-01
-8.459028251209176341e-01
-4.452817352692912123e-01
-3.273145931038030920e-02
-8.575608206877938233e-01
1.895958350963565242e-01
-1.067844062701813479e-01
5.084608495781141047e-01
3.357052126272272452e-01
-4.153547592715888248e-01
-2.960064811828423403e-01
1.086229487277476702e+00
4.501871834153354235e-01
8.426829931286898834e-01
-7.967761179370576041e-01
2.559369137702672825e-01
-6.345957018642366387e-01
-3.663594062244460714e-01
-3.025906744114075231e-01
-7.956111266063935483e-01
-4.220902944238268950e-01
-9.013391755077172773e-02
-1.612865835290968053e-01
1.189014821240275827e-01
-5.734549862236383300e-01
-6.271027411904662729e-01
-3.228080789429258468e-01
1.143597245853826383e+00
2.528444240138680299e-01
-4.118542965773248077e-01
-6.117742984349997526e-01
-1.094443409180133164e+00
5.568403876418506204e-01
-1.006937741808054815e-01
5.219985813838676769e-01
1.650491196879187994e-01
-1.262791873409310761e-01
-1.135415759226208188e-01
4.553902582548671751e-01
-4.459085838888258158e-01
3.518070077165932896e-02
7.178538171709197835e-01
1.393006156218902503e-02
-6.314888783345619372e-02
4.353771050412091892e-01
4.855855459266219393e-02
2.389080650631831004e-01
-5.504014095484770219e-02
6.848134738311542069e-01
5.717131501829822993e-01
4.546942189718479743e-01
4.514402612999812714e-01
-1.372520654528874839e-01
-8.578867916150577644e-01
3.649496021237898513e-01
-1.036764578528486663e-01
4.336497841724522018e-01
2.874867829672483888e-01
-4.468792460651530574e-01
1.383515449974045963e-01
-3.847602191071607391e-01
-8.503663958679474888e-02
-3.255584666882319622e-01
4.096246194781176519e-02
3.421138904309412587e-01
-5.660532265148113806e-01
-5.643099153460993944e-02
-1.119159324421149099e-01
-5.668503506558851823e-01
4.370976073029800291e-02
-6.342306543973211252e-02
-7.638244665199327432e-01
-1.658705066272549433e-01
1.419873694813955090e-01
2.122888693317141751e-01
6.030784455478497286e-01
2.168199395199578994e-01
2.860402304805552687e-01
6.544541302947137762e-01
4.254806737104447345e-01
-2.372479161911015821e-01
5.373988344324250876e-01
-1.235894738036618368e-01
-4.603331777736610064e-01
9.272725134785732293e-02
-3.512417791132313449e-01
3.646411588082230093e-01
1.693718247288905909e-01
-3.711778773714248525e-02
6.828049174610197058e-02
-3.957552030492934581e-01
-1.355061167164719194e-01
4.505326689870934875e-01
-4.312444081202614909e-01
1.084671241388151186e+00
3.886738317149359689e-01
3.140052535267593425e-01
-5.616872304361650858e-01
-4.200389225190381270e-01
5.462792494003705368e-01
-8.347014044058007620e-01
-4.732749554044088369e-01
-2.743674645507240828e-02
-9.132529952738313583e-02
-8.835749060713329328e-01
2.255879164193882180e-01
-3.735387925714754864e-01
8.435156463888165979e-01
4.050568329619560343e-02
-4.878172331075168733e-02
-6.448347095250158700e-01
1.349997491839758645e-01
6.084180918820226713e-01
7.893653316073120929e-02
2.812274070893764355e-01
3.473534501843948963e-01
3.210562407168607996e-02
4.925130649752684775e-01
6.622229386319985478e-01
3.165461847545491536e-01
2.080870129592379825e-01
-9.295931213132356818e-01
-9.356523036777668612e-01
3.161389916297955432e-02
1.182836954634804011e-01
-4.645029077497692116e-01
4.496629302255876481e-02
1.855662511810554360e-01
3.381756056658757892e-01
4.298046864841131853e-02
-1.502272514332490538e-01
-2.786123272911882887e-01
-1.087507320591562188e+00
-4.275126393270324843e-01
5.448817571653502556e-01
-7.341734456390339170e-02
-1.895751306788764357e-01
-3.034958892989698676e-01
6.213267353111120439e-01
9.151879056457895567e-01
2.023359958493537447e-01
-5.762476244352814359e-01
2.747988333951911222e-01
-5.435186068540038828e-01
-4.384835534503975230e-02
-2.288980601297896655e-01
4.337190739657720284e-01
-7.900203153817313417e-01
-2.363703714315939231e-01
1.554940714965790949e-01
-8.022454719609360962e-01
-5.623250657688363408e-01
-5.202726363432916279e-02
9.202419801813392641e-02
6.083554203917269643e-01
-4.080814290303140801e-01
1.123815622377578316e-01
-5.836829103562566345e-01
4.931394595193418495e-01
6.034463981614511807e-01
-6.249537654756485983e-02
-2.291389922003284063e-01
4.061199034320170376e-01
6.682091669895315889e-01
4.534723884129868710e-01
-2.669240745981850682e-01
3.724708897541933461e-01
-2.171355011816341885e-01
-5.339252850615329449e-02
2.186510809905744812e-01
-2.633548089069145948e-01
-7.419706791008875424e-01
4.048582521511311372e-01
3.750987417826523451e-02
1.672016144600088350e-01
6.123804781523985996e-01
3.173924904250081669e-01
-2.315975628294364708e-01
-1.993572974033304690e-01
1.261539125427476871e-01
1.174339227144476777e-01
6.535095802825633404e-01
-2.337915753192615353e-01
4.946901432430635820e-02
-7.458461677339780493e-01
-3.682031275603797615e-02
-1.544847781016776556e-01
6.053509176561556737e-01
-1.605391442694727444e-01
-1.973089266557762622e-01
-1.701058815428889703e-01
-4.105851505936994883e-01
-4.678309919410054696e-01
3.140774360960436051e-01
8.276381837823952592e-02
-5.858007225673573792e-01
-3.633387906862925454e-01
-2.507049011455181886e-01
-1.028140764304009830e-01
-6.372704682935779186e-01
-2.133109334609070012e-02
3.219353275058097208e-01
-4.387414275836317712e-01
2.825212163160327750e-01
-4.428748707412773211e-02
-4.377172222591715345e-01
1.268766255416256261e-01
4.750437724108887982e-01
-2.346272849433722607e-01
1.900483791344403373e-01
-8.704070525871933084e-01
-1.958667317489218573e-01
4.999859870506470627e-01
-1.932332598299396909e-01
6.100621370511906116e-01
9.759964878565276225e-02
6.357298415515408863e-01
8.622788803116752943e-02
5.448358504816172010e-01
-8.060796575850150969e-01
-4.253439035664492718e-02
7.023931877466204066e-01
-2.836798019205946098e-01
2.740568410684490197e-01
-1.754859076951565122e-01
-2.676031854593265147e-02
-5.485089367566157170e-01
-5.540877526011083187e-01
-3.405790144101065176e-01
-6.025384805375044728e-01
3.935048776406184223e-01
1.465480585590621110e-01
9.028614190356335639e-03
-8.136900227456642098e-02
7.606393760178332963e-02
-1.854105371062624852e-01
4.260855593469450309e-01
2.487000532755668514e-01
-2.616938438704989323e-01
3.700109847294747456e-01
-3.231980067958964420e-01
-3.669316683850662453e-01
5.876090277239274240e-01
5.241597087439665570e-01
3.615626914660700630e-01
-1.063873948194020036e+00
1.059321095571299012e-02
-3.291607083785581533e-01
-3.287808187475891875e-01
6.539414936111659360e-01
-2.984813317337592919e-01
9.751210388480553715e-02
4.282911004159389856e-01
-3.967811588943803147e-01
-2.957221880408156256e-01
2.754167515296098157e-01
-7.138620609982234688e-01
-2.343144321896096505e-01
-3.298550868699357680e-02
-3.107808828337790263e-01
2.420014649163875764e-01
3.501097946614395995e-01
-9.591616715571375795e-02
-7.855689204784512825e-01
7.928755499589326128e-01
1.482967049351573488e-02
6.252993431521971512e-01
7.661277219898525725e-01
1.288784283113828533e-01
-2.054063476253517317e-01
-3.395269159897748579e-01
5.428650842638025470e-02
-3.485582656227093068e-01
4.668724254557741760e-01
-3.757770979416312773e-01
2.859684424563260774e-01
-2.851566871475588183e-01
-2.768154676963132110e-01
-4.405108916716363870e-03
3.567257310193299169e-01
3.133490908972697553e-01
-1.255020333625306517e+00
6.133695684069588594e-02
8.064096325309905167e-01
-4.892769226684342554e-01
-1.102906978244069802e-03
-7.867164079593651493e-01
1.066363938324939031e-01
-6.093732151175319522e-01
7.198592466214467356e-01
-5.576522773025650581e-01
-5.510748151410781448e-01
-1.691355104948644439e-01
3.184222557637095830e-01
-3.865479324460556754e-01
1.362290101310816570e-01
1.074694570289780743e-01
5.692895346901727383e-01
-2.104687183965972264e-01
-9.749741446126359845e-01
-3.209103694995644185e-01
-6.645690343859576021e-01
2.313421324563912918e-01
-5.174395068323971447e-01
-5.321083372597139316e-02
-1.453099396688934397e-01
-8.589090993847613431e-01
-8.685148472407410170e-01
3.254763612245530902e-01
-7.950484162112627651e-01
4.418972701626118771e-01
7.707413685783854884e-01
5.907411813904611675e-01
1.195316388873959995e-01
-3.623722760689469524e-01
2.724235409398776953e-01
3.795024583633880289e-01
5.810507625399675691e-01
-5.208627019964658933e-01
-5.062390741683203688e-01
-4.358825563338488140e-01
6.308230509544032749e-01
3.917549033929401681e-01
-5.648762415955385086e-01
-2.619433247865651238e-01
9.464282238679624371e-01
5.800762045034149050e-01
-1.368532946531965666e-01
-7.461475406792272835e-01
-9.921751270985185167e-02
-1.061312732075202214e-01
-4.334856576013613738e-01
-3.046317592444843791e-01
-3.050782414464046077e-01
1.696183871094446849e-01
8.262165566466276312e-01
-8.492716068364877108e-03
-5.449141535263624103e-01
-1.084573519459627600e-01
-1.509382688168600661e-01
1.883900355756344680e-01
4.584348349432577630e-01
-4.594455442452805016e-01
-5.647104178165839317e-01
-4.776073363277008599e-01
-7.476191125270954529e-01
3.343379671509658646e-01
-3.798080554391224384e-01
3.911202502716720764e-01
4.767392744704307406e-01
-2.511412094022403840e-01
2.197350946706100316e-01
-3.854638822539367404e-01
-6.536621840866861932e-01
-3.258053984257437002e-02
5.384987962196240430e-01
-3.118847878499826920e-01
3.483713959200103738e-01
1.353124977766814174e-01
2.175704404309262707e-01
6.425410882458381864e-03
-6.629679206343463971e-02
-4.373154225041132187e-02
1.941839543360219245e-01
-1.566588170227063703e-01
-4.890137431954291181e-01
-5.124440350473136868e-02
1.198218020284482321e+00
1.777879145161676555e-01
5.655096537118061706e-01
-7.323803957916144025e-01
-8.802111632687104059e-01
-7.488914446070972231e-01
-1.037200101766057703e+00
1.931554381522546660e-01
-5.730293272127997550e-01
1.111912312126759478e-02
1.129576483867830855e-01
-2.720093612158723251e-01
-4.732698607465347651e-01
-3.076996348139328652e-01
3.865665929476269080e-01
5.929178180926716890e-02
-1.266907745076931158e-02
-1.469890505717087736e-02
-6.208706276975343163e-01
-3.777808225899454975e-01
-7.435495203794700858e-02
5.104935953903906309e-01
4.274863331288037971e-01
4.988806904369727513e-01
3.501552526913108698e-01
-7.545793126854821731e-01
1.497081428161720629e-01
3.855009045487473585e-01
2.140662925186489485e-01
1.654956906030297381e-01
-2.938143192986816254e-01
2.419365760968048007e-01
4.088721015137424808e-01
7.924910789975386782e-01
-2.070914722964349863e-01
-4.660888966229481678e-01
-4.363907323767958757e-01
1.358674409110856018e-01
1.611776925955784867e-01
6.642631097988458411e-01
3.680378998132703416e-01
-5.196995144738217887e-01
-7.550357032239478350e-02
-7.325931796862501511e-01
4.416633721140031943e-01
3.796742149360275986e-01
-3.380964584774053816e-01
-5.513839043098441861e-01
-3.939230331079888181e-01
-6.327495012235346827e-01
-7.076248085323501025e-01
2.937585425593512017e-02
4.050056334710269157e-01
-3.501881093955281909e-01
-2.835669020057723921e-01
6.260371543985416842e-01
-1.584680416611595200e-01
-2.289469482386534693e-01
-9.272631232379296984e-02
-3.091231404647634129e-01
-3.433404127371204595e-01
-1.933030663147191908e-01
2.783643231310614641e-01
1.587042381949144154e-02
-3.349938238738875973e-01
7.823024849391406466e-02
5.563124993411992791e-02
-2.686657175977159584e-01
4.008060184485008892e-01
1.377173450333772253e+00
-1.427920577900642363e-01
4.741086556272359753e-01
5.353329646992170676e-02
5.812464825106806732e-01
3.180218657155878953e-02
-4.536543735137522071e-01
2.387869750580383643e-01
6.178104861350662835e-01
3.162981650496734382e-02
-2.891515487023230135e-01
-2.413886218066660649e-01
-7.749286118775664534e-01
3.605909472240498292e-01
-3.550479728848097705e-01
4.364760111302612433e-02
7.183188566375300899e-02
3.306854988975653220e-01
4.836512101408827480e-01
6.061780266009376972e-02
-2.102025448946807373e-01
-2.496286595197030334e-01
4.889647271242639204e-02
-2.080483692809558249e-01
4.877040527556729121e-01
3.617313087147370765e-01
1.013233248964181404e-01
-3.383131236235095707e-01
7.907169898039591305e-02
3.610027143755699108e-01
3.230265802186581547e-01
-3.336359251359763411e-01
-4.697949738209770687e-01
3.060631208215016108e-01
1.576112522844690111e-01
-2.227101218600606169e-01
1.919111717387361749e-01
1.880742125923991204e-01
-7.542616457949743447e-01
8.906252399349817717e-01
6.319927860750695903e-01
7.105043713578160780e-01
3.290907279465465907e-01
-7.433725179594393717e-01
-2.365909758787200778e-01
-1.106145773418392819e+00
-5.278180511877345049e-01
-3.295998490458936780e-01
4.025305363496868571e-02
2.086578451148848323e-01
3.655157984104029367e-02
3.802051585268954037e-01
1.430697854314119666e-01
4.974439228193555107e-01
7.056406964060154552e-01
1.058504658426420442e-01
7.777373500780683235e-01
-7.475442275143456827e-01
6.384413249527378653e-01
5.645243555604405605e-01
2.965574943263439844e-01
-3.219439141330834864e-01
2.223487026641562392e-01
2.651920014556093386e-01
-3.898379597638920169e-01
-3.461476782334418356e-01
1.715066213475545109e-01
-3.643789938287058661e-01
1.203908255620358136e-01
-9.233567901541669953e-02
9.039029690510258508e-01
5.947095974843649158e-01
-1.511753384862344896e-01
4.646114350131345661e-01
2.376968332855427524e-01
9.416149396084401157e-01
5.400326459091223663e-01
4.683288095261309292e-02
5.753810835371959698e-01
2.727593366849391798e-01
1.419058006809079120e-01
-1.067600516687300105e-01
5.425919124668643345e-01
1.319251581046821109e-01
-2.833972085808871277e-01
-2.088358827793337091e-01
-2.419835465281204856e-01
-4.254999598662044247e-01
-4.712222358873992267e-02
-2.001052329762600668e-01
-4.347023147339163646e-02
-1.600917265952136459e-01
5.492985242978676297e-01
4.450136546504713242e-01
2.767535566156248961e-01
7.910809104634339839e-01
-1.016217334823906304e+00
3.094832974131490055e-01
-9.629796202774612013e-01
-1.087418350105309739e-02
3.438885248754092738e-01
-1.491141296867425636e-01
4.426876594205617077e-01
-7.924519398672295878e-02
7.183566841432419414e-01
-2.388361156156900422e-01
-6.714327408294830102e-01
6.015099685593359308e-03
-8.114680090136945356e-01
-1.460766903414759399e-01
5.973039952637801964e-01
-3.753166098974562437e-01
6.808256634736598034e-01
1.049665601240050483e+00
-5.043242918969320643e-02
5.192846033607667611e-01
-1.694893740714295272e-01
4.078969564232742817e-02
6.197452893772555094e-02
-1.956998963106143519e-01
8.903337124852668261e-01
4.376333691476071430e-01
3.478231099628181777e-02
-2.572112430335408151e-01
5.665399702452497133e-01
1.910244816636424980e-01
-6.396193186568326361e-01
-4.808882579886699649e-01
2.497903191802669787e-01
3.190626763611917327e-02
5.070363937645363528e-01
-5.905968735477020726e-01
1.276685778473386490e-01
5.929834642459582694e-01
6.429205483334068383e-01
2.238260003092945316e-01
-5.538622342519367026e-01
-1.792328753585186452e-01
-1.896851117715935564e-01
-7.846359739028280211e-02
-3.191172007182359605e-01
1.850429424272486897e-02
5.047359880666206777e-01
7.125244213907193647e-01
5.304006068495399628e-02
2.298123311527756341e-01
-1.343504363142548619e-01
6.516720014169059549e-01
-5.644647586066805500e-01
-7.401172986643533847e-02
4.094627260193287599e-01
-6.958210444981674514e-02
-3.474707806619084516e-01
5.783555817659333798e-01
6.768554569051703496e-01
-4.278587913510493723e-01
5.870477375955004407e-01
-2.562588902960564324e-02
1.290020287368792429e-01
5.281927470829670401e-01
-5.427096389383084807e-02
-4.835658296577934889e-01
-5.714344757013573028e-01
7.240776971796062389e-01
-4.564750238348845857e-01
-2.534949485883578046e-01
6.034338423249872019e-01
3.028195017554966353e-02
2.817668731786209801e-01
3.477231652284952790e-01
1.537227389001027955e-01
1.095090380765186694e-01
4.700005136571575037e-01
-4.331863214135072693e-01
2.046463467494237243e-01
-2.449963467867308786e-01
4.904079462367857967e-01
1.213316627241917800e+00
2.794166846905528079e-01
2.080326639912751241e-01
-5.260792686838624554e-01
-7.231276225052150064e-01
-4.346378402489075032e-01
-1.643004142090146169e-01
-7.636102704938024788e-01
3.745714968289448610e-01
5.398447719145450102e-02
4.292008329999508903e-02
5.134944057925290295e-01
-2.889248919692561923e-01
3.477019259567559750e-01
-9.552555253070135199e-01
7.391472120381719080e-01
-1.467370056935249634e-01
5.097165067582767189e-02
2.981939370544144374e-01
3.591215535663060399e-01
-1.939862034476339536e-01
-4.477531155401841545e-01
1.146224435441593192e-01
4.149494023928315678e-01
-1.535694898296284805e-01
7.929708684403108387e-01
4.062410648619835807e-01
4.128937216758458706e-01
-4.963425309803364271e-01
-1.868013592269340828e-01
-2.538739092467622027e-02
-5.876613218478027312e-01
-5.704310851420461015e-01
2.045107507159644733e-01
8.820721086341173911e-03
1.301975132596018825e-01
6.050473494923720441e-01
6.921567404565415194e-02
9.157306794636719260e-01
3.808956365907195107e-01
-2.318942012866611058e-01
1.363805919502768943e-02
-1.424766023916378480e-02
-1.289773647993496253e+00
6.324592239565782203e-02
-1.527303201188268122e-01
-9.066211740190510682e-02
8.437200543248354889e-03
-2.041740954856183787e-01
-1.067360861309524234e-01
3.185284501034951060e-02
5.044333387678008318e-01
4.333212765256559962e-01
-4.857916880845226659e-01
-4.966749345588426512e-01
2.234663418308582006e-01
1.889989333834505569e-01
-1.273472653899963003e-01
-2.595228369974019178e-01
3.855381054827614618e-01
-3.477674932937771524e-02
-3.195785751180747064e-02
-1.442735742323137671e-01
3.490552629271872348e-02
-1.579018067206254816e-01
5.004579206435750827e-01
3.187574497636983528e-01
9.924736505696503397e-02
2.372131926050723427e-01
-2.919600981535953876e-02
-4.418942217815176599e-01
-4.210170841984453016e-01
1.667167979606966055e-01
-8.616752568876605289e-02
-4.015996511579597583e-02
-2.344852630691598716e-01
-4.099884005676517063e-02
-1.776251353631418117e-01
3.010056547190512743e-01
-2.742058322134863224e-01
-1.342753485537312441e-01
6.963276933913497002e-01
1.059367434864324914e-01
-2.538961333821999067e-01
4.058873685521409147e-01
2.843377522420265646e-01
7.950785998378913089e-01
7.969321876554983364e-01
6.481934005683158695e-01
5.787697814305290400e-01
-4.570811957631609190e-01
1.982474861953896217e-01
2.981893554353873821e-01
9.609277693781169416e-02
-1.447741769818811530e+00
-2.944937139439571944e-02
-3.072655707778176315e-01
4.764126772986996272e-01
3.011839570464158386e-02
-1.477696127213884436e-01
1.522510028496791845e-01
1.290690892709678295e-01
-3.386523510927618719e-01
9.067950616276580778e-02
-4.392736820684949306e-01
-3.843800921021932604e-01
-1.048927820504498842e-01
-6.368078831676796669e-01
-3.896395029889538342e-01
4.926381877444953039e-01
-2.086694532878560771e-01
-8.549327920512876933e-01
-5.565099346046670226e-01
-1.166314489317953201e-01
3.268279323591934959e-01
6.779959176973762158e-01
