-4.022945905774887310e-01
1.837370273939695209e-01
1.237113118306034237e-01
2.839167617038353963e-01
8.587131197124656112e-02
-3.549687103373841413e-01
1.109285310570891636e-01
1.792375180700701010e-01
9.793650914693016740e-02
1.919161114925113099e-01
-2.236754121093484371e-01
-2.307676136626258256e-01
1.079230463207891400e-01
-7.891035106796326359e-02
1.742767524957827274e-01
-3.199624730582095733e-01
-6.947400707031318179e-01
2.335524574476922910e-01
2.283315209903307996e-01
-6.605678140842928814e-01
-1.614164941660480579e-01
-8.294471670445724421e-02
-1.443496031441855731e-02
9.489727377591267166e-01
-9.607848315726902344e-01
-2.346442352097460882e-01
-5.242463422571033704e-02
-2.797459686441556292e-01
5.057193193879419013e-01
-4.021774430299210890e-01
3.562206745415097409e-01
3.875173620119592988e-01
2.474664621980152135e-01
-2.361650716479704037e-01
6.589052467583773887e-02
-1.283742473050647481e-01
-1.134531709608127825e-01
-1.982845934165596014e-03
4.620351422301892108e-01
-3.562623973025489388e-01
1.331988987454104933e-01
-9.079003799902121696e-02
-1.760164547330930404e-02
2.565060334457808788e-01
-6.150647677963250182e-03
-8.257946260687387685e-01
-1.748379150228276391e-01
-3.322555725384196967e-01
3.233588155123082730e-01
7.413849234541544653e-02
9.643932986401050622e-02
3.055441504744568215e-01
3.612770721812252339e-01
-8.093764529769431615e-01
1.485411207529289609e-02
-1.575893229605621754e-02
-5.867887930711003508e-03
-3.029425284920570505e-01
-2.913519120965320508e-01
-5.471135819626077312e-01
2.028874425699182527e-01
5.371216194154986301e-01
-1.255773007919715467e-01
-4.293057542965558193e-01
4.563830267445627142e-01
-1.666701338852045744e-01
-1.530540462323328188e-01
-2.626584649732131016e-01
-2.000382448143936953e-01
-1.216634764487920933e-01
6.011448178515600427e-01
-4.785725257113204179e-01
-3.590006894575147878e-01
-7.533906655613534231e-02
1.037607478106879588e+00
2.041927102140206618e-01
4.018009544536916833e-01
-2.320599906511150445e-01
-4.783654391205615086e-01
2.033777310677972183e-01
2.557258124112034015e-01
3.793183483537668765e-01
-1.367607279227478490e-02
5.298756587129994644e-01
-6.188294378329484147e-01
-7.314415533016322968e-01
2.339564725931220779e-01
-3.015942042733265605e-01
-4.849447548978927380e-01
-7.130518623738227868e-01
-1.467730206924300063e-01
2.695176968206989820e-01
3.937147208796319686e-02
-8.582932208122399931e-02
-3.490088946483632104e-01
-1.556855573983772500e-01
5.882819824802610897e-01
1.596201954477496909e-01
-5.908672135559115413e-01
3.757596117939263625e-01
7.735916162486530245e-01
1.320137880638589944e-01
-2.071173708381581768e-01
-3.951143238261360380e-01
-4.966741301194476654e-01
6.444643609818121455e-01
-6.113905401746293489e-01
1.325042077003260044e-01
3.811580822548618630e-01
-4.094343678756178773e-01
-1.222139650542484607e-01
6.401931372343197535e-02
2.300894263467012368e-01
6.149610534240363968e-01
-5.939318939407736142e-01
2.137122720893490924e-01
7.988404305397872607e-02
-4.742390601232876479e-01
2.256012521635616663e-01
-4.374983812601158650e-01
-1.020808525980435727e-01
-6.108387151223297895e-01
-2.818457298066665562e-01
5.135473353252248963e-01
-1.444884692770743717e-01
4.873172733569494652e-01
5.631561431331993939e-01
-2.072128752731027812e-01
-8.305542099229196173e-02
4.818099800378026210e-01
-3.315036885953637213e-01
-5.141374186608596575e-02
-4.667024080343372128e-01
9.219931953078354392e-02
1.139195617853692583e-01
1.435355867936002894e-01
-8.097963882619327314e-02
-7.584297581623904438e-01
-1.296265392703678798e-01
7.856426546025103985e-02
-3.492591345814543419e-02
-3.266329389319821974e-01
-1.034190237765743869e-01
7.695662103870382076e-02
5.951746546664233861e-01
2.955076027865454202e-01
3.552085107443903600e-01
-3.023355882596421296e-01
2.293609494070202037e-02
1.163694273818581815e-01
-4.351420355826163822e-01
-4.521450370601982904e-03
7.784865330635258873e-01
6.415762841330920063e-02
3.991495738737652621e-01
-1.155382047010439783e-01
1.992161022792151015e-01
-4.632875191908019108e-01
2.986107260615027958e-01
1.013630204258891138e-01
-4.007852455728184715e-01
-8.575564308273289083e-01
-1.436553194767397068e-01
-4.210569032203197448e-01
-8.834114031723237781e-02
-7.638521287873312193e-02
-2.058904021104343562e-01
-3.929313276700000523e-01
-2.269140151015868190e-01
-1.436142407622996442e-02
3.484814600793266770e-01
-2.338084348782205613e-01
3.809389612665133873e-01
-2.910641233297830976e-02
4.535298424614076507e-01
-6.544385303842472634e-01
-4.324089698482697086e-02
-5.787812383837706021e-01
-7.152889592320325063e-01
-9.748785588347226583e-02
4.014674888325936442e-01
-7.438939975663877435e-01
5.149306370376575126e-01
-1.293799195433510962e-01
5.324605214049326074e-01
1.948117006522698258e-01
1.509450599315931285e-01
2.016528009240728947e-01
-3.303005967849657054e-01
-1.944961499905836222e-01
3.282352957263259263e-01
-2.144241193355047037e-01
-5.482069942379409755e-03
5.197959546750425819e-01
-4.337664661981066594e-02
4.944568447342979067e-01
-2.162608549172402306e-01
2.905707532593911901e-01
-2.369203101344367901e-02
1.384110286121126576e-01
-5.469279486825374681e-01
1.509094278873097938e-01
-1.325250301020723664e-01
-2.813859412670510762e-01
-4.386928645933390047e-01
4.523821759524979114e-01
-6.431536343416265067e-02
9.845532695272390944e-02
-4.315150648205748340e-02
-4.821061554149314032e-01
-4.994935442718119178e-01
2.467238680276642379e-02
3.750366254627267582e-01
4.153658421556374880e-01
-3.502738812330363216e-01
2.242500578578539294e-01
-2.938932155602523300e-01
1.316859964539605077e-01
-2.370943662517876332e-02
4.664964409889358898e-01
-3.872091706182791415e-01
1.196266366697460726e-01
-6.668962106210724050e-01
5.740765913614229721e-01
5.580361717042806036e-03
3.351291466537383301e-01
7.472897625576089276e-01
4.753915051908639416e-02
5.390041455357121869e-01
5.211640250233422478e-01
-6.370377120526695691e-01
9.002373517341338838e-02
-6.460306337375684715e-02
7.537835043823032377e-01
-2.038142499535468832e-01
1.998314002053603322e-01
-3.513144827811223170e-01
-4.001303943584503808e-01
6.703916473607587911e-03
-4.867271108326203244e-01
-2.872388332107821962e-01
2.333391230537059657e-01
7.470795528195639523e-01
-3.538971271509762095e-01
9.378575779406066182e-02
-1.193117931781545737e-01
1.457766122711626200e-02
1.886228718116009923e-02
5.341316181880255698e-01
-1.380762199574152582e-01
5.713529466507023535e-01
5.950514029744301547e-01
1.973042840666323350e-01
-7.067177756645570685e-01
1.238851218570454216e-01
3.677847026856432833e-01
5.995584770545471232e-01
-5.374128114664405986e-01
1.375178658633391948e-01
3.910782432241707296e-01
-6.482239004103479418e-01
-5.645557280790272081e-01
8.831347602285322118e-01
-6.076664031799916543e-01
6.020092286715310326e-02
5.730342345640866419e-01
7.093095313261388313e-01
-2.260323654933310000e-01
-1.826492076892787808e-01
6.301420097074443838e-01
3.193277895741088446e-01
3.581877877870552340e-01
-6.375039187763011928e-01
1.423253866492632871e-02
2.826477238103122097e-02
-7.884094459401143062e-01
4.581089357162676512e-01
4.831460836896619288e-02
6.437163700366330676e-01
4.681772401604291506e-02
-3.934919811812791490e-01
2.168609457179554445e-01
-3.572080124728235218e-01
-9.406745378388385870e-01
4.506001194873958671e-01
1.293488974273125092e-01
1.734862163572545302e-01
-5.321784763706434163e-01
2.569423759731837009e-01
5.884355222704059502e-02
-1.760982676751582654e-01
5.890593851139930281e-01
-5.397518878995725133e-01
4.568868297506998855e-01
-2.170350011006930147e-01
8.799226955400584194e-01
3.848400559858892733e-01
-5.049235963333772448e-01
7.219280314561404843e-02
-5.500631778639503144e-01
-5.152812950220286847e-01
3.219396725170733387e-01
-3.706610661434142084e-01
-2.852932305124843970e-01
7.093789111537349146e-02
-6.493953780848339408e-01
2.766237954918735475e-01
-3.999578394064718934e-01
1.961904324344863892e-01
7.506622843354479602e-02
1.024093330050272199e-01
-1.189288267299948021e-01
-3.805920148567349393e-01
3.810257704173938276e-01
3.425085006981017921e-01
1.866856493507583203e-01
4.612416342167384720e-01
5.996251422968519318e-01
-6.498949149314189877e-02
-2.486437348121454394e-01
1.874258144601587128e-01
5.847856653653459302e-01
4.034408769370008141e-01
-4.560491710999816650e-01
-1.623548050502928997e-01
1.130450623280053746e-01
1.444527365560936139e-01
1.089728045416747670e-01
1.688657069364216390e-01
-2.685082891194757737e-01
-2.794265651622560714e-02
9.472208949245099208e-02
4.503143464409410934e-01
-6.399531987577828929e-01
3.627884667658755613e-01
-6.117939697988005188e-01
5.349593562680060588e-01
2.521273117557819021e-01
1.308473980392826364e-01
-8.687470900950886032e-03
4.802697668662789798e-01
-4.694739269524585423e-01
-3.754731528761466319e-01
-1.802615112793865271e-01
-5.805987185338505885e-01
5.589033060318068236e-01
-6.508070046969715028e-01
-5.469201856867151879e-01
3.846779819483151508e-01
-2.239690649666158939e-01
-1.024712523150970722e-01
3.291116510402750106e-01
6.823707946341326380e-01
2.046778666635419297e-01
1.718174404216146200e-01
2.453120342034030565e-01
7.735515535507766494e-01
4.845934979226972084e-02
8.861195209312544563e-02
2.014398011611600869e-01
-4.339124106405818360e-01
6.823663062305048710e-01
2.782627979404800334e-01
-3.585284010673309152e-01
1.824439842728275973e-01
1.608714075126798371e-01
2.673912165184278433e-01
1.598958173592918419e-01
3.038732286676754102e-01
-3.519594663747898089e-01
3.957598310813782716e-02
-4.121907621353953360e-02
5.792387787995458698e-02
1.554457059657443629e-01
1.665531539285526608e-01
-3.305324571130818234e-01
4.623824912497983552e-01
-1.716388228841982388e-01
1.741081347541453550e-01
3.178178590955443306e-01
3.676095432835769714e-03
6.742473529493030471e-01
6.173172196912359022e-03
-1.342551236029216888e-01
6.234232892865122777e-02
2.116863353845627183e-01
-2.189784379506866663e-01
4.369695971755862413e-02
-3.603530349885906703e-01
2.910976389148388077e-01
-1.831548151852979422e-01
6.757998449613128455e-02
-3.405127329238006317e-01
-2.020653048478039115e-01
-8.157060238988738110e-01
-6.295536510554392562e-01
4.905126781536618963e-01
-2.888455461610806574e-01
5.693558419447114494e-01
1.538459134564182373e-02
-4.129303526156566928e-01
1.941802776440230416e-01
-1.966102667005978077e-01
-5.265915078995049292e-01
-6.867290277826607614e-01
6.606925375651712118e-02
3.299223013986165576e-01
1.101163736152966852e-02
9.156421726959658447e-02
-9.289577724568514050e-01
-5.990272184251983767e-02
2.456043970579604441e-01
-1.367333162285007675e-01
-4.651177168575790222e-01
1.060978428189087941e+00
-2.223412639431606580e-02
4.566364105039094068e-01
4.381066180040389391e-01
-7.041421067602564587e-01
-2.838256749390404843e-01
-4.293646434067214801e-01
8.987679433877930613e-02
2.900380348128930863e-01
-6.008187337278927953e-02
-4.721552294971911312e-01
5.723800760527057996e-01
-5.818846782892277136e-02
-3.074401036081098604e-01
-5.464346554092243125e-01
-4.409555513739633059e-01
6.280416132635305293e-02
-2.720871854294999448e-01
-7.631225809080737221e-01
-5.226897941549596416e-01
2.320303061609088613e-01
1.167958769914937550e-02
-7.548596595970865630e-01
-4.169380801700349193e-01
6.127884132752503543e-04
-4.846027529196961225e-01
-2.925747904202119498e-02
3.971269940334700710e-01
-8.659695362170033439e-02
-1.614803465124682591e-01
7.165322285949770054e-01
-6.898393487771832255e-01
4.479171070417924394e-01
-2.526500189395882723e-01
-8.181644268573474710e-01
1.063717890814005196e-01
4.857832903619275222e-01
-1.457231953723761297e-01
3.418452619361097566e-01
-2.842487463723336605e-02
5.779926408877020805e-01
1.963298729705193202e-01
7.250516464023977203e-01
2.204905292972172692e-01
-2.981635991295900068e-01
-8.914480744824121450e-02
1.959161251510968260e-01
1.359115217079568394e-01
-2.484246354526099820e-02
-2.797226029707733375e-01
4.114250394656466248e-01
4.016674567443733745e-01
-2.879382701140142248e-02
-7.994827127837120240e-02
1.036536150462383232e-01
-1.644179188879988651e-01
2.201137731190709046e-01
5.226432706090102798e-01
9.881014739134613700e-02
5.657331699433242322e-01
-1.054475897648875227e-01
-3.309996633379015951e-01
6.109570801401242868e-01
1.793231572051942058e-01
5.481098401589243885e-01
-5.610055182581239475e-01
-5.123094683016755635e-01
6.176129472283842237e-01
-6.540461088761364561e-01
3.965298713220807292e-01
2.911489483124666405e-02
2.153035996094379290e-01
-2.242292347650485795e-01
1.557757630020843720e-01
-7.578183935608021615e-01
6.686977507790646813e-01
-3.816411299724618011e-01
1.772614802530403100e-01
-5.300916532358271871e-01
-1.763983933820321426e-01
-3.659589627157251446e-01
2.195426554593067903e-01
-4.620797902006435615e-02
8.147231479273024934e-01
5.945096715114120967e-01
-3.179014991943460156e-01
-2.324217311646788464e-01
-6.753442779275445895e-01
-9.927987709792120141e-03
3.218986426557347569e-01
2.389526126468435874e-01
-4.401564041162074892e-01
-1.840307532637811549e-01
1.415729676478768295e-01
-5.012376567751837542e-02
-3.214431327920350689e-01
5.158500451170704437e-01
-4.279148936605167153e-01
3.491358101123973046e-01
-2.574323357265842493e-01
-3.441719623828421448e-01
-3.162234252161055248e-01
-1.021469234585299646e-02
2.195884772202394974e-01
4.417821672633159835e-01
-3.120511112111963303e-01
8.925810085299866470e-02
-1.647282615552769225e-01
-3.297903025800139054e-01
5.257445328406382679e-01
-3.740265480589202718e-01
-1.259216950906115462e-01
1.071521517974494131e-01
1.884314899281243072e-01
4.701122168210858376e-01
-2.592989354597042828e-01
9.012645677476144312e-02
1.143781096515896101e+00
1.281190397949216048e-02
8.049674297293027969e-01
5.221560847606289135e-01
7.838404292855008504e-02
-2.571583907004231784e-01
2.683173403273970137e-01
-3.934434141080155323e-01
-8.080117973128655984e-02
4.106725967147265011e-01
-1.427901727484136296e-01
-1.917214584759772134e-01
-4.244098698872987296e-01
6.020094060442261474e-01
-2.841024919416973438e-01
-3.045228119848927273e-01
1.370471965059788522e-01
3.025507964760092844e-02
-5.382648297998237075e-01
-7.318952580867636726e-02
-1.990703286226511159e-01
2.769877609102526228e-01
-1.194249694804841583e-01
4.189587484951731722e-01
8.625161160088781198e-01
4.455180429243080220e-01
-1.477339491153771833e-01
6.407862264638808369e-01
3.872346294758938212e-01
2.222500473944313548e-01
2.754446004731043729e-01
-4.183302886351600303e-01
-3.442288067232038284e-01
3.585025244130383149e-01
-3.876397700222893317e-01
-7.873865128258884516e-01
3.896210208150886478e-01
4.395577714445467188e-01
6.313343435211560273e-01
3.845396276666366298e-01
-2.243159595646675719e-01
5.937725272080398436e-02
-3.979172596272084750e-01
5.246926170169361470e-01
-5.317521946907723951e-01
3.753508781305560649e-01
5.226417584315624643e-01
-1.957917512319989617e-01
-8.265499927124074497e-02
-4.306975311126918227e-01
-1.406806286906237546e-01
-3.091413244525723636e-01
-3.634496614093233324e-01
4.438108704281163441e-01
5.283496886325864117e-02
-3.037023538981800108e-01
1.586654105561753070e-01
7.660022523371358416e-02
2.368582610072089700e-02
-1.442284983394485631e-01
-7.386237538683996240e-01
1.509629631724314636e-01
-3.165161885298781730e-01
-2.279196592982031810e-01
-2.040459796089939271e-01
-3.118930122336385780e-01
-4.968159531690381769e-02
2.405173478105417095e-01
-3.464712752546315055e-01
-5.233349254259815897e-01
5.707779107452541911e-01
-1.495798384385764734e-01
2.864747705582001980e-01
-5.966711518451196516e-01
-6.626261708039359322e-01
-2.687644420269371531e-02
4.980262213294382456e-01
6.288954280504078787e-01
-9.135038617456749943e-01
-8.191934835560182870e-01
6.616125010220282876e-01
1.070675379127607879e-01
-2.658490144176418532e-02
-4.293160496821975536e-01
6.098377651261934762e-01
5.582274472523907072e-01
-3.131078193798820242e-01
-2.206504055600023440e-01
2.207882116896887903e-01
2.563897437006502633e-01
4.738632459067214642e-01
-1.054113145774936838e-01
-5.049747290830243485e-02
-8.304170773925698135e-02
3.117197904149145438e-01
-2.027866539322877859e-01
4.350730645634645066e-01
-3.134539615355290687e-01
2.191364076973015829e-01
2.120443188776141297e-01
-1.885625283295776500e-01
4.144263198304927731e-01
-4.147853076011573381e-01
-4.758256142264007393e-01
-2.622274046627547928e-01
2.083065317264007621e-01
-1.213567652650265061e-01
-2.875734828906267859e-01
1.461806940412337941e-01
-2.936407848115690222e-01
7.542900198244734122e-01
2.771127247484191924e-01
-8.051429931900357106e-02
4.101955384972635898e-01
-1.236878734824280179e-01
1.454679549177580189e-02
5.461212262945185358e-01
-2.719937024196285996e-02
3.266497671638861067e-01
1.681658769354707206e-01
2.424790837718656389e-01
-1.925265707879328658e-01
2.495639773109298021e-01
-3.387286560086474330e-01
2.558230888821735709e-03
-4.747892476249169352e-02
3.917138429893112783e-01
2.556961410066669882e-01
5.354940287494450724e-01
9.486466731316862966e-02
-2.306445111659978231e-01
-5.773508169095119547e-01
-2.499917629201141023e-01
-1.833304912734974590e-02
6.682166611665725509e-02
-4.667167915373501841e-01
-4.958385797536256634e-01
5.051276305704333058e-01
-2.773744754186603934e-01
2.772001941917042744e-01
-6.350590926520497392e-01
2.827793651028675526e-01
8.840917618258399557e-02
-3.559818656663115144e-01
-2.853561767615928058e-01
-2.427880078104894257e-01
8.478279439562960151e-01
-1.998597201671142853e-01
4.248948917035041961e-01
-1.884584147909896257e-01
8.322157271609620377e-01
4.731171879429885152e-02
-5.921470941669766397e-01
-3.170206460239417545e-01
-5.172896863572870041e-01
6.629021357810732651e-01
-4.401679714751053907e-01
-5.468655727019757773e-01
6.312910405681273485e-01
9.439463797873123840e-02
2.558427917774930282e-01
-4.558307851087479712e-01
-2.174360865423180800e-01
3.199634698844270875e-01
-1.479859864183763751e-01
9.902376343996414920e-02
7.272578099447170041e-01
-7.704303570592802020e-01
-5.660078601216953498e-01
-1.981156109461094939e-01
-1.173080353091635608e-01
-1.796070593249999292e-01
6.031989491864099551e-02
9.282581498496169647e-01
3.568534170349013657e-01
-3.507045214396681265e-01
-3.256392861271263928e-01
-4.380219539139927898e-01
-2.581523646897230240e-01
-1.276559124259318556e-01
-4.918380945010918381e-01
5.018127650345616253e-01
8.473236707358187125e-01
9.898248962202127466e-01
3.735598984034715353e-01
1.206851171287752073e-01
-1.747784347082486853e-02
1.872345433889656408e-02
5.743602396776805730e-01
6.996472705715653939e-01
-1.787050946063107881e-01
1.146469555929038320e-01
-2.563407747397132563e-02
2.297411684410444188e-01
-4.272193418722820546e-01
-2.557418612109237099e-03
1.814590787649420223e-01
1.718115660961386792e-01
-4.916047247411012289e-01
8.988713401763464006e-01
-4.705845546627758780e-01
2.030402143234861512e-01
-3.157257908326119300e-01
3.308272693715510471e-01
7.689554292933979684e-02
5.390500762451388983e-01
5.355860733295279008e-01
-8.542393587895690255e-01
3.733982014701706098e-02
-7.522660202682505126e-01
9.809949363071834849e-04
4.670569411653093805e-01
-8.257615091055287015e-01
5.451986147524104931e-01
-1.093974949197382696e-01
-7.607964921090533128e-01
9.038006090690631211e-02
-3.890306878311939887e-01
3.723673369925856180e-01
-4.643638140862669239e-01
-1.428154074768929749e-01
5.954812583946660354e-01
-1.548629877495013296e-01
-2.442412158322805060e-01
3.604741259045074475e-01
6.385372606444382759e-01
2.612450840425928345e-01
-3.172995883473551104e-01
2.901877618148697158e-01
-5.643957469587677564e-03
8.798994396394292927e-01
-3.628493619377146651e-01
1.089582443621273322e+00
8.776347596009209662e-02
-2.574502289279402278e-01
-8.990444449217410705e-01
8.746086017754600705e-02
4.708953425454519004e-01
3.876970195159495924e-01
1.085844572421045928e+00
6.303367631210174404e-02
-3.119198896021808665e-01
5.480789535778373134e-01
6.996998675383959698e-01
1.048127001095420507e-01
5.052672638729833743e-01
-5.770354041620276986e-01
-2.560936507071363555e-01
2.463773087080713409e-01
-6.398520576019760542e-01
-2.240208300722702772e-01
3.714723225590077504e-01
-7.077801138279641302e-01
7.036605760651361285e-02
-3.631240894764700133e-01
3.336923713377784595e-01
6.748564769619832537e-01
7.042740564623808375e-01
-3.412085059909501505e-01
-9.746173586388131582e-01
-2.792029095151009610e-01
3.741335626994968244e-02
6.412304567682193257e-01
3.001321747968212494e-01
3.098581291745972077e-02
-1.891163213187569969e-01
4.459750299765736781e-01
3.971370831963005887e-01
-2.883609361085319733e-01
2.073044111298571190e-01
6.071171500903874835e-02
-1.220239082694307697e-06
3.722064410570133375e-01
-3.694976515098853387e-01
-5.444457904818615912e-01
4.380000626774651074e-01
-3.141251095688974426e-01
4.807854099229293410e-01
1.575050405993598246e-01
1.225434451615013826e-01
9.071780786950625064e-01
-4.231528785638243861e-01
-6.369218918597751022e-01
-3.182978695283706361e-01
-3.577149568749257713e-01
5.809557636006588144e-01
1.268932823299198931e-01
5.909550288674834118e-01
3.511681238803766036e-01
-4.346171649054914599e-01
-5.582128243003711132e-01
6.428399915401561415e-01
-9.425299906383353965e-02
1.629273869481581427e-01
8.617740430734754931e-02
2.476897503823052848e-01
1.502441423817552080e-01
2.671567532507841403e-01
-2.570817883763057421e-01
5.175462965581382191e-01
-3.049755844248737136e-01
-5.471497910196068126e-01
-1.005175271036418405e-01
2.579741983652048543e-01
1.211747414945566897e-01
-3.473089617067279256e-01
-1.956735767887216593e-01
-4.493078241076301493e-01
-3.715732314579626716e-01
3.052161662143458298e-01
5.850643581167354057e-01
1.046006519988330052e-01
-2.763412791111010680e-01
1.290550460745075456e-01
2.010936097519513965e-01
-6.372158145767489734e-02
-3.162042534028843693e-02
5.217634371650685665e-01
5.549760903336964368e-01
6.902667391523724660e-01
8.602153676682319228e-01
3.739106450465534692e-01
7.110330535081142989e-01
-4.058469344564830661e-01
1.157193843642446707e-01
3.478854223961617975e-02
-5.702377439060428710e-01
-5.003653093530689988e-01
-4.257917637589019866e-01
-4.530716129618421739e-01
1.428589059642710046e-01
5.595727192171831565e-02
1.485678785720330741e-01
-6.027849424359300184e-02
-5.066150454726763008e-02
1.780838279860814666e-01
3.015676636225213536e-01
-4.758821397897385758e-02
-2.404636225031704377e-01
3.048957094350293606e-02
3.494821529971218199e-01
-5.493346704611215547e-02
-4.516517796577898536e-02
2.408241283328743654e-02
2.000870220034619007e-01
9.378991990415888047e-01
-6.168131887904031441e-01
-3.001605098231712732e-01
5.608215518276982170e-01
-3.807889231521676549e-02
-5.074058701203976174e-01
-6.438745689429012931e-01
1.753559544825531169e-01
-9.608589857213267749e-02
2.296243208314518169e-01
-1.716348805603441774e-01
3.078374702239058402e-01
-1.334428998130598454e-01
1.170173838380678788e+00
1.970763216611077229e-01
6.896127121977456420e-02
3.473631229876543713e-01
5.136716062972823682e-01
-2.865176875939037804e-01
7.136674745342194148e-01
-3.842695794680295318e-01
-5.671416409583654450e-02
1.899134743077456333e-01
6.503209373533573590e-02
5.512133051799698036e-01
2.348533940370545747e-01
8.246377855646116473e-01
-5.348670453579901229e-01
1.067562806332953973e-01
-4.099258451347129739e-01
-8.291565581381485917e-01
-2.503328358900182571e-01
5.247446941024347389e-01
-5.496341248918877875e-01
-3.269488652803106410e-01
-1.773806999429555220e-01
2.933394351705960468e-02
-4.628724132136658592e-02
2.232114952273486080e-03
-2.912327286700038265e-01
1.209906823964254224e-01
-5.093843103270950801e-01
1.026716028449559948e-01
-7.556405134215860020e-02
-3.548455254711767592e-01
-1.961550918735673749e-02
-2.728998012722342881e-01
1.418849563102456690e-01
2.039692872836583737e-01
2.414046851641923341e-01
-4.820503794459782970e-02
4.411976230906013430e-01
-4.164876194446422986e-01
3.674999376743932067e-01
7.069143659354993892e-01
-4.690618141304776084e-02
-3.764367102345605454e-01
-2.859380457215258686e-01
4.831537099919339662e-01
1.055930030843567957e+00
-1.174254115370822193e-02
-3.377336804674721527e-01
-5.906557246197949862e-01
7.775906048111033142e-01
-5.146878054480852338e-02
4.856329860846509416e-01
-4.085227853553052152e-02
3.674473098146229244e-01
5.940176838551931848e-02
-5.767063739398432531e-01
-1.324453180837790733e-01
8.041030614821560452e-01
5.056587150920051066e-01
-4.805123636759943695e-01
1.627385586103846649e-02
-5.108968725307518888e-01
5.284016416751556866e-01
4.210428212123407121e-01
4.357408371111627376e-01
-2.350930158583057761e-01
9.688045289121199888e-01
-6.526247785372141230e-01
8.066837780410490710e-01
-7.895099855205033046e-02
-6.484410505658605439e-01
-6.233736711522919194e-01
3.134072004998396666e-01
1.209042140241310126e-01
-1.874384287091424572e-01
6.358658126951848011e-02
-1.390023119794592810e-01
2.796840689096627974e-01
3.548099297365793214e-01
4.614494286593716632e-01
-2.674021512476268958e-01
1.672277557944407134e-01
1.543601676560424352e-01
-6.873764334347070015e-01
-2.284342698231703883e-01
2.343206249944414787e-01
-7.161962540072630556e-02
-1.156074494312158002e-01
-3.934176760416510654e-02
-1.247758157583861161e-01
5.075538606453521701e-02
-5.238151615798689598e-01
2.165574740746155080e-01
-6.945112368644708045e-01
3.530220669595463545e-01
1.236542614424766123e-01
2.797407554057223522e-01
4.006302287392388140e-01
9.676700773277746581e-02
-1.754461755976581272e-01
-1.103018236550911968e-01
-6.880623782356917739e-02
-7.482418916543710774e-02
-1.184313331714823281e-01
6.243719438167847358e-01
-4.062022011556860185e-02
-4.356306689608967497e-01
-3.716698972751841801e-01
-1.097993341737378836e-01
2.417089541184499202e-01
6.674697248474784628e-01
-4.859077814892072134e-01
4.683123343808686112e-01
6.857929859130257322e-01
1.243359123396115817e-01
-4.350922100228104550e-01
8.060467966945887575e-02
-2.096306029056290710e-01
-2.613942098538410419e-01
3.768800935070269753e-02
3.058518452310707847e-01
6.063139127325708477e-01
2.530224052508163735e-01
4.060623483393658306e-01
-1.826031891172204824e-01
-4.405454644574389178e-01
8.582979353084410623e-02
1.871163491279814184e-01
-1.817396203272408639e-01
-3.627946348063111337e-01
-7.778564237639130907e-02
6.351085930418193248e-02
6.794204374789083456e-01
-2.475927484668762057e-02
-4.487271647579184064e-01
-2.563170535984711784e-01
1.543875932663045236e-01
5.771203451657611616e-01
4.261289607666526869e-02
6.765489831962545608e-02
-2.347582295965452981e-01
-1.877460650175256929e-01
-1.008422708761274322e-01
-3.048823677106564656e-01
-6.463814546994944843e-01
-4.014920865892904756e-01
-4.222458162073415566e-02
-3.039295191482989100e-01
-5.047200701157322777e-01
1.899394351521526136e-01
-2.494023477193125227e-01
2.954744075688375826e-01
1.854242717947130470e-01
2.218647447550337048e-02
1.934916211364376068e-02
-4.185905941020979237e-01
-3.456055931438373197e-01
2.195117566431405154e-01
5.062271353360826565e-01
-1.187443800891021528e-01
-2.736301300093237909e-01
4.333542856903656038e-01
1.757295894831431560e-01
1.369943140933767012e-01
3.649173196209588022e-01
2.742534337324629284e-02
-1.753371481438767143e-01
2.062296154463380549e-01
-3.880691903552422883e-01
8.352632559523398559e-02
2.575815251519250060e-01
-1.616591897205169603e-01
-7.270406186437800011e-02
4.901308041418723366e-02
-7.061384731379592994e-01
7.813967944375554975e-02
1.891073250598494515e-01
3.226753745537036533e-01
-2.144802155095472396e-01
1.516457603511315033e-01
2.675674471070713656e-01
-5.053586555809185255e-01
-1.133919925061111639e-01
5.851083545260491459e-01
-1.633553485809410011e-01
1.326860158253986843e-02
-3.562845665329064104e-01
-5.061334852557390906e-01
1.993319710144378365e-01
1.139785008609268957e-01
-1.568362502353513044e-01
5.695236213141324777e-01
1.715129923333374717e-01
-3.035289841474274608e-01
-3.897602898550603379e-02
-6.288637487164757678e-01
1.141004868618923224e-01
1.941657576524771223e-01
8.225205176480865354e-02
-2.802620976330864044e-01
3.830288398630177227e-02
2.522414999521774837e-01
1.508765657649608072e-01
-1.622929534007691021e-01
1.294295533908081941e-01
-5.789963488517925194e-01
3.563504393080071941e-01
2.636887992786838275e-01
-9.700676159745871829e-02
5.554061056991830281e-01
2.834034232039278622e-01
3.961527999154907387e-01
4.853424343538935148e-01
-2.638609277136915177e-01
-5.992869584899634949e-02
1.982287338535102805e-01
4.735119508809915168e-01
3.094497713610898648e-01
4.670666423102085019e-01
-2.874665059778088727e-01
6.618953147520184599e-01
-2.042535521258583286e-01
-1.097557953857041246e-01
-3.114055961788945170e-01
2.393646381466143502e-01
-8.856665220086852308e-01
3.305086824764457698e-01
3.409785537600119043e-01
-1.741963074584529647e-01
-1.435357091961531606e-01
-1.029189809981565229e-01
4.749180877286889868e-01
-1.689547573052134766e-01
4.865227180534498902e-02
-6.073514009012694753e-02
7.731145309907658802e-01
1.548907688607429889e-01
2.701469902406749557e-01
-3.573541177051089979e-01
2.205934852567990531e-02
-1.070055343305333778e-01
2.989145490056514809e-02
2.277849110302658242e-01
2.595434757456345221e-01
-1.116724786773566347e-01
4.425709312501964199e-01
4.676848579666322281e-01
5.643829760557983466e-01
-6.595374245077970099e-02
-3.052939298652553035e-02
-4.210284754094956727e-01
-2.396494993096952297e-01
-4.239404993908560959e-01
-2.415896962017234362e-01
1.187412171733310956e-01
1.524022803994168340e-01
1.810612630015865920e-01
-6.922828416575964317e-02
-1.380682804284718290e-01
1.738122681055926377e-01
-1.918997079693473065e-02
2.975387079755706377e-02
-2.601576542053226498e-02
-4.793976565986564353e-02
7.079818612716194393e-01
1.892671465526556962e-01
-7.356665112021549824e-01
-9.320023969865363078e-01
-6.258194519274357104e-02
1.608320502279061703e-01
2.128879193426550243e-01
-3.702360456319404025e-01
-4.821969304852928295e-01
-3.763964768859300730e-02
1.360493242251641782e-02
-5.721986669520525565e-02
1.810866010067734011e-02
1.185765059067788174e-01
7.147405782419768983e-01
-1.100569026982885085e-01
-1.436729475244888088e-01
-7.732600510142267902e-01
-3.342394472484881418e-01
4.822215344251548630e-01
-9.238200226772809165e-01
3.124502899378657494e-02
-1.561232545043612918e-01
-2.040718655759602984e-01
2.791376882228223111e-01
-6.799128357621371521e-02
-1.349876648735959250e-01
-5.336742503457121423e-01
1.357516355541055209e-01
-1.199244831449112897e-01
7.573137664107346678e-01
-2.072615056871814632e-01
2.012015913082459972e-01
-8.558225633554515932e-01
3.045157803586180378e-01
-2.168941085640075928e-01
9.629812771206389121e-02
-5.592504699491641640e-01
5.176767794477601381e-01
9.101066436096458268e-02
-2.750166930382791364e-01
7.486345546408229579e-01
-1.026435879110318417e-01
7.156766420120871941e-02
6.294049568842000619e-01
-1.788703170414241150e-01
6.763209794667222052e-01
-2.186828361648127661e-01
1.390342241804608525e-01
1.672756983512331264e-01
-2.523904618926472998e-01
-1.067331724369671858e-01
-6.471920005675178000e-01
5.738954102698190507e-01
1.383326082147090172e-02
-2.045592371081425831e-01
1.341161274244652424e-02
-1.062234647762294315e-01
2.466547303654886281e-01
-7.585643205836719583e-01
8.030479757311220768e-02
4.613305102488590159e-01
2.548212119722528812e-01
-3.419820179587063635e-01
-6.499138928218985978e-01
4.754447804549579160e-01
-4.699452544011673005e-01
2.662940962060430516e-01
-8.106447716298239570e-01
1.890393943369703122e-01
-1.009016117437503551e-01
6.706592172429740595e-01
-4.738704883516509647e-01
-6.225051450594363267e-01
-5.299024107513730097e-01
-1.361886366573657192e-02
1.250732531164303607e-01
1.154690926784150279e-01
4.836546286331926958e-01
7.974823522440628309e-01
6.300425379676540816e-01
2.719164930240265954e-01
-2.463719314077574274e-01
-5.100162143683039107e-01
-4.949299986013114272e-01
-1.555081556945171195e-01
-2.385307056920807633e-01
-9.410362197295425724e-02
3.325761372999963550e-02
-4.386840611649863164e-01
-1.740920404803802946e-01
1.010701431805033912e-01
-8.484445343545177209e-02
-1.412361412708228181e-01
-5.282796606669275530e-01
1.652620371416428924e-01
2.465111673848520979e-01
-5.461547080791266939e-01
3.417888896224381412e-01
-1.521865008694633092e-01
-3.352230593695632588e-01
-4.933963671103081539e-01
5.365774630558380887e-01
-9.948285107512381265e-01
-3.252032863927985240e-02
3.184434812462111353e-01
2.357976912925231761e-01
-6.773306494632619357e-01
2.429555560131443914e-01
3.797391640807110114e-01
5.189847778383732679e-01
2.741966829733181732e-01
-2.990109939926596100e-02
-4.601681294039339232e-01
5.249390557919456080e-02
8.175140277999272398e-02
-1.375131136086125971e-01
2.624731407990338328e-01
1.250764511334141738e-01
3.455434876505671382e-01
-1.237494577985045335e-02
-1.350162741683985645e-01
2.350723662616061582e-01
-5.756504843625332990e-01
5.798448322109210629e-02
2.512821117561799822e-01
-3.516490407282385489e-01
-2.310707375936723595e-01
-4.461666599417081214e-01
-1.424228181120049674e-01
-6.167699591026917227e-01
2.513319849773991144e-01
-5.430732044980252082e-02
4.205458703912693386e-01
-7.292097286776887399e-01
3.971278881812802530e-01
2.116940014901710909e-01
3.106785980181669404e-01
-3.150519330599798051e-01
1.142936869510649406e-01
4.719606437000923860e-01
-5.687487147207291871e-01
7.436816315120940990e-01
9.065147389788348331e-01
1.815172121173555808e-01
4.602803478476326371e-02
-1.942015009773376821e-01
-3.094300264518576316e-01
-6.942242382709847837e-01
-2.145904093221204234e-01
4.152352970838580487e-02
2.753604918658207334e-01
-6.379927746322844317e-01
-6.511572196767613507e-02
-6.739345385393979981e-02
-3.069482598786915650e-01
4.915638480503213559e-03
8.151963136182429626e-01
2.724053532051668447e-01
-4.128373967924227339e-02
-3.088447780850301916e-01
3.273563160367403552e-02
3.280867497375417607e-01
-4.449657425258012333e-01
-3.723547769097383942e-01
-4.571565475506847998e-01
-1.285679528131404847e-01
-6.156044438031665900e-01
1.971838985626977181e-01
-3.654447125330512192e-01
-2.638216182046841385e-01
7.520394067281791495e-01
-9.271964181714806297e-02
1.863391653647853974e-01
-5.092588435679479969e-02
-5.747445962373075590e-01
-5.332032739993785020e-01
7.050502416611495460e-02
4.767285675608491924e-01
1.579434390849598357e-01
-2.006660138755333306e-02
-7.120706861487594574e-01
-6.217814229963759542e-01
-6.185757751349191258e-01
-1.355156141518357171e-01
-3.678411697080248288e-01
-2.346565497427566538e-01
6.565631022454933019e-01
4.759138856047204769e-01
-2.193055825627782118e-01
1.236796949812291740e-01
3.234735135656283123e-01
3.910572941035547201e-01
-5.477828730067753060e-01
-2.648322895234982433e-01
2.220628855207042868e-02
2.223648328435055277e-01
-2.401160517176929854e-02
1.316049835302019189e-01
-1.834768234132743425e-01
1.312057616418740580e-01
1.301974883251916792e-01
4.715859968881317421e-01
-2.297125028075226172e-01
-4.675114715290648038e-01
-3.018921235565980021e-01
-1.307775791242294650e-01
-7.094772845002828010e-01
1.869938109789189840e-01
-1.254556672062034639e-01
2.660109462280858539e-01
-2.837244814768950518e-01
4.107646363880081974e-01
-3.902203244869296150e-01
-4.383567887562782595e-01
1.863563146218393529e-01
1.881191522216305312e-01
2.291927855489954424e-01
4.359209528300331260e-02
-5.095377491116650503e-01
6.563188493289497105e-02
2.272835197905578308e-01
5.950253625436530136e-02
-2.528411666070267128e-01
1.064853908224268897e-01
2.972880190726945870e-01
-5.134989789759176748e-01
-1.846889100246496551e-01
-3.994007088512704917e-03
-3.347329966194295681e-01
2.895878658145015216e-01
-4.808456639973723301e-01
-1.166159484039179517e-01
-8.563846173577466248e-02
7.975315721886458431e-02
-9.279325746479710757e-02
5.177628569016020643e-01
2.097132831583513046e-01
-4.525453705668319726e-01
-4.101744593470961764e-01
-3.702361876528564855e-02
1.565559927853084898e-01
3.415126243774819215e-01
1.771620389122710582e-01
-4.068908205510957110e-01
-2.909173190966656275e-01
-1.106097974669722622e-01
-7.506866798410202768e-02
-7.308769479272992919e-01
3.474788759966858653e-01
-5.007963104318491343e-01
1.994575836736724728e-01
3.532394394847773733e-01
6.029843856027284899e-01
-3.121318961178693452e-01
8.599233048275218422e-03
4.758831535082994058e-01
-7.286657488086349943e-01
-3.391735321998165520e-01
6.583187154056997503e-01
-6.664475841780594934e-01
-5.497918845815099598e-01
-5.037901178708598104e-01
-2.991961726082101869e-01
-1.629786362080613560e-01
-1.719649854040685433e-01
-1.818584888927175791e-02
-3.931452032366694604e-01
-1.482516161091559925e-03
-5.112684734504748807e-01
1.595109262639218817e-02
-5.005062065599404919e-01
-6.230632243608272836e-01
1.381160872484206159e-01
-2.022451656135890175e-01
9.087302955458341769e-01
6.689093255221222056e-02
2.322796728837400737e-02
-1.984675657426524520e-01
-3.313415457483728233e-01
1.652528813971556043e-01
5.253059469973202500e-01
-1.329653872097699002e-02
1.034506098941626595e-01
9.669671746276531366e-02
7.006858016375541176e-01
4.455030728780884908e-01
6.034394307138768454e-01
2.298156051214901296e-01
-3.938833511651665953e-01
4.925801792715585603e-01
-7.374547283637660211e-01
4.425344574354453941e-01
3.593515925021300017e-01
5.170294694086965404e-01
-3.468186848941903211e-01
-9.206141189127303726e-02
1.167181216921803211e-01
7.282505459391187541e-01
3.610243974725836358e-01
2.556709515416599188e-01
1.695694750241631965e-01
6.890208639753099273e-01
-1.902084520916018928e-01
3.002693490038648716e-01
-2.175414257467756241e-01
-1.969937507768682872e-01
-2.384172951770606730e-01
-3.771490677045202244e-01
3.630018959869718564e-01
2.124155775334505836e-01
-3.174036749658687429e-01
-6.299771151781869971e-01
-6.598521768723933922e-01
4.217065436234584963e-01
-5.054111072374634084e-01
-1.613761159544448848e-03
-1.587269135449867127e-03
-4.155204774511249699e-01
4.403314449138351905e-01
3.291319103077190028e-03
6.729567955329004425e-01
-2.269120144332402722e-01
-2.113426821237537889e-01
-1.252809940911709385e-01
-5.527983779125512226e-02
-1.293879500770030444e-01
4.840831990045300071e-01
-1.070122431897284621e-01
-7.198189281258307037e-01
2.826201684897642896e-01
8.505765785470360829e-03
-1.038746928886845333e-01
3.256894242013036456e-01
3.730130169784142552e-02
2.204779223321483572e-01
-7.472698839397143300e-02
-5.933900268314254989e-01
-3.453252767323330419e-01
1.930712208339472602e-01
3.559431451599963658e-01
-2.582897297657832381e-01
-2.275814348572345880e-01
3.174870580902355854e-02
-7.053373274630323486e-01
-2.255475486248963157e-01
-1.832308112925067067e-01
5.822715458041989312e-01
3.739628635772450360e-02
-1.000780822406225345e-01
-3.330100566031146681e-02
-4.009915820390225760e-01
-3.010853940959412056e-01
3.473456439089304681e-01
-3.445564491133247809e-01
1.246191488394580993e-02
4.065691391228554163e-01
-2.660530545232495658e-01
4.556642714015237683e-01
-2.875156100156635586e-01
4.523586694801815522e-01
-3.453707052033506142e-01
-3.751463403128337259e-01
3.765006364398162941e-01
3.860564949498789256e-01
2.585886156797352897e-01
-1.648101547974486492e-01
4.802298089645034018e-01
-4.738719163178961025e-01
-5.303618648719023998e-01
2.781686924363256375e-01
2.920450834404357265e-01
-1.369245160510889348e-01
5.803496342563283505e-01
3.330768892927635921e-02
3.790104379678160829e-01
3.278028501073851353e-01
-3.105730237303352403e-01
-5.303049123862878522e-01
6.255520375680202472e-01
6.398616733460910089e-02
4.999508167756105403e-01
-5.001921943655130987e-01
-5.008054460932976903e-01
1.262080878883686808e-01
-1.741581434944170503e-01
-1.258133383812722883e-01
1.357003543868401108e-01
9.134339870174469633e-02
4.893099147664344284e-01
9.589614269383373024e-01
-4.232997288162900773e-01
2.492183612391425385e-01
-5.876506110955697082e-01
2.819994322730400849e-01
-3.132483761089102092e-01
1.643361905485755392e-01
3.689580273131083943e-01
1.284397457333564530e-01
-3.099711367683745666e-01
-1.871211426893316654e-01
1.955368801253554167e-02
4.290994421772018064e-02
6.748094074812756027e-01
-2.769554650705273735e-01
-6.000498219704849395e-02
4.700391097455942219e-02
6.039516289638233171e-02
-7.760821394543299112e-01
-4.128194952090040448e-02
2.835360200667596531e-01
6.292005156348799977e-01
-4.843934617249176511e-01
-1.390911101169927666e-01
-9.341001438953571157e-01
-2.527172689692592789e-01
1.459958221156405500e-01
-1.681469346024584421e-01
4.426414971985501712e-01
-6.475768169839140054e-01
-1.373242531308677128e-01
6.565206376603711647e-01
-8.933205911827341028e-02
-7.241180358149634788e-01
1.083177736460817775e-02
-3.699019959624567921e-02
-2.329043768093748135e-01
7.695857008273051525e-01
9.766877810768306856e-02
-2.012905859631425043e-01
-2.988021005752111714e-01
-4.086114485838523991e-01
-2.439799157009461261e-01
-4.486411137822030049e-01
2.091307016600732482e-01
-1.043819611104203626e-01
-2.244905380928138017e-01
3.893067118668722126e-01
2.896732207282842197e-01
-1.068750502657912771e-01
2.009329823895828482e-01
-1.702389492794530168e-01
-2.190412224430951238e-01
2.579548151414252088e-01
9.340812611137741528e-02
6.525608452525839820e-02
4.647339938363704848e-01
2.158503252534749450e-01
-5.595722858116356641e-02
-4.533833706611517522e-01
3.703853985002938942e-01
2.288310923676515896e-01
6.012375104400334569e-02
2.889788554424377875e-01
-3.189928840296110124e-01
1.766314667167879215e-01
4.227569728993400555e-01
6.317208266092639857e-01
-2.614889328923769019e-01
2.739627923920337493e-01
-1.192695033840149021e-01
5.081864079168203485e-01
-5.497462144108677951e-01
1.805585839333051501e-01
-3.966316971821320370e-01
-4.647105297964407855e-01
7.140734812836599943e-01
1.672032926888617488e-01
-9.770982579322597117e-02
-4.525760210969970859e-03
-5.781310735363042186e-01
4.580083255100667605e-01
2.327579933913057758e-02
-4.215448391164572928e-01
-3.159287303890880305e-01
2.338579634471227853e-01
-1.847629186011583158e-01
-1.388619931528146945e-01
5.076964934272693020e-01
2.217199321373263809e-01
5.212757441878830278e-01
-9.962688674862935079e-01
1.714400179982306649e-01
3.359269527418971557e-01
-2.155132937962703776e-01
-2.088776198296397324e-01
4.180381771560784943e-01
6.937333418048383660e-01
4.235811602672708842e-01
2.967424564869489134e-01
-1.010915138487054332e-01
7.669599957120496470e-01
-1.643399572951419543e-02
-4.125509916591272308e-01
-2.155783151927175290e-01
6.008245322281416945e-01
-1.002508594396052943e-01
5.692211895439246438e-01
-8.427388307758951203e-03
2.087453266845116229e-01
1.369446298910831916e-01
1.856504487949321991e-01
-1.420245838010735506e-01
2.960573260049530198e-02
2.246264492472677676e-01
-2.463958989718121051e-01
3.053393311197002413e-01
-1.231479734676963894e-01
-4.277352154380209548e-01
2.316096265939324994e-01
-2.771486326099219522e-01
-5.299953140433457666e-01
-8.525938259088582105e-02
-4.040187675763158848e-01
-5.324753276555763692e-01
2.109972081282269762e-01
-3.037525100344770634e-01
3.060464527763766540e-01
5.425171243273948507e-01
-4.440639846763304033e-01
1.512445139244507353e-01
-4.928792952599425625e-01
6.010352585996302510e-01
6.066472105714026952e-02
-8.520987378176533844e-02
-4.413633748069379914e-01
3.204664213507013026e-01
1.407526332397953661e-01
2.565515708041141707e-01
-2.703530695513866045e-01
-6.125902926645512281e-01
-1.397380212631514629e-01
-2.589740343601645844e-02
1.883460769450335803e-01
1.863524523846146475e-01
-7.101414199865453414e-01
4.989496805061352513e-02
-1.891095172009629455e-01
3.065099911767811824e-01
-4.992414104177238521e-01
8.290848309430753904e-01
1.069210892168801941e+00
-1.385747701016081523e-01
3.657249657525200037e-01
-5.165844964592919419e-01
-1.423514446802722211e-01
1.769656384807939409e-01
-3.074105984665979618e-01
7.064314319442810408e-01
-2.388214189149035771e-01
3.771094801328221391e-01
-8.824375809739125609e-01
7.686015648872323025e-01
-9.067304945663650084e-01
1.617372105288861217e-02
4.958419053674877897e-01
2.071351396642920339e-02
-5.410671386054383830e-02
2.962736604519997097e-01
-5.259049106616557889e-01
-1.733248599445230964e-01
6.406784602823190067e-01
9.605777927017455919e-02
-1.518191156641290895e-01
-6.015070976187444352e-01
3.739570485337517791e-01
-2.457258605863450740e-02
4.572823591679386901e-01
-3.640701479896002457e-01
2.920516496751708324e-01
1.956158763053038874e-01
3.466544401173221046e-01
6.671432384789638403e-02
-1.684099877008354007e-01
1.052626605866037041e-01
2.257881296855808462e-02
-6.495128912146105327e-01
-4.720233368993408396e-01
1.522458220365284498e-01
-3.543789963298700774e-01
2.609018067433107047e-01
-2.927579671623964375e-04
2.702964335812622076e-01
4.380403179461025420e-01
1.911131133373955016e-01
7.758748687539730460e-01
5.547963801514362858e-01
-6.343207946394388008e-01
1.639454242257901428e-01
2.146702082861117744e-01
5.332391589560323553e-01
2.062443512083835251e-01
-1.313448146663884208e-01
-1.867101899078157656e-01
-1.980163445702292357e-01
5.135214588397229996e-02
1.507097997855503246e-01
7.938440461391578218e-01
-2.648992355929177811e-01
1.804992956328104747e-01
-5.517452378876501751e-01
7.027855311335431399e-01
1.857849987680880444e-01
1.337965945920155907e-02
8.434154352118580222e-01
-4.246563475771766849e-01
5.643869210764547450e-02
5.744360533402959046e-01
5.489357868394731388e-02
-1.091355375793670701e+00
-6.915257471881811613e-01
5.068301664879604207e-01
7.105681504612350319e-02
3.884940878097772332e-01
-5.430115646702118881e-02
-3.051465035771506740e-01
-1.218270968198792437e-03
1.204550847568193750e-01
-7.140823010181857056e-02
-1.739462761673686297e-01
3.351992697208132366e-02
2.453642334276676662e-01
-5.458939375928683058e-01
-8.079236229763945287e-01
-6.142248627742651346e-01
-8.693753015099998649e-01
-6.279399264713639850e-01
-4.015572097887289416e-01
3.335676430785926572e-01
2.445379515707855889e-01
-2.409872501625414665e-01
6.041355848061704670e-01
-6.417166379916842966e-02
8.959050391728284879e-02
-7.481881052858889436e-02
-8.001644501775338758e-02
1.312957664207461683e-01
-2.019487535971309922e-01
-6.993612619944920006e-01
-3.039887373136762050e-01
3.613346786484623596e-01
-3.994380485997084396e-01
6.496720933488895344e-01
-5.171637409922714701e-01
-1.133369908039703333e-01
-1.007983846273645401e-01
2.427886850197827073e-01
1.772755111246769877e-01
-9.788451310305361364e-03
-4.248516774786392225e-01
8.558818596387645083e-01
2.773182604138706986e-01
-1.111860663610433619e-01
-3.827789904740351856e-01
-8.002732052790419992e-01
-1.835944847343826819e-02
-2.092051529878336674e-02
5.595193866767185220e-01
-4.203047682623123893e-01
4.567989633201658406e-01
-7.504646807091110150e-02
4.840199138691938519e-01
-5.023820819740405508e-01
1.398171532485076307e-01
-3.101130515759433770e-01
-4.984475231354250080e-01
7.177517535810809535e-02
5.392937734816716233e-02
-3.076381373470321035e-01
2.757298614033970585e-01
-5.704875799696254024e-01
-4.164941661419941932e-01
-1.377006175942474819e-01
7.143115726073076543e-02
2.598422202043699780e-01
2.882620016995909307e-01
-1.118346871698211800e-02
-1.192453703646665808e+00
5.038401287163555287e-01
6.240196447129534585e-01
-8.022043208902940314e-01
-1.121778198334690974e-01
1.847940668491499239e-01
3.592029576601495910e-01
9.889947140332236430e-02
3.168347972740896967e-01
-1.056669144672808813e-01
-8.174153836487926261e-01
5.364733773858020305e-01
-1.085181297023076058e-01
-7.097265028613693183e-02
-1.024368386892384963e+00
1.686607298201656113e-01
7.559289387498002721e-03
-7.643156331062250786e-02
-4.195063418273320410e-01
-2.653336801620780894e-01
6.622754614064806367e-01
-2.890163359607217375e-01
-3.111867706363469210e-01
2.622807614848443047e-01
7.891090156613344009e-01
-4.378691423154891793e-01
5.151619686454224079e-01
1.783278824868392010e-01
3.789185631238096985e-02
1.301185538778302023e-02
-4.964819140465102643e-01
-1.472098686645819665e-01
1.418729420617503567e-01
-2.536749182208491993e-01
-2.218397433374396377e-01
3.046745039200801086e-01
-2.981011393263286458e-01
1.576673084688423598e-01
6.791064471302470096e-02
-2.639485495145249550e-01
9.952404043251983357e-02
1.030065115019033750e-01
5.470230790502207396e-01
3.605440726933623052e-01
-7.885746951205055977e-01
-8.317919460115998087e-02
-4.557069507202990977e-01
-4.058812623073483894e-01
2.782129231652939461e-01
2.160666207289748120e-01
5.235867654605346200e-01
2.656481122368798409e-01
1.824232152422632092e-01
5.292250156258974936e-02
-4.831605017442606731e-01
-2.393896672616715460e-01
-1.158357026168724407e-01
-2.029277480336258710e-01
-8.515411999280966815e-02
-6.339701064527175634e-01
-4.208975790563356800e-01
3.806304538409180926e-01
-3.214405327114974731e-02
1.201460474453510952e-01
5.120661506331288804e-01
-2.242262324302983223e-01
-4.873346314032642734e-01
-4.072484805165553778e-01
-1.660124792836134011e-01
4.961678271027785136e-01
-5.721343883551879284e-01
-5.407914974781111717e-01
1.304804969816175386e-01
-6.857875791387783859e-02
-1.457402417147000695e-01
-5.877639445011070274e-01
7.156818727144443892e-01
9.409350656447443284e-02
6.096797483612320656e-01
8.204879883327799439e-02
2.374504500274163821e-01
2.983029174670615569e-01
-1.653825478421718786e-01
-8.948119766622042448e-02
-2.939117020875308683e-01
4.050911469801659615e-01
3.985817696959365608e-01
-3.745011748107557881e-01
3.453098206826168415e-01
6.248440071926459893e-01
-2.979090884168021924e-01
-6.430097520504229891e-01
7.549532463240333779e-01
7.408926735081574622e-01
-2.242544214346132991e-02
2.430575025030053682e-01
-4.757033006395949837e-02
-4.099370971266368402e-01
-1.574738476226959505e-01
1.204494480539429480e-01
3.713339759217516023e-01
-1.864832315769604232e-01
2.055368766760508614e-01
-5.965962022498505490e-01
-3.020644428363261635e-01
-2.760367365275572249e-01
-5.612637683179496628e-01
3.787095015406520548e-02
3.907638585339164861e-01
-1.027838869005110456e-01
-1.389798986109189727e-01
7.796317239173133906e-01
8.659898120342623962e-02
7.718388107436993661e-02
-3.301151715562187228e-01
-7.657161371729720445e-02
-4.654789684011750306e-01
-3.323673441460323064e-01
-4.245740023310806688e-01
-1.063378969367484161e-01
-4.929881998333734971e-01
4.944486238659788757e-01
4.275994796351654803e-01
2.854022791237312839e-01
-3.195291644312157620e-01
3.298192082017264992e-01
4.297538360934635704e-01
2.290217976567321678e-01
-4.550199806039717521e-02
2.607358281770870700e-01
-3.533598581255873450e-01
-1.610073303651433085e-01
-3.098292552859408522e-01
-1.364753896129045629e-01
-3.693740526028697624e-01
-7.606574579442098027e-01
5.899247019167602746e-01
2.943725432199036929e-01
-1.752138690785206565e-01
4.586822593155094885e-01
-3.881726792939983461e-01
6.076201954775979630e-02
-4.195207655360227439e-01
-1.032427023624673534e-01
-1.049449948157053954e-02
5.402900490627626784e-01
1.217291925623587290e-01
-1.885599703620921275e-01
7.651552979363284157e-01
4.531592462631731100e-01
3.308731880680236825e-01
6.490590513740253087e-01
-3.309759258184780117e-01
-2.971483998314925490e-01
-2.583988145706662687e-01
1.018939184093423517e-01
-1.048470317945592090e+00
5.463408324690072204e-01
-3.838408571387107449e-01
4.414382273641134780e-01
6.451497742151283132e-01
-4.629800803645395257e-01
1.263528877625115510e-01
6.002424411454101438e-01
4.283414327451048886e-01
4.801483262341332270e-01
1.553597530764862511e-01
4.872004500094429535e-01
4.758453461664331058e-02
-2.500489727863786094e-01
1.889308689344268988e-01
3.233810974864758103e-01
3.026445116835384253e-03
-2.863615262106067316e-01
4.314336561221120414e-01
5.588101890107127767e-01
2.980185038078894677e-01
-4.893622946754324632e-01
-3.748074334619971304e-01
-2.228580872130975221e-01
-4.598299848311659388e-01
-6.763395211400620166e-01
1.692591327335414009e-01
3.419851982530454082e-01
-1.160245795541188785e-01
-3.745563475209270909e-02
-8.918936279327348282e-02
5.918752782255490841e-01
2.118431413882287256e-02
-4.990261297586894851e-01
-4.474734776240930634e-01
4.213826394662386621e-01
1.531846455082549324e-02
2.490320456022311613e-01
-9.942688986756931246e-02
1.758797167425640295e-01
-2.044696577336141408e-01
1.817983938091335405e-01
7.196425837900480293e-02
-3.890441918813914435e-01
-5.390231171801804777e-01
4.801777766264680447e-01
-2.089649633193085138e-02
1.722946895711523554e-02
4.488774485489364641e-01
3.134281918313738258e-01
-2.741301360783577890e-01
-4.051701776340477790e-01
3.307940515382439689e-02
-3.245786142934387053e-01
-7.154273413636184076e-01
-5.113820830106640125e-01
-7.428949011657002416e-03
5.171902321075478870e-01
2.785463134346181091e-01
-2.179209974455946219e-01
-1.159020185209549969e-02
-6.557220627824442705e-01
-5.581235615483723933e-01
-1.645539884997410385e-01
-2.422891861543925718e-01
-4.123059892274998778e-02
2.990562560357865052e-01
-1.586793889101924537e-01
4.768277845346847732e-01
1.428186689195987957e-01
3.886826484042980590e-01
2.752084269875810785e-01
-9.224098250230941543e-02
1.704292704378966294e-01
-4.856484281876359277e-01
6.110703580393295198e-01
4.580626148429152167e-01
-2.828083658017981894e-01
3.794429941291499464e-01
-1.258922136014283821e-01
-2.530365953337343488e-01
7.102955331478985612e-02
-3.743326102008107115e-02
-1.765020273220078151e-01
-1.012655181945869565e-01
-2.748358344530058006e-02
1.192346082774644322e-01
-4.688677468022018346e-01
-2.625444898771214230e-01
-5.692471895966195322e-02
-5.245594370917191496e-01
6.276590725811909133e-03
-4.612084145166949756e-01
5.767719238206320265e-01
-4.087066064466866600e-01
5.870702291580603971e-02
1.565909134022919202e-01
6.730407865525635247e-02
-5.237147141443552201e-01
1.868302289306434938e-01
-7.422959624217825292e-01
-8.655462775819247612e-02
1.565284836867578827e-02
8.442480106118314120e-01
4.834485794081166965e-01
2.767715697976843581e-01
-9.253854640539924126e-02
-1.990016085200220497e-01
-9.481666061138017687e-01
2.997827846227361093e-01
1.874679888177138154e-01
1.961832317816963878e-01
8.343394498693129657e-02
-4.375237362906039262e-01
-1.662900946551847670e-01
3.387472942995541358e-01
-4.352362696811339360e-01
-2.533978872796207593e-01
4.719887572694018707e-01
-1.744867138157694675e-01
-3.367890407553623122e-01
7.955483460531112549e-02
7.979107390109235753e-02
-1.610552861562891125e-01
-2.612818609864607511e-02
2.654606182867099151e-01
-1.622071370604896423e-01
-8.018012187847392003e-01
1.106522010731016414e-01
3.212475397555882295e-01
-8.789493406602857939e-03
-3.488922341736745425e-01
-5.671140976570989700e-01
-5.956863856711055449e-01
-2.297885392165184559e-02
2.997038475663017509e-01
-1.131876975145765934e-01
3.441752048011283427e-01
-3.289229391305257266e-01
8.156127086861965081e-01
2.554428901592893930e-01
-5.097545336180879794e-01
9.826801554697200958e-02
4.771242304722423944e-01
1.222768128680064986e-02
-6.700508646286199577e-01
1.004007987241347655e-01
-3.367680426466635457e-01
-7.010848415991081939e-02
6.249081531990745564e-01
5.239835107131026737e-01
-3.424063695519502515e-02
-3.550900024472664618e-01
5.249475674141560466e-01
1.765702029998969524e-01
-2.387932869867046559e-01
-1.891554513889888711e-01
1.308031005634778254e-01
-3.634448925979880118e-01
1.681918809111591084e-01
-3.100084169401788325e-01
-3.740556481691426072e-01
-4.226231409913767112e-01
-2.506645477836664249e-01
3.535916636776839095e-01
4.303256734956796836e-01
1.941333482478782568e-02
3.532679154619611239e-01
-4.080597145714076612e-01
1.845834856661170142e-01
3.000383494696798881e-01
5.546936849394402680e-01
-2.812621604750464299e-01
-6.135846478120510206e-01
-2.745880253802485682e-01
6.395649115070409230e-02
-2.982236095075669335e-01
-2.921063964380603978e-02
4.330281709907686793e-01
2.240044913071333743e-01
-6.710775537983208749e-02
-5.283816066243557374e-01
-1.171684248031925196e-01
-2.988103977574739223e-01
4.669848841630938052e-01
2.028740528232705898e-01
2.710248437815347966e-01
-7.684375735851796396e-02
4.095987592546611045e-01
6.671359181872660304e-02
3.452840526317949577e-01
1.013555259672829362e-01
-4.571362263810587190e-01
-3.124306125392334321e-01
-9.965245781791413904e-02
5.147430732012241439e-01
2.945065048519262541e-01
3.809748923778967233e-01
-2.204071691378519660e-01
-2.826338929504861874e-01
1.652938206782891828e-01
-2.707113017719701142e-01
-9.194982298230885975e-02
-5.106673307543972973e-01
1.747519947383668337e-01
-4.366778371467718856e-01
4.623771877481418491e-01
-3.992020222818781217e-01
-1.811631396515902548e-01
1.330483582390218078e-01
5.224866559656379250e-01
1.254440179306632597e-01
-5.666193876129563822e-01
-3.987334826283474576e-01
-1.568932038294022502e-01
-7.467776563224715058e-02
6.469908308816182396e-01
-1.459921426792358534e-01
-2.940678309024640225e-01
-6.169234897903726200e-02
-7.000944771304463965e-02
1.410472534967068675e-02
5.699757423840152715e-01
3.109771497123648976e-01
-5.265305812656902174e-02
2.659660535584865704e-01
6.885042668868659455e-01
-8.718930567826865818e-01
-4.881676580801214693e-01
-3.519606973219391866e-01
2.397059276379958359e-01
7.181799586704159521e-01
-2.380868628728529113e-01
2.303744433009501102e-02
-9.669233930202661420e-02
1.169787757452893096e-01
3.540931638191329722e-01
5.799121717438315837e-02
2.201141551984698436e-02
-7.702234739045051015e-02
3.273600913810512658e-01
-9.463726544744303082e-01
1.774685449608012222e-01
-7.418065476753787912e-01
-5.582721180611720513e-01
-4.937590182076079248e-01
-7.792135495015090063e-01
-1.003155012815473701e-02
2.210976676376855132e-01
-6.414863482673955897e-01
7.055180168187517031e-01
-3.505349464064086429e-01
-6.725199724208197338e-01
1.186674202341316542e-01
-8.661842117749103676e-02
-1.665059702266302177e-01
1.221391706526758075e-01
8.247803754918787977e-02
-4.759973248563637571e-01
6.001797550761374112e-01
3.361736848935373972e-02
-6.147754160779670407e-01
-3.755927655690651790e-01
-3.052322746924815977e-01
3.457038905556527597e-01
2.341504053075602054e-01
1.799123382209555089e-01
-1.010727597870936245e-02
-3.567152924444814271e-02
-3.130163741385096343e-01
4.157052067813130081e-01
2.321918859120213896e-01
5.235000376486119711e-01
2.057293612834205226e-03
1.712567254089901736e-01
2.122494419615829075e-01
5.899663882272163651e-01
-4.057751348932320257e-01
2.299546401246478911e-01
1.114780768177793396e-01
2.723683211671778515e-01
3.716803965020462064e-01
3.572465716855589002e-01
1.378763023784450592e-01
-1.870775162482471166e-01
-2.393412558930937406e-01
-5.266360443450852635e-01
-5.933323049342007632e-02
2.119054292264010431e-01
-2.876781843171615227e-01
-3.037759329306429640e-02
8.051037248526798917e-02
-1.538982230211092261e-01
2.924827715382912752e-01
3.254935568694122816e-01
-2.073996109373453522e-01
4.979229217088670251e-02
-1.491476371262723533e-01
1.070728939120394463e-01
-3.476076176215808777e-01
-9.295856475489422399e-01
-3.426953762399474468e-01
3.579468885392604882e-01
3.984305442298356759e-02
-3.818884930000224776e-01
-2.094370901633500481e-01
-5.600205688902320372e-02
-2.869910645858905762e-01
7.209352769233424718e-01
-1.429870061379543422e-01
2.130185649248966806e-01
-4.038212919633926146e-01
1.783478482621097816e-01
-2.403959656558344316e-01
-3.085736781759161884e-01
2.279989823833180329e-01
2.098921808335926509e-01
9.458937656384673598e-02
-4.681424345020095135e-02
7.874620150748121161e-04
5.679964171037591436e-01
2.798707433228801444e-01
-4.208257003295333698e-01
5.229675544595291381e-01
-3.310536176057559121e-01
-1.857427960652395516e-01
4.878980732280228105e-01
2.326609274102865998e-01
3.546855539950548586e-01
3.645597173483515752e-01
4.809404572850517479e-01
2.557804341640742551e-01
6.421536525155438491e-02
7.230621835728090474e-01
1.260236990049367900e-01
1.215316610190907975e-01
-1.552472964940751765e-01
-4.860893329366269278e-01
-1.583550891017213025e-01
9.148982599068844479e-02
-4.435574999749677949e-01
1.987979644088586073e-01
4.886574346017823200e-02
7.306695171891060270e-02
-3.260931791369464650e-03
6.349524452679589093e-01
3.459063354537846302e-01
6.014195926114689755e-02
-4.109093280652728608e-01
-1.250257626339478234e-01
-1.143764907789717872e-01
1.179317215076673697e-01
2.473841141223984963e-01
-7.829687386341839250e-01
1.666548180691563297e-01
4.321941999912995991e-01
-1.370637123741562935e-01
-6.376317313833158584e-01
8.364617489117916194e-02
-1.271951240067787370e-01
-4.172288019726693165e-01
3.156282258902650129e-01
1.938032825178093166e-01
2.094767344309718393e-02
-1.692130700739691573e-01
-4.066757132455098289e-02
3.728867278372012817e-01
-3.860631068904780278e-02
1.284764600850323568e-01
2.768737570606852882e-01
5.632279162445830156e-01
-5.872377871610755945e-02
2.173152298576965513e-01
3.910236070992934576e-01
-1.522336971462715793e-01
-1.780133052494963786e-01
-9.222958415264442822e-02
-5.452322725770852169e-02
2.319553595986016681e-01
6.378729075865197107e-02
2.325876940293603867e-01
3.825071123240284532e-01
6.529654018533329607e-01
6.915980280531484059e-01
3.739597218818306867e-01
7.213757794574966464e-01
7.554159400150824155e-02
-1.768695863884069408e-01
-2.077756251240125140e-01
1.806675316504150197e-01
-4.001536218353911323e-02
4.958074128562085514e-01
2.345370009293221703e-01
-5.359883857631956294e-01
-7.563367305393562390e-01
4.408383019842991579e-02
-1.090924242286716916e+00
-3.011798398782358221e-01
3.948157080490813375e-01
-2.497524253437301001e-01
-5.111623376013598730e-01
7.384182431377719347e-01
4.188809586365573878e-01
-2.885006637313742850e-01
1.924066576836337694e-01
4.275917872503161021e-01
4.368083395025970095e-01
-7.495896264903901818e-01
1.067186482111636414e-01
-5.676191702865336364e-01
-3.122134402388210273e-01
-1.918008778264416181e-01
1.947332926757379401e-01
-4.049732450775340165e-01
-2.815640439134472484e-01
-3.072237722602280674e-02
-1.328584807275679791e-01
5.097377516128571706e-01
4.586025971538243429e-01
2.577611165573102658e-01
-1.326806292045460967e-01
3.107609817062735313e-01
5.017058371683736917e-01
9.247439623250763852e-02
1.387047018829434819e-01
-3.685015051240878581e-01
8.121825608510520045e-01
-3.778400474301046863e-01
2.212433806402469560e-01
1.007409452179169440e+00
9.040377088591659838e-02
8.989234303827373096e-02
5.247154661572021039e-01
-2.908776708232296282e-01
5.612035844742376822e-01
-3.832627818585719881e-01
-4.605120058172753605e-01
4.977841699031728684e-01
9.900934987700826806e-02
2.206702329973705967e-01
9.433806582695731802e-01
-9.570829792473269093e-02
-6.861603419451367536e-02
7.437126238620635210e-02
3.504669374140251814e-01
4.929182171055940254e-01
2.436062043240466712e-01
-1.003986689852184311e-01
7.205593224278487030e-01
3.227544881169900903e-01
-5.874050476769356044e-02
3.043933193681621074e-01
-5.772560061969618239e-01
-1.877186337962741813e-01
4.666593557498045497e-01
8.240940983662153885e-02
-3.273878266839377882e-01
-2.650982289743797349e-01
-1.703453087998920978e-01
-1.242302729212217682e-01
-1.996028482018598338e-01
-2.235009659795645920e-01
-1.359408838485181431e-02
-4.956238828889265174e-02
3.435455537171046292e-02
-4.980044511968880205e-01
5.680699017054887667e-01
3.614924192134488234e-01
-1.494811090325873781e-01
-4.105545807438839012e-01
-1.538102167478708482e-01
7.175302943919386056e-01
-1.205800746434167320e-01
1.714716132536756588e-01
7.632033942361251544e-01
3.649972465937108973e-02
3.776166887429144997e-03
3.947801733420895909e-01
-3.541938446862547551e-01
4.209559177185833168e-01
-1.705630534011727539e-01
8.957253123868550437e-01
4.313158913729624455e-01
-2.889662517388238427e-01
4.705425720540737378e-03
-2.463145603972990427e-01
-3.333642276620614742e-01
3.642562705746089091e-01
2.341771980493938254e-02
-4.024971616699626886e-02
6.176889377264408593e-02
1.879682025842994708e-01
5.617494259404502976e-01
3.768984296108640608e-01
2.561987680613039275e-01
-4.842939186158393694e-01
1.540059021394364347e-01
3.415519574126218982e-01
1.342395720152433913e-01
2.785377387938615112e-01
-9.113677879373182494e-03
-1.513363807039387610e-01
-1.945001488136544054e-01
-2.600726192431277450e-01
4.582807811066466064e-01
4.258020689191878427e-02
-3.833616692727610797e-02
7.107879578706770562e-01
-4.678330285207643602e-02
3.076724671340921868e-02
4.892755716518918524e-02
-6.578252290422389459e-01
5.224477973572466682e-01
-3.183319056095576527e-01
-5.106455686428122975e-01
-5.253274709231552375e-01
8.122734684683822204e-01
-2.981200520532281129e-01
3.149146557263730606e-01
9.399588843475158439e-01
-5.667274754864854991e-01
-4.921013182112375928e-01
-1.901679101770945707e-02
6.300594260462111240e-02
1.803690274485598988e-02
7.410487509410713658e-01
8.615741672898172832e-01
1.386919099989964155e-01
3.678312662754201767e-01
-2.048629797066991443e-01
1.649047636290763147e-02
2.358309191498471902e-01
4.184383240665304760e-01
-5.245407833630735261e-01
-2.826229168726133723e-01
-1.000295923202097814e+00
4.192175561499818515e-01
9.199799552922358070e-02
-1.744578108281163650e-02
-5.377348532228054534e-01
-3.176031675217682038e-01
-2.856056189895438413e-01
-1.404603143067907622e-02
7.001858252632258139e-01
-7.192569189520507666e-02
-5.452018842315510261e-01
4.872213150249338764e-01
2.200979900475517059e-01
1.532094444967006530e-01
1.576965101746999331e-01
-8.544683750164079605e-02
3.645085385311362947e-01
-1.322632737255201307e-02
-2.322034357135444593e-01
4.202882417182645866e-03
2.299070355502906282e-01
-6.969763219767239892e-01
5.601214836939367725e-01
-5.058832746204654507e-01
-5.082612288828405323e-01
-2.443195482865395673e-01
1.921018592178921902e-01
-6.592365249208013978e-02
2.153952655076995029e-02
9.245488381568908731e-02
5.803613719294912210e-01
7.879301496415890282e-01
2.821210551306624348e-01
2.700809434510889062e-01
-2.198643760358608146e-01
4.168610720694708172e-01
-5.860261089766314463e-02
3.590996891983668782e-01
1.662892338716664697e-01
-1.963539008161508947e-01
-1.291314611649163335e-01
3.115066847286088181e-01
-2.438678211265051798e-01
-1.701534149304085308e-01
9.424302290253031011e-02
-9.202135647554085529e-02
-4.027183394326720456e-01
4.893036915957927335e-01
-1.195726320265280557e-01
3.265662557049428538e-01
-1.733941172699737798e-01
-5.270810613008189427e-02
4.140656483823462186e-01
-3.820177309023551349e-01
-4.092384313153848985e-01
4.453417344480480877e-01
-2.114593234125114185e-01
3.563277973440814317e-01
4.989326560005226674e-01
-2.688029622030997379e-01
-4.221138434667060513e-01
2.277389693425662665e-01
-2.843401970611824092e-01
-9.677411096569273063e-02
-7.978972460855794646e-02
-1.209771942484352686e-01
-3.016939244500760897e-01
-3.832910010370616516e-01
-6.505782041098019663e-02
-7.118904609170986775e-02
6.187838954293919946e-02
4.360549376475109651e-01
-2.924988753824707133e-01
-2.194816897958327406e-01
-3.288894870031576767e-01
-3.919648752114918699e-01
-4.869790835077077995e-01
1.938472751130177751e-01
1.335160331427850677e-01
-7.717234639018141218e-01
6.690793443420551823e-01
-2.635545645195651321e-02
-3.126853781272437849e-01
