5.318335354179861696e-01
-1.406798711691675807e-02
5.234036733383463647e-01
2.245675832848450793e-01
4.242819430939891445e-01
2.606424926776598205e-01
4.727073194085639751e-01
2.184884497071787682e-02
4.183798817825524208e-01
-3.527617712327681954e-01
-2.244754263579019637e-01
8.263792775576684901e-01
-2.573733908235854573e-01
-1.757231402499329076e-01
-4.890011054461343987e-01
7.208538064722615213e-02
-9.499755810224844166e-02
7.411338970967920603e-02
-1.652987416324718239e-01
-5.932071022387176013e-02
-1.284630986624282489e-01
9.623693391849563739e-02
1.622824831012475710e-01
4.884112410561110007e-01
-1.400289208564469701e-01
-3.319407850226662599e-02
4.388507597685681327e-01
8.009547378083145541e-02
4.130441849714345803e-01
4.382330096226731975e-01
-8.792937141786030808e-02
2.605907672218716331e-01
2.984183636953745555e-01
-2.684278602758939369e-01
1.376833512647156199e-01
-1.542349021987920454e-01
1.704203758278043102e-01
-3.557946612753161153e-01
-1.640729017740828188e-01
6.384047366802663159e-01
-5.933222769235450833e-02
-4.599842527269571435e-01
8.864462860425043056e-02
1.367741889937828213e-02
-4.674211442152913232e-02
4.676393207731834034e-02
-2.376243676295009266e-01
-2.912647728312017792e-01
-1.387849912907869743e-01
-4.870375004035110839e-02
7.851894488602573219e-01
-1.208367368249533003e-01
2.705911487218084499e-01
3.065297528314663844e-01
-4.041991086897971375e-01
-5.946205589136478731e-02
-8.516052291255307716e-02
2.347607755308686074e-03
-3.661515872159246676e-01
-3.795152606733108169e-01
-4.742941777134706549e-01
1.522775601090709807e-01
2.418850818137908143e-01
-1.408262491774045777e-01
-2.701650757549395321e-01
-4.205538946824325941e-01
1.055970609840992669e-01
-4.699869802716900163e-02
3.183861895879283033e-01
-4.242432819544025846e-01
-3.453762194424982446e-01
1.123903149066697860e-01
-3.717753877926660566e-01
9.787789552310446894e-02
8.471414503909295568e-02
-1.734967166679772799e-01
2.835991582712091841e-01
-6.360461059950739404e-02
-3.170448685361913488e-01
-5.319863026642824427e-02
1.198468640999596907e-01
-2.404062990727800775e-01
1.748225426679440586e-01
-4.606081492840322089e-01
2.513046174397517429e-01
1.614429725180139830e-01
1.894038681922261269e-01
-1.303257038330222495e-01
1.582498975876291958e-01
2.391414189570933643e-02
-6.873778956754705849e-01
4.211347620242897882e-01
2.968248216020281660e-01
6.235363009978660553e-01
4.391728483338628308e-01
6.656727554667808411e-01
-6.559716459060089822e-01
-3.458262945838057600e-01
3.968871848362118815e-01
-3.137729431065691132e-01
-3.405598430207015248e-01
-3.533743444680932932e-01
-5.365341033035200824e-02
-2.713568224713177046e-01
6.160014376392148466e-03
-2.782535151446165478e-01
-4.221035805343706371e-03
-4.131386872984895708e-01
-1.172964322852862729e-01
-4.247767434515084539e-01
-1.914837809732319873e-01
4.513348471085747993e-01
3.656991600873746862e-01
2.824961357778754678e-01
2.070635099867594309e-01
-3.403208331694360655e-01
-1.136779992922991589e-01
5.753238853723157131e-01
-6.338917460588693320e-01
1.712253792894698201e-01
4.187673915290566762e-01
2.569397545174052430e-02
5.293499538094668111e-01
-5.169389799319097367e-01
1.059801225955872006e-01
-2.277268283973901131e-01
-1.805717868565137607e-01
2.270620741143413168e-01
3.913193043968435925e-01
4.202432634258468358e-01
4.392699524409443557e-02
-3.789198778609212948e-01
-1.166577316094673938e-01
4.953424071644481619e-01
-4.343211271641740367e-01
-1.778339250429716023e-01
6.153186863181598909e-01
6.727880930973397788e-01
-2.670142318139057669e-01
4.457909477489478411e-01
4.343087628703641290e-01
4.701211415360747603e-01
8.007386722842625704e-02
4.341233026609424006e-01
-4.958737993364841778e-01
-6.377449145966755939e-01
-1.682354815264813230e-01
-1.823490460715186667e-01
-4.589685807890888092e-01
-1.683792740752162315e-02
-1.145102352480733277e-01
-3.353451523217854113e-01
2.127679464201482074e-01
3.569650849586937791e-01
3.017897098959236302e-01
3.105645020840349657e-01
2.686740397801456320e-02
-4.372243078429989827e-01
-9.482368728579629313e-02
-1.100415067312619649e-01
-4.921611447960626551e-01
6.724677427993213108e-01
-1.362234421265889062e-01
1.380500910526687997e-01
-6.039734578998821046e-01
-1.525285821257203744e-01
-2.362825337312514096e-01
5.162522336886256058e-01
-5.807279342619997564e-01
1.900125615244374344e-01
-3.867508825158723074e-01
2.718485715024990257e-01
2.333443564649860247e-01
-5.350368943044635506e-01
5.700516176084513553e-01
3.116462376685399382e-01
1.473959505142179716e-01
-6.441899699467182883e-01
9.735705725344379058e-03
-1.095728404978759396e-01
-2.165667945903543834e-01
-3.412935731888036006e-01
5.441538623573134448e-01
3.591143234432735976e-01
7.099888503906310877e-01
3.985150500759637171e-01
3.557675547623528334e-01
3.496798974140452598e-01
-1.441839237292318887e-01
-1.337673165551058474e-01
-3.737121379787803899e-01
7.158176828700789640e-01
-7.486743396096555425e-02
-4.190586057934231889e-01
-5.734942701965978218e-01
9.450532719818557914e-02
6.620938713322566116e-02
-1.586574641912269837e-02
-1.818459843866870596e-01
-1.758356561821868835e-01
7.377975958497220432e-01
-1.438625836949018466e-01
6.601297764544623858e-02
3.559042977060810076e-01
-5.196000421861423080e-01
1.743698448945304458e-01
-2.143417364382979862e-01
4.993424298673138084e-01
-5.558009947473411261e-01
-1.460561466248301576e-01
-1.515858872093753251e-01
1.685732625603874810e-02
5.076719987017953573e-01
3.036921494088782453e-02
-2.058523081158570300e-01
-1.644091936297419343e-01
-1.823557907409476264e-01
-4.954376448486570717e-02
-2.882793797885850329e-01
2.717700847112112794e-01
-4.825386581144814890e-01
-2.446222817663906979e-01
2.212711618011114351e-02
2.208563752456534357e-01
-7.179815908290168580e-02
2.785057491534725926e-01
3.196364047307448386e-01
-2.215485062459429666e-01
-7.056065809159703939e-01
-8.392539217212956204e-02
-5.308478586579498115e-01
-6.767807280197424280e-01
-9.484515482811319009e-02
-1.051130237052128602e-01
-3.149600030711341980e-01
-6.637733541200740994e-01
-3.253479358509925312e-02
1.680995658049480590e-02
-5.086358443877316837e-01
-5.644788160613140038e-01
2.381171887428388811e-01
1.933700141044694121e-01
-6.247462521560979143e-01
3.448697229512817097e-01
7.357922336285062370e-02
9.937212829591135499e-02
-9.338793711834700306e-02
2.372505751521101214e-01
4.834185665130648069e-01
-3.503353443054717520e-01
4.831558421191939345e-01
-3.932082795197967134e-02
-1.319156666773908249e-01
-5.288837562834248184e-03
3.006713643985993167e-01
-1.729866653822254852e-01
3.630942963711241145e-01
3.176429317994341472e-01
-3.308218158015648058e-02
-5.219436678174046440e-01
-4.822336446568838142e-02
-5.403029311734584006e-01
-2.675293934074755575e-01
-1.729817921878190612e-01
1.667360902074891960e-01
3.762894651675015023e-01
-4.326183219534261368e-03
-4.461090606484949816e-01
-3.828542216697407019e-01
-2.167574205283567257e-01
3.622921733362363117e-01
3.870049392052368198e-01
-3.664641763854869505e-01
-5.003233827426633029e-01
7.952331918439412006e-02
5.864083024183903287e-02
-2.278839693788423659e-01
-2.775286400999057435e-01
3.758326159869138094e-01
8.144090393395099214e-01
-2.213760025352415643e-04
-2.976001989325089414e-01
3.246441813068211002e-01
2.193702698254395012e-01
7.618298272402171389e-02
-6.317868201213761026e-02
-5.565276655678865758e-01
-7.114868685996281195e-02
2.385042045181130776e-01
3.180497956510160151e-03
-1.399738954622370968e-01
3.283792916995570410e-01
-2.374367825458451875e-01
1.628083594391082634e-01
-4.133358718245226660e-02
4.090075857000742554e-02
2.371921532034745317e-01
-2.232002341282733615e-01
2.527385848288096204e-01
-1.204265464826563825e-01
-3.155233993278473981e-01
9.254514120374900121e-02
4.834566836832565606e-01
1.094447292505051073e-01
3.215439697711372502e-01
5.025931903742841822e-01
-7.171919506359991647e-02
-7.082712153534742594e-02
-7.488828745902544048e-02
-6.002203143666846596e-01
3.447078648017345426e-01
5.449964859882562573e-02
-2.281027799926501481e-02
-1.135548347058347174e-01
5.218931418667558386e-01
1.473723586028967691e-01
-5.672554776676684840e-01
2.197580595247828616e-01
1.757563505657727398e-01
-2.974375986974654995e-01
4.919925778708882369e-01
9.341985638619362819e-02
-1.114374851164642577e-01
-1.053499262526141345e-01
3.289647472264711214e-01
3.285567430886760509e-01
3.462317694072472030e-01
-6.171121140033015706e-01
2.205421452710661090e-01
-6.396578310229426023e-01
8.065232773989967630e-01
-1.745193709684776107e-01
-5.902233793164184811e-02
7.083990620549243666e-02
2.426192061686503476e-01
-4.741330016357520050e-01
-8.344249074450703629e-01
6.353966848705858705e-01
1.084708575844198775e-01
-3.502373331994797501e-01
-2.999921139745364423e-02
-4.801864962512413793e-01
3.471121411735781509e-02
3.540983024891808384e-01
8.870209676336630877e-02
-2.984957850663502166e-01
-2.042739458895653781e-01
6.960097199952448577e-01
2.351331976815489860e-02
2.928409928444101751e-01
3.307410539563492291e-01
-4.342533809188861005e-01
8.263426619929356565e-02
-3.004507139877652944e-01
-5.322490229242435866e-01
1.955842946078865385e-01
3.618080808293032136e-01
-7.444893988320164246e-02
3.670846127053180585e-01
7.807916839170195300e-02
1.980166416650561423e-01
1.056265597932841416e-01
-7.030271551997953061e-01
-2.918760504675490530e-01
-8.726894890892593626e-01
-2.252511302681750593e-01
1.244863811176077049e-02
9.618022048173585636e-02
3.706428798690792892e-01
-3.811476170346956849e-01
-9.219547723292734198e-02
3.985326802814347785e-02
-4.867255120969557480e-01
4.484705547554371230e-01
3.093222992475538335e-01
-3.303788852973155166e-01
2.930407904038847544e-01
-1.179825148274371571e-01
-2.293999213034739748e-01
8.475378813608324124e-01
-4.561833498281725463e-01
-1.232230967214809070e-01
-4.465157105108319424e-01
-2.273245550480382238e-01
-1.969830241560932282e-01
-1.318405423466127435e-01
4.875874708372754940e-01
2.864070785633764382e-01
7.906319916151769434e-01
2.437070278686317704e-01
4.225265049849644683e-01
-3.607983516644217709e-02
2.536218152377854862e-01
-2.552476549985363552e-01
4.870239809544870679e-01
-5.735987857873638962e-01
-5.527626607148873328e-01
-1.914580170910752943e-01
-1.251541983909545963e-01
3.773118538536222033e-01
-5.535042688756353080e-01
7.909497919975635449e-01
7.048962083217968910e-01
4.454161428241818627e-02
-2.106226882802839651e-01
1.331207866472163548e-01
2.078055693108339930e-01
-4.811934680718240598e-01
1.477039335500282824e-01
-3.062300768258111039e-01
7.502714203758261702e-01
1.758848224212867517e-01
-5.930687454262870834e-02
-4.431256464596705635e-01
-4.934507552003739028e-02
6.758277206553409133e-01
-8.523397199680318725e-02
-7.522103289567885209e-01
-2.122797522004807869e-01
4.454585217896584945e-05
3.259813393327633535e-01
-2.457262851441727181e-01
-5.046478926441320123e-01
-4.806092904733607618e-01
-6.233157469511347859e-01
-8.115785552166135952e-01
-5.270634670210401218e-01
6.046079170389218049e-01
4.091673225200571085e-01
-1.133029646219502543e-02
3.005480383536198730e-01
1.697477136055246527e-01
-9.120850084275729242e-02
-5.516726016600912441e-01
2.466341773023976724e-01
-3.750544553710854490e-01
3.249942444586079726e-01
-1.405804830395849213e-02
-3.185951747879971485e-01
6.396363543120474615e-01
2.361459757657739522e-01
-2.359570346136705132e-02
2.722555068111185972e-01
3.197751851778157794e-02
2.758592992058450655e-02
3.230036119679776663e-01
-1.963347546178015879e-01
4.809482973576133247e-02
-3.852971519195705907e-01
5.405763912057259812e-01
2.871942045930168663e-01
-2.137051583870847871e-01
1.128162266706224798e-01
9.940239866689758175e-03
-4.062538517617182987e-01
-3.927620257342689380e-01
2.482320617894921144e-01
-5.299430524270128950e-01
-4.427788464905888510e-01
1.988698762845157036e-02
6.630159907041865974e-01
-5.281845926610376774e-01
6.110761507500747092e-01
-1.451916176180895746e-01
-6.077823281977630110e-01
1.372154864059649260e-01
-6.198756840028576409e-01
-2.411514420246119728e-01
5.736072464833744111e-02
2.029201491847903438e-01
-3.203628733607165047e-01
-3.136589422257660131e-01
1.948825828232151891e-01
2.069123011581262273e-01
-4.530969830613144900e-02
8.793843004521109674e-02
2.042049625587889494e-01
-7.420107117858993906e-01
-3.370501896611356463e-01
2.354252572833495094e-01
2.449790502911971535e-01
-1.139373859788855858e-01
-3.734441077360797223e-01
-1.579887899931556039e-01
6.493408474795248075e-01
-2.880535143672860454e-01
1.905726912742525259e-01
-1.298862172798311843e-01
-2.041036377312669126e-01
-3.891547218604994307e-01
5.828412066226770216e-01
5.077285750001756526e-01
-2.463335314716719737e-01
-2.714419324358893076e-02
-1.934852368186242844e-01
-4.871077453102093391e-01
3.893513327243637856e-01
1.498988068038031307e-01
-1.828353817954087579e-01
-8.870353383062251629e-02
6.302354602380715320e-01
1.452746215357595128e-01
1.648302815926087073e-01
-8.137385292265755798e-02
-2.651832918777483061e-01
-5.326134363924212023e-01
-7.123048590704619820e-02
1.366016256184968136e-01
3.342804490848943488e-01
3.034688842687065513e-01
-2.598830883863583741e-01
-4.315898668617687006e-01
4.823755120810582775e-02
3.338918109786698230e-02
3.217022430112176368e-01
7.241903565402447729e-01
-1.303297050749294972e-01
1.323403183351747892e-01
-3.185509191359138237e-01
-3.347063433708666880e-01
1.151402367251247727e-01
-3.986666727808175770e-01
8.199425990184167068e-01
3.183383600607707087e-01
1.784011837203290651e-02
-3.982440760151121917e-01
5.887533384430890804e-01
-4.498639281611026552e-01
1.052014148535321547e-01
4.563482072168453807e-02
-5.422625800651533767e-01
6.123107951811155095e-03
2.111555181907691647e-01
-6.623199739656020490e-01
1.682035567886943084e-01
3.299923102523399931e-01
-2.441614735309324824e-01
-1.013681176913349691e-01
-3.239861602678636432e-01
-5.337813043182573214e-01
-2.279673843085882334e-01
-4.965263062638089475e-02
3.683066271262306901e-01
2.677674963333072367e-02
-4.768279410848640931e-01
9.792321943088631853e-02
-1.315328688854049133e-01
-2.025123503849909912e-01
-1.966881594167770586e-01
5.373029757625328445e-02
-1.602007396088681312e-01
-1.497725459215488997e-01
-1.612971563097214539e-02
3.040653515753573566e-01
7.145738967554248200e-01
1.780957500338857247e-01
4.243859701588225675e-01
1.567584437841165190e-01
-3.952612749584460405e-01
2.681767874323024228e-02
-2.906385689466963740e-01
5.335587218298623036e-01
-1.756321987128620365e-01
1.085823778385609784e-01
2.190237205478350879e-01
-1.736337642881972954e-01
-1.372022413749719727e-01
1.107090642538638599e-02
9.312759704516901382e-02
-7.522532269596284848e-01
5.507982407272036252e-01
7.445027126949765872e-01
4.672157189683068257e-01
-1.147154692131477915e-01
-4.983362382964448556e-02
1.741928074547728633e-01
-2.939894110508284308e-01
3.148865205716269711e-01
-2.709490602618208621e-01
-3.147245557393778537e-01
-3.549699833588756200e-04
-4.069599119578681118e-02
2.582280030581557972e-01
-2.514237560327790000e-01
2.541298510509958364e-01
-2.355660423679448515e-02
1.628587784337820520e-03
-4.095621867528473348e-01
-2.028648080899937700e-01
-5.716318216033634131e-02
1.470979384970206860e-01
6.089591030929174253e-02
-4.088865258247383894e-01
3.724454228951218360e-01
-1.784510418569042467e-01
4.066262122570980519e-01
4.607342380912520241e-01
-7.047030205639354117e-01
-2.224695011562911606e-01
-8.961333145045845272e-02
-1.427682346201613328e-01
2.011048715846491253e-01
-2.311981567152030792e-01
4.507073163372971036e-01
6.893091131732326238e-01
1.088263036328873112e-01
-4.819235789422507965e-01
2.560643111866908184e-01
2.233780485632268775e-01
-2.688300372154364681e-02
-4.768106608820069647e-01
-5.713204977901072956e-01
3.660799286094258420e-01
3.728436288239142526e-02
3.020458524539824663e-01
-6.371212205979419618e-01
1.933106496680483399e-01
-1.271584325707595942e-01
-1.909550364750811635e-01
2.161156660093431492e-01
-6.298466915436458091e-01
6.308386334213561542e-02
3.082413269692307334e-01
2.671623371609535558e-01
-3.747835439925680245e-01
-3.718747041605233727e-01
-3.236897166324225611e-02
5.812276492152004259e-01
-1.864481463832910468e-01
-1.303727496346821224e-01
5.065420258279111909e-01
4.153072621931255259e-01
3.879976301949521478e-01
-1.140283549837150523e-01
2.112952440750807959e-01
8.293662093247280986e-02
3.812579058714060110e-01
-1.045834433177628697e-01
-3.029068239493327708e-01
3.158620750221706741e-01
-3.323599931251097067e-02
1.838252398234944962e-02
-4.686497696895135512e-01
-5.231327785183119694e-01
6.806337068584752958e-02
1.222827507303953648e-01
-9.563409173456061119e-02
2.802081278176616341e-01
-2.048443565662279864e-01
2.291557867582930674e-01
3.471436118441623142e-01
2.902637291504628347e-01
-8.566649975668910733e-02
7.194049605465253905e-02
4.376851223145807324e-01
1.356546021040233585e-01
-2.251869556200591094e-01
4.538809368095652053e-01
-3.728670354970645140e-01
2.071995899267292107e-01
7.521286553682648979e-01
2.524909879434286686e-01
-5.041200765550908347e-01
2.865833694316013980e-01
3.702416515831066790e-01
5.122495085887597277e-01
5.001518247221019633e-03
1.632307850005116079e-01
-5.718039380726759324e-01
-2.583050953887667811e-01
-9.438376142308213534e-02
7.254788102557417628e-02
-2.656806919941137601e-01
4.467153137139076580e-02
-2.101529080912360459e-01
4.838017869612115107e-01
-3.121303409535083895e-01
3.121379472250995768e-01
1.208073687697163723e-01
-1.550671811497864594e-01
-1.896804213871218225e-01
-3.556201360859380101e-01
3.080529494374374400e-01
-2.015793898728469868e-01
-9.204666219031651386e-02
-2.779896000340469353e-01
-2.507485036015377755e-01
-3.595939349447516836e-02
3.133410379041175475e-01
3.574563976483838834e-01
-6.169547240348043360e-01
4.383161394717016712e-01
-9.961466943999867929e-02
-1.398650689485069487e-01
-3.400040629277402693e-01
3.879742749461964624e-01
-3.830596775586725400e-01
6.722054027468176152e-01
2.397037089965405321e-01
-1.825249186146994662e-01
-3.435609614656938149e-01
5.693946518903565401e-01
-1.104628839993357717e-02
-4.855886562178550192e-01
7.666954314146661176e-01
-1.614504538522353316e-01
-7.233795806491680747e-01
1.739147658651260531e-01
-2.101548847671975140e-01
2.867352304397615681e-01
5.064078833393410584e-01
-5.975817830475843584e-01
-7.856384720806645072e-01
9.968920976863278327e-02
-6.309739266415281822e-02
-1.474828836637851748e-01
1.432234814491167019e-01
2.340004843739399987e-01
1.420028597261867032e-01
9.716184848781291017e-02
-1.654989606671720126e-01
-9.292320911187523791e-02
4.330536826360583680e-01
1.261901324575896710e-01
1.459366013794123618e-01
2.052056099087949392e-01
1.795840335411139632e-01
2.313737604589728436e-01
-3.641502021834377434e-01
3.770323259346654576e-01
-3.849326538584001423e-01
4.164768011983360080e-02
2.553997232524991556e-01
-2.305878209415141433e-01
-2.203899116887663989e-01
3.971287872317584844e-01
4.823951642723662836e-01
2.239974620592667109e-01
2.147712032303475127e-01
-4.794920417144339364e-01
4.956529216458721576e-01
-2.887738725468989576e-01
2.927982967300298833e-01
-5.679271542374008108e-01
4.260996720662825477e-02
-6.461868935785640700e-01
-2.607959183834787087e-01
1.843813066476338580e-01
6.439338689435729624e-01
9.344060275717178121e-02
-3.776944759691116538e-01
-2.462362140576245251e-01
4.614108675857234165e-01
-5.099681711644844517e-01
1.184458089640655909e-01
1.863302679705327036e-01
5.134807627425858056e-01
-5.849081117562238141e-01
1.946680653473487066e-01
3.355667135696098757e-01
-4.930206697149585454e-02
1.231094659455509860e-01
-8.650175956249468723e-02
-6.623887232650822465e-01
3.290072256823902697e-01
-2.426251756896672385e-01
-1.312830597632602680e-01
4.845065986375019507e-01
6.288055839033974692e-01
5.254477127654977320e-02
-7.894330964889249846e-02
-6.521155693284183541e-02
3.195343823195658239e-01
-3.654514881798326953e-01
7.575145721442786417e-01
3.484960724176734970e-01
5.060453054521869554e-01
1.061030196232974968e-02
-1.762799443487948481e-01
-4.509042064493313240e-01
-6.059589839670251332e-02
5.562393080372572962e-01
7.106770871793810507e-02
4.933154209077580954e-02
3.839095056053024035e-01
4.715863193728596636e-01
-3.501990470394368282e-01
-1.787951041022237675e-01
-6.944079845395018102e-02
-2.540152487329301323e-01
3.712648522503930182e-01
-3.007270465439749740e-01
-5.697936743844250751e-02
1.072494817248271781e-01
-3.905591836874431344e-01
-1.038861010352175318e-01
2.926690839360447938e-01
-5.077548101873216035e-01
-2.320574481856509941e-01
-3.001911819702761733e-02
1.021891683358981395e-01
-1.289581976941252262e-01
8.389899330450700798e-02
-3.601145958821991844e-01
1.696255307981647809e-01
1.733658200421008266e-01
3.768251228259369423e-01
-5.952528138646601824e-02
2.800598341315287398e-01
6.513209387461579847e-02
1.588197018755793666e-01
7.577073449528948235e-02
-8.306226031950786348e-02
2.234720723061934811e-01
-1.428870788679583448e-01
-4.922029321045724021e-02
-6.789735447676725766e-02
-9.016223036948045610e-02
-9.777910929126551465e-02
2.234932102832244971e-01
3.701609527448915804e-01
3.333732241898232918e-01
6.887844139775138597e-02
8.088408866243994300e-02
-4.863913613776372213e-01
-4.261409285419761050e-01
3.678949950601391738e-01
1.584955386896798046e-01
1.409580792707329777e-01
-4.393837005142096075e-01
-2.982010735936152512e-01
-6.925356766437447131e-01
-3.227865793516255244e-01
-6.890704599602935909e-01
4.384846683760785790e-01
3.704601557549734858e-01
-3.325324914288635969e-01
-2.903168451475216655e-02
-7.487063559650267153e-02
2.532877363927790171e-01
-3.739459708122493953e-01
7.819101618486366811e-02
3.735616655626853300e-01
6.651884791348121329e-02
-1.332623031543979097e-01
4.047412356888845375e-01
-3.766287179626579551e-01
-4.448153623512163257e-02
6.473236862403596720e-03
-3.195036693247093051e-01
-2.031501503059415514e-01
5.568253188206943038e-01
-3.467392676162922016e-01
-1.901910514576132458e-02
-3.751797849393262441e-02
3.601703448550976905e-01
-1.879752302539743625e-01
2.305226926688134226e-01
-2.928227012674621266e-01
2.598096977772178517e-01
-3.071556967173610930e-01
1.841733455984238821e-01
1.651359491172837979e-02
-2.079184547787811810e-01
-2.364224386957337887e-01
1.841025693886006731e-01
2.962828475286615193e-01
5.988370325057846832e-01
1.455988018496978953e-01
-6.058906174111243770e-01
-4.823373378324650740e-01
-1.158403336292031793e-01
-7.023903690967518987e-01
-2.800040423155970848e-02
-4.870161469146923050e-01
2.739260349715893494e-01
-8.189604315256464595e-01
-2.529911680514568828e-01
-6.336459361234260401e-02
-6.268124868575260245e-02
-3.056545933739604481e-01
-7.511073549769890778e-02
-6.825373182355698454e-01
5.692020397580763724e-01
-3.522732197691046951e-01
-3.261898286168808669e-02
-4.488628365093207950e-01
-8.072290281848974736e-02
-2.712125372014286828e-01
-4.678682702902597357e-01
-9.716611097923619211e-02
-4.258884141317882399e-01
2.035857374116874507e-01
5.073456661732461681e-01
-4.018399801396133064e-01
3.388197704728549975e-01
4.360959089171172476e-01
1.027851473538878568e-01
-6.190924182478111520e-02
6.798362794195393632e-02
3.250721040975110276e-01
-4.363767355851837504e-01
-8.563256448699400891e-02
-1.798037485217224285e-02
-3.713239900308994978e-01
1.981347443039350176e-01
-3.691024443043402353e-02
6.949864946411853373e-01
-4.205300130320104857e-01
3.350746005189014776e-01
5.451798637750941978e-01
3.709901838937672558e-01
-2.562149580629712320e-01
-1.619947056223734472e-01
-4.143694963194045067e-01
7.570038506431193692e-01
-1.473332858586021699e-01
-2.326408596951907992e-01
2.176818165464032562e-02
-2.733234892570766128e-01
-8.090235834527298442e-02
-8.165936839419194460e-01
-2.216445230276439249e-01
-2.116898749439546368e-01
-5.270037956709225369e-02
5.509506025514725458e-01
1.590562510821907083e-01
-4.454878998372638343e-01
-5.268382317989227515e-01
-1.595142003717715806e-01
-2.381139696083766633e-01
-1.532770363696475679e-01
3.346853728502244829e-01
-3.671665900990407905e-01
2.704335189240679727e-01
-4.286058625605776995e-01
-1.547589169709494006e-01
-5.482072672799396251e-01
-8.931287940672014147e-02
-5.468824221015773368e-01
1.385140047030588573e-01
-5.462963575045288733e-01
-1.546733503475687388e-01
-3.597804631223881777e-02
-4.689176638868067237e-02
-7.663950503900086586e-01
-2.794479076718222044e-01
3.415870442420122083e-02
-3.905618240735074242e-01
-3.868005323386983219e-02
1.846047892205551211e-01
-1.386102413535237887e-01
-4.201413729179931389e-01
-1.290519091960227460e-01
-2.540382774401104271e-01
-6.391657313246300598e-01
2.710707459507907813e-01
-2.248795573017934035e-01
3.420041187606021604e-01
-2.731076211612461502e-01
-2.573799423401547659e-01
-1.233784351570556825e-01
3.833780521186195833e-01
-1.129312743059616431e-01
-2.735025484538871621e-01
7.568084987709720879e-02
-3.613916468768409440e-01
-3.591301217544906610e-02
-2.466616451360223172e-01
6.999067804424659311e-02
-6.066709569326431128e-02
3.836236096998858480e-01
-4.058981241974931597e-01
-3.677426854750895369e-01
-1.060318061696196301e-01
-2.813148965448323269e-01
-3.213101245513042548e-01
4.184556364522032945e-01
3.093348949049298247e-01
-1.042198308325261863e-01
-1.135146697135003269e-01
-1.261472218341306850e-01
-5.182971828690222972e-03
2.951105200259119821e-01
-7.276417165536891440e-01
1.056325323510751424e-01
-7.335024084195789981e-03
1.069485015815682394e-01
2.045371049490112558e-01
4.882873237196223015e-01
-4.404545881107164301e-02
-2.140084001778579936e-01
-2.947910004422377855e-02
-2.700681790215068157e-01
4.733844594792643301e-01
1.450394842325447575e-01
5.864337636655525543e-01
5.603702354213566661e-01
-1.683857684441640579e-01
4.149640969334453811e-01
1.919919675225766065e-01
3.082346894976097929e-01
3.601746369702653605e-01
1.319763497935811103e-01
-5.065324612245030583e-02
-4.240499861755930300e-01
8.232907759722568608e-02
-4.017541120711534131e-01
4.203318287584308921e-01
-2.590091862645176879e-01
7.332709958293892605e-02
2.760817022310118052e-01
-3.640017106874950947e-01
-1.145784749217496762e-01
-4.462105012662325176e-01
9.022957188756544622e-02
-6.293444277145399113e-02
1.586862471255253704e-01
9.377593475902633313e-03
-5.522642105593819073e-01
-2.545914286730766585e-01
1.508859966995433899e-01
-1.257942306971276958e-01
1.010284820693832519e-01
2.573098660624794087e-01
-6.723968391136859735e-01
-5.723645354505656029e-03
5.377171721914283387e-01
6.708338276597143601e-02
2.431135331629472041e-01
1.401034381739563739e-01
2.944025974345393371e-01
7.408921126767337162e-01
4.186048434778796290e-01
-6.851356078186706666e-01
-4.409862400577481134e-01
4.588549156858899858e-01
-1.563226077557161586e-01
-1.138547492265311323e-01
3.080188485526312858e-01
1.311169276253824068e-01
-3.075852569038782236e-01
-4.902073852125550524e-02
7.992027241956942696e-01
2.116038855744096225e-01
6.977619499157688976e-02
8.006704515091424001e-01
-2.645133218020819799e-01
-2.209408599049095812e-01
2.556448737088099638e-02
3.970219390887442801e-01
4.396862059645743614e-01
2.338191681669911370e-01
-8.213376310969026095e-01
4.218347121621480178e-01
-6.196667141880546348e-01
-3.011276554661161415e-03
-1.570489129649183802e-01
-7.797961230881859940e-02
-3.372220061825498272e-01
-2.905353722047662179e-01
-8.572558727107099097e-02
-1.176177656551096601e-01
1.294548045545326764e-01
1.621963638192643331e-01
7.026789613087507103e-02
3.573661385508613564e-01
-4.891552507836813835e-01
5.539177734553495380e-01
-3.923110435126270917e-02
-3.176039616403110721e-01
1.593771300642457533e-02
-1.840761548638958356e-01
-6.648366870770974768e-02
4.041105853567552586e-01
1.819030045893479663e-01
-7.209320226906036633e-02
6.055115860890585289e-01
5.867946520032745611e-02
1.833745000299107364e-01
6.596004193476513733e-02
-5.829964589068445391e-02
5.333464395241533929e-01
-1.949717339638630254e-01
2.815612347348541711e-01
-4.304294661642118491e-01
-4.199801278318946451e-01
-2.298636664058661266e-02
2.224701744323766828e-01
-5.135370933175316122e-01
1.047418785352785819e-01
-3.464034445294671138e-02
3.714952486309155977e-01
-4.534872925698676394e-01
2.465943173159484969e-01
-1.239204072256557265e-01
-3.424045651528899725e-01
-1.147067528784157936e-01
-4.070574319293241428e-01
-2.825412013914005982e-01
2.697319588118421430e-01
1.801830817679428987e-01
7.331701663584690165e-02
-1.650380288067712919e-01
-1.173526707287712162e-01
3.345185305765496775e-01
-3.182411317544404650e-01
4.653781940212325940e-01
-1.807388272334056398e-02
3.132043320633577377e-01
2.982037031817823536e-01
-2.241366441099112983e-01
2.819493237147889797e-01
1.764441695627405327e-01
2.364421264980096637e-01
-5.963390858010936268e-01
6.282287630560975944e-02
7.950074559077371372e-01
5.475017247268465503e-01
-2.592399051177990965e-01
4.521888848949640050e-01
-3.072820674141740760e-01
-6.905919104667795211e-03
2.603730661012687575e-02
1.261691691275683425e-01
2.905871707424322326e-01
-5.614644811053801643e-01
-1.828920984754701939e-01
4.842130691652547780e-02
6.173946281470742148e-03
2.450697905509469920e-01
5.774875521642274245e-01
5.736835905672477143e-02
2.142014798735629721e-01
-6.544959790109109443e-01
-4.667460784662529338e-01
3.127347235219266053e-01
2.045731945156073484e-01
-3.029562374557884241e-01
7.215639174689588708e-01
4.699766660957669373e-01
2.992489567465457800e-01
-5.717953746553429140e-01
6.892416372558072268e-01
-5.674190267559309220e-01
-5.756618930814753066e-01
2.046284318997227125e-01
-6.840574546505863440e-02
-2.368968205308900031e-03
1.564212093786412905e-01
2.072969186178763579e-01
1.162804358338476868e-01
1.306607754846386693e-01
-4.028696147376423786e-01
-2.638598396040764960e-01
1.244186172230863086e-01
5.002913471985698246e-01
-4.848545984918897211e-01
-4.045439655648429278e-02
-4.768178322984738537e-01
-3.725846413033865323e-01
2.812628045401869073e-02
-5.501933061045294338e-01
1.179589872184074462e-01
3.720076346626277619e-01
2.019054842590132029e-02
1.935164744750291210e-01
-2.526557322873438372e-01
2.108681829710558064e-01
-2.988107989224425554e-01
1.354080562432219137e-01
-1.633681100005458520e-01
-5.121602841273242834e-01
-1.164660891156297506e-01
1.519138946209655505e-01
3.715303006895430138e-01
-2.822907437058026492e-01
-3.531051110973505436e-01
4.485022704972891905e-01
-1.614313427660382660e-01
2.796864099890700728e-01
-1.578972870788569183e-01
-3.323630501869284659e-02
-4.261477822259954196e-01
2.063517316089794051e-01
2.760301561139650306e-01
6.600023189840643623e-01
7.930139226999320945e-01
-3.432521536811921625e-01
-2.335199898637343729e-01
4.516162926155553592e-01
-8.194075468959761965e-03
-3.991594566188294557e-01
2.589132211301756747e-01
-1.760543149153799836e-01
1.763395813392367728e-01
-3.739846231277358379e-01
3.234801119276833892e-01
2.762262459402627379e-01
3.018299637451901107e-01
4.966777300800205852e-01
-2.863301187611978493e-01
7.000942127902357592e-01
4.631316922761002930e-02
1.526840407818978451e-01
3.319764164547666097e-01
-3.210842434705172277e-01
-3.005780088829607677e-01
2.811764949171232097e-01
-3.855962513552607662e-02
-3.369150212636726205e-01
1.456794204542635196e-01
-3.509924003785189206e-01
1.199821257604480329e-01
1.680147469330322552e-01
-2.181526037940316187e-01
-3.947193193065170469e-01
-5.697744499544008662e-02
-7.057163875273054776e-01
2.680886057429912595e-01
-4.645671831691507991e-01
4.454410798764591450e-01
1.537951935263940917e-01
1.425365391220066447e-01
1.775214631905804863e-01
-1.155567240091751324e-01
6.633915253228486186e-01
8.334647533137674591e-01
6.426592945409505264e-02
-1.325146025408266703e-01
2.267922246090267324e-01
2.597035749122442727e-01
2.565594667582559718e-01
-3.969834174572001162e-01
3.026978884624717536e-01
1.516503811163100734e-01
5.182260013272450561e-01
2.551488649610459403e-01
-4.760819473658717271e-01
5.487478870211207060e-02
2.632168077563211764e-02
1.299384985614294996e-01
4.232848307452937164e-01
1.405228041232441383e-01
-3.066878488616288090e-01
1.497234866419575872e-01
3.755859999395055326e-01
6.203558703838688709e-02
-4.310360476103052008e-02
5.105554109818170178e-02
4.418736496005860603e-01
4.754928514630608616e-01
-7.094869910896193232e-01
-1.912129222818711449e-01
-1.682546359482169351e-01
4.810538711522217015e-01
2.860323869506670169e-01
2.886108511705649526e-01
5.900331062493331391e-01
1.893933642953661567e-01
1.562039108911538465e-01
-1.363705101961124599e-01
-3.107778378606521619e-01
1.641838356306682678e-01
4.779885066037236063e-01
1.589159673906645476e-01
2.407467642293281418e-01
1.243650760595510912e-01
-3.967615878260677409e-01
-1.647821072837459266e-01
4.783529862325864856e-01
5.305289346497051861e-01
1.167648044150592368e-01
6.089543948414476160e-02
-3.456049465284329325e-01
-5.092244498048867363e-02
-5.288923756900563156e-01
9.430416806638911020e-02
-1.142415138466089386e-01
-4.263156301687664324e-02
-2.234718599123132199e-01
-6.368203901024296343e-01
2.817559185875446737e-01
-7.041028603121189944e-01
-2.402225577611125651e-01
5.624632063502955637e-01
3.678584987169115916e-02
-1.075670278924982515e-01
3.132995426286328683e-02
3.880503176068158533e-01
4.115241116280934364e-01
2.504777403937651914e-01
-5.450988294092586894e-01
2.781109028978775988e-01
2.716134100584555733e-01
-6.947782576331935633e-01
-1.107766840916734885e-01
1.928600177654129499e-01
5.010083510287770547e-01
-3.148200474851903241e-01
2.724781292493815288e-01
5.853720225062932769e-01
7.046476393453804388e-01
1.808128184061651433e-01
-5.642100880544026476e-01
5.477472218629438894e-01
1.327993786357960226e-01
-2.261454301607454531e-01
-7.653156577158042317e-01
-2.149281292858699344e-01
5.918832956830351044e-01
3.218171278987725925e-01
2.758819480677418556e-01
-3.107639493453794310e-01
-1.176312336024988442e-01
-6.471339002739022739e-01
1.760896118850359751e-02
1.609995285673927468e-01
-4.507863288484331710e-01
5.138341817576524972e-01
5.868131202548856340e-01
3.137861900960721151e-01
-5.288820383746790643e-01
-9.758981571946871714e-02
3.227594099943158906e-02
-1.367723336223861108e-01
-5.782050962067006861e-01
5.902932613586617770e-03
-1.655634784140840310e-01
1.036026852043914898e-01
5.783488022717964139e-01
4.475186081939069860e-01
-1.264691122347435803e-01
-5.051138363513100193e-01
-2.015276891432843664e-01
9.245783421885252207e-02
-2.791482129084519315e-01
2.957527004073582932e-01
4.014258037267694479e-01
-5.601729109948618834e-01
3.656316641574863802e-02
4.140697788030313076e-01
3.127654397956969312e-01
-1.219812596339532040e-01
-1.036409975136559636e-01
2.850950028234076061e-01
5.440208340331516013e-01
4.641324947004881185e-01
2.349102869563834683e-01
2.114587356079103975e-01
-1.194803904091459729e-01
-2.933361447725141846e-01
-4.481222313861389361e-01
-3.184786561776085101e-01
-1.085361971086308136e-01
-5.580327756388639981e-01
-1.846004105261043471e-01
-5.883113314756042156e-01
-2.021725961516484538e-01
3.089795067650189520e-01
9.960332568862931280e-02
1.495179094922079177e-01
1.549648460999686339e-02
-5.305202757437712524e-01
-3.584294426589694771e-01
-4.587587254702620854e-01
-1.481497540075722708e-02
4.674915538510261426e-01
-4.544495204939799082e-01
-1.312568391060629780e-01
-1.069962915300554651e-01
2.698617216604818903e-01
-1.608656555387561610e-02
4.708813952723890361e-01
3.661590879873151683e-01
2.382417053872427082e-01
-7.254673830455121708e-01
5.372602475795236476e-02
-2.151686662004094475e-02
-5.839836635398702736e-02
5.582939305531177399e-02
-3.928927202237659233e-01
-3.497884853875267153e-01
4.795534819024970807e-01
4.241226383473143402e-01
-3.759643839741289018e-01
-6.236407630110694100e-01
-1.710574632795437422e-01
6.042376051607269982e-01
1.402835640530423478e-01
-7.262693733999694978e-02
5.869962765015117601e-01
-3.459974339241241315e-01
1.613719149332455416e-01
1.584465615141893990e-01
3.534171515232822219e-02
-5.058582525615537007e-01
-3.416387737283091974e-01
-8.379416508345904901e-02
-1.085733563014934511e-01
-1.862030087380837917e-01
-3.805721438789982924e-01
2.970884196303158475e-01
1.553085711196553961e-02
4.300874527198790542e-02
5.874027546784413856e-01
3.141910258424721047e-01
1.701837042168090897e-01
-1.606334555906250849e-01
4.068129780034984710e-01
-4.409227409918399787e-01
1.134457836004569564e-02
-2.847409073443639693e-01
-6.363319780184648056e-02
7.628352363163417582e-01
-1.712822563945458898e-01
3.097966059707790154e-01
-5.689506370962523762e-01
-1.217879788352540932e-01
-5.661954277646866762e-01
-5.007149500151789057e-02
-3.370523061412884491e-01
5.941591988609203762e-02
-5.443266771049992681e-02
-2.565949572648414459e-03
-5.735041707807012612e-01
-1.775568996931641830e-01
-5.740986958882774438e-01
2.390136873781557036e-01
-5.857289509456754528e-01
-3.225219619310674690e-01
2.102927612560403225e-01
-1.461951457730380766e-01
-6.320774135892329171e-02
-8.117256245839696294e-02
-7.975909974922545942e-02
2.829910486199495659e-02
4.632187607417489472e-01
-3.999364612786504014e-01
-4.500880328308431988e-01
3.914190308973732879e-01
1.740721053267584029e-01
-3.669884899392820143e-01
3.901092006332420592e-01
1.323830491902570627e-01
-4.180536430009443860e-01
1.581379368951157105e-01
2.680794577606392948e-01
5.558350823622656978e-02
-1.064535291913875775e-01
8.013944436906936253e-02
4.210178573740036567e-01
4.239110429180784068e-01
1.104131526486440695e-01
4.196857435691245808e-01
5.576282183952813859e-02
1.868300693866246642e-01
-1.291687043136332536e-01
7.441551364475444963e-01
1.169074015799169280e-01
3.189430098945119085e-01
-1.494111358338968409e-01
-7.355432642560649770e-02
-4.498346028844729116e-01
-4.038474380697675281e-01
2.757554412090094109e-01
4.442456101716186212e-01
-2.774201383536416543e-01
-9.891368776237556559e-02
-1.122030354196813240e-01
-4.321253222205075073e-02
-1.817182599342753377e-02
-1.974752729290563946e-01
-2.938435277398616097e-01
-3.914684913610927408e-01
-6.293785681539411370e-03
-2.256572616755655458e-01
-5.427154676595916660e-01
-3.335118485876195638e-02
5.017856926410821927e-01
-8.123253155613018306e-01
-1.610161143821269569e-01
5.846001277832011400e-01
-1.849738402955480587e-01
-3.837679382207320744e-01
2.747716807873731848e-01
5.205201046059431021e-03
1.473185874334712042e-01
-2.619857522158663965e-01
1.695785529202741004e-01
-2.072569118799303944e-01
-8.468201096222813251e-02
-5.853015637798946180e-01
-2.775203020441649460e-01
-3.643833071064354057e-01
-6.123135708110414091e-03
-2.045976646292344825e-01
-6.227612903146374085e-03
1.599999529859409408e-01
-7.420312199060813407e-02
-8.039988983626118468e-01
-3.257579762151517899e-01
5.772124836489991168e-02
3.739560203889076839e-01
-5.683318501085841967e-02
-4.381673537231799420e-01
6.682387811386323317e-01
-5.917397559888861736e-01
-4.379392608013278343e-01
-4.384821111255138293e-01
6.469289291409411335e-01
-3.250602489143869511e-01
-6.496459288932658893e-01
3.857732324372654675e-01
-1.829370757784555823e-01
5.335250409468026422e-01
-3.456680446851931876e-01
-9.402941913955117914e-02
-3.462947247678090368e-01
3.592517663844789211e-01
1.522011674501192457e-01
-5.567546021638933862e-01
2.225864878310117034e-01
-4.650108490401412276e-01
6.326719372821580922e-01
3.300455418887277559e-01
-2.285387609154784228e-01
-2.385093825421251701e-01
2.035273653574836694e-01
-1.032371659435602218e-01
-1.786690928800918066e-01
2.506780276232463134e-01
6.981213475887262931e-02
5.311604151062054857e-01
-2.089099930049299059e-01
4.168216561020068323e-01
1.017475623759961645e-01
-1.161449083865494503e-01
-1.890942770214106283e-01
-6.288710060396780488e-01
-4.703146448686734704e-01
1.209091370340222293e-01
2.512607635118419697e-02
-4.766640938012118855e-01
7.152739159279606351e-01
-3.599580972623527275e-01
-6.893678130050646669e-01
-4.773015342008406492e-01
1.099694264936907501e-01
-2.785244290396509115e-01
-1.235164472509915901e-01
5.936506955290412613e-01
-1.208891498696347128e-01
-2.604073308120588570e-01
5.874726627197001116e-01
4.314529683032475305e-01
-3.048599490408339108e-01
1.396896072423686741e-01
-1.646412637016958502e-01
1.863421276971959362e-01
-7.515503503136268526e-02
2.897559034965010438e-01
-2.183898081112376766e-01
9.742418116512431558e-02
-2.851514869695149224e-01
3.122260650293777751e-01
4.247746664435117503e-01
-4.294619555797945520e-01
2.894837463457143323e-01
5.486701435707875829e-01
4.510195423676195969e-01
-4.377431620845815413e-02
-5.943218708367667968e-01
4.404048972372395232e-01
8.754415743281214191e-01
1.812045447056327974e-01
-5.406793536498438746e-01
2.701997539165632012e-01
-5.755302983117225324e-01
3.471463108627023675e-01
-6.852027188341555664e-02
3.349586376559532397e-01
7.761823366987419259e-01
-2.633865231157990205e-01
3.955757401508077503e-02
6.188821714747204661e-01
3.843396010270048735e-01
7.247706962692289194e-03
5.153197984006863130e-01
3.135127151056293915e-01
3.576067241754003062e-02
8.554107582693735168e-01
5.043793354960919573e-02
2.848669868414455131e-01
4.061443020351571676e-01
6.308029345019343648e-01
-7.955103682526390996e-01
8.000402748795654162e-01
3.597103742763145817e-01
-4.184062862543948269e-02
-4.175968806409183220e-01
-8.037737145588390308e-02
-2.960296477478428501e-01
-4.603346725724563049e-01
1.895667319014622543e-02
3.570919917474398297e-01
2.772625994718386777e-01
-1.961185339920653581e-01
-1.147490285606290496e-02
-2.722470806752126937e-01
5.576831150897993972e-01
3.456246524671492074e-03
-1.432579344437138746e-01
-1.906284167752742564e-01
-4.913027150229817286e-01
-3.198642720170882803e-01
6.055612200874399553e-02
2.524471280713931343e-01
-1.500272388605204121e-01
1.752525765723550732e-01
-3.576635431946124238e-02
2.085734389738673755e-01
-5.787698883221858992e-01
2.885137242310349404e-01
7.391575662032555394e-02
1.425035107253045386e-01
5.003066231827129062e-01
2.139673496238613803e-01
-2.784089833206960796e-01
-2.958936399363087943e-01
4.959662992273676796e-01
-1.057512362582439386e-01
4.006780049562804202e-01
-6.149268408451997736e-01
4.592323488098783157e-02
2.243911957683883684e-01
-5.373867852331981609e-01
7.706414605180588184e-01
2.725040989558683013e-01
1.470365577188615380e-01
-4.514368666940038466e-01
3.071808051275067841e-01
9.262654308838773332e-02
2.075591417299760821e-01
-5.699814918697768684e-01
4.800601937872193137e-01
-2.410116768956048483e-01
-9.669464248737294487e-02
5.763749255652124148e-01
-4.868700724373952182e-01
-4.778305128223084286e-01
4.517163765561694744e-01
3.583837971533175293e-01
4.605172546465261529e-01
6.040627344937544718e-01
-7.040560175764131179e-01
-3.039781732926583602e-01
6.075713560889898224e-01
1.677794333547763250e-01
-5.833083072802331959e-01
3.572345175940239148e-01
-4.370189384259762777e-01
-1.556866679463323258e-02
-1.564613380954157917e-02
-7.206931127305796214e-02
3.163483278397548615e-01
1.386996470187560823e-02
-4.934931655546951484e-02
1.042609038761317664e-01
1.446967048158879776e-01
-3.661365593030821985e-01
-2.079227068860734218e-01
-4.908216967637538120e-02
7.188518345976466217e-02
-3.951213181570557009e-01
-1.314721149400363831e-01
-6.508663896447431929e-01
-1.691647822762807132e-02
-6.910661309444315892e-02
6.989373477260558687e-01
6.934062507132542075e-02
3.084294003587778610e-01
2.105825454958500098e-01
-3.082422349760544633e-01
-3.020915007321646473e-02
-2.267114615183405540e-02
-4.843507336745741521e-01
-4.234869016467647240e-01
-8.188373189690990872e-03
1.555432934254631916e-01
-2.599858516786092699e-01
9.374788587756706371e-03
4.180579732295454098e-01
1.385979617521452545e-01
3.507253201454046954e-01
-2.109451248211871854e-01
1.974597751636226195e-01
-4.144265853175234104e-01
1.651336418339063306e-01
3.245076494890818397e-01
-1.108723801388727115e-01
1.456487068991979272e-01
4.737331533350048196e-01
-6.951715745105061517e-01
2.507271416498344507e-01
-6.886632187266312766e-01
4.587738772058000958e-01
-3.264637091673416175e-02
4.769791203046833128e-01
-3.956669041871295756e-01
-6.136812056830966977e-01
-3.555581144606672073e-01
3.729315676681445035e-01
-2.232506875515023193e-01
-1.016241391740168032e-01
-8.066924293581507251e-04
-7.990211965474548761e-02
1.281122386506014510e-01
3.492462771923046105e-01
2.652819390907816821e-01
-4.114394596632045542e-01
-2.940747862945902735e-01
1.705850935581780248e-01
-8.757256172549469919e-02
5.882198370684317557e-02
4.520997735129701489e-01
4.313645728671715307e-02
1.778925254540968393e-01
3.717822981896866108e-01
3.095686666970599576e-01
1.282452843707975777e-02
2.290220742012646638e-01
-3.264791855031361489e-01
2.472641180061038724e-01
-9.703766399597130166e-02
-2.238905545042118791e-02
-1.566924007543463171e-01
2.208985075008219612e-01
-6.767473659700666833e-01
-4.200460175039931743e-01
7.181283279058922608e-02
-7.250495716848692762e-02
6.144592015812984087e-01
-6.769622577544915920e-01
-2.373573558916786119e-01
-4.351049375154603105e-01
8.987907214141867274e-03
1.344495197153574260e-02
7.322021268185694431e-01
-2.699287726609833071e-01
-1.342875624706213189e-01
5.585001353827155901e-01
1.048496506200850137e-01
-1.667601586819360548e-01
3.768301568196775753e-01
-1.691905426717027761e-01
3.723584954874166741e-01
3.665956499457199147e-01
-1.840745631389941461e-01
3.902274849874572404e-01
5.806068310988778125e-02
-7.135650769791362924e-02
-1.474417323955337644e-01
-3.231127843548392553e-01
-6.709031086774258634e-01
-2.648766692757303920e-01
-8.411155275493471806e-03
-2.273370082476935672e-01
5.147518188947293183e-01
6.125708629088312263e-01
5.395494694610764030e-02
-2.270109293479089518e-01
5.280373813560043095e-01
-3.201437413604542037e-01
-5.728426333494471834e-01
-1.450165399986534653e-01
3.126272453820217456e-01
7.368355354030557969e-01
3.169301533880807265e-01
2.712523390435479520e-01
-3.518253679939059575e-01
-5.290402220512629983e-01
-5.684761103383511038e-01
8.529850795196023405e-01
1.603442756914353340e-01
4.575432061065417555e-01
-5.015292147950547452e-01
6.692035483304287213e-01
-6.619582549601707444e-02
3.049406133355782034e-01
5.691327353643269582e-01
1.351108123999548161e-01
9.702314634889870615e-02
5.201015437703938593e-01
5.319059962361897265e-01
-7.420499762313130521e-02
2.948008472983542141e-02
6.246782912123353126e-01
1.898349250866410987e-01
2.324184798892384163e-01
-3.203891512562335731e-01
5.938267916404511848e-02
-3.383994294125344804e-01
1.042156240447324883e-01
-3.571073923352160451e-01
2.224007830951974796e-01
3.735580290918395496e-01
-2.602269394244992595e-01
-3.390145687238140804e-01
-2.076225707160179457e-01
2.074596288061537064e-01
-1.211324509596140020e-01
2.677631440749537739e-01
3.516112856373677653e-01
5.667870930072975710e-01
-3.343917718296143260e-01
-7.014789801966178628e-02
-8.231123073170881765e-02
2.645381031419594686e-01
2.680803128546399017e-01
1.717676455752134013e-01
1.122739791047000918e-01
1.293644828968480431e-01
-1.870286625077015596e-01
-4.439539025116477911e-01
-1.232532459935880426e-01
7.154565128767498283e-02
-5.570335623237806510e-01
5.054924537263518758e-01
-1.755515342029108639e-01
-4.877636804130671133e-01
2.510125130235185686e-01
3.632982812214191615e-01
-4.396916118318363598e-01
-7.043120533685423013e-01
-3.382223332168887153e-01
-3.693799494955848361e-01
-5.134388910251178606e-01
-1.243153640306382951e-01
-2.294132481497633269e-01
2.282940936733530157e-01
2.405784282943690677e-01
1.143044860393907236e-01
-2.426334447881765000e-01
-2.632140742539469391e-01
-4.637876804695471034e-01
-2.361467210910166425e-01
-1.980466383908548456e-01
4.049141228737474646e-02
1.748493016673758338e-01
-3.194070490800947348e-02
-3.168408767033928930e-01
5.882941129258328905e-02
4.628985293071239404e-01
-3.538672596395018299e-01
2.904665898326280749e-01
6.302061795226843177e-01
-6.380428152922491825e-02
5.117379466136157129e-01
2.376500120110672798e-01
1.056737516468043703e-01
-7.366569291746750681e-01
2.921612223329059232e-01
-2.220571866928009175e-01
1.480568101557642180e-01
3.531523439784667318e-01
-3.462528484651946625e-01
7.536724562506426708e-03
-4.101820220621735791e-01
1.962694558044866533e-01
-5.802237126744422824e-01
-7.102865715816653047e-02
1.543233768396667926e-01
-3.201285489768204706e-02
-3.761183509388534851e-01
-8.317721999371589792e-02
-4.888225305812756716e-01
1.542564880126081339e-01
4.418369945342425220e-01
1.640506868341983504e-01
2.673697746228292371e-01
-3.867597844566920962e-02
-3.592973370391488452e-01
-2.322663900168942530e-01
2.210462146678612294e-01
-1.509494783633020254e-01
4.394388567091317976e-01
2.347657250462794609e-01
7.549841954980135439e-02
-1.674750139113137526e-01
5.024428870469292985e-01
4.804399688348977293e-02
-4.689672936552441995e-01
-2.137854288780852152e-02
-4.090874764239777472e-01
3.578234462066942068e-01
-1.270912876505709554e-01
-1.422202509817981908e-01
3.498097937566420068e-01
2.448538724022586432e-01
-2.736623075240258163e-01
1.124474686987909089e-01
7.152591914607979717e-01
-1.872244385831887958e-01
-6.479963723271175979e-02
2.921238996106700347e-01
1.906054912809045376e-01
1.631850545133879948e-01
-1.130207278646144925e-01
-3.829506948052785464e-02
-1.590102098631846206e-01
1.935569288660176079e-01
4.695770494094229086e-01
-5.976031497160596562e-01
-2.993253829163968760e-01
4.321261093209358140e-02
1.165584335635712204e-01
3.377905080456528597e-01
-4.140254748445907351e-01
1.212593789319574462e-02
2.893753763669634216e-01
-3.251555241166145804e-01
-3.480496982896328917e-01
6.278656184959450215e-01
-5.193529103188011531e-01
-4.806278623552103779e-01
6.649876201453779334e-01
1.141544092674509070e-01
1.485381934377302260e-01
-4.527758337894769586e-02
-5.102289821286243310e-01
-1.115166047631556551e-01
2.754810052904796414e-01
6.119153929038320117e-01
-2.359397761874810762e-01
9.723040916660044553e-02
-4.223557427182897950e-01
4.324467820964824072e-01
7.781165409220480722e-02
2.676347835791492713e-01
-5.726512183409396828e-01
2.419301844201098839e-01
6.721004497947621892e-02
-3.565454118735925659e-01
2.791375211442024412e-02
2.241810904905960355e-01
-1.288107636752591767e-01
1.829198455433347359e-01
-5.959118544914022708e-01
-3.885162347435251462e-01
6.958838725379665746e-01
-1.601603855137952517e-02
1.329708033527900457e-01
5.257069544815592410e-01
-2.783102387584803772e-01
-7.318892466666434247e-03
3.915170600981250915e-01
-5.937127035081399828e-01
4.605393435905303368e-01
3.476314956394101485e-01
-4.659170095094076203e-01
2.203574418644538568e-01
6.666464699918801806e-02
1.482224992224891735e-01
-4.201155457136233062e-01
-3.885577687862006857e-01
2.531107252132825947e-01
-7.919701339407242413e-01
5.182139815879960310e-01
3.678714482096586691e-01
1.876206893933805020e-01
-7.345336043967909401e-01
-2.835754738953804588e-01
4.264714139334925269e-01
1.812215753893292869e-01
-2.015585634487998823e-01
-7.547943140340213075e-02
3.982409140915084689e-01
-1.525338609230822984e-01
3.720320672563037223e-01
1.449060272506179914e-01
-3.786997628124554732e-02
1.405287646297969373e-01
1.542065002229073972e-02
-1.039849379693076892e-01
3.737252833879197156e-01
-2.483496272029501739e-01
1.145484520904761078e-01
5.302400581306403460e-01
5.172122427756405960e-01
-2.617229923680505430e-02
3.489880611020784729e-01
-1.511908985454422094e-01
-1.489033657651960274e-01
-3.855910363426127974e-02
-1.920434211047895301e-01
3.287858188104392787e-01
1.160712549610720540e-01
4.089792852851504290e-01
1.234481345822924792e-01
-2.560307487504538682e-02
1.452983507458823487e-01
-3.491548234868687706e-01
6.672421823097396398e-01
-8.581412432353155081e-03
-7.658339927496349286e-02
-6.925485763118657268e-01
-4.072050934714075421e-01
-3.018389972701299717e-01
3.626125181933525510e-01
2.871192941458842324e-02
-6.704123714662173494e-01
2.973882367775129709e-01
-1.850558747466703180e-02
-4.578406862085948603e-01
-4.677662308616967884e-03
2.270247549329018621e-01
-1.515451699711675426e-01
-2.128059672609572961e-01
-3.382742808573361293e-01
-4.129736279393509957e-01
-7.565161456587380373e-01
-5.577776738331053918e-01
1.811870503175576630e-01
4.142648695548034055e-01
5.355286442946847192e-01
4.834061711796796557e-01
-1.887769465015782244e-01
-3.761899495415267913e-01
-2.081542130251333722e-01
4.379428897738578685e-01
-8.216498197372346102e-01
-3.488464215980913163e-01
2.168296596169490553e-01
1.016011501562889274e-01
-4.764109473801033667e-01
-4.315019397075226665e-02
-1.049443277849229361e-01
1.225821842408835599e-01
-2.752128732066314032e-01
2.713389413696495889e-01
-3.440665443884481922e-01
1.174104758505665341e-01
-2.017219134206317266e-01
-1.235207618716500089e-01
2.511286241977231382e-01
6.462031504651596370e-01
9.921029048075217030e-03
-2.958438051546777303e-01
6.823402175032605710e-02
5.790514070552048587e-01
-5.254512039410995650e-01
4.144786896314454627e-01
2.591775264094197118e-01
-4.629841843952593461e-01
-4.240831104190689871e-02
-9.740814546372915383e-02
3.463423212179106980e-01
3.738385431130082370e-01
5.720289304291336085e-01
3.930755284447209896e-01
-9.413911206768656170e-02
3.533914994367849394e-01
-5.830041842972050192e-01
-4.975626283838508607e-02
-3.446754587533332748e-01
1.099444402511207952e-01
-2.118832504437713760e-01
4.569081464535075521e-02
-6.642255384248265671e-01
-4.969336105608634924e-01
7.380651252852547806e-02
-5.877356186392117543e-01
5.521467964591502131e-01
7.750031816234459470e-01
7.344955417169563017e-01
2.136710628006149859e-01
5.517390489246780660e-01
3.124146903200326897e-02
1.781150890761469818e-01
2.228415481232687290e-01
6.544893410411234055e-03
-1.563549585821602805e-01
1.015325797915335448e-01
-1.615506170689525456e-01
-5.691895511821156717e-01
-5.655043307086462523e-01
-6.145255609502351390e-01
1.923779621780689897e-01
-1.080086505005685843e-01
1.728754976276934696e-01
6.550273012712456988e-02
4.505496541865365301e-01
7.566693261398870218e-01
-2.102988856476766255e-01
-5.178240651531549332e-01
3.431602350396115719e-01
5.503567325630145390e-01
-9.969711230973807292e-02
3.152405532313462544e-01
2.425572039009685488e-01
-8.756474884702170058e-02
4.545609577786239863e-01
2.777111805130355604e-01
-5.371673016176552462e-01
-7.384603531687978784e-01
4.700835739807782132e-01
4.891449666962300880e-01
3.541166612403354730e-01
5.680986280306841302e-02
3.067879547177176924e-01
-5.686395472880232393e-01
-2.051384253437397998e-01
6.278589543708429366e-01
-4.472534753092509696e-01
4.469311394580393476e-02
9.616653048953566207e-02
1.548673463280292872e-01
-2.112901362007494344e-01
-5.543690929912299392e-01
3.498441281172514072e-01
-6.022405795298801934e-01
-1.312850407661987351e-01
-6.221694750551330644e-02
2.615920943724594355e-02
1.903792061167323968e-01
-2.980579419178807088e-01
7.430134149665194032e-01
-1.464810812505899229e-01
2.006376104438273578e-01
1.746886719205020810e-01
3.362314120494048764e-01
6.883648236560853118e-01
3.702360849560117906e-01
-1.180509431225064965e-01
-3.586871517129029407e-01
-7.640404389954341680e-02
-5.515571180309607469e-01
-1.629635124447764150e-01
7.065616830667160730e-01
-3.513384197905228268e-01
-2.519671834309336611e-01
5.391670058642004104e-01
-2.586629957554014148e-01
-4.811671735311898179e-02
2.761951490113001006e-01
-2.921638030037455036e-01
6.429605127995310920e-02
-4.956360625898496575e-01
-1.153272809766373863e-01
-1.441742255738822920e-01
-3.176144950223848129e-01
2.720392342173783562e-01
6.735402950814409206e-02
-1.378934480636408166e-02
2.391146287505454063e-02
1.264353102439746690e-01
-5.033408251395741217e-01
-1.486591906203217073e-01
1.947565674184134343e-01
-6.358888759840642946e-01
1.307293024623273070e-01
1.207288606344397996e-01
-6.083488110790886971e-02
3.507613074302086686e-01
7.784079641479616507e-01
-2.922435889387367536e-01
-9.223478785308628636e-01
-5.215459856254065496e-01
-7.322045309533015134e-02
2.781120916437510582e-01
7.052446677292897315e-01
3.814090247161454617e-01
1.637519936898413075e-01
3.354712404432614314e-01
3.006924306566098326e-01
-2.615169126447348669e-01
-1.131406431643767162e-02
4.505842731618618924e-01
-5.566592011742412804e-01
-4.396980263155737534e-01
1.088206875501563642e-01
-4.564557839978385934e-01
-3.018076918605797632e-01
-2.347869697435788494e-01
-2.211067157651344095e-01
-3.640462894039691588e-01
7.244571694341737922e-02
-2.783280689034681732e-01
-4.003314590125348071e-01
7.244061936254499179e-02
-2.061824752338803912e-01
-2.073158029118560286e-01
-1.253730153162218031e-01
4.772340917122538939e-02
-2.383590232639035134e-01
4.313162499303634934e-01
1.693469700606756445e-01
2.495207719543006686e-01
-4.742412927930877986e-01
2.119693329516205219e-02
-5.073112510620275684e-01
-3.085082059441950769e-02
-1.494477107878616762e-01
-9.191392688094207619e-02
-2.464072914983439500e-01
6.134091292852827948e-01
-6.721090191910099321e-02
4.662105827013275916e-01
6.685757386266220070e-01
-2.699995283302061497e-02
-3.199241848678018030e-02
-5.942590785544480392e-01
-6.218649545045136506e-02
-7.279266972599464092e-01
-4.977741275607215354e-01
-4.534637158429558612e-01
1.378691491200887131e-01
2.333466063138770752e-01
-4.559550547851234370e-01
-5.323491121078244293e-01
-3.233556125910254375e-02
-3.467168648450815738e-01
4.157404876363799406e-01
2.346493436061878879e-01
4.019092370441461615e-01
1.751627262395853701e-01
-8.519205867550377898e-02
4.662584533997709002e-01
5.877285215881596914e-01
1.962068967722506996e-01
-6.783692539336712013e-01
3.184238308518356209e-01
3.826146607739837058e-01
-1.411738431559288465e-01
4.160207078049985019e-01
-8.119690933723637538e-02
-4.209315674984756006e-01
-3.411979342016360217e-01
-3.262620996503112075e-02
5.916547113000553137e-02
4.208938507161066322e-01
-7.659163948546598988e-01
-1.213721991495825825e-01
1.870636599982728743e-01
7.593892401222249733e-01
2.204975786664145621e-01
1.012271437739300645e-01
-1.970336675108521063e-01
2.247799648059549960e-01
1.117898965712340043e-01
-4.048110047313372983e-01
2.414596628442085280e-01
-2.791551186613561164e-02
-5.108283486711358012e-01
-4.160894567335146066e-01
6.003452104266474021e-02
-6.710855896140334176e-01
2.072150942383183675e-02
2.235909062995629082e-01
1.339424373450955608e-01
5.386394649202488720e-03
4.520829094108241852e-01
4.411423023025103918e-01
8.967682315706128338e-02
3.850718563849365311e-02
-1.422086021083049656e-01
-1.512074930604589418e-01
-2.066901536321005123e-02
-3.923517148629581675e-01
4.219070883934512572e-01
2.241265835907865767e-01
4.684437555369646011e-01
-1.867037362313463122e-01
-7.240199263244091465e-01
1.969884255295779318e-01
3.739497866475361976e-01
-3.883768399235903446e-01
-1.456848552430047364e-02
7.359284554930137778e-01
7.827643593185382165e-02
1.740870142348213134e-01
1.280913639663273408e-02
-1.374185114274122377e-01
2.798447581322566213e-01
5.370140830437335477e-01
9.528359654689697034e-02
3.026957785795632572e-01
5.239955421262078028e-01
-5.611449708662382685e-01
7.595586259279130115e-02
-5.529985687806029393e-01
-2.370327871144306542e-01
-4.250872808482819565e-01
-1.349727614375904362e-02
-4.286314791044953942e-01
-2.551969950797590703e-01
-4.741830956999124602e-01
2.666473253504798024e-01
-4.181169984497929981e-01
-1.830567311773357575e-01
1.383593105828221925e-01
3.945326721531450254e-02
4.027119753519873280e-01
4.472770359514962463e-02
2.659503674084803260e-01
1.428126041852325334e-01
-4.758422775438904129e-01
9.878702991726399929e-02
4.770338650771470679e-01
-4.028060163595888477e-01
6.288104968122762983e-01
-1.771824359605954913e-01
2.537115828727899980e-01
-6.969368710364265418e-02
3.120547600855826387e-01
3.309504898238928572e-01
-1.447856318348578475e-01
-3.946544439353621425e-01
3.188410460409018543e-01
2.248884619613419344e-01
4.463494584676580557e-02
-4.725060389935013538e-01
1.827115074198188416e-01
5.700532344533266738e-01
-1.122534815052229629e-01
3.249541205162534974e-01
1.182280221868621667e-01
-1.451052951448555395e-01
2.005455983222350358e-01
-2.914738010692611292e-01
2.976455456430647795e-01
3.953558915094581953e-03
-1.142965488077012232e-01
2.545171170777368874e-01
-6.144729363533963512e-02
5.363293962290345274e-01
-3.059063801680312333e-01
-6.257133330069636346e-02
-1.442135678755914197e-01
-5.820550623216009800e-01
2.825338778170664589e-01
-6.717815886000853831e-02
3.317977485831777318e-01
4.917370150031867837e-01
2.014093691573148326e-01
2.809437896826473824e-01
-1.466279184820815651e-01
-3.920792298176638546e-01
-1.995901927131387144e-01
-3.727607314728194621e-01
7.317915526571632245e-01
2.855658565416193673e-01
1.048024514671647978e-01
2.094031189416181993e-01
2.291441884851426747e-01
2.810586138148694069e-01
-3.230352545848660245e-02
-5.367305494256311427e-01
2.398120851556186928e-01
5.341417824698125871e-01
7.160835272300690446e-02
-4.019311947852153288e-01
7.994999166898868193e-02
4.809010844617665481e-01
-6.794125135785380465e-01
2.242808910063876504e-01
8.420057014149776031e-02
-1.544950244323801680e-01
-5.642139434302775869e-02
-2.391530449346428999e-01
3.984208635232094897e-01
-4.486828207659667167e-01
-2.723556816538640415e-02
-8.495967325760822586e-02
6.065052822716894276e-01
2.054690782377992242e-01
4.547335420761398628e-01
7.606866743024849609e-02
3.271865613284491436e-01
2.100242990873196769e-01
-5.718116330598291830e-01
-7.247340946620033086e-02
-3.194118698996890049e-01
-2.008659526409780072e-01
2.598147350464637961e-01
-3.411103313466278264e-01
4.129785533329359826e-01
2.867065943069485590e-01
6.488128333583353946e-01
2.732202113957312717e-01
4.880101134285641518e-01
-4.479709020243792805e-01
5.200058138142005237e-01
2.013484211452613026e-01
5.325545855001343476e-01
-6.967833091457912298e-01
2.751939300992503057e-01
-3.726195117918916777e-01
-1.890733098879096852e-01
2.580981822476002274e-01
1.391350963019761799e-01
3.746328536607000936e-01
-2.385824501590886604e-01
-5.157971377733154839e-01
3.339077807552156413e-02
2.393972492330704860e-01
-2.779564895683769299e-01
2.885798324729017539e-01
5.337826458401204732e-01
3.388534724668701426e-01
-5.948812121524204022e-01
-2.233612629695896357e-01
1.689081574998481661e-01
-4.505637778666929938e-01
-3.962735501966885288e-01
8.718893460779935101e-01
1.884770110112272135e-01
-7.123661066382949714e-02
-9.739787879300726425e-02
-3.069242216412459978e-01
7.339609404187873443e-01
-1.666877379271015647e-01
-5.301550736884590442e-01
-4.376913119879326936e-02
-5.993372897489119833e-01
3.572084765373605419e-01
7.731836074182495133e-02
1.890122991734395907e-01
4.524231407940893512e-01
1.309522627206353429e-01
1.692958340224849922e-01
-1.708065471225679866e-01
-6.741707241769359649e-02
4.168265220317073361e-01
-1.122254437139307282e-01
6.916143205816180917e-01
3.500754206006030378e-01
1.806156334351753379e-01
-1.852250936266602865e-01
2.697522529119550372e-01
1.138684050250592661e-01
7.270204724640860761e-02
3.924952624528985079e-02
-2.040004682574834693e-01
8.667188627453181748e-02
7.216354722727940096e-01
4.371691100144859954e-01
7.186071686494850674e-02
3.339432546505663457e-01
-5.248300953148786752e-01
6.660729241861406136e-01
-1.265335128932847109e-01
-5.216673230675017425e-01
1.187543765762228698e-01
1.247701023430122375e-01
-2.218512364490202171e-01
6.609690465526307790e-01
-2.025172609330139206e-02
-4.748512127395686511e-01
3.435193133799443466e-01
-1.752825323935397472e-01
-7.022056067892358255e-01
-4.820225604806416264e-02
3.290786797890584148e-01
3.630324135590172752e-01
-1.712280222197167245e-01
-7.594022547923549027e-01
1.649822726943114826e-02
-8.457942867230590356e-02
-4.697267554031554493e-01
-5.942573937415602803e-01
3.505577883574157450e-01
4.064135772950179804e-01
-6.078531194588141506e-01
-3.119026918735968157e-01
-3.552615846812840483e-01
-1.134800605267678730e-01
1.943040695461508427e-01
-4.638025826350385405e-01
4.649272376720960942e-01
4.702719215939300534e-01
6.883247625830293814e-02
-4.703260905359917254e-01
5.011804353506918441e-02
-4.584901044286918692e-01
4.967665693648162240e-01
1.396674584453530821e-01
1.516608534479048712e-02
-3.959609304028253174e-01
-4.008614645665413700e-01
3.215522410133940245e-01
6.518878777557175763e-02
1.702593178092798309e-01
-5.694792064627224315e-01
5.598570422992679152e-01
1.413767502505784979e-01
-1.697343263166275207e-01
4.872953345972533823e-01
-3.164965926350824521e-01
3.450869824897785376e-01
4.789888681956972483e-01
1.634940319602676273e-02
1.633881388855044636e-01
-2.150174316571609456e-01
4.211730830029690731e-01
1.050851028145423083e-01
-2.393295309864691342e-02
4.168686060508806079e-01
-3.013119717267411790e-01
-4.522127965024633212e-01
4.690330147648215098e-01
-9.166627987215429652e-02
1.609128743257077776e-01
2.076427950313738391e-01
-1.554648398960394862e-01
6.059022945089961310e-01
-5.553662304372553038e-01
2.226893451550179814e-01
-1.491145980159034982e-02
-5.216283935138205097e-01
-5.149470334077879130e-01
-5.858522888555520725e-01
-2.950511706169833825e-02
6.393897718023090482e-01
4.481140352937941496e-02
4.682445381193610645e-01
-1.906331531843104832e-01
-2.190679517829573902e-02
5.964602015192538298e-01
2.827288701437926655e-01
-2.591173853102337055e-01
3.490852684587071320e-01
-1.384932199318620327e-01
4.939733668992127291e-03
-5.190919900041027907e-02
-2.407368992446531353e-01
5.027085420431338658e-01
-6.050220852018547424e-01
1.678416010021656357e-01
5.018880068768842850e-01
-1.822408566076979264e-01
-6.711403455740683199e-02
-3.888041860376926229e-01
1.480627811034727626e-01
2.263740999722574088e-01
-3.938493064122013942e-01
-1.629968750287021373e-01
-8.672425490417785821e-02
-1.888495668933574678e-01
-6.888591718257313090e-01
2.694878723172793866e-01
-1.753656990057666509e-01
-4.199571001097449630e-01
-2.514747454650477221e-01
-5.629333856509406431e-01
1.324302156908510331e-01
2.276998945820686293e-01
-1.410232657623245456e-01
-1.582584963229611286e-01
-6.003780702341016823e-02
3.696529124426570778e-01
2.363368948277456139e-01
-6.784639244474020003e-01
6.242700670320702194e-01
5.930109713930307169e-01
-2.954351968199864231e-01
2.112368799894602522e-01
-7.263570905854835336e-02
3.662005276362729211e-01
-1.453494131962072555e-01
-4.285597093033526872e-01
1.836273171723992181e-01
2.114737089540154602e-01
-3.210590982674818017e-01
-3.332734844482186376e-01
-1.530783187278080514e-02
-1.871971947373700651e-01
-4.212536064261156454e-01
7.362816669037106077e-02
3.007283729907119785e-01
2.464069440050877247e-01
2.657689380234815602e-01
1.787783087575267604e-01
-2.324353779780272133e-01
-1.367973728988267079e-01
4.482205310473040827e-01
-4.193001174475819992e-01
2.299670961677400816e-01
1.518002771700304454e-01
-8.397799624208608649e-02
6.551097571707374667e-02
-5.545784072194168690e-01
-8.853848066723551957e-01
-4.205200458473858927e-01
-8.066315056439099518e-01
6.425587381813238075e-01
-1.062037321600380613e-01
-5.188285870154677459e-01
3.470256148257417905e-01
3.282306014365755087e-01
5.867346857839773611e-01
6.859271036570160351e-01
3.932249597063753321e-01
-4.753022151827587111e-02
