-2.738521575377945716e-01
-3.607890645745686076e-01
4.077894017045972097e-01
-3.086376883296512164e-01
-2.593968636734119704e-01
-6.045269645934232550e-01
-1.051427169988047861e-02
5.481836504219910200e-01
4.052227388432724231e-01
-5.505412919603203115e-01
-1.389237387648232513e-01
2.463999239548478326e-01
2.445582877203639205e-01
-5.136350932874409470e-01
-3.466109881101425150e-01
1.781816328532073446e-01
5.050144649437385835e-01
5.907592002206820680e-01
6.577972359166747163e-01
9.040071667475355066e-02
4.156975568520723252e-01
7.834895223263521613e-02
6.894716076105287389e-03
-7.267491773579304315e-02
1.859133990005570614e-01
3.135102752239641299e-01
-2.487574696583555456e-01
2.234241194083458060e-01
3.657152100066128619e-02
-1.310423675956516876e-01
2.837869233234007749e-01
5.059219797629840171e-02
-7.359335368199021454e-02
-2.340526715516150769e-01
9.791537971907413040e-02
1.247369507041132253e-02
-7.026470761513194940e-01
-2.970823900793190253e-01
-4.797965527450440693e-01
2.147615795320085008e-01
2.938382987338559182e-01
-1.828059304929903761e-01
-1.810669659766113160e-01
6.529876071628244460e-01
2.779196763989973951e-01
-1.161540112386762191e-01
-2.705720803293918397e-01
3.323425752855436177e-01
5.030342623135485025e-02
-9.099681942938595003e-02
-3.323903018227667427e-01
-7.584612278756529546e-01
7.149621542081701087e-01
3.289081710316159035e-01
5.784569095015567042e-01
-5.104342644697448250e-01
-2.177395513101110236e-01
-1.522186223588410103e-01
1.400219045877333923e-01
-1.215345454343676884e-01
-7.539421455879632972e-02
6.593944916926690603e-01
-3.029435187289403197e-01
2.215718794899908251e-01
3.206423182014220274e-01
-3.523678117267527998e-01
1.246892185090343053e-01
-1.003601432882573474e-01
-2.800421646707152434e-01
-3.878779738011121081e-01
-1.139883592203405210e-01
-9.984126673690499332e-02
1.732278319942006650e-01
2.089637935713846706e-01
-3.172802694372826027e-01
4.210413593539266003e-02
3.475992775326195994e-01
9.536346218157337740e-02
-6.606168728634609355e-01
5.922938404601862938e-01
5.531961404750307398e-01
3.196396783384998219e-01
2.725872147489278863e-01
4.754058428022400196e-01
1.327278658952726342e-01
3.243177407569492465e-01
-3.005975469390834501e-02
2.974624185534054943e-01
-1.980736217316051428e-01
2.371285959251430778e-03
-4.652012251122462638e-01
-3.433102295727578634e-01
8.742102279313963831e-02
-5.436714326406038023e-01
1.426453473511132830e-01
-2.207874820229816515e-01
-3.773104110420406609e-01
7.824929029057199614e-02
-1.091957490812209969e-01
6.417462404715187363e-01
2.898059549480676567e-01
2.041691270670548120e-01
-1.119758308046698986e-01
1.226271692415392134e-01
-5.237620064069394843e-01
-4.674919429191060627e-01
-1.110755838458910294e-01
1.889035321072197737e-01
2.984757700196586372e-01
-4.923017724860346833e-01
-3.463360741671993037e-01
-4.343258414781695498e-01
3.579823192039315316e-01
-3.351268542984980892e-01
-4.343179480960934202e-01
4.044334404535159244e-01
2.496444033827826536e-01
-2.514222325879583164e-01
1.288105133321254189e-02
-3.852333351607332146e-01
5.346703995158481604e-01
-5.133403097846078733e-01
2.756837177580046538e-01
-1.491874723717585838e-01
-1.922941878427513185e-01
-3.573422001698455253e-01
3.628267242448298124e-01
5.987230219888688421e-01
1.322981707017000519e-01
-3.623916094689195733e-01
2.986869821854195028e-01
-1.893395922147522378e-02
-5.321249243164769549e-01
-5.223774696024173769e-01
4.247877386112757225e-01
-4.802782941655062698e-01
-1.314294400053576256e-02
-3.270239872775612677e-01
8.846249568129715968e-02
4.862410149073793653e-01
-5.213183223591639770e-01
-1.041719483502664134e-01
1.827012012575620070e-01
-2.495940509922087713e-01
5.884064708876503014e-01
1.025244771990768688e-01
-6.208269470541061957e-02
1.858384966300485053e-01
-5.626882660351710808e-01
7.583894782830298553e-02
-1.867700362079699472e-02
-2.726703806914448913e-01
3.703085103774870213e-01
-7.737892325200609878e-02
-4.614547597918475241e-01
-3.059271225585404874e-01
1.262034407716258744e-01
-4.203465797748475730e-01
-5.162743602455401870e-01
2.313735291477214337e-02
-2.777267169033312277e-01
-2.417810647594200585e-02
-4.772007183065277713e-01
-2.734936031531147171e-01
6.272245342419960901e-01
3.776340874355048338e-02
-3.663088710982562723e-01
-6.278589582473401154e-02
2.228846703768602167e-01
3.554485424386885084e-01
-7.663955411262952655e-01
5.859374136992183679e-01
-3.338829605475872597e-01
-2.843288621194279830e-01
-5.448541080246099150e-02
1.032461418661836799e-01
-3.458059120302865025e-02
-3.679640236747887538e-01
-7.089339505054705892e-01
-2.929710205817122604e-01
-4.142612413302899088e-01
-1.161147677129177186e-01
6.091716390099188860e-01
5.005664124644342017e-02
-2.399622176391902617e-01
-1.234961174259442129e-01
1.670235101777270692e-01
-4.370365827624675403e-01
-5.821155449709247698e-01
2.896598147521806110e-01
-2.056726972444049006e-01
-1.578723658087546056e-01
-3.649181861726527587e-02
-3.128068246792055640e-01
-9.498010749893211202e-02
-3.514123976271003591e-01
-7.639038954832080286e-01
-5.638682231422433855e-01
-6.665930498901966317e-01
1.163100382601913313e-01
-3.465370070002674052e-01
2.133799224091433855e-01
-1.822943463658877328e-01
6.870419174655373329e-01
4.525217121820265809e-01
-3.520955785049944553e-01
-5.403312287517504364e-01
2.031906348498309367e-01
6.629200249286943958e-01
2.121200520809119749e-01
1.507557016502328873e-01
-7.309942146389977746e-02
-5.078162472002032413e-01
2.848260746075327310e-01
4.203545147241743996e-01
2.249348270117361437e-01
-5.521057084069134202e-01
5.834548172060357585e-01
-2.835904220960036026e-01
-2.154542280305783430e-01
-2.375245860947098886e-01
3.026214026505689714e-01
1.348210484345573612e-01
-2.362790037222627440e-02
-1.264185698399360736e-01
2.527702763621881843e-01
-5.568300890997180536e-02
6.352754989969844335e-01
-2.361286770811651600e-02
3.842701587279607200e-01
3.046676274381958094e-01
1.679911283055702809e-01
-3.713237323506346499e-02
-9.119286456993176693e-02
1.510028528396118452e-01
6.692929111126071362e-01
4.072759897442189414e-02
-2.766922263946009486e-01
-2.003368658360678012e-01
-5.057294437743291571e-01
5.058914373015581667e-01
3.972030368580704157e-02
-3.739989403025980198e-03
6.296089914353232286e-01
-1.487136898345172986e-01
-2.711090149384911552e-01
-5.666071118602953316e-01
3.174662490719358798e-01
-1.469450784392155596e-01
-2.038438392767771001e-01
2.726208813564338640e-01
-5.600122423422816409e-01
-6.740892772841086122e-01
1.402028468811314932e-01
-8.487723402203269790e-03
3.516095383411667052e-01
-1.771861835231193782e-01
-4.909669936226313536e-01
-6.350314468087289721e-02
-5.872757553289654764e-01
7.351780871048118060e-01
5.501913477137527764e-01
2.849938938647716968e-01
-1.540487428878307419e-01
-3.859387938592211409e-01
-2.379013926516205246e-01
-1.151176039293014819e-01
6.956798202046396984e-01
7.668706511236733636e-01
3.969099829392354062e-01
6.273326093002203896e-01
7.388580395893207253e-02
-4.565251404716366007e-02
-1.084147533260986472e-02
3.673856504593802086e-01
-2.412777037840586197e-02
1.140627539603726592e-01
1.277755068998678023e-01
4.535611711062275675e-01
-1.896386751244657776e-01
-5.710093251140427872e-01
2.257374665290741156e-01
-2.366985813871045619e-01
-4.337075377639271201e-02
2.786534053693342505e-01
-6.892520919067206264e-02
6.345305665817593255e-01
5.214776563217916605e-01
1.195953100629654070e-01
1.979551937591262079e-01
3.580156847104117857e-01
4.283353565028789056e-01
-2.092184652189719996e-02
2.273119331004407329e-01
2.025086766436666186e-01
-2.480166031461441545e-01
-4.408816158493373827e-01
-3.558464890417668558e-01
9.662510931786794099e-02
2.795461302134717996e-01
5.518508824329071416e-01
-1.082387452038100079e-01
-3.806058721005556311e-01
-4.412740849238042662e-01
-2.637866464122330945e-01
-2.877020963797415343e-01
3.250922327095637776e-01
-3.105436803750099006e-01
-4.355112918898430829e-02
5.255969908189621620e-01
-2.594366448174382223e-01
-2.744813169016714904e-01
-5.111164773186923638e-01
3.320536658844577271e-01
-2.607874688579064348e-01
-6.152857904309289028e-01
5.664860270122572261e-02
7.062448151932900764e-01
5.848286054761606678e-01
-7.383052166648773618e-01
-1.597818427072548175e-01
-1.103639491551941382e-01
-8.780505098759806837e-02
-3.155887040051860160e-01
-3.658544954795168724e-01
2.345042691272451740e-01
-5.057296804498798704e-01
2.181755768147582986e-01
3.933909279812579651e-01
-1.320739749159278720e-01
-3.352743144270395326e-01
7.111082969819177979e-01
2.473536497458818373e-01
2.539032655415827677e-01
1.600357669230940694e-01
-6.798431652270063852e-01
-7.045504019522017547e-01
-1.850695839739187054e-01
-7.270144043065587258e-01
-1.990196717588715580e-01
2.611621285801293268e-01
1.261332438619086893e-01
8.115625958972091936e-02
1.553650680041306631e-01
-1.230100092504435305e-02
3.302762329000096808e-01
3.228620799790125062e-01
3.102064098374568424e-01
-5.988684299741136030e-01
-1.345582047506341250e-02
1.619841046838437770e-01
5.732296637911271642e-01
-2.967011725582454074e-01
-4.304808815794493038e-01
1.006055925464438977e-01
1.909130546297754527e-01
-3.804973213224303041e-01
5.155300329061770492e-01
-3.721159657175802660e-01
3.954004303254437525e-01
-5.349648852855012904e-02
4.659167636127342083e-01
-2.837827914882943281e-01
-3.890848041523769507e-01
-5.016060501967050111e-01
6.106743197541486187e-03
-4.358719719072967624e-02
6.367121492929609383e-01
-4.326049206420837234e-01
1.378788186952987493e-01
1.113449264546724354e-01
-3.385122995592574902e-01
3.493239299799965059e-01
-4.494326675610648691e-01
9.257321292741935159e-02
4.803133473222830074e-02
7.453335045888340726e-01
-3.513405477797342247e-01
-3.192755635365526201e-01
-3.507279761596546197e-01
-7.201049617744591513e-01
-2.351557264138931513e-01
3.212730580222848964e-01
-3.605741175341903304e-01
-4.796026070967862598e-01
2.910521965497780972e-01
2.333012971960701440e-02
3.125709273198809535e-01
-2.555167271307077770e-01
6.606054259751081847e-02
3.726875960203684390e-01
-4.699093569416326610e-02
3.542624733125421255e-02
-1.325320977145940660e-01
-2.036988593037813988e-01
1.870256480999670304e-02
7.105491906504086685e-01
-3.551953516287557067e-01
-5.878159197597557784e-01
-7.455534438511584039e-01
-8.018011920667894588e-02
-9.042872411584812475e-02
1.649525890684633844e-01
1.489532802706345638e-01
-2.036070423815784236e-01
5.694818684543440090e-01
-8.923206917663326077e-02
3.041838269350310986e-01
2.183124417015859173e-04
-6.344131110199774382e-01
3.169426962528560932e-01
5.022618122920299299e-01
4.793115866343724552e-01
-2.394122968389575390e-02
2.245869320235244493e-01
6.695013967015344125e-01
3.943112583315467323e-01
1.606820957315625575e-01
-3.343160737258325521e-01
-3.520340932429613101e-01
-7.499978383990210662e-02
8.859934985043307898e-02
-1.197245472605344974e-01
-3.515715659678782939e-02
7.953692728334656528e-03
-5.017162227874385483e-01
4.316418954901593552e-01
-7.403932970723501317e-01
-5.122367793155159221e-01
4.301333059423748106e-01
1.717199676659885710e-01
-1.849684968326611445e-01
-4.255712282930231294e-01
2.168697627965825991e-01
-1.876533599716560807e-01
-2.911390990200171114e-01
-7.177156336063199582e-01
4.183135619768333924e-01
3.327652290008898395e-01
-1.697442733582363653e-02
-2.258728581127953383e-01
-5.341584931429997907e-01
-4.610151345182901261e-01
-1.553210694953879312e-01
7.016237514822996554e-03
3.391820444949507074e-01
3.414405922025121054e-01
-4.481062341810002764e-02
6.764970014868124104e-02
3.088226499794353708e-01
-1.402948416600348081e-01
1.938093061071666234e-01
-2.063736629238617226e-01
-2.842485699426713364e-01
-1.418886726532474496e-01
2.226304097291215145e-01
-4.628423662885695067e-01
4.395809087710811358e-01
1.031165302370414677e-01
-2.635157173794021035e-01
-4.230669906481224207e-01
-3.815508609052414846e-01
2.684478716981568147e-01
3.797166171576622506e-01
-1.998939549674377258e-01
-4.462239494713393095e-01
-1.525737106003084154e-01
-1.240415361044861636e-01
-3.942597874123870971e-01
-1.166240075464271136e-01
4.716024504327813172e-01
-5.831960355371317711e-02
-2.432363584516869515e-01
-4.931303305041292995e-01
-4.017578707243753544e-01
-6.137861574781170448e-01
-3.620296720250995581e-01
-4.532264645608407028e-01
2.391087098495659202e-01
-7.855311278494808702e-02
-4.359154859222713063e-01
-3.283941783645387136e-01
2.095867362031867548e-02
-6.793022290091733917e-02
-2.812945991126233336e-01
-2.141091975885249798e-01
-8.575536092121975595e-02
-2.917034595616472756e-02
3.614254265882203554e-01
1.982877178623784070e-02
-1.140755951203036161e-01
9.917931883719294239e-02
2.684892216529234932e-01
1.053224557159174041e-01
5.187668359231737414e-01
-4.116390910858479524e-01
1.730292859537798378e-01
-1.482992893696004899e-01
-6.163697693986657233e-01
1.878183595228731517e-02
4.529122216829707392e-01
-5.437790778831559646e-02
2.250055302343189900e-01
-5.083555980152758558e-01
-9.332645162048838761e-02
-4.265244594646597776e-01
1.565719232265005423e-01
-2.032858681287079139e-01
-1.455547602461962631e-01
-3.647870216385391551e-01
7.717204469762858898e-02
-3.306541945444090858e-01
-5.895908826438284178e-01
-5.679575903619453747e-01
-3.070952050415044765e-02
1.770338536270723295e-01
1.608772454939534635e-01
8.196013807748291358e-01
6.236041623697308189e-01
-5.664500090580926184e-01
-3.978098343886327659e-01
-2.611326511310186338e-01
5.282779024655724909e-01
-1.293755132804420560e-01
5.380054574564887560e-01
-2.914482089879947835e-01
-6.290585882499222237e-01
-3.638076024939726483e-01
-1.122401867731097902e-01
1.200302118291503017e-01
-1.590870697717591820e-01
-1.447757235632445016e-01
1.044777505028578191e-01
-5.084502989318960831e-01
-6.149729893808045800e-01
-1.333258436834469651e-01
3.742836222095384247e-01
-4.743721023445793272e-02
-4.457134178353963638e-01
-2.751989469856574444e-01
-1.087857337013596604e-01
-1.980087909687680559e-01
-2.758750649662685683e-01
-1.310576087267388834e-01
-3.081782803160203546e-02
-2.487564670253982757e-01
-1.315564045201032262e-01
3.244449172746298460e-02
2.152524583582012818e-01
2.217526524872054372e-01
4.810595225156558685e-01
5.550405147426369368e-01
2.224897282464136650e-01
-6.432330129681534600e-03
5.870257553650808369e-01
-5.157605347937840312e-01
-4.378614683816704767e-02
1.751221385139179187e-01
4.229332161514179900e-01
-3.513697066714845385e-01
7.118914850351252266e-01
2.574515074025994221e-01
7.070487237469511577e-01
3.810694637477066160e-01
5.065192065615282679e-01
-1.239547206708019184e-01
-2.682428438062613441e-01
-4.157742857135796610e-01
-3.931504365803261541e-02
3.878905027484195189e-01
1.147032041999348495e-01
1.500624379341565229e-01
2.929234308491224792e-01
6.046981955132633146e-01
4.734798168566429211e-01
-7.820165421355410647e-04
-9.884400065557663595e-02
1.556962802358761722e-01
-2.926434898264368423e-01
-2.272772866577037199e-02
-5.590653076607474820e-02
4.830763279257934695e-01
-1.066919791837255965e-01
4.841716260855862819e-01
1.241750194745632752e-01
4.158699235850517040e-01
2.585775759919118344e-01
2.548413396788299368e-01
7.748548964836150799e-02
2.144176046962757015e-02
1.371769445848730617e-01
-1.334764170652704141e-01
3.750203432563682382e-01
6.806189608207620090e-01
3.285391267010824567e-02
1.480627478196121227e-01
2.642422671929999245e-01
-1.236358074030214360e-01
4.001707501491077457e-01
-4.716419184307785173e-01
1.550792990568865548e-01
1.767246448664864245e-01
1.737333684353587759e-01
2.877072686764096665e-01
3.817015961541229130e-01
-3.431162306964153363e-01
-8.815146391350170418e-01
-4.857833363498850199e-01
-1.270764192399931325e-02
3.775220448733950240e-01
2.652538590894228387e-01
7.540938883438901286e-01
-1.487135850899652667e-01
-1.680586979667446010e-02
2.271133004125491794e-01
-1.084484893019579677e-01
1.952617744233186292e-01
4.911172653515112341e-01
3.533370476352365452e-01
-5.630564855438846550e-01
-4.716546355190006645e-01
5.095073293878150666e-01
3.818128190713821479e-01
-3.350079035993331344e-01
3.521657613815598609e-01
-4.612839603876924266e-01
2.604960348944020398e-01
2.728421491916418473e-01
3.171907906501124363e-02
1.767549509769021365e-01
3.543243246324149776e-01
2.843164775876885209e-01
-1.489934017016358303e-01
-3.033982315030825383e-01
-4.355425115216960408e-01
-6.257494766236338934e-01
-5.734318389153056916e-01
-2.351923801693525662e-01
-2.595319136444075303e-01
4.424374010421343595e-01
2.193081261324080766e-01
4.576426247693571314e-02
-2.683337231527512245e-01
-9.211639254067663374e-03
5.677774462991087567e-01
-3.597257749821622941e-01
-4.695122677616711537e-01
1.453667113210874717e-01
1.948618192785134817e-01
1.383436019700203523e-01
2.075389145930991441e-01
-1.272154748394022095e-01
3.773786188906819716e-01
1.546229936463646981e-01
7.304152326192717704e-01
2.741756927562149504e-01
2.789885264657401276e-01
2.501638997953727073e-02
1.786358163486956863e-01
-3.446149527110035637e-01
-2.615482926384359377e-02
3.192183942923168538e-01
-2.105756796764557959e-01
2.382224372559348935e-01
-1.764360016650593291e-02
3.720841677653062562e-02
6.090463271522818245e-02
4.919252069412404227e-01
3.224953305993276120e-01
1.711176586526095278e-01
-3.783178032239717936e-01
6.325411543588939367e-02
2.944626612891212969e-01
6.316911639131447265e-01
-4.460084418098977377e-01
-1.669191270018373641e-01
4.350151553243593594e-01
-1.654394640500181923e-01
-2.207208486786601531e-01
-5.086219923362871320e-01
2.577283774071791322e-01
-7.028993420521868762e-02
-7.390010128866640604e-02
4.256681314648517733e-01
9.087486000668473785e-02
7.008897997934064594e-02
-3.684979897735643495e-01
-1.335430501877728215e-01
1.333894685773766575e-01
-3.289060690014149885e-03
3.730841219793696456e-02
4.910065383245116877e-01
2.981871431445304310e-01
4.846598135248639805e-01
-3.487228458727234526e-01
5.302878326064165426e-01
2.457022541933744642e-01
-3.614201535163591994e-01
-4.322910592131157248e-01
-5.193043553076177599e-01
1.193023113235650579e-01
-4.833179101096472530e-01
4.655033606724316986e-01
6.414506152122867455e-01
1.225926190641249691e-01
-2.908356499142596974e-01
-8.837388132153681242e-02
2.297692578368942251e-01
1.646589573326478345e-02
-6.153091512345452152e-01
-2.043003282442725499e-01
-5.486986062036580680e-02
2.199187624894388959e-01
3.401918382623668746e-01
-4.725490744600574500e-01
-3.884644127896857979e-01
-4.791702163652130086e-01
-5.687309319034036248e-01
2.808945854263142916e-01
4.812974735366990497e-01
-7.135934568567735559e-01
-1.717448895604986037e-01
-5.601974935884936890e-01
2.872018920112816009e-01
8.589803066665360753e-02
-4.613441661598288168e-01
-3.034350839059878346e-01
2.588200093200061502e-01
-5.140884416293042131e-02
3.122861263461120807e-01
-3.505978632125382188e-01
2.095635375262375755e-01
-2.263181231101081825e-01
-2.305559171091941736e-02
2.384572597829794083e-01
2.280921124435221214e-01
-2.244817591480707253e-01
-8.416049191871753654e-02
-2.686492751557669756e-01
2.667416688959180215e-02
-5.172039555957931301e-01
1.017156504711230758e-01
1.202342309899880404e-02
6.884661341199638240e-01
-1.167089709209402637e-01
1.020631040208798412e-01
-3.908169250915108917e-01
-1.781507785798348564e-01
9.650653131137891527e-02
1.784406405473513701e-01
-3.071392396063910013e-01
-9.182494921736499005e-02
-2.894930584540131302e-01
-1.159049413576143661e-01
7.909225323630963977e-02
4.918848772347279852e-03
-4.639244660251276020e-01
1.870523965339819170e-03
-1.259792089195149456e-01
-4.910486655542319889e-01
2.734945865519287089e-01
4.103652260165698840e-01
-3.637496613166126859e-03
2.514562410610806098e-01
-3.794231651498535807e-01
-3.971915853680371145e-01
9.685266474828188588e-02
1.818814726099739487e-01
4.389060042532273442e-01
1.673786705170534628e-01
2.655960550289354072e-01
8.160737472849877161e-02
1.660898863611983967e-01
-1.545675944289078008e-01
-2.305022602355894512e-01
-2.296056328463700127e-02
4.719223492223330041e-01
-1.896840897952388194e-01
-6.492530421842228339e-02
-3.546346193036346017e-01
-7.561735717980565263e-02
7.173071548719210655e-02
-5.952382480553096433e-03
-3.014300673365216676e-01
-8.308887525239276595e-02
-3.433964111933739405e-01
5.438407396999433985e-01
4.366103168911608656e-01
4.442398269304509428e-01
3.159377164315183562e-01
5.526431192327980746e-01
-4.907869526798257220e-02
4.853820765569524798e-01
-1.297054684290930432e-02
-1.738810668637470747e-01
-5.918071842436122276e-01
-1.915410919319897876e-01
-2.404804749558642762e-01
-3.380930211093975402e-01
-2.151438465281340084e-01
1.228134151579241690e-01
1.069544224191193568e-03
-9.796152681629882730e-02
-1.040303989333056789e-01
-2.583966435545095308e-01
-2.957169087267936050e-02
-9.897701302165326509e-02
7.118748425729213292e-01
2.594660300880440376e-02
1.200427988518888295e-01
7.887226907899928807e-02
1.330793859694952841e-01
-2.530314141342396295e-01
1.476616377419748549e-01
8.644120073737968091e-02
1.663004825240216311e-02
-1.586901859067210430e-01
9.084032367471682468e-02
3.404513478852241176e-02
-2.644263978080942934e-01
3.649872390611719752e-01
8.409535293048469029e-01
5.334794201641889222e-01
-2.517306058561002979e-01
-3.651638076692564905e-01
2.273533218369174214e-01
-3.188785075248869449e-01
2.028395213847004053e-01
3.637124915445886890e-03
-1.293848600469979238e-01
-3.888841807376148402e-02
-4.116167286728837915e-01
4.879192905618712911e-02
6.291312985385500989e-01
-1.813211699892170181e-01
-1.167221651251255793e-01
3.149050957657636429e-01
8.597700949814961469e-01
-4.369334938576812100e-01
2.292562294062306938e-01
2.105634763613664986e-02
1.112411975616770105e-01
2.804989196704653631e-01
-5.530635826759876528e-01
-4.259317440360756990e-01
-1.503121042121076112e-01
3.820266747801713270e-01
-1.693848778467310912e-01
5.690375427188006929e-01
4.206412438997181868e-01
4.475229345953440907e-01
1.260022424583836509e-01
1.163266369535782135e-01
3.222486593909841823e-01
-7.870745035233518427e-01
-3.112294901409972114e-01
2.049195295822575646e-01
1.353943800290487165e-01
4.511855978625133323e-01
-3.860165131008338468e-01
3.338503177364892105e-01
3.261603650589409154e-01
3.698237682894432998e-01
4.479838896973399320e-01
2.621356986976273312e-02
5.427915144698797212e-02
5.905025792346283442e-01
-2.948382293192025605e-01
1.880526098393005552e-01
-9.579092949847151095e-02
1.024084742187792718e-01
-1.496285039257951310e-01
-1.752031741815269772e-01
7.106050610914728394e-02
2.306804210055346249e-01
-3.510221485706400690e-01
-4.966848944459471005e-01
-5.540412779024886381e-02
-6.210998420450530855e-01
-1.949646825652188165e-01
5.145572719131028538e-01
3.448256301388202272e-01
3.739683827705573838e-01
2.702885081333758488e-01
6.097264712170559486e-02
-5.993231893222982221e-01
1.740133445494104203e-01
2.086529869451829722e-01
1.829424445086386686e-01
2.693737631090846740e-01
-3.217678787116691197e-01
4.427314050553096125e-01
2.511487076795990703e-01
-8.036348098219470160e-02
-2.974171279809207369e-01
3.153410846205456086e-01
-3.127512359234624895e-01
-9.978743073616552772e-02
-6.364729433915399248e-01
-3.354487069595462612e-01
1.522822931333079298e-02
3.162970063885105487e-01
-2.457610076472230287e-02
1.816777682604184818e-01
2.380217828691344739e-01
1.763131923902097054e-01
-3.590573515636278148e-03
-1.187105250918264326e-01
-4.165364904764262133e-01
-2.870503073940274819e-01
-3.398176029429368916e-01
-2.304112677524408626e-01
-5.723597997215652544e-01
3.590521538595743967e-01
-2.508908660796598245e-01
2.207927093097231952e-01
-6.089297537656390702e-01
-3.555420771138547709e-01
5.110553549647470772e-01
5.196171379306283589e-01
2.531911395995525282e-01
-5.625959668037340267e-01
6.917274539141864409e-01
-2.967711381914563407e-01
3.688186207558816210e-01
4.257087552773414219e-02
-2.843227039649859345e-01
1.884548727092743292e-01
9.453472166303145130e-02
3.307350900178498421e-01
1.322732866815312103e-01
-1.454445422937710938e-02
-6.722616019007296995e-01
5.047684924540480900e-01
-5.374853588986978625e-01
-7.215770488988454412e-01
-1.478227148467572138e-01
-6.444268126586927270e-02
2.383320073373836889e-01
-6.054460350121366324e-02
2.538823217186681469e-01
4.339804152670293513e-01
-4.346547873187638356e-01
-1.514766948061242458e-01
4.147123109891210496e-02
5.550928815901832181e-01
-3.054212167668667877e-01
4.515533063093692401e-01
5.399148134292749424e-01
5.074787088094127041e-01
6.814358744645319099e-01
7.512197803068135227e-02
-3.312700203525099224e-02
2.066493991191771240e-01
3.282504587746706282e-01
5.791451360156650852e-01
-3.330690980713127414e-01
-1.007453373084866433e-01
2.460447344005430859e-01
2.634228224146998310e-01
-3.503220696616244356e-01
1.948277894107414698e-01
-8.409084675639000306e-01
2.701098346428373320e-01
7.617272621817716693e-01
-1.160031243642884180e-01
6.360488258763686842e-01
-9.570350510646694064e-02
2.301169912477961099e-01
-4.410331129927260729e-01
8.137469082431342260e-02
-7.629120431956011583e-02
1.990087829339938774e-01
2.584482664936126051e-02
1.066883316970307638e-01
7.008417045570181081e-01
-6.205912517215230739e-01
3.006120905395685550e-01
-4.361367086261171977e-01
7.469291737341238191e-02
1.062976469212516539e-01
1.586899989949736578e-01
5.715002800953548068e-01
2.917952501140936850e-01
3.758936183515094731e-01
-3.976943044583592934e-01
9.699048799178625058e-02
4.461454411350542770e-01
9.523852866092677449e-02
3.954194041498185208e-01
9.420932438136231379e-02
-4.816787128708338583e-02
-5.099991360190951895e-01
5.174534202900953339e-01
-5.490697880514227669e-05
1.694096140360883129e-01
-4.413148424998763475e-01
-3.133686354790875539e-01
2.328853297887491514e-01
3.902135352503717236e-01
9.539294599600917079e-02
9.858524791823772282e-02
-3.185638076884327319e-01
-1.467018835182341829e-01
1.239601019990517472e-01
-4.056840703697234957e-02
-2.489592967097553622e-01
3.039460312676369735e-01
1.346236595390390978e-01
-5.812886507330652375e-01
-4.771034485375693635e-01
-4.640325058793976498e-01
-1.294414356958310530e-01
2.129443165414725281e-02
3.699935302295560002e-01
-4.261456725458756534e-01
-2.305242298749017246e-02
-4.988489822422969011e-01
-2.705867102967963178e-01
2.792385273129711631e-01
-2.146780261532288750e-02
-7.292671368881609162e-01
-4.139128249857174091e-01
-8.111674877028336728e-02
-3.201384078034544833e-01
9.664869599727785032e-02
-4.948873089260723973e-02
1.480053416805558186e-01
-1.504836251765052091e-01
-5.463793817530180341e-01
7.905557824626484598e-01
1.769186972801616853e-01
-5.942271770017076848e-01
1.218861544634160521e-01
5.862890292921104640e-01
-2.703596207400602025e-01
1.233127710721821785e-01
1.901334128631310405e-01
1.966680366349852216e-01
1.849781617711450665e-01
-2.630849104135706690e-02
-5.486344137638885649e-02
2.003594344538155991e-01
1.290948291509785573e-01
-2.296124913003454726e-01
-1.900494474062690287e-01
2.729602770545168713e-02
-6.404903758527946689e-01
-2.684624784223783034e-01
4.201419600951008526e-01
-2.757758628591739924e-01
-2.312848249478612339e-01
5.361504265254326551e-01
1.374157311579156104e-01
2.482007478953893453e-01
-2.634476625247101911e-01
2.212839688572173502e-01
9.453165670624705252e-02
-2.837724656241707999e-01
1.923171217402879218e-01
-1.400992823813117585e-02
2.921520039261097518e-02
2.425508458090225583e-01
3.869001544365826412e-02
-4.488609084512040770e-02
2.728824983036199914e-01
-3.900116123845269733e-01
-3.791915172632435160e-01
-6.028654062411499259e-01
3.686814466784679167e-01
1.425764354753530569e-02
2.764887418170734468e-01
-2.555487254797692565e-01
1.342225793794758759e-01
-2.836325502027832735e-01
-4.226088618283312393e-01
4.062609356188471854e-01
4.228401204999331364e-01
-4.462418923475965915e-01
-6.924535104990366119e-02
3.084414906438435744e-01
-2.142528489384181722e-01
-8.553842663823318926e-02
3.570004875599396277e-01
6.423903012044434035e-01
1.448398172710142762e-01
7.440839439352369133e-01
3.081362121082482086e-01
-3.572964790995544759e-01
-3.439102892405278000e-01
-5.022428211657684605e-01
2.463487463101825814e-01
1.893281864843692763e-01
5.490261235375673010e-01
-4.841355869020184111e-01
-3.839992768953982560e-01
5.458030716894474166e-01
-3.983365160781598413e-01
7.053563462832156405e-01
-2.956299591225483234e-02
-1.950726439339787177e-01
-1.920375868227043592e-01
-5.900472818622362059e-01
4.600472743270193621e-01
2.468708426141489887e-01
2.141579949341023414e-01
-7.203610490495027108e-02
-6.547052379757366536e-01
-3.609128381347412873e-01
-1.541577322817318241e-01
3.070668935060329868e-02
-4.863469993755111243e-01
1.520593658125653502e-01
1.146818935841671383e-01
-1.930847819513337726e-01
-1.465496312215139318e-01
-2.185866183214389136e-01
-3.101541731964547674e-02
-4.592662416509746270e-01
-2.043636803080060294e-01
3.956770014979282823e-01
-6.212992816125835205e-01
3.391188543281608431e-02
4.359081581070290978e-01
2.163302065504918159e-01
-7.005520646792825490e-01
-4.591997803985767845e-01
4.136300968695177938e-01
-6.617852700307570446e-01
7.328555014519489395e-03
5.638577802557421803e-01
3.888946892909476150e-01
5.185737877635527848e-01
-2.266126967574575435e-01
1.086950137798503996e-01
1.645361984855445436e-01
-1.370102627737371792e-01
-5.239224193366180671e-02
-1.530821112752070445e-02
4.186734357756364822e-01
4.384504941038408488e-01
7.008311115582659401e-01
-3.672820357080466835e-02
2.437368365615957821e-01
-3.643746268336589544e-01
1.678542469988748842e-02
1.708223464511995915e-01
4.969485291850223724e-02
1.677668829909410853e-01
-5.084489130110994015e-01
1.329077327209927072e-02
2.846462202215238602e-01
-3.463776167033016939e-01
2.695589696039505517e-02
2.968184611789566607e-01
-3.637157817601761045e-01
-9.005910146328566235e-02
-2.236665333096750918e-01
1.481471387789833061e-01
4.424483218183986044e-02
1.336495283342206131e-01
-4.043464045889497704e-01
6.223668947606321167e-01
8.299302000466158083e-03
-2.705778493201752566e-01
-1.300908881534538764e-01
4.943509588153204293e-01
-2.415089727808907294e-01
8.281304293013365403e-02
6.576856916264164354e-01
-1.991527428440256070e-02
-2.764739919651914568e-01
2.859497996715686108e-02
-4.059444708148693404e-02
-6.310562749414751205e-02
-4.851883114362159910e-01
2.058418850325835214e-01
-2.489762701518870303e-01
-6.405553627237741132e-01
4.651721465114583287e-01
4.731453006683604412e-02
2.709831983395495358e-01
-9.087251044315384010e-03
2.301226605540904191e-01
3.389645924838745050e-01
2.557970450904606396e-01
1.006507284140751302e-01
3.230829761045019288e-01
4.202042134916392918e-02
-3.570877151835084584e-01
2.777343845136228673e-01
3.431149830133219392e-01
4.563988561276123568e-02
-2.881594497642425701e-01
-6.924643153023656295e-01
2.030862083253013040e-01
6.723792749761168253e-01
-7.524900006036572275e-02
-4.285903206807751414e-02
-6.274929432275480057e-01
-6.753302365628319759e-01
3.345200696147199726e-01
1.939853772270465349e-01
-1.374813605640661240e-01
5.085585061081389080e-01
-7.994254346757637131e-02
-5.993857912176964176e-01
-6.173833439980744853e-01
-5.842973554313644902e-02
-2.267350694210511497e-01
1.719673426337070821e-01
-7.460627593961804971e-02
5.065214380763859436e-01
-1.275991436100654131e-01
-3.555047825424010460e-02
-1.718022362133552194e-01
-4.885816431812479987e-02
-3.018519498320983430e-01
2.071506721633736836e-01
-8.196332680617193431e-03
-3.631405395397799829e-01
-1.217226538975872130e-01
4.621318731868127028e-01
4.899047468010677142e-01
-3.409623212877630483e-01
-3.109885019881043489e-01
2.508167534013380218e-01
-3.076373138788324191e-01
-4.155871606774186322e-02
1.965516000940372709e-01
2.100974661566615623e-02
-5.312865990842493558e-01
3.210594841134011279e-01
4.762991901221975688e-01
2.978231669332114251e-01
3.176643425144793920e-01
6.597981521623536016e-01
-1.867332311516630428e-01
-1.415639953414087882e-01
-2.833520916346387031e-01
-2.116731583887132839e-01
9.343086851259752024e-02
5.793898531871461977e-01
1.531002042223429116e-01
4.044985331381791838e-01
4.411602158438786558e-01
4.095113673959475953e-02
-9.276295672072819298e-02
3.243678798093470039e-01
6.340795645555427074e-01
-9.373752654001742124e-02
4.488880466831607907e-01
3.947851509796132530e-02
3.687974530262845829e-01
1.358192872493571846e-01
3.958427916908327515e-01
-2.123084232626612500e-01
1.795104887890870138e-01
-5.935936576033085110e-01
-1.549503584890339625e-01
-1.232425773692401305e-01
2.599515413774997410e-02
-1.009278790583625907e-01
1.987369613384204758e-01
2.667120389713515394e-01
-3.359589686819673682e-02
-4.723595482119095634e-01
-4.330949943609728459e-02
-4.179459122771168877e-02
1.063098067987281944e-02
1.400253659704178422e-01
-3.407867579618494847e-01
3.612812240617384596e-01
6.019167133349526827e-02
3.932349945361124366e-01
-3.453015007852372475e-01
-9.622462679904328353e-02
1.990339501933153232e-01
-5.188946718572578359e-02
-6.072485973515669988e-01
6.157769263603090071e-01
-3.369762237057911114e-01
-5.219033252313405313e-01
8.321154491247644003e-02
-2.004734424340334775e-01
-6.984594934094499052e-01
-1.868185959693581810e-01
-6.167921531794515744e-01
-4.041889841104217562e-01
1.825259778959312240e-02
1.819144904673460905e-01
-3.827451153399726858e-01
3.247299581578137473e-01
-5.534210593051194227e-01
3.617002315867443585e-01
2.358205324409951564e-01
2.891193286144283156e-02
-4.977213386110133642e-01
-4.994282787660028200e-01
-1.977111544851527514e-01
-2.441729975694363342e-01
-3.960260619018284717e-02
-2.061091926343675551e-01
-1.176878171235284515e-01
3.478816634489931281e-01
2.899684752375821795e-01
-3.636577302914276166e-01
-2.635857157263743478e-01
5.079153422800064543e-01
-6.378500883075628736e-02
-4.471648337315370370e-01
-2.534131558613632595e-01
4.896989729883770015e-01
-4.141769605382437935e-02
1.276269232102602569e-01
-5.310425296557126362e-01
3.572191444031779239e-01
3.341679183796811836e-01
-5.032645435952737278e-01
-1.657892010310898223e-01
-3.789209456620175054e-01
2.062527728940588556e-01
4.370575076775496531e-02
-2.000433397523274093e-01
-3.874397522115753389e-01
6.076091678765319776e-02
-5.348412566080007480e-01
2.765712073032013940e-01
-1.798274626662604292e-01
-5.061190359585784337e-01
2.648647447168327451e-01
-6.476171371284101808e-01
-2.575035889578369819e-01
-2.095721288733104481e-01
4.255045670626314003e-01
1.754904602916886047e-01
4.525272969006626234e-01
2.117928711928314667e-01
5.995181123574532256e-01
-9.030423894934375140e-02
1.653053409727583967e-02
8.120453098419945503e-02
3.757050130852279124e-01
-1.435797431047698414e-01
-6.241975482758488347e-01
5.428038583748728829e-01
-3.115688227651917663e-01
-6.078623110915839511e-01
-8.728227043293429466e-02
-2.818784224210362233e-01
2.999065210403050741e-01
-2.784489366820447342e-01
6.204647003995142907e-01
1.011404735639716557e-01
-5.107797669689363440e-01
-2.347782739604077351e-01
-2.663884411003817898e-01
-4.020038689346395744e-01
-3.771056897340242520e-01
5.595649923585942487e-01
2.954481832386835483e-01
-2.232666561218549922e-02
3.368196348185302780e-01
1.154589426792232143e-01
-6.604844766213094909e-01
4.011271418802763722e-01
4.434062602330269831e-01
5.364228811223685778e-01
2.131532943496129429e-01
-5.906196096636600057e-01
3.094935614013300529e-01
1.859991662166451676e-01
1.752398121920245577e-01
-3.064792031698032049e-01
4.718606186668948821e-01
-3.732096748357378591e-01
3.455073792696972679e-01
3.908988873225552330e-02
1.218973159943438911e-01
-3.041621880660717037e-01
2.083870626220230560e-01
-2.058717338865451163e-01
-1.915777393718477439e-01
-3.459632155155524247e-01
-9.567780596033489959e-02
-3.626487293898258413e-01
5.943774619701901463e-01
5.061075746920419283e-01
-6.428397192360101042e-02
-3.534443297396067662e-01
-4.721899112652736541e-01
-3.362146662595181801e-01
-5.585187259275472549e-01
1.244247808062244262e-02
-4.252233552285839546e-01
-4.032202937733402881e-01
3.953417622866789438e-01
7.386782284684118016e-01
3.561387104958088634e-01
-2.098459086338317903e-01
-1.335749594941566254e-01
-1.831847566466718868e-01
2.145166448687910732e-01
-1.969092816310988037e-01
2.931676365104943782e-01
5.183558244804334914e-01
-1.736610754596981110e-01
2.982435039058767279e-01
2.907547373464612894e-01
-2.984411864437814810e-01
-3.520348527437930919e-01
3.228468569488820439e-01
-2.530983085525801424e-01
-2.882241817609455525e-01
1.746944919662524742e-01
-5.893964325015383920e-01
-3.920416728018005781e-01
-6.350475327372830936e-01
-2.087816463929782762e-01
4.940578761218180487e-02
-3.818726317210424104e-01
4.864557752411128866e-01
-3.642608257124999582e-01
-3.375452380226143800e-01
-2.559267137774242640e-01
-4.105684855402980116e-01
2.996704313656930463e-01
1.249915085652209823e-01
-2.184550416031138045e-02
9.879822310225960802e-02
9.181376930896043009e-02
4.715642118369237079e-01
-4.001392325456027965e-01
1.885776075074266020e-02
-4.199877554761167753e-01
-4.745941142428555248e-01
-2.708093379531337219e-01
-3.592316058645868004e-01
1.961644444474749949e-01
-5.891057221137759869e-01
-6.874025226444563375e-01
-8.193315017993108365e-03
1.228187907734622775e-01
-4.789152024791428208e-01
-4.112101393959052137e-02
-2.003804434295706760e-01
-1.969536065148805581e-01
-6.496757077278969561e-01
1.178920550371363868e-01
9.337689138367037678e-02
-4.289320881743121650e-01
4.413711135901163818e-01
2.983829480111765409e-01
3.002990470399336531e-01
2.204764142577775032e-01
-4.155333599328067118e-01
-8.367048751535844930e-01
2.050372015662399183e-01
3.584108022301778496e-01
-4.785842160545134005e-02
1.151363639590262666e-01
2.496402253090463375e-01
3.340104931175311154e-01
3.424586801935285418e-01
-1.900951345891845334e-01
-1.465823128390437713e-01
-6.152117942031398723e-01
-1.428710343874123045e-01
2.739578146313522700e-01
1.904142993233682857e-01
5.155708297823858866e-01
4.621000733873159572e-01
-2.603499013709960064e-01
4.596683972650521532e-01
-2.733363481222471636e-01
-5.462255270606883872e-01
-6.299992209015375932e-02
-1.208902778892374796e-01
4.967498513655231873e-01
2.724646149578165144e-02
4.103208555416831826e-01
-2.739397652649435133e-01
3.112269869224987273e-01
-2.196447287713628738e-01
5.440224493298351227e-02
-4.645639060240389778e-02
-2.479650073042185265e-01
-3.995399434832896945e-01
-3.945196125604686355e-01
-3.482427578601391405e-01
-1.879506889555845328e-01
1.326429228796124904e-01
-4.783541970251449227e-01
-1.916044725422323958e-01
-4.331236757075607874e-02
-3.469271757461186989e-02
-1.920542294367360014e-01
-1.573541779806504337e-01
-1.085652545818455161e-01
-1.801287098657655961e-01
-3.875225151239546362e-01
-4.064881717897220192e-01
5.174292206843982278e-01
1.734180847639681666e-01
-5.576002489825844233e-01
-6.079842793923741218e-03
-2.361801843558346270e-02
3.899523357913223798e-01
-3.742631262860469654e-01
3.939519696843701846e-01
5.564023538617902942e-02
3.757827478559814249e-01
4.972099894798897440e-02
1.726958839052947503e-01
-3.060829999184984107e-01
-3.116965167220270283e-01
-3.015081005298801964e-01
6.062231252235272816e-01
-2.648350724968594472e-01
-1.667724939681309582e-01
7.056107468116680215e-01
-1.506224346345171328e-01
-3.953991394033610773e-01
-2.541586181510539499e-01
2.974371966052021671e-02
4.142845685171757664e-01
7.063313127152979209e-01
3.817063215441715562e-02
1.908120540335512538e-01
6.258349060505282724e-01
4.194332219863678990e-01
-2.714707868757694209e-01
-4.994722827193111558e-01
4.000980827119386962e-01
9.173647151366935704e-02
-4.419763515394672937e-01
6.069969529109788819e-01
4.129215451748212140e-01
-3.961510160839508687e-01
-2.146691313425130310e-01
-4.262126344293176716e-01
-6.026839595505838476e-01
6.540446235933069508e-01
4.512088183364822980e-01
-1.612527364035403199e-01
2.623053948906593491e-01
-3.311123664968830260e-01
1.708298488306229101e-01
4.225310392162040518e-01
-2.032640616933850675e-01
-4.011658812899123183e-01
-6.459062536492643503e-01
2.845010699628267581e-01
4.181665150240182482e-01
5.910686909531687183e-02
6.314595681934904725e-01
-5.929080150575857244e-01
-4.550986053749174476e-02
2.989699115259404627e-03
-3.065576079278287125e-02
1.500733928975276632e-01
-3.345079176205364435e-01
3.711836877375739030e-02
-3.548706102490258862e-01
-6.065321512576709040e-01
3.712565280975322346e-01
-7.239567802199194935e-01
9.355444926046228848e-02
6.961068269894172822e-01
3.693764821546222099e-01
-1.660068609431929465e-01
3.998029685935324262e-01
-4.081005642945500361e-02
1.338736354750996171e-01
5.152188527012977470e-01
-5.060071216168043895e-01
3.757548409663650779e-01
4.566106989754347700e-01
2.586474709316836651e-01
7.325072763064553738e-02
-4.025368098896943136e-01
-2.274761833251062737e-01
-6.306063436488102969e-01
-7.018007173475877547e-01
4.683849603529852690e-01
-6.920139349188986211e-02
-8.041315554544078981e-02
2.390588594670072786e-01
-5.210262427632499360e-01
9.499193680153994457e-02
4.692757038557798799e-01
3.675373113788849011e-01
2.313342250763141261e-01
-5.666894345672091049e-01
3.223148348532028917e-01
1.731440443875806590e-01
-4.178095131433058884e-01
-5.476605977931336966e-01
4.513247828113362559e-01
5.589429806602654871e-01
-2.103778951885555970e-01
3.872017557100562168e-01
4.752603111695272720e-01
-6.327627052493580706e-01
-3.150701443295818582e-01
5.365384008366248514e-01
-4.643061904863222122e-01
3.826204500201499381e-01
1.020986493316107108e-01
-6.478009641220901227e-02
-3.469442015008307179e-01
-1.517929949742118922e-01
4.043971226611241254e-02
-1.367658841799484493e-01
4.035761627571660681e-01
6.985431472704434208e-01
-2.812202881666654997e-01
3.329501763460101516e-01
3.910526278305210823e-01
5.774698770688029281e-01
1.346475448148558851e-01
-2.460303733824504291e-01
4.875438471564008669e-01
-7.188620799031475439e-01
3.140701609715306208e-01
1.591677567383516789e-01
-4.649390387508813838e-01
-6.772216560038928357e-01
1.978677937334287207e-01
-6.386177069081623303e-01
-2.433885428410708929e-01
7.048643842072507271e-01
-1.878755251319187136e-01
-8.337058697846747024e-02
-3.988010289530454777e-01
-3.768246363153859857e-01
1.699552614982845211e-01
-3.883240465854786994e-01
1.955874196050056690e-01
-5.979152583869151542e-03
3.241979708968896479e-02
1.966005132906546715e-01
2.263305142174213552e-02
2.152197938369453667e-01
-3.551280245728477558e-01
4.827052005571526305e-02
-5.060047105179068527e-01
-1.271672659002245909e-01
1.365367606751523022e-01
-9.277690462819876416e-02
1.851725657257649593e-01
-1.076290581261628854e-01
3.651256983170875214e-01
3.342477473504511520e-01
-1.008117271848232160e-01
6.184492219260044887e-01
1.081555304493699021e-01
2.315266063868526292e-01
-3.497138257844496501e-01
-6.188412531343452372e-01
-1.821541225789672855e-02
-5.114072108814257112e-01
-2.063682541435372109e-01
2.682579115608814124e-01
-5.341322944715779508e-01
4.573747360168270992e-01
3.962138726513486087e-01
-3.843963133248973207e-01
-7.831299604859323082e-01
-2.201612642992586272e-02
-2.900455312258568563e-01
-4.685837004963137042e-01
5.923553811681959297e-02
4.668105359099694596e-01
-7.175790803435345699e-01
-2.256653713500902936e-01
4.912430002180073196e-01
-4.510152531222652583e-02
1.875517270443909645e-01
3.756883443273659889e-02
-5.827177867786309529e-01
-6.493817154386636314e-01
4.171662161928656465e-01
7.471206052827881194e-01
3.202366795902941154e-01
5.595326315546199705e-04
-4.142280186604517800e-01
-2.294140267566253111e-01
-5.742501078633711620e-01
-7.318124706255617340e-02
5.494041893050282122e-01
-1.138963012558135979e-01
-2.165240484546790134e-01
4.261223382573302021e-01
3.468634766337634345e-01
1.698648072163873590e-01
-5.397796577209285074e-01
-9.948194411217171906e-02
5.862952566484019856e-01
6.104210901837501257e-01
-2.970192633361899981e-01
1.720177171574165942e-01
4.568584056432264395e-01
6.260481978077632181e-01
1.467904134801962801e-01
1.484703890203146748e-01
5.909524809403476908e-01
1.050583999963447118e-01
-5.445554227466538055e-01
-1.648836006228626347e-02
4.064472325440581235e-01
5.552635598298662212e-02
2.148253640738145842e-01
3.120182462151516178e-01
-3.022841367248898514e-01
6.881076657844761302e-01
2.427480611702019231e-01
2.351751442126761571e-01
-1.045841333455766464e-01
3.375537825823415328e-01
1.693161302809091107e-01
7.642123452207917333e-01
6.262717539619752083e-01
-2.130731028582885656e-01
-1.242510524941846245e-01
-2.799800185938844943e-01
4.881680000073372883e-01
-2.805252373850002923e-01
-3.081392956726304866e-01
4.676047831856204595e-02
1.336010998498143310e-01
-3.004850273895951981e-02
3.704816279649383870e-01
-3.586559971846422501e-01
-6.809104963028893565e-01
7.111596229502383792e-01
2.461471426489753589e-01
-4.456566756313777300e-01
-3.608511170956771319e-01
3.818255616911128136e-01
5.848126961090862608e-01
6.987404652249711301e-01
-1.516586964599146714e-01
-3.346784452076934646e-01
-1.247831366564083472e-01
-2.945863471512026877e-01
2.899029655161282637e-01
4.064115024427978895e-01
1.607187529584370722e-01
-3.483585002138559483e-01
4.471579929007983567e-02
3.411225042375157224e-02
4.838897787831989740e-03
4.096055082117256441e-01
-8.499489344945153346e-02
6.460262836753900839e-02
1.880613705480251030e-01
-1.318910578380151910e-01
4.234177276269977808e-03
-4.528956492020584923e-01
-4.231384253898193837e-01
8.513591482507149033e-02
-4.623621608686666606e-01
-5.637373361586844878e-01
2.730305184065856539e-01
2.823567251311697168e-01
7.244681384911709487e-02
6.393081261739394505e-02
3.571163029751914797e-01
5.919713820046544894e-01
-1.975648852759738852e-02
-3.391157438677059877e-01
5.935812880236663869e-01
3.335824961809124023e-01
-5.978807806289331284e-01
-2.265897328699610358e-01
-4.974891698239317650e-01
3.129553704238299816e-01
-8.446570569967674913e-02
-2.862484083436079296e-01
4.695743554620355753e-01
5.268519171709977744e-01
2.405572439879665458e-01
-5.040540301943106927e-02
-5.203524167536606182e-01
4.619131790071832611e-01
-5.747208599564856968e-01
8.583930279292836807e-02
-2.481741985401861028e-01
-4.158626972184973347e-01
1.139732478721963010e-01
-1.276693298567448467e-02
1.544811784805944777e-01
6.044430448219041685e-02
5.629490932622702865e-02
4.314737800557165437e-02
4.684904256806570189e-01
4.930791419163641498e-01
4.670135086586601481e-01
7.924885993989964558e-03
-2.027937166758041476e-01
-4.752496630246162007e-02
-2.644175819798066929e-01
9.522854886290964271e-02
2.263184629778937640e-01
-9.463997141079502629e-02
-5.970676035720523522e-01
3.689873291219500362e-02
4.606422591177190135e-02
5.783436227442366739e-01
-3.452884441899420898e-01
1.525054022847502910e-01
-8.551520867646880686e-02
4.153423022964952693e-01
2.465808990922516986e-01
-6.375162918935632916e-01
2.658998260995448226e-01
-6.717966611574534008e-01
2.631749415112187851e-01
1.291025934070836045e-01
4.079100327938705584e-01
1.891491912357264327e-01
2.566126652331268132e-01
3.711487174045969284e-01
-6.398010572648035188e-01
3.899267027923312146e-01
-1.729199983989576639e-01
4.533962709502120658e-01
5.888975558604471194e-01
-2.204535741074864219e-01
1.726160890984501650e-01
-5.445744975537063909e-02
-1.763160339884808914e-01
-1.441522213108739625e-02
-1.619406182503094482e-01
7.707644238468489561e-01
1.185231923667457235e-02
-7.964387355149229464e-01
6.057739122026917222e-02
-1.896877251567041234e-01
-1.782488002546678829e-01
2.027308104111424369e-01
-5.302694803253025363e-02
2.623886528556078346e-02
4.065809076416286860e-01
-3.215411664174157025e-01
6.278233134534868531e-01
1.080750648347403586e-01
3.320500033125165507e-01
-3.873228703358536779e-02
-4.582227681793968888e-01
-8.541125705558780257e-02
1.028760604743031715e-01
3.190348705928545137e-01
-3.336749879277620123e-02
-3.172468457826556065e-01
-2.951325534119488836e-01
-2.270691245389900859e-01
1.144538592039901770e-01
2.772307701555155046e-01
2.045515526827838826e-01
-4.420684897766977706e-01
5.006591208991311159e-01
-2.540565627467096244e-01
3.400512572042788673e-01
-9.748782627983000604e-02
-2.651899206160200362e-01
-4.726030845471014263e-01
-5.310668664418534135e-01
-1.635611376165911346e-01
-3.316793207596925308e-01
2.160967356300886877e-01
-1.972130109372338125e-01
4.848028719364404909e-02
-1.517915898677818232e-01
-5.001716348583045146e-01
4.198933261508471793e-01
1.830450116677520556e-01
9.283247835606624199e-02
1.816797548125740625e-01
-1.347020747555066622e-01
-1.801184254164978071e-01
2.318544819199410897e-02
-2.968995309467895583e-01
-1.133827806842098718e-01
1.483210472152764192e-01
-5.695810019885244602e-01
1.348021906162896189e-01
9.946457021790884589e-02
-1.133037456922079828e-01
5.743562356831070081e-01
2.388378996204597315e-01
-3.097123352814068128e-02
4.183557644219537131e-01
1.761478620254546823e-01
-1.621007813887608839e-01
4.586571573900014021e-01
4.928887752258436783e-01
-8.414402802946026327e-02
-6.983797070547128824e-03
-2.163637272960711733e-01
-1.135304104890011156e-01
3.395061852048640305e-01
-1.458975268676529213e-01
1.500722634642612796e-01
4.534269101758706122e-01
-1.980525768830764810e-01
-3.949143148729361563e-02
2.527858660344027841e-01
-2.223162279791081608e-01
-1.121551405552325409e-01
5.221868077910309935e-01
1.804472108241328143e-01
2.554709182243197589e-03
-4.124783166348284791e-01
1.185072152504729193e-01
6.380256370164552049e-01
2.789923535387416331e-01
1.797082509723172544e-02
3.962705460908199639e-01
4.636993289079329172e-01
3.910662710266440412e-01
9.468266583864766439e-02
-2.035112655875308818e-01
5.118768272928577723e-01
3.291838582767931953e-01
-2.631459883390400711e-01
1.369066374056383539e-01
-2.523519241530134405e-01
-4.146875180163249741e-01
-2.702723685109922336e-01
-1.713005278626349437e-01
-8.944339548169681631e-02
-8.528133093651375785e-02
-3.354494530301463939e-01
-4.561111024424989724e-01
-8.207195671037923468e-01
7.400716945020063831e-02
-2.181936347149028566e-01
4.501146131321071553e-01
3.118325270323832887e-01
5.673722485370522595e-01
-3.192360866126196517e-01
-2.293827039934627499e-01
-2.075898421469365984e-01
-6.009992623021966907e-01
1.046786318903212276e-01
-2.502556950270892200e-01
4.675777930522169168e-01
1.051124363282559815e-01
-2.372007444409813398e-02
5.958210613968590863e-01
-4.394289606016296146e-01
2.835078854808664173e-01
-4.142891579816559422e-01
-1.430276176475915040e-01
1.965071089724158837e-01
6.231684759104636484e-01
2.495426541886807958e-01
-5.658691804304318840e-01
-2.656684817049753677e-01
-1.792202123721981510e-01
-8.883127052769823617e-02
-7.997628837377998567e-02
1.303523289057276768e-01
-3.973404509028374276e-01
-2.190497039610153351e-01
1.513044880045772422e-01
5.608436565792204176e-01
-4.166646600546610180e-01
8.296577376030857265e-02
-4.841898167749575377e-01
3.202921320830315888e-01
-3.548757691150397076e-01
-1.329820522162165897e-01
-1.376698591325438426e-01
1.647983693715486808e-01
-6.700214076443194999e-02
2.061916317126065868e-04
-8.603909283645312656e-02
-3.005380407399189657e-01
6.281158728210399778e-01
-4.241513743121845259e-01
-7.728017106054045626e-02
1.467736452781648882e-01
3.270640135256320247e-01
-6.235091462652060379e-01
-3.194837361856088520e-02
1.343485063695812054e-01
8.147545666099553774e-01
6.476192174428874182e-01
3.182858334877471107e-02
-3.361684330078655580e-02
-4.050935812481324394e-01
-5.697349568250842378e-01
1.040521595924127074e-01
-2.328473035081665143e-01
6.546506620581923896e-02
1.633536339131635429e-01
-1.464029702932063692e-01
4.141822458235815962e-01
-4.177009134178050198e-01
-2.098139650682567248e-01
6.755738810113524062e-01
4.304862302919615913e-01
1.252344371197608996e-01
-2.185178063494510048e-01
-2.536348552648917676e-01
-7.065027060111479518e-01
-3.530792168355875033e-02
4.716664313837256595e-01
1.051425572375391110e-01
4.848419344749838045e-01
-4.195357595165256082e-01
-6.507571846408275462e-01
6.172887371328147910e-02
-4.237024563064444721e-02
5.922739072022392692e-01
-3.959517460341873130e-01
4.440325191624810985e-01
2.844342529583480661e-01
4.250616679179977653e-02
-2.843114986366570007e-01
-3.331579443923149420e-01
-6.756602693065677512e-01
-1.274402699418790141e-01
3.905014443764447396e-01
1.336814314677615134e-01
-1.233764986549628490e-01
-3.277236054080426841e-01
-1.364261189555099774e-03
-7.631041272752456250e-02
4.015438080092707529e-01
1.925503552950534325e-01
-7.295836277209685194e-01
-4.776216910343945021e-01
6.455292044086390069e-02
-6.571926423499978576e-01
6.088018780240816996e-02
5.053264384243652541e-02
4.026700692031264239e-01
1.399225853274602416e-01
5.430552798193279962e-01
1.833555707038071469e-01
1.049510659761835052e-01
-2.639627687900844566e-01
1.881744436467191750e-01
1.628789371347966752e-01
-1.450767124891280124e-01
1.513438689894429090e-01
-1.272167065269837194e-01
-4.973752087265540522e-01
-1.482660909339198266e-02
-4.180389971072487332e-02
1.928702786364208110e-01
3.563812500515118886e-01
1.732436213270031888e-01
1.829534560894794867e-02
2.153330798541010227e-02
1.934241161372422246e-01
-2.568614539776127303e-01
-2.612803830954832374e-01
2.165550500795396516e-01
-3.548766616943881819e-02
2.181810453224476420e-01
9.313339942815536399e-02
3.443076672700807750e-01
9.214919847502858752e-02
-2.327574310059742912e-01
1.182966137907431603e-01
2.642859439069572547e-01
-6.494488774807216647e-01
1.173381425158457753e-01
2.326395861195522663e-01
-5.036806377961606795e-01
-5.949150646342700466e-02
-2.731142598044029590e-01
-4.927303640563089338e-01
-1.439638486843779486e-01
-2.670860149451662058e-01
-1.683947450131007550e-01
1.910697348225868231e-01
-3.151222686865024492e-01
-7.407608395233573617e-01
1.364421127343340423e-01
6.058020872661189493e-01
2.844947991292821610e-01
-1.524058829171676122e-01
4.431543194340573644e-01
2.252859948261025924e-01
2.345030711873588580e-01
-5.293950054585555565e-01
2.724925454681399462e-01
-3.411631623708164529e-01
2.116290482627812830e-01
-5.215234362492455755e-01
1.365632159640635113e-01
-1.550232518398087511e-01
2.507855114349636372e-01
5.179880493781388040e-01
-4.087660438601872226e-01
6.430217785342878800e-02
-2.051613101884136314e-01
-1.535889658156942492e-02
-5.589949686317179367e-01
-6.005731644990647267e-01
-2.658261693192220249e-02
-4.706179824006007095e-02
-6.392309974999863531e-01
-4.118153692196512838e-01
-2.708543746239781003e-01
2.295601449944228295e-02
-2.721583855279158248e-01
4.837886015478315427e-01
-4.288413635559980008e-01
-2.559774906640481795e-01
-1.320660126811550872e-01
1.047789028902195857e-01
4.717241427310976398e-01
2.524084484208452897e-02
2.716700579840560792e-01
2.507190106264455265e-01
2.464431091020622966e-01
-3.278579773548955245e-01
-7.985090669311578626e-01
6.531868494703926276e-01
2.724413992912432664e-02
2.226790568581106175e-02
5.184272235152695973e-01
-5.600254738190041381e-01
-4.431720430846934899e-01
4.189913669249617501e-01
-7.534702988192819306e-02
3.703672611288642003e-01
-2.738589361850473636e-01
6.750214315457517822e-01
-6.346792579364255449e-01
5.667795017433378824e-02
4.196205107557515190e-01
-4.334337490644685209e-01
1.022173627518954131e-01
2.424092894990455271e-01
2.189011440172737855e-01
5.235892389133570829e-02
2.671149776673992227e-01
-1.839955328151366698e-01
-1.886711281229671300e-01
-3.652260043064596284e-01
-3.354926043983795791e-01
2.963462904687229615e-01
3.085501194357673227e-02
3.271849629465525267e-01
3.194185691441877029e-01
1.615213172212084380e-01
1.448239768667587413e-01
5.153027278244836085e-01
-3.697144654799700003e-02
1.222104413367044590e-01
-5.318334599133667240e-01
2.720262568081968091e-01
-5.761447618591049313e-02
-1.741842854193055925e-04
7.634971067307846915e-02
5.124232539301867284e-01
-4.300131568783893687e-01
-2.422927897120319418e-01
-3.914578990824681831e-02
-9.735394543405997969e-02
-1.216003187193406138e-02
-2.017732846304885197e-01
4.157071758066279710e-01
8.823137318008103525e-02
1.274981841279016204e-01
-4.475186927433880135e-01
-5.582480261992808224e-01
4.119040876252987315e-01
8.155186733863312165e-02
-4.833071484138401225e-04
-1.690136677302306878e-01
-7.940385118486950056e-01
2.008866921307699005e-02
-5.032760136337416368e-01
-3.333714909338776344e-01
-1.183090023584636857e-01
-8.315260236900210433e-01
-4.613622723811971471e-01
9.493194674997053328e-02
5.687084342438148560e-02
-2.642867773790648633e-01
-3.691486064943573231e-01
1.761780194392757182e-01
-2.710823166180136301e-01
-1.055130015828844303e-01
-1.177571779839041294e-01
-3.757781343133781427e-01
-5.844303589087198603e-01
2.347555963649890776e-01
-2.560423568821585949e-01
5.086603889064601480e-01
2.752330707483456873e-01
-3.144208510691311464e-01
-1.947568363049825835e-01
3.438975701908147387e-01
1.063353725208689426e-01
7.504602049743440417e-02
9.566698753205821193e-02
4.828762641801668809e-01
3.902653598246304343e-03
-2.893358600480355758e-01
8.512594779146814838e-02
-2.727119139885886279e-01
2.160085703459609097e-01
-2.337421171868822034e-01
-2.004369800250359601e-01
-1.090922001255016233e-01
3.960605446284510278e-01
-5.999088510698526167e-02
-3.548584803834137769e-01
9.399344438800830148e-02
4.035270658463197546e-01
2.683104913003017122e-01
-7.072912267868580738e-02
-9.916509531075853867e-02
4.995403688124686603e-01
-5.876443238874487496e-02
4.936016622997508874e-01
-2.335370232585303740e-01
-1.637244215549644999e-01
-2.721955179063984542e-01
-4.106223484146880320e-01
-6.741326243977256993e-01
-4.883144331104416480e-01
1.416672869478326213e-01
2.358962664211294025e-01
-5.939432847339971566e-01
-1.470504554704508415e-01
-4.692967451746693497e-01
2.814077375122296942e-01
-4.812488586955041003e-01
-1.318948892308072773e-01
7.111388147289767758e-01
4.659751974073068070e-01
-1.598768312540822800e-01
4.378023152719621169e-01
3.575218025559986912e-01
-4.878337330953642081e-01
2.407401825915225224e-01
1.169275206649181553e-01
1.191479787503270382e-02
-7.447157025195887403e-01
5.088263012494944615e-01
2.723064723251760189e-01
2.191957277691936046e-01
-6.132100252238742444e-01
3.431629682751786148e-01
-2.868231217347383399e-01
5.141821264877980413e-01
2.605800328035506319e-01
7.879238947145915384e-02
6.471191739224677053e-02
5.944863985449733157e-01
9.594508329441817085e-02
-3.449667516126564970e-01
-2.018841004883216504e-04
-4.273653300011856504e-01
-5.949403474211241161e-01
-1.306644584434794587e-01
6.358258030042708564e-02
3.125789077670691474e-01
-3.632767072240719042e-01
-5.852670843978931003e-01
1.209680926081055652e-01
-9.060051387931132572e-02
5.786127662941797922e-01
-2.928184627501834725e-01
-1.448438090873930273e-01
3.492501063487610802e-01
-3.388584014722165749e-01
3.715086612956092216e-02
-1.524340782001711372e-02
-4.081775263247098273e-01
2.824323927410068991e-01
-2.030369137633456500e-01
1.250524854079094160e-02
-1.766610974354053953e-01
1.809760821443858470e-01
-2.877961688244031202e-01
1.515449347071817221e-01
4.902482800257891293e-01
2.457984281454457520e-02
-5.293622148066339239e-01
-4.530318172079031425e-01
4.646011163173197622e-01
-3.306878172816185568e-01
3.739340159457865687e-01
1.412786841037833863e-01
-3.430229463964565295e-01
-4.192296157948377511e-01
-3.467592256480355739e-01
-6.584142162602849013e-02
5.970150093472838954e-02
1.158345347956657029e-01
-2.879987644718776107e-01
-5.422628236988137340e-01
2.581793417342024832e-01
-3.246409165760130167e-01
-3.027577079111170577e-01
-4.445348956118331217e-03
1.112435633664468626e-01
5.219741629477424594e-01
-3.902364915772836840e-01
-2.457485239918764594e-02
7.174356617992706520e-01
4.592412251018744285e-01
-1.108463321265551055e-01
2.180796878111814774e-01
-1.312105484755403950e-01
-1.909222214065316725e-01
5.444897955492407071e-01
-2.670397204770276200e-01
5.041947084123585832e-01
-6.562259346803493709e-02
-1.087056728209417900e-01
1.329558916008142799e-01
6.959213354963587062e-01
-5.301185536289989564e-01
1.895574245361233978e-01
-6.018250038873836916e-01
5.028156715807459154e-01
-1.800133539159634935e-02
7.120691539694481431e-01
3.889278983528076106e-01
-2.478038517970885812e-01
-3.360158249938663411e-01
3.357741367077911598e-01
9.705133746042622633e-02
3.581718989825780630e-01
2.085632724203659583e-01
2.030329374102510243e-01
1.261833058557016718e-01
1.021026142820779803e-01
-5.162904827014953568e-01
-8.278556682649995668e-02
-2.069469369270422188e-01
3.333037170798306414e-01
1.709209341257124648e-01
-4.002452795768386418e-01
-4.273643838402306772e-01
4.412797766326681526e-01
4.841552579516503751e-01
3.968230558971668764e-01
3.715620189451582234e-02
4.916328486456934543e-01
7.431834059994042452e-01
2.188553529309856249e-01
-1.313998354090323006e-01
5.918217192177815944e-01
2.594874547781740870e-01
-4.234820304075142539e-01
7.970247503937550881e-01
2.615112904356767798e-01
3.014083854544659657e-01
7.130027360916082468e-01
6.260636368305494415e-02
6.087217306566181652e-01
2.201960520815554601e-01
4.452005137140856439e-01
3.952089465778078070e-01
5.726839794041350684e-01
-4.758635827987070521e-01
-3.452830482786126698e-01
-5.660104588713683604e-01
4.953490645342041865e-01
6.237942983872284408e-01
-4.139206374109181685e-01
3.127161616870564181e-02
-5.276502089852842525e-01
8.217635049564118166e-01
-1.004026736733697467e-01
3.669301278198898730e-01
1.437870166273585437e-01
1.701727363168700213e-01
3.759697263704536718e-01
-7.183627437879268329e-02
6.043827343453131995e-01
7.815939175337192901e-02
-2.838588893948295055e-01
4.675134939027879577e-01
1.136594650489000519e-01
3.484480056645885560e-01
-2.337295640845659661e-01
-1.278862619350966123e-01
1.302476962497552126e-01
4.957216601852182380e-01
1.609872487870235291e-01
1.647828457154304205e-01
-3.031255230004939460e-01
-3.970207283858639968e-01
3.915078861979297553e-01
1.691273058528669215e-01
-5.924029320815530353e-01
-4.700158666535830809e-01
2.123578025327292618e-01
1.189618438180954918e-01
1.100083317317806231e-01
-2.345147552555521542e-01
-2.346496407195609590e-01
7.735873413220015204e-02
5.460682784932417988e-01
-3.675528786230416456e-01
3.007466238288380445e-01
5.151981663870957018e-01
6.170272561552196944e-01
-2.757595853597178404e-01
-2.764106309802152328e-01
2.062754525219322732e-01
6.922202794907887924e-01
3.624242961891224746e-02
-3.832804967729863677e-01
-3.509766539764065663e-02
4.128802847368374940e-02
4.094038722152014698e-01
4.241176421094333127e-01
-4.713760484132711870e-01
4.957194925669415886e-01
7.194033918276947215e-02
-8.342124860299809930e-03
7.813457932888533131e-02
2.685699564790245408e-01
4.655262861058817592e-02
3.546796905978512049e-01
2.461038576223612551e-01
2.396149684281973502e-01
4.111409377494678052e-01
-2.560559711703316865e-01
3.543335154401053844e-01
2.091407300961144466e-01
5.924765962982609935e-01
-3.555672487314335273e-01
6.787038756650667914e-02
6.539040489772118825e-01
8.919958790278587069e-02
-5.443705535696619774e-02
-6.233999136343379988e-01
-3.995892249045657207e-01
2.405137855597657137e-01
-1.102729568426475126e-01
-1.063900548357254866e-01
5.012505603694661360e-01
2.371464146189891098e-01
-5.206085460709906076e-01
6.212544338939578470e-01
-3.303857518567541174e-01
-1.924648750884904724e-01
9.400923868839099196e-02
5.485031248150056271e-01
2.319595976637514045e-01
3.415384750247362766e-01
1.023142031624997977e-01
-1.728811512836561648e-01
6.879071020156002358e-01
-3.861415062910715512e-02
-4.198808820818021870e-01
2.580314905365190814e-01
1.730237200088111382e-01
-1.404649400366498047e-01
3.565466919601566476e-01
-2.435677936291123502e-01
1.172740595418701459e-01
1.318404278734377176e-02
-4.703778785078103208e-01
1.592601791798551047e-01
1.761080834247387150e-01
2.334270873502752308e-01
-4.766886617880657373e-01
4.759518134993427629e-02
-1.661944249822439879e-01
3.098658103877123260e-01
-4.227577029740671177e-01
5.523420042733744317e-01
-3.695980662296088209e-02
-3.424571060954302304e-01
-5.014507202557858534e-01
4.539516262413385156e-02
1.002493691612927756e-01
-6.101770221350951706e-01
4.554051994097025324e-01
-1.820301107568552956e-01
4.851015251635917291e-01
2.774943017272734069e-01
9.496616015646344722e-02
-3.409406941757202603e-01
-2.318462680343589821e-01
7.473021108503860588e-02
5.354301717181368936e-01
2.037574839232075830e-01
5.774215625557594933e-01
5.749787900227829041e-02
-5.955346412696761460e-01
-5.900651981590378931e-02
3.468903485351396837e-02
3.952518100071313878e-01
4.851113825453627348e-01
-1.005025498584319055e-01
-3.424919154305940960e-01
2.920259793169825979e-01
1.759479455769512313e-01
-1.987676882562551539e-01
4.082579268967777009e-01
-3.587953232386893454e-01
3.977458618216961339e-01
6.817427983638120192e-01
2.071974301698379373e-01
-2.974708986875365113e-01
-1.187620554780721288e-01
6.930856008312534788e-01
-1.586406931975312129e-01
1.313027998566338415e-02
-4.767456933211099424e-01
3.291152224295602058e-01
-1.010527667072933511e-01
2.669231314404350019e-01
-4.661705218652172911e-01
1.835977307553370852e-01
4.395867589702551204e-01
2.128186018800184709e-01
-2.526567350766589781e-01
-8.120786276962366212e-02
1.150333505495162306e-01
-2.026250188126803020e-01
-1.405001723251295687e-01
-2.434850966899362867e-01
-6.743826538197963405e-01
2.182347740137475789e-01
-8.111085330726774956e-02
-2.636791210033513355e-01
3.397855208575644159e-01
-1.547141426742471570e-01
1.425980540757338100e-01
7.047323925220649876e-01
1.621179603622004695e-01
-2.177287999126351625e-01
-2.578873796518690170e-02
-4.345412211731481955e-01
-4.902226468932932013e-01
1.032389433098170224e-02
3.885150883358825524e-01
-3.344449831076704016e-02
2.125141729675729396e-01
1.921413360774371637e-01
-4.781266771994337472e-01
3.072502273174966825e-01
7.322829937079626539e-02
-3.557662739438586796e-01
-1.924944652021313984e-01
-3.021921187561351640e-01
-5.224952154786539626e-01
-1.991579326981297304e-01
1.964699586122234942e-01
-2.709446580047832898e-01
-2.714658700516769940e-01
5.169080439902833390e-01
6.073576249563052976e-01
-2.086360241074816657e-01
-2.687538814679940047e-01
-1.142009957931273828e-01
-1.696912096379617901e-02
-3.213771228312878869e-01
-1.994514853485150341e-01
-1.301677530046693454e-01
3.492326705177398183e-01
1.907515619758626546e-01
1.186908655603357288e-01
4.780725711304756320e-02
1.068479833492217562e-01
4.915906967679389283e-01
1.491510745482400591e-01
4.315807940425407940e-01
-2.192273833181030210e-02
-6.013813403285148684e-01
-1.750258858594641326e-03
1.922024279999157703e-01
-5.577819754653957629e-01
7.205086291108514507e-01
3.026745615958776822e-02
6.588365498753837590e-01
-2.954831087180058158e-01
4.384479823531799436e-01
2.766113496971362440e-01
-6.151612048600242355e-01
-6.418327781789021080e-02
2.301807510963471692e-01
-3.602621171996653882e-01
4.350936841611033334e-01
-5.025513080755029671e-01
8.325807657775319282e-02
3.666914345821872256e-01
-5.415008505414206086e-01
1.103079914638123438e-01
-7.486120664281670223e-01
3.126674648265076462e-01
-1.440651367413424144e-01
5.816169002351384565e-01
-3.782365361830106743e-01
-3.022872249662114305e-02
