3.795967714728224474e-01
-5.667667541452775515e-01
-8.108712272803565435e-01
-1.526330503653722248e-01
-1.879765393172567241e-04
2.057382375030719635e-01
-1.701783363117790326e-01
-1.765536530839038054e-01
-3.622909816508559366e-01
-5.331352672692024619e-01
4.822488746112802982e-01
-1.671572149301587817e-01
3.670491040264044491e-01
3.462069850819202710e-01
4.631865991588214326e-01
-1.828011643673585485e-01
2.062116341294973482e-02
5.046210221337918966e-01
2.902224794108920203e-01
3.769564861941785416e-01
1.262091036847274618e-02
-2.254493533570465363e-02
3.181854994852845175e-01
3.743233638057953394e-01
-3.844058579650019847e-01
-8.377206400262440789e-02
-7.440458234227522727e-01
-4.495615178250998711e-03
6.368339153519302354e-01
-9.345265322863859081e-02
6.526049181731232718e-01
4.753559031226931575e-01
4.152915242851149547e-01
-1.532380067683020153e-01
-4.042249123633252436e-03
1.200840439064669724e-01
5.305218954158162914e-01
-4.582922078836371149e-02
-3.802673652251195024e-01
-2.882567196553140754e-01
1.846776244462286498e-01
-3.362698689174699329e-02
2.398762406612447717e-01
-2.031582611190768661e-01
-1.987772254887270329e-01
-3.819180797465880628e-02
3.775285084757100118e-01
-4.666342900613568156e-01
1.401484839955584316e-01
2.077302334284839014e-01
5.609865687097279618e-01
-4.655759638189477800e-01
4.457611885713322897e-01
-1.139313403803633631e-03
6.099749291577966082e-01
7.041345218487000679e-01
5.664585584310140032e-01
-7.221700791274966447e-01
-3.077078656020306724e-01
3.285620532234933416e-02
-1.116407556809659724e-01
3.623146327446700177e-01
-3.241602295383772675e-02
2.829883203958189486e-01
1.574701262146031289e-01
2.971230688706487655e-01
7.452345084481377668e-01
1.778772060106832698e-01
-2.567577713855661581e-01
6.754489659372092669e-02
-1.097709836201287703e-01
5.252744340697734771e-01
-2.687609211099566964e-01
3.593101725241503175e-01
4.283015372819562461e-02
-1.469293944512176375e-01
-4.545576924835122989e-01
-5.960470346502224626e-01
6.035732205366097780e-01
1.982834985138011985e-01
-1.365405970851482076e-01
2.873695893689755532e-01
2.271803487065096050e-01
1.712999418883349723e-01
3.092396979668752821e-01
5.644347091929800830e-02
-1.527895560811918241e-01
-2.027155498765779995e-01
-5.963170968617055763e-04
-4.337330050015348881e-01
5.778065565966856720e-01
-1.465898935282924087e-01
4.357090418945348542e-01
-3.442673875445924070e-01
-6.331263606695914925e-01
-1.113923529316682426e-01
3.029335447062229680e-01
6.623888565377005211e-01
6.935182753065961547e-01
-2.052679635985834583e-01
5.453421785421917051e-02
-3.638706879230385605e-01
4.723710334862440963e-01
-1.965248979766647253e-01
3.791013395138836395e-01
-9.946776495564230158e-02
-5.336356303867091366e-01
-5.332201666153024711e-01
-4.835642371302245057e-01
5.789268320921669986e-01
-3.691846411753656465e-01
2.934699310413019235e-01
8.441516782760534465e-02
-2.090383205039509085e-01
-3.454077178037545104e-01
5.387800761441856601e-01
-7.051057205921902327e-01
5.395573158081108378e-01
-6.427034422034103578e-01
5.213629508274608693e-01
6.944415059754639463e-01
-2.020175580579856855e-01
-4.224020425809747042e-03
3.749700050297102294e-01
3.073743063867597630e-02
1.348857517171784814e-01
-2.086548487778569494e-01
2.845534542272010192e-01
7.744391808996372584e-01
4.779710364214197482e-01
-2.340319947417481561e-01
3.046791269938999847e-01
7.710087362066107841e-02
-3.595806804452970074e-01
-5.606887412138109039e-02
8.868780912925425253e-02
-2.064529732443891319e-01
-4.640090268877558044e-01
-4.702133802889558734e-01
-4.937844468741165449e-01
-1.523119167432457621e-01
-1.754016149763983623e-01
6.770464910340101561e-01
3.009588835104360371e-01
-5.074936152698314995e-01
-1.834450676410605552e-01
6.919018701181782749e-01
-3.794922574004266219e-02
3.874411843875724681e-01
-8.652491323226100400e-03
3.752260431075478686e-01
1.898542264498881971e-01
-6.732676629436098459e-01
1.856197597821477308e-01
1.698903352370576270e-01
2.041131635498280306e-01
-4.655703407866446097e-01
-2.168847083449508273e-01
6.848207446708768353e-01
-7.788395580893678338e-02
-4.579077752558459169e-01
3.966812814225889605e-01
6.727666704946230203e-01
2.522762510401803104e-01
-8.847108141299885042e-02
3.686460576392925903e-01
-2.734004192052450974e-02
4.445111440626280941e-01
4.446314741841381757e-01
1.536774588129391772e-01
-6.728044235086818592e-01
-2.494969573146295361e-01
2.432768254514177109e-01
5.279972299480416298e-02
-2.278869171049678066e-01
-4.439030208753189655e-01
-3.036095291083145131e-01
3.450764606094544051e-01
1.097406201258372682e-01
-2.258575983848235269e-01
-3.501528923888268252e-02
-5.563694968487250536e-01
2.170787764143871160e-02
7.353006418491984594e-03
7.156807332334575930e-03
9.492919188855589163e-02
4.446099194802691779e-01
-1.664019573665705479e-02
-4.533548289838908452e-01
4.422676422825703169e-01
-5.096234860675680212e-01
2.680015433087988841e-01
-5.906113398102058598e-01
1.831042932891999153e-01
-3.492707739766966191e-02
2.185955468060557794e-01
-6.757195268084827955e-01
4.453638447194201155e-02
1.070205437916380148e-01
1.829739235621268834e-01
-1.513066326105093062e-01
-2.527363675932983167e-01
-3.475772909023862045e-01
1.317854043889208904e-01
2.993741040488425709e-01
2.503520582132778838e-01
6.656856982730007255e-01
1.686526041614117011e-02
5.076011362337105037e-01
-4.113145825334044714e-01
3.680686017929660214e-02
-5.673217343205693153e-01
-5.242257890515448215e-01
-2.675902074575873257e-01
4.381313738167223470e-01
-2.430201760072480677e-01
-2.414141306088894989e-01
-7.725660361504720353e-01
2.543472773968075140e-01
-3.147786277291915180e-01
-4.841592816931943877e-01
-6.822814325046361317e-01
-3.977916600720344809e-01
-4.990358703151552278e-01
9.838350823620627128e-02
-4.696242060540628538e-02
1.181007238044823604e-01
3.843427351467745834e-01
-1.421991637181759527e-01
-2.466301418214726371e-01
-2.780336631764150912e-01
1.495735815796624679e-01
1.961745578974794513e-01
-1.261980887032840004e-01
7.599346422194980244e-02
2.617136762866675292e-01
1.368951034471551087e-01
3.908196802869821074e-01
-4.360278027268972290e-01
-2.238560192421397976e-01
-3.934379573727687651e-01
-3.097750634712787554e-01
2.615316790541563630e-01
-4.754492206564606693e-01
4.277902041990719884e-01
9.113394981171469844e-01
5.254485375482216281e-01
1.890156424426532311e-01
-4.979457865686303109e-01
1.270740008849032265e-01
4.762669592456640899e-01
-1.247469967560426024e-01
4.703528403936970692e-01
-3.950065032941237897e-01
6.698167179475691402e-01
7.676276008467053380e-02
8.639835797527213590e-02
3.429507666855219350e-01
-8.728916118042102934e-02
6.929406609904080472e-02
-3.068958700027671349e-01
-1.666774360920255660e-01
-5.044306374751557180e-04
-3.293409880076423879e-01
-4.587122060436292781e-01
-2.885993140520317635e-01
-7.518352441722636614e-03
-5.871370297524113324e-01
3.749971124201308958e-01
-6.570279896181993595e-02
-5.283453329058536152e-01
-8.456337617866629963e-02
1.345029613426297344e-01
9.571781526435628462e-02
-7.941723283136216116e-01
-4.392522676970369577e-01
3.698623630180142841e-01
-4.064538792876261353e-02
-1.785330946192705270e-01
4.244210884789303417e-01
-1.459940584420515303e-02
-1.403955835586697953e-01
-5.268536675202473152e-01
-1.741261015037663396e-01
-2.337938813561714624e-01
2.157689294985206882e-02
3.327685125841019498e-01
5.481947638362434649e-02
1.803654598477473503e-01
4.700602155447614061e-02
-5.649159982994447771e-02
-5.223091699203173954e-01
-2.907233745816851789e-01
5.858604145590744494e-01
-1.528027767475207688e-01
6.846734700824038677e-01
-6.764930273146703144e-01
-1.230182265553950854e-01
1.897372377248050107e-02
-4.782802510648241356e-01
-4.422912588789749133e-01
4.146828523949100398e-01
1.234179686558028732e-01
1.774937721187537232e-01
6.184558881685748855e-01
-6.773941608693519190e-02
5.611689534090693599e-01
2.357833363683466410e-01
-7.417677684966765550e-02
1.375776573785634505e-01
-4.392016647909797733e-01
2.175694882477171577e-01
-1.896535641259063376e-01
1.169478922219567910e-02
2.941764171770139824e-01
1.868195716591393163e-01
-2.946399302827159561e-01
-2.947630209738079099e-01
-3.295058125154790574e-01
-1.449429686180260801e-01
9.828050663224549566e-02
1.104170070478096288e-01
7.958311451134344461e-01
1.093334899660708404e-01
-2.424078882163834825e-01
-1.613577567321446971e-01
8.408262621294687600e-02
4.003267328723517093e-01
-1.485767906441266828e-01
-2.194466075316190978e-01
-3.352931139808851824e-01
-5.650505002489614181e-01
-1.432818636980522954e-02
2.378791317306218067e-01
-6.306853365116126264e-01
1.078227908898143732e-02
2.702721914457779651e-01
-6.533824658830962306e-01
-1.886049559020938349e-01
-6.162741647555212143e-01
-1.328665078582951797e-01
3.999920237566646497e-01
4.865421593730115402e-01
1.075939628307159487e-02
3.164389432489434495e-01
3.774880247804762723e-01
-8.828170113649131956e-01
1.358205097264508776e-01
6.434231865720987376e-01
-5.782061792607922079e-01
-1.520575073423305890e-01
-4.394488850757174991e-03
1.222928149571496544e-02
2.123356626297847327e-01
2.390251508907848266e-01
7.725752449339691116e-03
-4.624984448638813639e-01
-1.237615085894855221e-01
-3.819613541646343924e-02
-5.713778864117081968e-02
-2.190107317441403190e-01
5.400578094460102285e-01
-1.447288863527723679e-01
1.639880345987070331e-01
-2.028855603426333865e-01
-1.837709018909065573e-01
-2.640818487096065481e-01
-6.725546108054185623e-01
-6.214173520222059377e-01
-5.383714739361208923e-02
-4.686262372142067090e-01
5.018062145824890852e-01
6.632693553737973868e-01
-6.480374675420047526e-01
4.315857009553921708e-01
-2.301535963110308836e-01
-4.199468101046998081e-01
-1.577162874904332601e-01
1.974343964106147209e-01
-5.899048222390146368e-01
2.132188494028660064e-01
5.600916933357622529e-01
-2.849412267624513717e-01
2.636140681587921808e-01
3.440355723700512236e-01
-4.964565231504119991e-01
3.548773314025905484e-02
4.027996662291994379e-01
6.700633313717596629e-01
5.587133374560313559e-01
-2.194068789626214266e-01
-2.993220223547271019e-01
5.130871094073397032e-01
4.171992016785140422e-01
-3.129845993241424096e-01
-2.472454963834746500e-01
-5.276026672850435695e-01
-1.567544350637453399e-01
-1.740245015681640139e-01
-1.406279694075452114e-01
3.523759248883014394e-01
-3.511217781133080251e-01
-4.042725170017011371e-02
-3.491899958395145998e-01
6.193159709094997467e-01
-4.950780765729829482e-03
3.197741999064453999e-01
-2.497275126907546328e-01
-1.952839377105372032e-01
4.996013783633721506e-01
-2.850404447365371130e-01
1.795089434010527316e-03
3.657912168943854014e-02
9.453931011883513758e-03
1.192123206659937915e-02
4.190139177205715049e-01
-5.934769663952381702e-01
3.062420452374197133e-01
5.300776287435749606e-02
-5.788407020491632693e-01
-2.455017496308148361e-01
-6.739475494972954062e-01
-8.181364409871358934e-01
-7.523372961275536230e-01
-5.576461833995530748e-01
-6.779036501988209285e-01
-6.942436898346243668e-01
-5.586365035741908125e-01
4.351196964970445169e-01
-2.393003177120488489e-01
-6.449052892583757579e-01
-1.409509655957768837e-01
-3.090259735781567541e-01
2.468003824795436674e-01
-4.725336347375325152e-01
-2.678048604269588906e-01
-5.280681381771152871e-01
3.418587105724728570e-01
7.833848411071956397e-01
-6.558042336409881760e-03
2.474693430735429023e-01
2.896080059869860501e-01
7.836710398715861503e-01
7.265143763482870831e-01
3.122421047541106276e-01
9.825440155987764934e-02
5.671522624878657659e-01
6.978585707457956033e-01
1.700315414256461585e-02
5.075628543257382219e-01
-1.332795768996026531e-01
3.819256661857217683e-01
-4.116888172160109161e-01
1.887048381009122089e-01
-5.315111940784066936e-04
-4.468455002876400850e-01
1.816128785042914195e-01
-1.498773932055078861e-01
-4.327150112749911237e-01
-2.759320991034144507e-02
1.344925051865777654e-01
1.313763051184844988e-01
3.587553876615247606e-01
-3.013552368046782531e-02
-4.100125426468675949e-01
-4.579994405726787732e-01
-5.235122557519142905e-01
-6.862205225827875399e-01
8.917306279806276950e-03
-2.062068386028607370e-01
1.251403906458491422e-01
7.200789135071125613e-02
3.873326714529221615e-01
-2.429413039191755108e-01
-3.724954499494475546e-01
-4.010480545880490411e-01
3.697868644548007455e-01
-4.622071349674741758e-02
-2.298969014081065632e-01
4.151165594563516192e-01
-1.771534924701534397e-01
-2.010288700028712849e-01
-6.357777498567467045e-02
-1.441297588123756357e-01
3.346454249175334628e-01
1.264757617564558345e-01
6.252592741878380822e-02
1.810220357237644906e-02
7.056460150522275709e-02
-3.443734810462171780e-01
5.158837151156618894e-01
2.578347454126257987e-01
1.816618820334527373e-01
1.320435806494800746e-01
-2.722958744081882543e-01
2.478900762140463510e-01
-5.915742398871288721e-01
-4.763914338796977899e-01
5.315429621045204556e-01
-3.144941454917122847e-01
-1.922650851185905840e-02
-1.924049476194687747e-01
6.450472840548413522e-01
-7.333653817436507349e-01
1.988048537455007203e-01
-7.888905427197309694e-02
-6.856709697712223828e-02
-3.722252125541233164e-02
-7.961419422261988288e-01
-1.067480050653828727e-01
1.239283505423750958e-01
1.548314350353955648e-01
-5.179986035267797329e-01
-3.733054715984031047e-01
2.939447233855195796e-01
-7.901859952412240706e-02
2.251631750047148328e-01
-1.916527481658072268e-02
-3.923707978580807110e-01
-4.856875824729972035e-01
-3.646054547357833742e-01
-1.457883190466398027e-01
-8.279331473584902734e-02
4.355807587378516255e-01
-3.456530580455032253e-01
-6.474782828265563950e-01
-2.974853479297056014e-01
4.380693177764910518e-01
4.716342585552648140e-03
-3.081337226960965681e-01
1.219351243952855324e-01
2.047803600219419984e-01
-1.136638814937769026e-01
5.489603383911073609e-01
1.960971818935064448e-01
-5.662968931435339304e-01
-8.982276732287520771e-01
4.223899919008622383e-01
-3.136728023781198277e-02
2.087383564805926905e-01
1.763171764534369468e-01
2.268165669008785079e-01
-4.843388738451541720e-01
6.000839563591595788e-02
5.602142396663393198e-01
6.450736018678246975e-01
2.385439039339511125e-01
-6.108803294609128909e-02
3.541389245516526341e-01
9.601428050223946575e-02
-2.547651016421428882e-01
5.205930400351150844e-01
-6.788018565194746667e-01
-3.124730220596272923e-01
-1.030206694513917665e-01
-3.161235249240330891e-02
3.334716968205787557e-01
4.738470736670295502e-01
1.042886377287346455e-01
-5.388866269885916882e-01
-4.251213154495392388e-01
-2.893680499464087452e-01
-4.983821540535492423e-01
6.474551586083086008e-01
-3.170198138843945967e-01
3.303811417758435454e-01
1.196872404950014845e-01
-4.878878946144768469e-01
-6.933106484514992562e-01
1.455748995146108338e-01
-2.052513814482875495e-02
-1.718746420194892238e-02
-1.433890998513593640e-01
-1.423739659878596187e-01
-4.024627933515773082e-01
3.853013585111026984e-01
-2.436779367507380667e-01
-1.764224386032789971e-01
-4.341743014196903783e-01
1.971842269705733064e-01
3.108796982704989942e-01
-1.866603687100089615e-01
2.141994484116582498e-01
6.123162728295610258e-01
-9.041649924269065490e-04
-6.579336656258477634e-01
-6.062097273021054000e-02
-5.521318628978146847e-01
-3.117710848219163444e-01
8.196283840612925142e-04
9.300461589201329538e-02
-2.977820751796921295e-01
-1.683287911129748848e-01
7.686669336662679264e-01
-2.985901540265342158e-01
8.386990262656432438e-02
-5.203837295211056757e-01
-1.177535484514257991e-01
3.401095932657166587e-01
3.811092600661051405e-02
7.853415111690123518e-02
-1.232307085761285836e-01
-4.151051575062510990e-01
3.876436485128872400e-01
1.069951945544037886e-01
5.680038070296695718e-01
-4.526479324361613044e-01
1.970680792450003882e-02
-3.482390309963127595e-01
6.293120813207740971e-01
1.427606407481498141e-01
2.408331805544931467e-02
6.222761386301409736e-01
-3.786766337829448048e-01
-1.648006382434685224e-01
5.889858615887273025e-02
-5.042222760800072964e-03
-4.239158394842734712e-01
1.831631854433609652e-01
3.455712781322862748e-01
2.514227493083451281e-01
5.132125652738261934e-02
3.959038171666974248e-01
5.669489431787968492e-01
-1.972816842040281127e-01
1.662318126257182616e-01
-4.510694193021178022e-01
-1.298657549081712603e-01
-5.057014559478212323e-01
-7.207397825855619278e-01
4.712099302599269679e-01
-4.017346161930038795e-01
-7.625102103340855586e-02
-1.898324069847199813e-01
3.607898470806843172e-03
-4.860713917994213817e-01
4.908972241331819863e-01
-4.737457999192764002e-01
1.754514867195534206e-02
7.351997230609722545e-01
1.014752055949066922e-01
-7.654753142982814174e-01
6.562960959366712643e-01
8.966272941572930866e-02
-2.064200102823242067e-01
3.842275134425167105e-01
7.275804302417113179e-02
-5.707878157330941171e-01
-4.958670194579619522e-02
1.732019211761113425e-02
1.007785907206912128e-02
-4.553255301162851820e-01
4.444616857241421859e-01
1.470365614598382886e-01
-1.742078590092249191e-01
2.309880861016396225e-01
-1.027709522492657457e-01
-2.155977543507059391e-01
-6.052693556138706299e-01
-6.618677339148031358e-01
-3.933577236992191195e-01
-6.923944913955887293e-01
2.451640314396735243e-01
-1.456101992837166292e-01
-1.184276527498843157e-01
-2.301644621131982565e-02
2.360684132124364343e-01
-3.736019092485556303e-01
-7.061957082650831552e-01
6.118096150336914674e-01
-5.847744746257406423e-02
-1.916991760210560655e-02
2.205579671298488753e-01
-1.696706637619673774e-01
7.918803479006506496e-01
1.764912487148063702e-01
7.375095548421667369e-02
-2.781673879523322013e-01
5.133231600954249463e-02
-2.060557446383241564e-01
-3.913952138103968803e-01
-2.751111809515249251e-01
-2.641745197849611482e-01
-5.424032704572698260e-02
1.147728530857682061e-01
-1.014847467456738844e-01
3.925025822440453283e-01
-3.797179908850291663e-01
1.602495786160543778e-01
1.648961681306006510e-01
5.179275677310153370e-01
-1.918471176003904155e-01
8.671522438657286447e-02
1.505845214874203808e-01
5.547468511384996415e-01
3.445954219026800547e-01
-2.318533620110703741e-01
5.273397144554875515e-01
-4.405197415463700805e-01
-3.283300394156702384e-01
-2.224956921378787311e-01
-7.183016372555480755e-01
1.709661458182681892e-01
6.285425697403110822e-03
-4.770555482832807837e-01
-2.389055835598684063e-01
3.286318895615464863e-01
6.127572231514042400e-01
1.604133125925596148e-01
-6.763378431842463900e-01
-1.493089602660251612e-02
4.715087705925096184e-01
-9.325211474124486810e-02
-5.916760703017560630e-01
-4.102903563926035280e-01
4.754540122658817980e-01
5.600288908029182888e-01
4.164438988757555027e-01
8.493960663758375329e-01
-2.433184382125560541e-01
-2.282599829777237355e-01
5.939010702268164854e-01
-5.156256697664221011e-01
-3.271588475819547925e-01
2.065096131388314757e-02
5.751160974450785224e-01
7.033712814405135294e-01
7.008544241155965082e-01
3.583140872032872792e-01
2.429706106550560962e-01
5.245260094325008282e-01
3.558342067998016001e-02
6.192871691642959364e-01
-6.839784352826404623e-01
-2.235105122118275223e-01
1.600310746500116232e-01
-1.978358893847014799e-01
2.928514210173639998e-01
4.453186093775752807e-01
4.473368636541507071e-01
6.435321290646529337e-03
-7.199822517702121338e-01
2.311463989602135227e-01
-1.302868902598066647e-01
3.268844812541085720e-02
-2.968931507806669146e-01
-1.685151299188008822e-01
-5.204532928624379107e-01
1.552197725084965563e-01
-1.609769386855517403e-01
1.047516105740330383e-01
-5.399436117418445272e-03
6.357054573136573516e-01
2.159024244611994492e-01
1.176641089802312884e-01
1.441240392134836637e-02
-2.485386774335948123e-01
1.174497262929779240e-01
2.630246779280616676e-01
-2.932964719340507842e-01
-6.920446536119380099e-01
-2.419289318014531676e-01
1.448229364631955507e-01
6.710029889799525860e-01
-4.454534529234208118e-01
1.996866591287925208e-01
5.139312905701950429e-01
-7.107660281195146146e-01
-5.582002365903333541e-01
-1.995936498481171162e-01
2.772601755258634615e-01
-1.734487855908348752e-01
-1.177019950485797967e-01
-2.225402340917069233e-01
4.827946819611528273e-01
6.472864536027670423e-01
2.075659917506130769e-01
8.479854380080907583e-02
-4.476698603850224473e-02
3.429455331868582757e-01
6.653517323632784919e-02
-2.408111966641903190e-01
6.668214355683654837e-01
-2.294027191120993070e-01
9.984653239859292428e-02
3.676622597183978880e-01
-2.115667662619302725e-01
3.813773745889386113e-01
5.900348402059883979e-01
-6.979747876328415979e-01
-7.560900678462406654e-01
1.751483926199098040e-01
2.366946313823179715e-01
4.016275088829602269e-01
2.488960942065379101e-01
-4.793893374598187096e-01
-5.326988300807653509e-01
-3.662145330889975403e-01
-5.103841679000424847e-01
2.868834167146188871e-02
4.388536054373041728e-01
-1.532631615827732136e-02
-5.732863933921341637e-01
-2.292240622668098859e-01
6.481074206637156276e-01
-3.350909810053530058e-01
4.666164755318520374e-01
-2.456292563934317497e-01
-1.623703508031844878e-01
1.983333838563095808e-01
5.739523702426224672e-01
-4.625370598414986767e-01
-1.535841032111217308e-01
-7.490625301356044208e-01
-2.658149342757410993e-01
-3.398935743502957685e-01
8.804333231987471198e-02
1.632791545771157815e-01
2.163750513556271238e-01
-5.589756641754789479e-01
6.660131892719460822e-01
3.187046089559658069e-01
3.134560136915415796e-01
2.524846605529610377e-01
9.152214984239165352e-02
4.443908505787868002e-01
-3.469571933255729546e-01
2.728862583895664828e-01
-2.979594448051494093e-01
-6.485511384642076438e-01
-3.114316082036830968e-01
-1.334125452776855070e-01
-3.039213579902450557e-01
-1.089513394605844815e-02
-1.475964375808903051e-01
-1.889530613456488761e-01
-4.968306478968955164e-01
-6.849659405080171792e-01
5.065659787980819617e-02
6.186614105778356354e-01
2.196594212531784163e-01
-8.042005342565193560e-02
1.585106121336538054e-01
7.381835994176001448e-01
5.754442592994881700e-01
-7.073161053879241378e-02
1.240699236281745110e-01
3.751509225607957410e-01
-4.247624897293882373e-01
5.249192315002300102e-01
-3.361490982573947517e-01
4.847413079058167373e-02
-7.326524371307495676e-01
7.637713467666999989e-01
7.050179679827944801e-01
7.328253810943142765e-01
-2.749632821484919720e-01
-1.777636746267590162e-01
-3.550124677281816243e-01
4.816558189663373013e-01
1.387107347191858520e-01
-5.478531444180946286e-01
3.443910845814699417e-01
-2.132551332342204342e-01
1.494119929856272955e-01
4.635018402001120363e-01
-6.422435568424614827e-01
-1.304398510252703092e-01
-3.227011342919300363e-01
2.711684023998057191e-01
2.205924699247980014e-01
-2.517854797183373752e-02
-4.529959344405488642e-01
-6.562458875814248804e-01
2.187953518291956834e-01
4.645938958744590952e-01
1.127767021770922501e-01
-2.330507724717140738e-01
4.915512215421985465e-01
-4.250088522378538958e-01
7.976639704891416160e-01
9.453560112166685403e-02
-1.545730858416203279e-01
-1.562613014752493312e-01
3.795308868994601847e-01
3.686900241572186876e-01
2.982700042315219457e-01
6.016950650365303632e-01
-4.508927928589879786e-01
1.101989109181595317e-01
-3.146151770131365155e-01
-4.525061365032448379e-01
1.657968137758710769e-01
7.601388350239085545e-02
4.272344418062432037e-01
-6.686593367885209638e-01
2.598945809881259006e-01
-2.572810346113774682e-01
-9.087335958808749614e-03
6.130198994233402310e-01
-2.094062382142624842e-02
-3.452286370904693591e-01
1.821013004465701635e-01
3.653357035612950221e-01
4.959091566412048846e-01
3.772970178509853501e-01
9.768118002877228256e-02
4.673203228873927251e-01
6.610553466780951792e-01
-3.052928939301768896e-01
-6.471545221212855470e-01
-3.478788390563201105e-01
4.661020399939302394e-01
-3.894991919356447507e-01
-1.950196954521819515e-01
4.099246606908464319e-01
-2.958067703821872785e-01
1.284878017688784180e-01
3.805440312562279048e-02
5.727736914484393704e-01
-1.544851476134112382e-02
-2.935249540339966434e-01
4.447981161225000313e-01
1.953562531357552756e-01
4.892534458194865432e-01
1.715654337699080434e-01
-1.332061624555138102e-01
1.265693539498690123e-01
-4.501996533705915349e-01
8.655370175182001968e-02
3.128609189984763450e-01
-1.898694987059733608e-01
3.507968151767675846e-01
5.933032761394904098e-01
-2.546091721053855839e-01
4.827373044355459664e-01
6.466834696414363037e-01
-9.979261286384277785e-02
-1.214624642657661374e-01
5.086858593226338821e-01
3.330561454280178690e-01
-5.025553603535324321e-01
-8.546548665085600405e-01
1.795344006539695558e-01
9.732571281478284708e-02
-2.572560008388128927e-01
5.814361555183376051e-01
3.216135887837664464e-01
-1.968461541636891757e-02
-1.468734421432170700e-01
-6.399326542920439342e-01
3.703044227745241890e-01
1.176245016418548395e-01
-3.121289996981146952e-01
4.438966045755896039e-01
-5.916286135109016797e-01
-4.136326999403036608e-01
-7.462065750088621441e-02
-5.639089728664816725e-01
-1.643253448023536401e-01
1.086109623165857629e-01
-1.055881427660810695e-01
-2.091878711299998139e-01
-2.367906602653611636e-01
3.956058623197488133e-01
3.902678252570306872e-01
4.634426148629302578e-01
6.327229454286665833e-01
1.422492939662625133e-01
-1.647933015736388063e-01
-4.091428292467888528e-01
-1.799340347704224963e-01
3.581038631945777095e-01
5.234539324069252819e-01
-2.976882204929587328e-01
-9.535825401252479017e-02
-2.157176451109865944e-01
3.322690924764261644e-01
1.507376773721052499e-01
-2.826610470738495362e-01
-4.757401929033253651e-01
2.408399111325672803e-01
-1.776359792229119383e-01
6.944032585024547677e-01
-3.180696353934345244e-01
8.306579422026665049e-02
2.001318895560428857e-01
-7.020919473125011301e-01
-2.805764756186620024e-01
2.190842009690646963e-01
-1.548997502262589032e-01
-5.539821751834091840e-02
-2.753882974741426182e-01
3.933688115148220588e-01
4.758725215114796292e-01
3.869076275097090845e-01
2.314592258710915923e-02
-3.575352088280108198e-01
1.187413863540354719e-01
3.740737853330455831e-01
-3.778426403747523477e-01
8.599816317521000175e-02
1.288111135196111090e-01
-5.788936672820940710e-02
-1.379137663541873116e-01
5.056713921163118464e-01
-5.872572265589912077e-02
3.358612662401036508e-01
-5.117608320116151521e-01
2.299720677464628382e-01
2.022891631910376242e-01
-1.090638317469494606e-01
-8.978864888988153520e-03
-6.831982767602615692e-01
-4.335326290403107574e-01
6.202992255270727284e-01
5.720242139497563327e-01
8.523427556438036359e-03
7.923590797802289032e-01
-3.093213438331533505e-01
-3.494330557695022876e-01
1.942748455304817434e-01
-4.119460490733313218e-01
3.908620730838239243e-01
4.834534806518860361e-01
-4.537096019512260048e-01
-5.057121699405543458e-01
-5.916752772044764352e-02
-2.751804538738495884e-02
-1.288956064198848450e-01
1.990410340331808525e-01
-5.584365887054267841e-01
-3.794109380841650253e-02
-1.070963051374853037e-01
-4.074240321880664983e-01
4.264993442214317643e-01
-1.974625144365816862e-02
-9.852918833684391753e-02
4.711721191820630178e-02
1.536201693155148651e-01
-2.649538685905486468e-01
-1.115725933429691230e-01
-6.788411702860054631e-02
6.025138128556879469e-01
1.317718867922259285e-01
-5.023415743332655392e-01
-6.968191145930713315e-01
5.431354014263225505e-01
2.074218791075963519e-01
-5.450726556096782138e-01
-7.397839274745664495e-01
-4.506493017120675182e-01
3.589241361965612720e-01
2.531291581130142299e-01
-3.807834944958555790e-01
9.587284467539657073e-02
-3.841806676819298216e-01
-1.491548879927076243e-01
-1.225599822475388484e-01
9.049071590209677163e-02
5.258023944351993828e-01
6.209387918903092052e-01
6.080410740012623938e-01
6.615883360947847347e-01
-3.023324823983517678e-02
-5.217846299964679774e-02
2.059265419001230502e-01
-6.414882288993409287e-02
-5.326763539172337802e-01
-2.166038922938211542e-01
3.872904346479101867e-01
3.864560610439829458e-01
-3.680236717172781225e-01
4.021676092391495150e-01
-5.586867881157802085e-01
6.532175807352958996e-01
-5.252248507620576046e-01
-3.482069814518462536e-02
1.910997260130294362e-01
8.355699227987749556e-01
-2.086788901274237717e-01
5.198010222444316986e-01
-4.441832348691622245e-01
-3.612970438903495562e-01
-2.020047709864987162e-01
4.113318018751882521e-02
3.832583460593325109e-01
1.503645177889666451e-01
3.650211204621383043e-01
2.160782581446438755e-01
-3.124448798232240011e-03
5.537230720991342947e-02
1.032076538661482780e-02
4.766843280513981540e-01
-3.584554214543135275e-01
8.671134414526857626e-01
4.218821502931788814e-01
3.782671656869140975e-02
-4.987476636956585940e-01
-5.516156444276592019e-01
-5.708175179040295699e-01
-2.761064784336592637e-01
8.096802407822731307e-02
-5.520954348634263820e-01
2.611063704958126452e-01
-4.187179173871085069e-01
-3.598040941594444209e-01
3.968231922099877546e-02
7.073666369247211261e-01
9.016442229412621190e-01
6.672512831524819443e-01
-4.092820624132619267e-01
3.063860357394166400e-01
4.449634068210746030e-01
-2.267327696585489105e-01
3.996635014158212984e-01
5.619537592278303073e-01
-2.375679467742922157e-01
-2.564589678825510699e-01
1.872554424485876057e-01
3.864296605401360551e-01
8.627577976055286757e-02
-3.629101035743782511e-01
-2.283652293861075933e-01
-2.653675120710448365e-02
-2.553619797201928665e-01
3.032655929755371793e-01
4.346684681604599532e-01
5.176741573317090728e-01
3.854399632337865977e-01
-2.864200715507490835e-02
-3.690101086906689698e-01
-4.624049929432263450e-01
-6.678545314145646339e-01
1.636627574816255648e-01
-4.338345938225243031e-02
-3.275091596587016013e-02
2.056982928572272940e-01
-6.790776698854850135e-01
4.258845322032752678e-01
6.839334756139019422e-01
5.525733058152693805e-02
-5.684071624944642825e-02
3.839784775252746279e-02
-8.160649141424923536e-02
-8.051639456515602422e-01
1.321648978777135996e-01
-5.483115520427619405e-01
-4.859648229921874063e-01
3.532921039580699252e-01
1.549411190212446887e-01
-2.230008742033016689e-01
5.027356871203687572e-01
-8.826602239692376006e-01
-1.428080245651029978e-01
5.977422788217935379e-01
-3.683070104131186406e-01
-5.959573138479248300e-01
-1.804605298093759913e-01
-4.228073257318131217e-01
1.828397331806674020e-01
5.164028007429034561e-01
3.866948275029134519e-01
-4.517268891113158102e-01
-3.756589551474745492e-01
-4.355770008270317684e-01
3.777906956112245807e-01
-1.985054898949989433e-01
5.109169646686615579e-02
-4.464767846220695224e-01
1.942029570097308921e-01
1.184626151829581836e-01
4.713767833725637790e-01
-6.734636248021440286e-02
1.194178404189712994e-01
-1.736709915708042201e-02
3.117609481718221498e-01
1.046781298006636274e-01
-2.676918551541977997e-01
2.236118384832957995e-01
3.963443616563344651e-01
-1.604729993050496226e-02
-4.136714120916854531e-01
-3.564505165602435688e-01
4.040622958662104525e-01
-7.031048309227648785e-01
2.842583610912959857e-01
-5.077328231901376832e-01
7.606084000230862729e-01
1.386826638542565382e-01
2.424085814730927713e-01
-1.046907348498506002e-01
-3.122492972215772378e-01
6.867168067382314334e-01
-1.181816562409584714e-01
-1.820826883808976046e-02
2.356565445858400665e-01
-5.163573467934334804e-01
5.106239552412125127e-01
-8.284340022198291020e-01
6.164754932069856919e-01
-4.167291092185069212e-01
4.956814516442320517e-01
1.775725832187936559e-01
1.056637109688956938e-01
1.385665442893430077e-02
8.813233990977721311e-01
-2.881761041191211459e-01
1.680061040598215261e-01
5.020521215255495662e-01
-8.016524192318225106e-01
-2.626456443045460665e-01
-2.699924458523961235e-01
-4.569050773985416924e-01
8.889480377712273285e-01
5.600467597856703117e-01
5.881249325416987306e-01
-1.018169836245184368e-01
2.748842664101169841e-01
-5.744564870562546277e-01
3.384781524573881040e-01
6.195469865802487597e-01
-1.681703127759260896e-01
-8.648118688002568322e-04
1.494498643042755925e-01
-2.431330765954563822e-01
-1.643888793837823548e-01
-5.278686368411372731e-02
4.795867056167388842e-01
5.508324177319137149e-01
-4.667460452187910946e-01
4.512262891413040267e-01
4.472511631421630107e-02
2.110737675532904645e-02
5.277523896239577628e-01
-6.204731762035024800e-02
-1.646213309969323801e-01
1.474386877000946530e-03
6.841543018940194898e-01
-5.125541116586258550e-01
8.253404760805111984e-01
-7.456137495832064477e-02
-7.520753948046305926e-01
2.764743540359549945e-01
-1.470324554545848761e-01
2.149581756235574570e-01
-4.233631897678891143e-01
2.728113096791839887e-01
-2.631828318124272981e-01
-2.758283855417688613e-01
-2.295691195436978804e-01
1.146339581572906330e-01
2.660588821269637139e-01
-4.012467095394471328e-01
-3.654621526118682628e-01
-3.071580617843867045e-01
-8.087959318463334712e-01
-2.100042855089665622e-02
-7.176177355364842247e-01
-5.822477605238732951e-02
-5.981659515459294973e-02
2.151865696106441961e-01
-4.770791530831936522e-01
2.596178695637724743e-01
-2.651393203284272554e-02
-3.993153268720822657e-01
-7.402743724164330130e-01
3.467086011332177753e-01
-1.617818628794953362e-01
7.974802679867809552e-01
9.215354523242494378e-02
-4.518052130116252951e-01
1.771001225044009086e-01
3.545604590471657103e-01
2.198214879998162119e-01
1.221834025487314040e-01
-3.865937993238659498e-01
4.484368950752967709e-01
-4.873807792500953195e-01
-5.603002858031791433e-02
-8.461604023564715804e-02
-3.341450122885876728e-01
4.351340535723672298e-01
2.758457865947977483e-01
5.001103395840967858e-01
-4.858930068084252318e-02
-2.370769878872796277e-01
5.033448971093449353e-01
1.462647359989382723e-01
1.141476561802109643e-02
-4.134649379482362996e-01
-1.978522179027594752e-01
-2.416940879275256415e-01
6.074564348116124890e-01
6.219802707421836496e-01
2.988243982185856407e-01
5.655862858165612295e-01
-7.214081345003898749e-01
2.259224598661611072e-01
9.008947242754735685e-01
8.292674468218571571e-01
-8.353588686193903767e-02
2.186429814264727084e-04
5.026024869153883357e-01
1.513544301050885887e-01
-2.321545103108436231e-02
5.102117762163373982e-01
5.299401431522876571e-01
-1.210575855733480866e-01
4.952815027137076886e-01
-2.987550842884459934e-01
-2.648152351993202647e-01
1.141314780877991375e-01
-3.492058483102138400e-01
-1.132315181884039623e-01
3.843038499147909404e-01
-1.366986233996805855e-01
-3.738786615126596380e-02
-5.101697888867182673e-01
2.157359068627944798e-01
-6.114575175149743469e-01
-6.727913099771289929e-01
4.109856762167855143e-02
2.548412235564931350e-01
-2.917572674262421395e-01
-4.098283204936917223e-01
3.662914730427391241e-01
5.088412735738119530e-02
-1.759951214487385507e-01
5.292892992782125550e-01
3.258426257302909357e-01
5.106180187275007887e-01
-2.145602382061901348e-01
4.697180269354092608e-01
-3.609618800689142759e-01
3.697825009242544647e-02
-2.976485660444772030e-01
2.673781504086433780e-01
1.740746364135667690e-01
-2.414573931308030552e-01
2.978913454493100632e-01
1.069386640714612424e-01
-2.860639710193542684e-01
2.478620845939139561e-01
-5.841759189195760982e-01
8.829825381200445689e-02
-3.994356597924497709e-01
-1.204420864463964236e-01
3.814674935745220319e-01
3.774301113639309535e-01
3.058123435022369052e-01
-2.783138749072271503e-02
-1.715650519593296952e-01
-1.167674239887498827e-01
7.552803519712315561e-01
-2.286497043834049003e-01
-1.306221184667514523e-01
-2.894126006030153242e-01
5.887960886386635062e-01
7.156859596832111370e-01
-4.283107868438218446e-01
5.120780018221124941e-01
1.905078554070862018e-01
-2.012536837815771806e-01
6.127008134895158831e-01
-7.084939313461674493e-01
2.489186234764301509e-01
-1.433945746047250377e-02
2.761744474019263776e-02
-9.590847071284006042e-02
2.751267313503009126e-01
8.431379755928739561e-01
-1.452101926682968780e-01
-2.747151112465206491e-01
3.299240432555061719e-01
4.661248355042206248e-01
4.536344254520849328e-02
-1.373589518204397786e-01
-2.152874228844153803e-01
3.408337622295144476e-01
-4.028020141891948125e-01
-2.757385310208184670e-01
4.773043752292502329e-01
2.615085022963361538e-01
-1.305602491792758613e-01
6.632268662516273283e-02
-5.599047537209096426e-01
-2.166759671162411249e-01
-3.921258633410428240e-01
-3.870676902943785969e-01
5.957252963576986637e-01
4.425585332712704822e-01
-1.238736621559182877e-01
-9.158050646937340722e-02
-6.831376087098939287e-01
2.875240377560498994e-01
6.494090316570355625e-01
-3.305033960754273914e-01
1.174936795384271815e-01
-7.215568737082993511e-01
-4.266583901411101221e-01
1.743444520791530977e-02
6.295122913315374102e-01
-7.218084862238327570e-01
-6.634236786179734113e-02
-1.124342630083084715e-01
2.317674709746463391e-01
5.356856510732739274e-01
4.392830520202303801e-01
4.163417291725607927e-01
2.130786109336058609e-01
1.168189005883367715e-01
-4.346129442875131810e-01
-4.151854844667834249e-02
-6.236190461509740768e-01
-3.241876078494038693e-01
-6.265218143625794767e-01
9.772360615798486583e-02
2.583183508409285234e-01
4.465620200227045644e-01
8.947713166184237399e-02
4.146897578096254700e-01
2.564089726436505901e-01
-5.873228929021433176e-02
-3.288283796985005947e-01
5.281383335227889386e-01
-4.812552183838195718e-01
-3.328695675622508898e-01
-8.161453697283927999e-01
3.525989357776364574e-01
8.448111869045435984e-01
7.149565417623428010e-01
4.521974359562364598e-01
3.310729838495545807e-01
1.115992080077230358e-01
-1.388335652417582999e-01
-3.189478471452449893e-01
5.021318209980737968e-02
1.616536499826622120e-02
8.738191560892986098e-01
-2.026996408243917636e-01
-1.895229739110085854e-01
-2.588474067200133844e-01
-5.297927285836083744e-01
5.559378091913143027e-01
2.625354997194974671e-01
-4.941667695168817653e-01
-3.361176940743447750e-01
-3.301196414872287765e-01
-4.324641065520183625e-02
6.229077944916800585e-02
-6.036534166964648701e-02
-5.354126865360364640e-02
-1.680691654182538686e-01
5.882661482718636314e-01
-5.180694015745140879e-01
-5.898760822350113120e-01
-5.572589883340278716e-01
-9.474595603659682896e-02
-2.090057422917933061e-01
7.517610444485709476e-01
9.787527973712190077e-02
-1.970593346107661348e-01
-1.378215373341045713e-01
3.811293186391531695e-01
-2.333171959942527685e-01
1.355923388210130420e-01
2.676299121566601547e-01
1.510005068243944204e-01
-6.518625421797005215e-01
-5.003457788034292308e-01
2.653972016923302757e-01
1.863335939203319969e-01
-4.825031102417323692e-01
-2.142293083852833124e-01
5.061457529664967758e-01
-4.710241177967723347e-01
-5.184859732954093525e-01
-6.547282534589711211e-01
1.291944447549066011e-01
-2.379426316025708976e-01
2.872417843948866789e-01
3.784611962278128794e-01
1.893120385206547573e-01
1.831888337570872494e-01
3.196918977784396487e-01
1.543958124446193625e-01
9.886859690373568654e-02
1.747701103936364631e-01
-7.362963559498882093e-02
8.781086459750373635e-03
-1.784534370856943331e-01
5.747753298003950295e-01
5.976431893396298711e-02
2.182264688134594177e-01
5.857826719185567077e-01
-1.817592011854972101e-01
3.277288467367522884e-01
7.342818809972179173e-01
6.250640682462416109e-01
-6.721560752691314589e-01
-3.486108706191217710e-01
3.419280654056985891e-01
3.241436054519762355e-01
-1.904368950540057392e-01
-7.348855514579828441e-01
4.039008755194324340e-01
-2.165028847232945142e-01
-5.894839805878889782e-01
5.419620197540242490e-01
7.413118543080955691e-02
1.924728567420058434e-01
3.618691669229022190e-01
-2.014573622329697833e-01
-6.673071617039016967e-01
-5.194342784327410367e-02
-4.730621253435582374e-01
-9.529751537805661310e-02
1.967969210332072005e-01
4.852736830050562861e-02
-3.744333142200038100e-01
6.774175694119506375e-01
3.248699027115298232e-01
6.261407406399680520e-01
-5.971991414287659561e-01
-5.308252916273727973e-01
7.578460911288467106e-01
-9.142106736763184961e-05
-4.914034089460088406e-02
-4.110980387259510760e-01
4.053367568563491785e-01
-2.467932512290333391e-01
1.621468258498410808e-01
-7.539838972114368820e-01
-8.933405737043482731e-01
-8.092154573061639544e-01
-4.049439383067144904e-01
-3.854957033187904614e-01
4.814793960285537744e-01
7.694539792299853742e-02
4.488867053111022520e-01
-3.591186857431653001e-01
3.934258196205642211e-01
-6.286164275541498148e-01
-4.941378371106386891e-01
3.393201915040634509e-01
1.807417988796968245e-01
-6.437398219162842050e-01
2.826001519409117660e-02
1.671500015458738386e-01
3.402358297041922497e-01
4.694557400473426401e-01
3.161336874663824015e-02
-2.517230694751181330e-01
-1.727952938998219556e-01
-4.373065975220735702e-01
1.338058141191367789e-01
3.543057044009070289e-01
2.988262909677334989e-01
3.176867139970423470e-01
-2.621647445775338592e-01
1.744105841656690137e-01
2.556432979931857474e-01
-1.004111544472010599e-02
-3.355781514848971137e-01
-3.916031252195455448e-01
-5.989426622998288430e-01
5.780813556916972740e-01
-1.134922126457428848e-01
3.034080113252717870e-01
-2.920116645916568388e-01
-3.135661087378130429e-01
5.292309061113087409e-01
-6.112875151953787167e-01
-4.318340407866870234e-01
-4.039350822504705896e-01
-1.203834387367460346e-01
-5.670167913989025976e-01
3.222823420804821759e-01
-1.425792571731155922e-01
-4.353307757759082852e-01
3.776443652595130041e-01
1.638692166973540476e-02
-2.369230570767147936e-01
2.547506577699366059e-01
3.827180790499301599e-01
5.829986099676502942e-01
1.802076405445167118e-01
-3.558301481836584901e-01
-7.428907716583623699e-01
8.666793238859990534e-02
-1.054119599236338356e-01
3.240933160141741542e-02
3.879678371691195338e-01
-3.351648285075473632e-01
-6.036530384730144638e-02
1.204900449539083873e-01
-1.230347571729024786e-01
5.365292032113717635e-01
1.240248578680405028e-01
-7.906304831294339031e-02
-3.093278118127336107e-01
-1.927117660675830568e-01
-7.278599879428264419e-02
-2.968639683936408202e-01
3.099639195073988218e-01
2.550570297154146071e-01
-1.153456833908765578e-01
-3.029943313277666528e-01
-1.068945154429201960e-01
3.711721974117746514e-01
1.969626287691296496e-01
5.250062480343963278e-01
-3.455545398695575310e-02
7.672992456626483992e-01
5.685689227745675117e-02
4.111199007507008174e-01
-1.742674105208914803e-02
8.917467182133682890e-02
1.913910700476795512e-01
1.414007315105649532e-01
-6.487457483030734107e-02
1.780102592345758072e-01
-3.610797196334124548e-01
-5.173933883487253915e-01
3.488217003834478414e-01
1.532476309206937948e-01
-4.863937666185094710e-01
-5.387327212249434227e-01
-2.263039638732814995e-01
-1.049549213941921855e-01
7.264355039594172503e-01
6.820297191889211907e-01
3.096352508946657589e-01
3.364361203519985466e-01
-4.932320482463482536e-01
2.750006136755140523e-02
6.570430436503469362e-01
3.534950802400946834e-01
-5.260227026506785197e-01
-6.322530965297600281e-01
5.180376407258490135e-01
1.792929729394652227e-01
-5.215176162203198906e-01
-2.715254358266373444e-02
3.915322039237625340e-01
4.017441922842883775e-03
-5.938627674017705749e-01
3.082997306078927857e-01
-2.813752958941778681e-01
8.613013337818159476e-02
-2.705665649835160558e-01
-5.351552164106461174e-01
-4.197621059303714985e-01
-3.554705339814409615e-01
1.991114083196120765e-01
-3.127487325577383848e-01
3.871574334385677330e-01
3.621792263670505774e-01
3.222664034145720224e-01
-4.898213267286238293e-01
-3.969612648972206670e-02
-7.126014166706827746e-01
2.652963956380493290e-04
2.622465312551059413e-01
1.796734903118277216e-01
3.419872774070130683e-01
5.724884937362569731e-02
1.251136245719672579e-01
-6.258512745333028038e-01
-2.646354716042716992e-01
-1.140679411308487962e-01
-1.267000256348794693e-02
4.042666710980857836e-01
-3.068724296369384485e-01
8.546170570615273243e-02
6.584972406063545058e-01
-8.029040546094774744e-02
6.839079654049086410e-02
2.423080223587132931e-01
-1.402821165765410216e-01
7.020704320908578433e-01
-3.597181852240734501e-01
5.995303875913040592e-01
8.515234904530639970e-02
3.122779266348409410e-01
-2.934952007950794584e-01
5.205794744381002370e-02
4.353521230237633599e-01
-1.657741855145146714e-01
-6.020212762413510443e-01
-7.815925276705018021e-01
5.095602858801145940e-01
3.166354970305884087e-01
9.000190410756533921e-02
-7.782664720759358001e-01
-1.579937594440035953e-01
2.218646069820639499e-01
1.018668126535401675e-01
-3.464218675793346858e-01
2.060774048005146741e-01
5.828417860691355312e-02
5.798796374232875195e-01
1.094322840808601149e-01
-4.784588898354364961e-01
4.715935864048956816e-01
-2.448205870813054408e-01
-8.955163049797578712e-01
1.470302653511557367e-01
3.598165452484997084e-01
2.144764608168728270e-01
2.719942229202215178e-01
-2.593958845302848371e-01
-7.607596292892260248e-01
6.991202366643083366e-01
8.702828458607628215e-02
-3.922652301263120367e-01
4.048339498642573170e-02
-5.571529903590782817e-01
-1.417905888493631306e-01
-2.286133620264080846e-01
4.704731145150999883e-01
-1.351666519322905213e-01
4.600525404435453769e-01
-4.656394807153618060e-02
-2.295868356563511292e-01
-6.116330937920163094e-03
3.439330759255663228e-01
-6.804642085730271406e-01
4.128944461989743631e-01
-2.155767327689690482e-01
2.792051439060835305e-01
-1.219904182240040824e-01
3.288393133895110565e-01
-9.364817536742925386e-03
-4.565899614488438396e-01
7.054044760039034079e-02
-1.261563456666537075e-01
9.899106805611571774e-03
-1.995594853349389741e-01
1.587975890269611445e-01
-7.336466096910809753e-01
3.063853971318092895e-01
3.760135614158075512e-01
-3.982448709016779276e-01
-4.690867767415217715e-01
-5.805645717224288127e-01
2.256442335645622577e-01
6.171863735032125931e-01
3.330446504855890666e-01
-2.385263937977880055e-01
1.926249546914114985e-01
-7.887230782270252538e-01
4.869072702094112692e-01
8.004937038360075974e-01
5.127067704822015903e-01
-4.234383508466820767e-01
-5.430531060194575543e-01
-2.315138879409142647e-01
1.320280076394942936e-01
4.411771907686160565e-01
-4.111802140848006548e-01
2.131321737220794738e-02
1.133742376497217375e-01
-7.589883303231540479e-01
3.551982622042864080e-01
-4.966922813834627470e-02
-3.604460066801803975e-01
1.482492374585667357e-02
1.792039408889040675e-01
-6.080913527973621502e-01
3.114892480613880577e-01
-5.093453999357809847e-01
-7.727325618480083980e-02
3.878668495721172560e-01
9.531715985634077459e-02
8.882550192805188649e-02
6.302635215745516079e-03
6.704999723322797589e-01
1.078416348483721143e-01
-2.705593471043805237e-02
-8.448602042055087802e-01
-4.145174546172533114e-01
-6.187532633090957468e-01
1.962007479448131808e-01
1.175729212209677133e-01
-6.898040141846432105e-01
-6.890577384533802530e-01
-4.533030147117476927e-02
-4.351130136927011671e-02
-2.174564928386389928e-01
-4.013695061932390784e-01
-1.894273013244546916e-02
-2.966578534633740882e-01
-4.508553156686048169e-01
-7.808285103227994295e-01
1.924232389837331469e-01
1.351466427495365275e-01
2.976526351787427971e-01
-5.531173968372464778e-01
2.864080022878679604e-02
2.408434889558317415e-01
-5.038405758671593571e-01
7.323758006239790008e-01
3.724307567142366437e-01
-6.272869448657140135e-01
-2.710389624953556398e-01
-3.457022040325954948e-01
1.495819209577720355e-01
-2.621095780501525030e-01
6.307938792802726680e-02
3.671734087821061920e-01
-5.188434367913055678e-02
-2.138228860263459152e-01
-5.458033210618578046e-01
4.801406537901088956e-01
-2.404147056417645367e-01
4.252595534127668886e-01
3.215796957335211870e-01
1.565534191816676801e-01
4.477381776336466501e-01
4.960477671163276980e-01
-1.709468835593087876e-01
5.027110318925759325e-01
-3.761087394543831119e-01
1.749590260468413816e-01
-2.510110846773948579e-01
-2.075264749202941628e-02
4.811034629159125497e-01
-3.951534641934782988e-01
-2.915304545607557141e-01
-2.706895747473266889e-01
-2.413965019855006111e-01
3.594611151458778631e-01
-2.318012316679360363e-01
4.430363609445597817e-01
-6.911899150373028711e-01
2.362525666685797443e-01
4.487615487151227489e-01
2.868194359514728564e-01
4.666598567141981846e-01
-6.430442698699629922e-01
-6.152800557152454664e-02
4.124894442835592701e-01
-5.833259224476279314e-01
1.102455950813488322e-01
1.215144418537061760e-01
2.995965172961797540e-01
-1.985853355091183881e-01
-2.955697546578553436e-02
-4.628669311112458828e-01
1.544392707695532163e-01
-3.509048397799783281e-01
1.040763579900963187e-01
1.277249548153780168e-01
2.094195367026206456e-01
-2.935928620570245062e-01
1.715621754605511917e-01
5.943255092946423401e-01
-5.731892884642103558e-01
-3.528881845634016523e-01
7.321040211827520294e-02
-2.272826317304855737e-01
-4.569100979088451253e-01
-1.763556097670808120e-01
7.056464929828056010e-02
2.429583111504381721e-01
6.063758287927448198e-02
-4.944953590132002141e-02
-7.165374146391436661e-01
2.033864496236179320e-01
5.182227535339579694e-01
4.828128462603013538e-01
-3.269892290312843008e-01
-5.413087654688704120e-01
5.738561092020608712e-01
-7.820150139021959657e-01
-1.211251323414740122e-01
-6.653168561034983330e-02
-5.492868045251280140e-01
-1.894917596174892083e-01
-2.051718935262847321e-01
-5.763359168795688658e-01
-4.637625718487587423e-01
-7.831546890791538651e-01
6.979576611531534969e-02
6.353497029916328476e-01
6.312530720471327683e-01
1.507452265480973275e-01
2.226267657318412863e-01
3.715927213553603392e-02
2.839453124135296602e-01
-6.915361517562530480e-01
1.647961535776610031e-01
-1.554501127535961591e-01
-3.227870298513952491e-02
-1.385099910803518249e-02
-4.448472912210959737e-03
1.059676548591414330e-01
2.076009440054416566e-01
9.783398995732042747e-02
-1.482186167134993404e-01
2.961249766022394092e-01
3.255691822606927022e-01
-3.792449252799329762e-01
5.401306482946825749e-02
-4.912865662407462919e-01
9.012559218702806962e-01
-2.347554533455983861e-02
1.615182566265288555e-02
-5.891097749662349559e-01
4.867849545645354103e-01
-2.723772134966674918e-01
2.350028483794713852e-01
2.522571961480880032e-01
-4.720280547654467362e-01
-6.452293605098433638e-01
1.565022680512659359e-01
-4.469496862450248464e-01
3.114171389249926203e-01
2.451794915754633153e-01
-1.323184737615773765e-01
-3.247762681191392331e-01
2.125356256596850346e-01
-2.324626988211703216e-01
1.060874859323684694e-01
2.053697178427625891e-01
-2.101315986208562858e-01
-3.450965041728298321e-01
-1.080874864254400547e-01
2.120604371635056162e-01
-1.790179073042673652e-01
-3.218928072920819172e-01
6.265991906089007912e-02
4.327117170561507048e-02
4.356925995640349020e-02
3.464932370835284714e-01
-3.549309565910711561e-01
5.620705088184202447e-01
-1.847813911715348312e-01
4.950657282791881553e-01
3.254555960796108316e-01
-5.778786553609569498e-01
-1.336825331137813377e-01
-2.847571916988923535e-01
3.708307964987092031e-01
2.025174541103611503e-01
-1.201984302435517710e-01
3.429898650505887603e-01
-2.902739057840654224e-01
-4.804014422028232145e-01
-3.236395737754681479e-01
2.384705633907397426e-01
2.231529679874676986e-01
-2.586500984783092205e-01
6.177462094302297313e-01
-3.170149119698374429e-01
8.527664448536849129e-01
9.741162110389080253e-02
2.139440785110087728e-01
5.611338831422211237e-01
-3.586379686055779503e-01
-6.788076199060451010e-01
-2.834954577864751690e-01
1.973218560659988907e-01
3.592466855217202326e-01
-4.557070546858829618e-01
5.224900534990839507e-01
7.662798852399590466e-01
-2.887192901188057048e-01
-1.648301467912999807e-01
-3.638862605761746805e-01
5.404580236398921489e-01
1.451439364295208923e-01
7.439344223915960071e-03
2.004067705621858930e-01
2.318478868320801231e-02
-3.175986990460630821e-01
2.842639238444251149e-01
-7.295332848722874131e-01
-1.876692637509990713e-01
-2.473477779451115910e-01
-2.137163806119891651e-01
-1.913959394053482421e-01
2.895632521324352782e-01
3.889806005735059746e-01
-4.403973575564230636e-01
-4.601985165691785395e-01
6.066023385515455502e-01
7.409287844026108960e-01
7.496832516606081187e-01
-4.027374695442140773e-01
-7.765906085393732283e-01
4.198990419428987875e-01
8.438114571412913545e-01
5.557141074464400088e-01
6.671116083072823333e-01
-1.851938952600597904e-02
-2.676446373865020711e-01
6.717080088273555960e-01
-5.656375220570913909e-01
-6.502290300479423024e-01
3.766916873689333811e-01
-6.570643491080223608e-01
-1.075023673639033117e-01
-9.682260568675521428e-02
6.262762004701293017e-02
-4.297666899290771281e-01
5.001498648120745738e-01
-6.080991920100320414e-01
4.686390229133640117e-01
-2.907227560661190813e-02
-1.299745635895225015e-01
-5.488019613146527531e-01
-6.056227774942848363e-01
-2.810585954192453342e-02
5.354920772847360233e-01
-1.661234386732371449e-01
-7.079406056687845838e-01
1.117048859176650449e-01
3.535057017706645932e-01
-6.211518747481281633e-01
-4.393691046892612695e-01
3.763808422787116026e-01
-1.755225946891919020e-01
-5.874087299499289871e-01
-5.375507789752127508e-01
-2.619420903948718737e-01
-3.293741035437087739e-01
2.304513804760997472e-02
2.182118719492200098e-02
1.918477602170078344e-01
-4.717502690146161415e-01
7.133460657125059723e-02
-2.918356292314037148e-01
-5.566422081121356058e-01
1.312027619444325055e-01
4.005986114475853510e-01
3.825065129003658859e-02
6.750650369216949498e-01
-3.212188901132187469e-01
-2.619390249060008502e-01
-1.757515815538570128e-02
-1.175877806452220453e-01
4.473535727363833758e-01
4.087432525023513286e-01
-5.982736253087816980e-02
-3.660534952882472659e-01
2.887420594769062321e-01
1.062508802775425677e-02
-5.475857377436098572e-01
5.390530975750071896e-01
-2.740932699983477661e-01
3.625940192885906410e-01
-2.755159494541248311e-01
8.453839911511593641e-01
-2.328395205267298484e-01
4.886985855274476598e-01
4.167459105260470920e-02
3.038478881821968791e-01
4.762333852748293350e-02
-4.472881783576085901e-01
-3.249080836664170469e-01
6.801994030643203626e-01
-4.819914755287806329e-01
1.218179710378573810e-01
-3.384619687557644530e-01
-4.286219178730634738e-01
6.147450847675896279e-02
5.295586261719126275e-01
-6.694427464640092529e-01
7.701538821362364784e-01
-3.898857039992483231e-01
4.397256764343612789e-02
1.778948172057833177e-01
-5.577648734961290211e-01
-3.955777216372079463e-01
-3.815923441277622313e-02
1.590213601072305860e-01
-2.765549078759179658e-01
-1.104316914538820416e-01
-6.456499978445541521e-02
-9.734275396748136300e-02
2.334589675140350262e-01
8.230143022929564678e-01
3.598285373459919612e-02
-1.494249069751291681e-01
2.222615926283487767e-02
3.122396755093368448e-01
-1.858981410303990056e-01
-1.588998404277461307e-02
-4.146662953390014561e-01
-6.009300907910323231e-01
-2.198367429091159231e-01
1.225710004204558778e-01
8.803883153372031589e-02
1.014670179299592516e-02
-2.221213245795733149e-01
-3.364490305983383611e-02
-3.946070801705363340e-02
8.183484085514408646e-01
-6.813937735891741898e-01
4.391816481376678016e-01
5.907985475827611799e-01
-8.212873019100570549e-01
-9.222490686683251782e-02
2.048368451404886381e-01
-7.792712568078441482e-02
2.318109660871432165e-01
-4.255441537178865641e-01
3.223130165839902528e-01
7.255201862952875835e-02
-4.972882153776266023e-02
-6.261284657818504407e-01
-1.405097704432905492e-01
-5.284473131369773480e-01
-7.233344076601434525e-01
1.435338228243590586e-01
-4.544808039910918640e-01
-7.845452401562272859e-01
-8.150783599064938267e-02
2.106200876959623547e-01
-4.293565703657518245e-02
2.720613643466781029e-01
1.210732138486525639e-01
-4.056847073715224572e-01
-3.924975774753028390e-01
7.438925495472259453e-01
8.003455382664731443e-02
2.380702081594863323e-02
1.144266182402338544e-01
-5.041104265948463947e-01
2.349358278166430170e-01
9.916525815514462550e-02
-1.955195463688577939e-01
1.014434142196577876e-01
-8.378364716133222811e-02
1.454799776006334699e-01
6.088227205680511733e-02
-6.144621118623366796e-02
1.847119202085450718e-01
-3.843275528347984693e-01
-6.391870454108922184e-01
2.754434218482276764e-01
3.331711160765073454e-01
4.420523227041385783e-01
-4.265114571874262239e-01
-2.911172157100790914e-01
-4.289717345406207638e-01
1.765392019160492709e-01
3.386720523165397470e-03
7.530296374587795993e-01
1.921376795197573539e-01
2.237424751740247353e-01
-1.867146138905106112e-01
-7.300793031858630877e-02
3.132499021308411402e-01
4.986048970548410675e-01
6.810828378615525480e-01
4.930141255467523909e-01
-2.880966998941127399e-01
-9.722804647884658591e-02
2.282812623383577155e-01
-1.362693195279056635e-01
-7.725673055349926988e-02
-2.771141150533883990e-01
5.742838471914496479e-01
-2.941281883716655859e-02
-8.731480832800729841e-01
-3.769776530637294343e-01
-2.680970620867127452e-01
-2.529343650360297846e-01
-3.419131351135887287e-02
-1.988515533709810101e-02
-4.662050346337518469e-01
9.324163496836297693e-02
4.241680097041161668e-01
2.040020153429694394e-01
4.914322687543108692e-02
-1.623987996995255312e-01
-8.405513771578145832e-01
-2.070868032514435186e-01
-5.074287275458321256e-01
-6.229100727004950322e-01
6.301482124658769335e-01
4.271966339147319491e-01
4.231278188846872568e-01
3.935842228943861043e-01
5.597809559901165688e-01
-5.279456788894534292e-01
-1.326059823586297204e-01
7.074874234033362574e-01
-1.187931346781127689e-01
-7.111245695703882763e-01
4.765491636257742636e-01
-5.979132889076003154e-01
-2.490725914020359699e-01
-4.522595254851667912e-01
-3.007344612424706076e-01
-9.384692400508033716e-02
3.637388776292095338e-01
-3.005176625229412646e-01
3.574237102793430543e-01
-8.393803236220418471e-04
-2.151546169225405647e-01
3.768377365840815951e-01
-8.876891982288485916e-02
-2.051160598495910259e-01
-5.064162271568012352e-01
2.418575972523155926e-01
-3.294392427502293996e-01
4.266669803272669648e-01
-4.257888316751720081e-01
-7.019218887547822028e-02
2.590591968575410853e-01
2.384422333941904060e-01
5.352139838674535577e-01
3.097157142322101708e-01
-2.280571215182726486e-01
-7.240277128898029435e-01
-6.704532418894137979e-02
2.299204100591667466e-01
-3.019207648112047226e-01
3.061089336641199532e-01
-4.123483108458022572e-01
5.030462146830573245e-01
1.132346692948729694e-01
-7.968205242240079464e-03
1.514781724213705993e-01
3.884836904587790629e-01
-1.305607589441300509e-01
-7.827511003020027891e-01
1.889577902855228975e-01
5.406519047414272139e-01
5.600834562040613029e-01
-2.241141862732283496e-01
3.952553292038832322e-02
5.690789175647595899e-01
-1.434716875424159876e-01
-2.428669755597712698e-01
-4.469376583701299421e-01
1.209978561508162076e-01
-2.285734470585436551e-01
-2.702272876259814629e-03
1.910252119034907825e-01
-3.398924649363923023e-01
1.867924960310024529e-01
-5.271392610555228897e-01
-2.966833626173421279e-01
-4.349965285584570518e-01
-3.065054208606090569e-01
1.347895290213889652e-01
-2.336357433978648590e-01
-3.998946880588518660e-01
5.626191828810596374e-02
-9.298373173051883989e-02
1.985966704920498205e-01
-5.798631428342734817e-02
1.881081114968221821e-02
-2.817618691067914627e-01
-5.554411689221132320e-02
3.815039922210887169e-01
2.952445576931995719e-01
1.820781372402089371e-01
-6.654064515108956135e-01
-2.673576102285483702e-01
5.004826366561383223e-03
-1.487004362295523130e-01
-3.636803106346467307e-02
-2.641183764077271734e-01
-2.042167483407164585e-01
-9.570849100460426806e-02
4.207229457398480310e-01
-5.165114593999333703e-01
-4.853293075862468164e-01
-6.471664065624027629e-02
1.793971193622715954e-01
-2.144038951856647723e-01
-1.484885740725205294e-01
4.489498452024708319e-01
1.856162686284443530e-01
5.756492670492623365e-01
-8.317242870882994854e-01
-2.434155546723128505e-01
6.718797002619627534e-01
-2.106135904857981203e-02
-4.244364858385490935e-01
-1.573953717607379232e-01
-1.738845411525350992e-01
-4.126726968965689357e-01
1.911775508883686858e-01
-6.651268100330538502e-01
1.375241138760074644e-01
2.192951801668427680e-01
2.977674585700757631e-02
-2.473450143150912051e-01
-3.064341431279494765e-01
2.087340080236874951e-01
1.081284524218847215e-02
-1.950156413202376593e-01
3.388973843023972421e-01
5.413594706496915876e-01
1.622626361674943396e-02
1.786794042549216532e-01
7.780598408952357770e-02
-3.298536174471070059e-01
-1.864556590845030393e-01
-2.311626634266101821e-01
3.538768074692750232e-01
-1.326507666886126424e-01
5.793787482012699996e-01
-8.644637047699697818e-02
6.641861086683586990e-01
5.782790861907743940e-01
3.737117389711295257e-01
-6.041443744629799995e-02
7.585579056287766742e-02
6.314697244759325256e-01
4.658574000105019097e-01
-1.560186705377691885e-01
-1.072296910041004581e-01
6.741267098050331974e-01
4.683863936565894059e-01
-1.186014613522286959e-01
-3.304548268698763724e-01
2.673797920140356110e-01
3.351341902274774798e-01
2.264888233829233932e-01
-9.630219078049544884e-03
-3.141751717103314356e-01
1.656685846747333601e-01
-5.589799220527192913e-01
-1.532320514900881725e-01
-4.572471165989292485e-01
-3.738297187011376810e-01
6.335589395698040249e-01
4.941485053071079103e-01
2.358410011712609722e-01
6.276273527377475014e-01
-5.104325972520558086e-01
-2.335718906193220701e-01
1.548017636358274829e-01
3.885948595223527868e-01
1.435488704530089588e-01
4.076588299570300111e-01
-6.334116112049680281e-01
5.113711649125582959e-01
-3.514466768352559334e-01
2.753947860755995292e-01
3.318484856093820712e-01
-6.429125649395452946e-01
7.245621436338645083e-02
6.105586629802332022e-01
-5.878754508646706345e-01
-2.148000320731309198e-01
2.237712151709163044e-01
-3.699094216678202041e-01
-4.631651835764042380e-01
-5.364501286522482815e-01
3.210908950409279705e-01
-4.143570396108440801e-01
2.979329987334778940e-01
5.687624167479503612e-01
2.065523081017703322e-02
-1.206653840830399470e-02
8.209719733621499982e-01
1.210988007512539405e-01
-7.635707001015071271e-02
3.702874659667330093e-01
1.657631011376203833e-01
-3.295074256035059879e-01
-6.269734304243348433e-01
1.589719636716451223e-01
2.057281607584297567e-01
-4.124553239723737219e-01
-4.339338660521065844e-02
3.739090873910497909e-02
-1.797774674080084012e-02
-1.885035264143849476e-01
-2.033747999809941698e-01
-3.623191325655107931e-01
1.116831446264073407e-01
1.780924118926992261e-01
8.098775177934918190e-01
-1.831286068464731687e-01
-4.894907709540682328e-01
3.307010609179034111e-01
1.927986585048939161e-01
-8.206170173081115404e-01
-1.631612134316832718e-01
6.474078427487347520e-01
5.335179355618319130e-01
-1.103173125583033903e-01
4.615877537799301655e-01
1.723285657979172769e-01
-4.586385475617991148e-01
3.202174960518869296e-01
3.146938424053352112e-01
-2.313380695185349167e-01
-4.282399345554240705e-02
-4.062483018544681412e-01
3.430599481322892386e-01
3.681109892163680897e-01
3.388960808135806912e-01
3.453128123972795116e-01
-1.283122127997549794e-02
3.720587055898481599e-01
5.223021407131435145e-01
6.854693833191802810e-01
-9.626299732575123447e-02
1.061359481415525760e-02
-8.167421686065613751e-02
-3.691166351450734795e-01
2.701813435311687939e-01
5.451074598985738984e-01
8.637678620097427595e-03
-2.228473840277034324e-01
-8.821021738698187065e-01
4.726982562611794503e-01
-3.853515344596123438e-01
6.850746906749405341e-02
1.471568365432823211e-01
1.263190222364244109e-01
7.045973008738309895e-02
3.811483822195338989e-01
-1.098919095511936284e-01
-5.620667089920948767e-01
4.499186950186017109e-01
-2.920800044527002703e-01
1.039544824930154626e-01
3.311509499532319101e-01
4.859369932998478525e-01
-1.360294366101533203e-01
5.033084266152427766e-01
-7.776557805195485340e-01
9.780128273508281039e-03
-1.415460472400992820e-01
-3.635548489191683386e-01
2.644080811633655811e-02
-6.371856029526173915e-01
3.471710776180662039e-01
1.048292793795348732e-01
2.391707738279798545e-01
1.541325985517735808e-01
1.207989174059831416e-01
2.981306861657199714e-01
5.027350751583810062e-01
-5.573099556293859003e-01
1.764346397683607681e-01
3.913196061677478022e-01
7.786932333609896117e-01
1.258319476059456266e-01
-3.780014495089381588e-01
-2.112270110854690824e-02
-1.025377921858572489e-01
2.585837423208063868e-01
-1.642888199967672269e-02
4.853296423767625156e-01
-1.860634018464450701e-02
9.198733892345323238e-02
5.664692224885694571e-01
7.095961570675037022e-02
9.380369680130754007e-02
-4.383414468571131262e-01
-5.739491123411942786e-01
2.598256736565238700e-01
6.584272909912132210e-01
-8.453874621557925240e-01
9.889537890318741975e-02
-8.289362808636483448e-01
-4.386855735470425177e-01
-2.819158071008748268e-02
-1.749132014940463220e-01
-6.996124419865981103e-01
9.532565290385952919e-03
7.288749047295111083e-01
-5.789573077866190243e-01
4.265980062956360452e-01
2.525106327553162111e-01
-3.641155795556699215e-01
9.076203542152555537e-01
2.563180004683062174e-01
3.678202058761689264e-01
1.728553532917631586e-01
1.747042787253229312e-01
5.905315626007275887e-01
-1.019085109464599737e-01
-3.181648368157169449e-01
-1.699241550304138038e-01
4.874808808145629224e-01
-5.401310546322047879e-01
1.779110658119227306e-01
-5.625888708957268447e-01
-1.700292850112049559e-01
-1.043093783588751669e-02
1.878082541707034037e-01
-5.761183389012831668e-01
-1.458309426685534815e-01
6.413934091514835734e-01
3.827783665074065977e-01
-1.425320400972379387e-01
9.419935587270451827e-02
4.424416016662694462e-01
1.843172563136872555e-01
-2.545217687167837806e-01
-1.958397006541003349e-01
2.285414160788838966e-01
-5.553493227250736464e-01
-2.601745033419162745e-01
5.066652513649302358e-01
-3.145433909051163490e-01
-1.126006338591458988e-01
2.022913856538289534e-01
-2.188641963381844913e-01
-1.511792056132348905e-01
3.642850719511795954e-01
9.270443818050062845e-02
-3.849426764361945641e-01
4.201184017190882081e-01
1.174128688743945326e-01
-4.122650957064702970e-01
-3.090230760195197823e-01
7.470788549624902686e-01
-8.608350174334221394e-02
-3.447350227721490690e-01
-2.283208801012995282e-01
4.361114443333661828e-01
2.365641803156569856e-01
6.209203889166713397e-01
-5.841710681305618547e-01
6.740340909659509050e-02
-4.872687237680236039e-01
-3.922725256718581077e-01
2.952663842340001454e-01
1.057405646925089066e-01
6.538101854401862090e-02
3.260340180101006236e-01
-6.184381120180999086e-02
7.586214147760428350e-02
1.927476972937214317e-01
-3.716310309162108583e-01
-1.959786533347689930e-01
-3.766436282574877614e-01
4.154783839942520762e-01
-2.878625705443613736e-01
4.836994115621666701e-01
2.388643471064299528e-01
1.589052622699071160e-01
-4.923446024925121067e-01
2.981336621931271686e-04
6.352010536940930763e-01
2.378576709026578584e-01
-3.204336594279294514e-01
2.249992383094476522e-01
5.241226438818116229e-01
8.757942427254288009e-02
2.232072316408695023e-01
4.632258019628476831e-01
2.040169091939403323e-01
-8.789071391362183183e-01
-3.764455943140828653e-01
-7.706737100191080048e-01
2.333888554209132687e-02
1.817254078098796966e-01
2.133670472931448736e-01
5.272893489415394486e-01
8.279729583311821184e-01
4.211480618311910229e-01
2.468675844836075162e-01
2.572378134810529571e-01
1.155208443452671041e-01
-6.840478118225209458e-01
6.653295127436675838e-01
2.700173240219664317e-01
-2.277290963151537839e-01
-1.650968250688780170e-01
-8.978121235792027033e-01
2.491659973473852874e-01
-7.336075485294069054e-02
-3.440380449196760448e-01
1.769413827084757029e-01
-4.770372325816233383e-01
-3.574101363604998971e-01
-5.314592298222720057e-01
-1.554623080729914952e-01
-4.586459055311079003e-01
-3.333303085743222205e-01
1.076872157443862776e-01
-1.741051670161922471e-01
1.595074370102846917e-01
7.916107218501747256e-02
5.949501586388858954e-01
7.782425542142192842e-01
-2.081354675829946710e-01
3.847515664166363814e-01
7.389789645334740031e-01
-6.558033324728604896e-01
-3.919925027803925488e-01
1.968957049931455705e-01
-1.702505158057679435e-02
-1.113712684203861936e-01
3.494539543450069230e-01
-2.383509581016295120e-01
5.574453045905202186e-01
5.007768267903116577e-01
