6.074536830036773860e-02
-6.136007052068923606e-01
3.344212701940076360e-01
-3.250052357033639261e-01
2.510071712011554546e-01
2.922876132086492662e-01
-2.196008851291129105e-01
2.064370438514511949e-02
-5.880246453505796334e-01
-5.014051997168014196e-01
-1.110734789054521054e-01
-5.170024516735134412e-01
-8.478701440343894974e-03
2.217551986483161375e-01
1.769647596296200498e-01
4.562516509244193830e-02
-4.133295662069564336e-01
6.943533616201394421e-02
-2.921579330344875602e-01
5.703058499478413923e-01
5.379793584312506649e-01
4.691336468917672864e-01
4.403797053348076918e-01
-1.328893326651584827e-01
1.755591319207668588e-01
-5.498199992725152363e-01
8.277461823085571768e-02
1.648550366278597745e-01
-7.028358226392814601e-01
-3.731157042287178149e-02
3.245959646860917952e-02
-2.676823413534263896e-01
-2.722635471332500723e-01
1.698873623810577549e-01
4.110423397431612891e-01
-1.373126421082582205e-01
-2.263217581857798755e-01
2.562854103504343950e-01
4.517380204710830793e-01
-2.085374282537810486e-01
-7.160152056665894937e-01
-1.123153130014899331e-01
3.748238295708891110e-01
5.453909697211479779e-01
5.072639614376747708e-02
7.265696916258482241e-02
-4.587169506287713805e-01
3.238898441855730947e-02
2.802142038298110482e-01
-2.531201420259378554e-01
6.837791259828551738e-01
5.036539032704259733e-02
-4.563471301902007893e-01
-1.453405758381319801e-01
2.723239613229007650e-01
-4.483614230666230771e-01
-5.306628284366897708e-01
-3.764677506008127783e-01
-3.861147254536554385e-01
-6.826374155697334523e-02
-1.666127775569810621e-01
1.070182893287181247e-01
-3.926083047742544574e-01
-3.170112590366175875e-01
9.548743931493472448e-02
-3.454868512190019114e-01
-5.492010828806550560e-01
5.958366003335132666e-01
6.460288673475629226e-03
2.130724700095973922e-01
5.457888950303528830e-01
1.795941319759761234e-01
-4.527180870304693683e-02
-2.647691297321259629e-01
-5.996798823786234633e-01
4.210544032048357810e-01
1.095272924364979333e-01
-3.922068155983535198e-01
4.759943751334367867e-01
6.922155923599654370e-01
-1.603840962526482117e-01
1.307950886735881613e-01
9.019798888891672473e-02
-6.380920006917357723e-01
-3.283632584137246013e-01
-1.896150509945155882e-01
5.570275403293138972e-01
4.220407239556866336e-02
-1.873673539157413304e-01
-1.107485018707894155e-02
1.310680054901121050e-01
3.282615392503405310e-02
9.553532388844263035e-02
1.050363500433851710e-01
8.020947457135977343e-01
-5.421413328846248492e-01
-3.134620138541075463e-01
1.987806977355507584e-02
-5.453574164534736451e-02
2.141235370523915035e-02
9.713638876253502530e-02
3.188822319217625434e-02
1.230127564912986832e-01
4.953936161590209997e-01
-3.422540310014576814e-01
-1.534329963176244149e-01
1.341753126193963586e-01
-3.477857347048470826e-01
3.775826383774547740e-02
-4.686322002070278936e-01
-2.104185636341532606e-01
2.265986539761437046e-01
-8.742006356218218199e-03
6.282949141143145955e-01
1.653114153617455395e-01
-5.279882558243595425e-02
-2.918520840275173889e-01
-3.926881620613448809e-01
2.387920470191338129e-01
-3.467345317141558025e-01
-2.746102003448847029e-01
6.292110141590562256e-03
4.254615783671671370e-01
3.654222195794684103e-01
2.705560533555872449e-01
-2.703751626380390682e-01
6.636885378403699631e-01
1.524421408998540561e-01
-2.717765472942083593e-01
-3.529110237618563461e-01
-6.746070440410938396e-01
-1.301570614987113128e-01
7.090879562666146940e-02
1.480320152279353541e-01
4.235338664426305244e-02
-4.354276553059203136e-01
-5.343839583966280421e-02
-1.112185113343365506e-01
-7.727484182891013464e-01
-1.241959453890413290e-01
-3.463842048996285117e-01
-3.158440843451955082e-01
5.264367722575548358e-02
-6.295954897973569074e-03
-3.741568947278390844e-01
-2.036027071527367616e-01
-2.803710745012233385e-01
-1.063195594046674984e-02
-1.381415904219849833e-01
-4.317798912519285048e-01
-2.033012593160022918e-01
-1.424949847630582224e-02
-3.248031986803858739e-01
-3.325571364808867503e-01
-3.046727245286143942e-02
-5.491444833586013596e-02
-3.370435157356046485e-01
-2.786773951710320996e-02
-5.826101952283894159e-01
9.416851830628683584e-02
-9.883134693175649188e-02
4.775262924542272164e-02
7.313774726377162416e-01
-8.320051788963243045e-01
-5.444981832501053498e-01
2.072792755685468891e-01
-3.122407579814087120e-01
-5.478618988153384217e-01
9.824458549714426558e-02
3.142061420680027362e-01
3.549977819481958119e-01
-3.165328127249208423e-01
-3.822568014732906638e-01
4.814254408470657054e-02
-3.396936314069547436e-01
6.564348650692535259e-01
-2.914926601471235640e-02
-4.765154574237184110e-02
-9.363192557728661214e-02
-3.772648716737848074e-01
1.460831751500061004e-01
2.043810063925728115e-01
-1.835234662897728408e-01
4.040756521951558433e-01
3.845875041734861943e-01
-2.416261767497263069e-02
1.201091095316695473e-01
-1.727289422141040920e-01
-3.400680432348180959e-01
3.166432500079304213e-01
-1.208460428097013484e-02
5.375063172711654902e-01
-6.147677846247997513e-01
3.751847195969648663e-01
2.890510550397370482e-01
6.337433739902741114e-02
3.925230163283508628e-02
8.782418669190193705e-02
-6.256442144662457960e-02
6.510267635235236217e-01
4.464881027424045801e-01
7.249519499349771356e-01
4.291180648605131820e-01
-8.610924643110026699e-02
-6.752635382614860515e-02
2.927157106232208903e-03
-3.735672188967568141e-01
1.424209280864452143e-01
2.113368025819123419e-01
-3.661715676019940968e-01
1.639254981044533932e-01
-1.321066673153185878e-01
3.463117159788853816e-01
-3.046876913969432943e-01
-1.959090818112459859e-02
-7.564928358187483770e-01
5.038426720516901991e-01
-3.564767852966067019e-01
1.306405447683382619e-02
-5.689495839418340362e-01
1.151784579531094227e-01
-2.214461380479860741e-01
3.166827061412065270e-01
2.504030604924513681e-01
3.355753366950623429e-01
-1.998531598948206645e-01
-3.785789785835821930e-01
7.424031848783844145e-01
3.865801730294450289e-01
-4.766907039192138096e-01
-1.111955880272351288e-01
-8.837068238183952429e-02
5.716616743598447181e-01
4.283005582826139857e-01
-4.169724137056246213e-03
-4.264361535713315221e-01
-2.678244036537780759e-01
-6.370247308875963410e-02
2.505463805807206512e-01
-7.455999091789401734e-02
-2.465238944383701253e-02
-1.720148322260068308e-01
-5.249047197401967013e-01
-5.512806442831140741e-01
-3.001248280304166238e-01
5.598701287588289111e-01
-6.852682807612300309e-01
2.297503953676318655e-01
-8.214647629705804088e-02
6.485209025758901236e-01
3.860717239197177797e-01
-2.720440533678142314e-01
-2.948442412689776249e-01
2.254330591143580698e-01
-1.686232253760281685e-01
-3.310770139695382586e-01
2.649135897461000755e-01
-1.612169698348154545e-01
2.126314810483291295e-01
3.344048347300064838e-01
9.776148549036900448e-02
-8.054342885092921622e-02
4.078538518699343918e-01
1.970476426864150310e-01
1.611857874760874998e-01
-3.196521707487169628e-02
-2.324640939775386717e-01
4.550884887263478146e-02
2.086462837717105723e-01
4.663625307590140157e-01
1.495515711259033376e-01
-6.380918762655477527e-01
-2.983819405618372000e-01
4.992250998576923393e-02
-8.594734686513413879e-02
2.285253263029065063e-01
2.148123279739897751e-01
-1.548619549166596610e-01
4.392321331731311451e-01
7.328619312662159047e-01
-6.592404204621188368e-01
-8.629522294688532838e-03
1.041726659843689590e-01
7.421510857698364605e-01
2.345308509014847054e-02
-1.014947860622582125e-02
6.863773832479975745e-01
9.222275849395909775e-02
-9.355546725887450843e-02
4.896738627137237065e-02
-2.455943583290914334e-01
-7.088777170810479575e-03
3.089625169578605890e-01
3.717530354628704320e-02
-2.020784011495839194e-01
-4.389444294647791844e-01
-1.903889855383633922e-01
1.207088440158338993e-01
4.464765792903010455e-01
1.011379364503088747e-02
-4.724223527902337016e-01
-7.731401467909033987e-02
5.866999400490530148e-01
-5.838174124064878789e-01
2.223827066840503019e-01
-5.979496883654139561e-01
2.287712968671523628e-01
3.085574622658838750e-01
5.585896471541373920e-01
4.789008801626848943e-01
-9.654817616658252499e-02
3.419973532497980195e-01
-5.821597453663216459e-01
8.154651798813330327e-03
4.542323914603345614e-01
-4.168882885494823443e-01
7.726152465574201433e-02
-1.052365276554643875e-01
1.015239817392288302e-01
-1.556059599016625106e-02
-2.098649038699936312e-02
-3.705781152086846664e-01
7.278957869076720932e-01
3.927617190506659806e-01
4.577930159858855097e-01
-9.532779769942474613e-02
-2.660864372633715003e-01
2.397974694945525370e-02
3.441039587701016922e-01
9.739424869455228298e-03
-5.275971948365292263e-01
-2.373150650301417142e-02
1.093576306611528104e-01
-6.635323769695559148e-01
8.524399941598477526e-02
-3.149414711713116599e-01
-3.715256584493228931e-01
3.260009988079762833e-01
-2.273252028582722906e-01
-2.933686036178163592e-01
-8.029258730605090544e-02
-3.505450115625048380e-01
-2.582936794807199066e-01
6.341266073043041462e-01
-3.413876449863422757e-01
-3.016741611664244815e-01
-9.804681366759100680e-02
1.797761944267430891e-03
-4.858754991373446797e-01
4.836680309184069326e-01
7.464015711394375759e-03
1.829823062651836918e-01
2.924909826754769626e-01
6.903812044432539041e-02
3.973291901522579272e-01
-4.814843299733724546e-02
6.528927605807383766e-03
-1.743987791948663491e-01
2.162527872651177074e-01
-1.889907526976188079e-02
3.815159998553590004e-01
3.298024021850848309e-02
1.267160040674556731e-01
-1.278139463936010523e-01
2.851266744602278316e-02
-5.145614475405374533e-01
2.134741379446982931e-02
-2.523193397626519868e-02
6.440099085258203793e-02
2.290050914579049302e-01
-3.834911571021710208e-01
-1.235965679777892706e-01
-1.989976993914125414e-01
9.059237111608239856e-02
-4.846165123862781199e-01
1.224325824261994905e-01
3.299329380554021363e-01
-5.805656495439339704e-01
-3.485453347213506720e-02
2.772036527051583432e-01
-3.579682152576284249e-02
6.304113596363841721e-01
7.243138599254937970e-01
-3.977238728379195454e-01
2.472536664870673626e-02
6.486136121282807254e-01
-6.619115036124355311e-02
5.195899216931045839e-01
1.573085669341831583e-01
-3.920520045626425636e-03
4.039350169307741045e-01
1.085978808809207330e-01
-3.388791502890047685e-02
1.299961987291442800e-01
1.852652158826281481e-01
2.097663521119776386e-01
-3.245690309832628406e-01
-3.402851673987178360e-02
6.148193116316724716e-01
-4.756903682035570347e-01
4.014052461378928571e-01
1.023091032971221725e-01
9.755954244094038053e-02
-4.169055132227396654e-01
-1.211961163792039109e-01
1.820813254678254611e-01
6.477932123067789427e-02
5.455899250243509968e-01
-5.201872917246025407e-02
-3.338868012306431265e-02
-3.159194925661208686e-02
6.699448523856152971e-01
-2.611690927413808372e-01
-4.448022500497972320e-01
-2.154151037211466391e-01
7.615064498245939506e-02
9.395940544565467567e-02
-4.103055278962643160e-02
3.957369147018608979e-01
-8.505803358217182975e-02
-5.444496131164723307e-01
-4.628976791675210589e-01
-7.123617682949109908e-02
-1.325128297983699938e-02
3.719395360128547878e-01
3.298764495523467399e-01
6.998040720313920826e-02
-3.606793376531691186e-01
-1.498949975775978327e-01
-4.260646072716564037e-01
-2.210216713410833034e-01
4.021128570067509234e-01
1.649623348119678978e-02
2.640033314704339773e-01
-3.527042593182748154e-01
-4.417181524630042766e-01
-2.526013584013233615e-01
-1.748745709240066282e-01
5.478336312983062006e-02
2.009959633995454242e-01
-5.626846917901127121e-01
-1.404385171545328818e-02
2.060335437038025297e-01
-6.291319177180407785e-01
3.414674284130918003e-01
-5.502758989459787253e-01
-5.427561027394038895e-01
1.597071977822175914e-01
-1.188502022323977524e-02
-6.126128949311155925e-01
-3.244157928132740398e-01
7.967457750963660712e-02
2.511474171261919297e-01
-1.551230177158326173e-01
-4.243960304828497399e-01
7.664643420727171308e-02
-8.940096611581173358e-02
-4.178928197898106323e-01
-1.791027678796952294e-01
3.743057385415518024e-01
-1.652278998809348365e-01
5.515673305814647875e-01
4.325130194380479853e-01
1.439694541694170882e-01
2.728559488099661645e-01
-2.148242122838934232e-01
-1.970932228127309505e-01
-5.252812036977014265e-02
1.269310284609528536e-02
-2.554353087526690103e-01
-7.458330667977665362e-02
3.198065401005162345e-01
-7.058783975015543027e-03
-1.189256897892998627e-01
-4.170595071028286305e-01
3.657311705609054275e-01
-5.953805100416258433e-01
2.259104438875483845e-01
2.112188246228419719e-01
-2.080480072785554357e-01
2.713359114449951370e-01
5.847512942630551935e-02
8.522815814489052011e-01
1.565622262279877108e-01
-4.183143685623443020e-02
4.755843813075381066e-01
1.734788880220525242e-01
-7.215055358439718125e-01
-4.046169499845990447e-02
-1.884201927406501109e-01
-4.561803257942677048e-01
-2.282923716823938021e-01
-1.215861611747201115e-01
-2.211520653029472039e-01
-5.233895573375124677e-02
4.550724959896138566e-01
3.719594120785530977e-01
3.438339310719768505e-01
-1.628396366411588581e-01
-3.305756756502017391e-01
2.850476113638131248e-01
2.360982419357854079e-01
4.272472904489048040e-01
4.947697174756773147e-02
1.588636046696393356e-01
-3.985553701300602047e-01
-4.949980731330069217e-01
4.848219203657919696e-01
2.373418987691982562e-01
1.800230295380047252e-01
1.467503935928678727e-01
1.643420465308057798e-01
1.214394570416621605e-01
3.555133784128471919e-01
-5.614144450104174844e-01
-6.867895975607489489e-02
-7.564725755696619647e-01
-6.777710197710979934e-01
6.776931382964128669e-01
-3.246917987884802570e-01
-2.274100802872541793e-01
2.875228510823381045e-01
1.839370833546743467e-01
2.997474298285104366e-01
-5.276922474758001247e-01
-2.504922210847674857e-01
-2.189419516028024149e-01
4.534262905088070617e-01
-2.127726832535173362e-02
7.716429148916397196e-01
1.505764643379616796e-01
-1.267875035667441475e-01
-2.035121076136109028e-02
6.641089295502056178e-02
-2.060103387107742046e-01
-1.547865191137076102e-01
6.360399826000048273e-01
1.336154468380249538e-01
-1.733694376281119109e-01
4.671699634735794193e-01
-1.434033507760999471e-01
-6.143413086124512035e-02
-4.928860105191618102e-02
2.129544088471767016e-01
-1.109121490565709578e-01
-5.908487502014585502e-01
4.129521305387403030e-01
-2.001495020061842128e-02
5.350244857514363517e-02
-1.294835030439398481e-02
4.859887896280448150e-01
-4.275627120396215952e-01
-3.278513884089914732e-01
-5.283391126237375612e-01
2.164538474506552679e-01
3.432196410423774546e-01
2.738895367672736780e-01
1.673754276589852208e-01
4.517689523555402653e-01
3.947655220182759161e-01
-5.145480745477062356e-01
3.503297734767083504e-01
-1.993031796661882959e-01
5.080291817106915575e-01
2.158307313980699638e-01
1.533572285962316040e-01
-2.529680142186689906e-01
-4.332812785127433952e-01
-2.651832239125355706e-01
1.984376225363908564e-01
-7.168350125121516481e-01
8.553007618059435546e-02
3.748634583189649483e-01
1.763546825720754829e-01
-2.647900931238952871e-01
5.138719105060837733e-02
-2.677845633216975330e-01
-3.185388361700002280e-01
-1.640777891770419175e-03
6.051616014888703265e-01
3.686812974976231283e-01
3.405580082250495577e-01
6.305913633114849925e-02
3.572100652666775344e-01
1.897847749014632684e-02
-2.938533169330448946e-01
-1.134935301668419105e-01
-3.317775117586264089e-01
-3.688195666226216640e-01
2.226415184384281931e-01
3.086104573751042301e-01
3.670062747586472773e-01
1.746680598168761089e-01
4.221917827924263206e-02
2.017853301003818545e-01
1.332890699956820191e-01
-2.866209389781896877e-01
-2.791092426198910070e-01
5.419062689359117613e-01
-4.191494473007235100e-01
-6.760645982880450489e-02
-4.103220560969361719e-01
1.016297084279111224e-01
-3.566951271681990665e-01
-5.233864375764601951e-01
1.029911581120530606e-01
-2.327744691176963365e-01
1.800869675089906696e-01
-3.004391134273388664e-01
9.181160034907681622e-02
2.425763053352067988e-01
3.639945046537550882e-02
-3.108397610385831289e-01
2.090673247822696576e-02
7.398140162725930224e-01
1.955236310152030366e-01
5.921729361563036198e-01
1.972222874398636416e-01
7.855945600967798037e-02
-2.380960995069947555e-03
7.693052776237593871e-02
-2.792562540379686098e-01
5.905833908098175877e-01
-1.671831222863396083e-01
1.719399429646658595e-01
5.248263553318200936e-01
3.673372845204067594e-01
-1.093038494831143626e-01
5.198870284756230697e-01
3.178349170989128725e-01
-7.465658318612568289e-02
-2.842683921386947588e-01
-4.607170337878947475e-01
2.893382951198317232e-01
9.663509645974444062e-02
-6.981143753597287560e-01
-1.561689117522308823e-01
2.520152381658626317e-01
3.268720015282386426e-01
-4.549240715163189175e-01
-5.936271437310743915e-01
-5.116669191664423577e-01
-3.881937075504598988e-01
5.854947298136516931e-01
2.840836635888953077e-01
2.332718151681055785e-01
-1.844349523461402685e-01
-5.246178667919046967e-01
-3.581807851494668293e-01
-3.180593635085697812e-01
-5.407053741849154882e-01
7.937495494542221031e-02
1.204839926604439476e-01
-4.374788453647520531e-02
-7.419369795546398860e-01
3.941054051918124745e-01
-9.524930433995234744e-03
1.792006591601033594e-01
-5.358100894833539574e-01
-3.106688718829810902e-01
3.929661118850484303e-01
-1.734717486759415062e-01
-8.285307492203060065e-01
-3.902251608458272569e-01
-3.730166695335332405e-01
-3.922098170549637719e-01
9.700215777584524426e-03
2.198698864279376997e-01
3.050087457951032310e-01
6.437284900574943847e-02
2.603600781178125878e-01
1.944193848193810914e-01
-7.111996732898752116e-01
3.920651274096512151e-01
-4.395826311051707069e-01
-2.812427685113312870e-01
2.846242890168160788e-01
-1.709843748106955608e-01
-3.707392410421510021e-01
1.521470107344553846e-02
5.562857065418806979e-01
7.404708440837390326e-03
-1.215922768501606910e-01
1.562075445156163589e-01
-3.661474183760662360e-01
3.002650453822805834e-02
4.955713570007439506e-01
-1.762473775164856080e-02
-5.277545641379985386e-03
2.621517667539334240e-01
4.103527526718290554e-03
-3.343309440907809571e-01
-2.878908313052265244e-01
-3.398803459742663624e-01
1.136803660775141667e-01
7.297998046781747905e-02
-4.053652280871614666e-01
2.482806746589746177e-02
6.208878508428447018e-01
5.258111904785490731e-01
-4.673721849597591710e-02
-3.713291043708671219e-02
-2.674323116967372016e-01
-2.348874570155759789e-01
2.603447900499645806e-01
-1.167141251032986216e-01
-3.993208609776181528e-01
-5.742185239269175234e-01
1.682575631990143594e-01
4.567557874934031203e-01
3.618994597546563718e-01
5.022937895550730891e-01
1.755567495413261070e-01
-2.589076189129770889e-01
-6.122201727990927989e-01
1.940316516421805582e-01
3.801482315570929582e-02
1.813884931302685855e-01
1.790366315720615387e-01
-7.694485020521928120e-02
-1.643326394049621567e-03
7.510542445719148308e-01
-5.519012506894320769e-01
-4.911522125753475798e-02
-2.795996999184844345e-01
-3.306182258309310340e-01
2.198589043949227551e-01
-3.716379090978540189e-02
3.558001731443669602e-01
-3.215539580913879258e-01
2.661218461547075753e-01
-3.963111872742542396e-01
-6.193875285458072533e-01
-7.420743495011189461e-02
3.184666983030736143e-01
-6.451654681234623157e-01
3.819845795233904884e-01
2.500943460453651790e-01
-2.869914236025066234e-01
-2.058655326027330479e-01
-2.265891656195296866e-01
4.726402253867887371e-01
1.218620540565094335e-01
-3.084810957782297969e-01
2.979428295314925923e-02
-3.777190644662747898e-02
-3.440378847922914707e-01
-4.501570350532190790e-01
-2.310246204239064516e-01
3.958958334620619191e-01
-4.376194251504213900e-02
-6.337299739773631924e-01
5.843358758854861890e-01
-6.091884538697434071e-01
2.742119932807717819e-01
4.416483405164399120e-04
-3.199359259352081188e-03
-1.736852589438031003e-01
-3.676349136402061180e-01
1.030383855164475199e-01
-1.641922579862293563e-01
6.030092965174518316e-01
-3.006354957303002395e-01
-5.103195146061323406e-01
7.017059199389295010e-01
-1.338970485423665036e-01
5.710213954393006386e-01
-2.158754419510411637e-01
2.873662910034724405e-01
-1.686895095030878644e-01
-3.030226432610413356e-01
-7.284396439302851523e-01
5.550032358018354151e-01
3.702141286624815453e-01
-5.546611070265597965e-01
-1.048180106356215169e-01
2.518808681262813542e-01
5.936757988869428154e-02
4.353650443068484144e-01
2.620904083452614275e-01
2.402015444279035489e-02
2.822827828360695568e-01
-1.263901806148386431e-01
-5.948332483042410024e-01
5.442330532678941735e-01
3.121941509478404764e-01
2.576997122719186795e-01
-4.205999008450484467e-01
5.192023014387257135e-02
-1.326158478728580448e-01
-2.964319481407406420e-01
1.431219861392735715e-01
1.120909908586956716e-01
4.936618879803440080e-02
-3.539552142596043283e-02
4.261163211280551977e-01
5.148210499243776050e-01
-1.242176768178345492e-01
3.026022940871657685e-01
-6.097952776196144051e-03
5.374089259485825831e-01
4.298031972361162079e-01
-3.725458923343891171e-01
-7.587284303436672706e-02
5.229205090442354820e-01
2.786478055316456148e-02
-2.216774099752731320e-01
3.151514688039496748e-01
-5.032052326035587608e-01
-3.401156735747983273e-01
-2.175198866635603967e-01
-2.271685774604554620e-01
1.595540206167478381e-01
2.159635630518641214e-01
-6.085365829060711551e-01
-2.309992950871213591e-01
-4.000027960847236663e-01
8.108239696575564315e-02
4.875969004298228403e-03
5.212401928714232024e-01
4.245352274645800561e-01
-1.217821860665871114e-01
4.368789823404808231e-02
4.267277285654488828e-01
5.058462279180589993e-01
-8.929906060235529713e-03
2.128695293893102802e-01
-1.377685742309129879e-01
-4.607266606536656317e-01
7.315053874983427074e-01
-3.387361448871742953e-01
-3.947598828393624193e-01
-6.357092666632619959e-01
-1.994825875137141644e-02
1.644495307954711438e-01
2.185724933372153456e-01
2.057997531109171663e-01
-5.205497088947073914e-02
2.440036727699418095e-01
-9.627782449547628296e-02
2.727831268546851984e-01
-1.450111283436940623e-01
4.653003951078357181e-01
-2.948567742441572936e-01
4.163550637950013678e-01
-4.194205298022150585e-01
1.504112443330613835e-01
8.322025200367484665e-02
-1.335706116537332122e-01
2.067973650169466215e-01
5.949715122674336110e-01
-3.649329148383424481e-01
-8.655364834684980968e-02
-1.597087415404623567e-01
-3.429984771908142216e-01
-1.080300049430397424e-01
1.474471957818176138e-01
-1.197505714093504564e-02
-1.482356206375043950e-01
-3.048891325883896775e-01
-6.556916949291771712e-02
3.471270907568558273e-01
-6.954102883912488542e-01
-2.995636658660909002e-01
-1.202089420766667416e-01
-4.585890523428284293e-01
2.063591388453099862e-01
7.332468226690755375e-02
2.399998613161956063e-01
3.218487771858150048e-02
5.361527246885082754e-01
1.784299967372065809e-01
2.074076902131878342e-01
1.855650510657131658e-01
1.676846296976383932e-01
-5.002882219629740668e-01
-3.942341882720020174e-01
-6.851670246448158252e-01
4.448806670147315012e-01
2.553967707350430702e-03
2.232674218604547289e-01
-1.437174021910908872e-01
1.359491404353530553e-01
2.169374574072668871e-01
9.466067271817785178e-02
1.989687389996891154e-01
7.780825383840613008e-02
-4.078401282935820854e-02
1.639525140160842387e-01
2.174436844043290407e-01
-5.437060956737034267e-01
-2.137862149927652888e-01
-7.429594364840953480e-01
-3.867767749427989399e-01
1.767426310461333791e-02
-1.254246318067276100e-01
3.830989542811695792e-01
5.369029931888018581e-01
2.392272345806727846e-03
3.079627520666146090e-01
3.115284780421868627e-01
-2.047709228333360887e-01
-5.319364660970800074e-01
-1.388900649622519801e-01
7.610009246812403372e-02
-9.552668893657964566e-02
2.384094460879027377e-01
2.856506405059209275e-01
1.555995714870694047e-01
4.753089274417284238e-01
-4.137744177552735714e-01
-3.035825053346660196e-01
5.529707393339202692e-01
1.234046867258325325e-01
-7.894107754921845244e-01
3.638494648302524337e-01
2.598268449168673055e-01
-6.610441485676393780e-01
3.469010243679458982e-01
-8.174400838212303455e-02
4.865543930459275135e-01
-1.025513203513348792e-01
6.621990426376946903e-01
-5.814841457288273396e-01
-2.685306829163105480e-01
2.621188640165281747e-01
-4.412673829039400752e-01
-1.195762823268964326e-01
-1.793416518536621318e-01
-1.873007897252143283e-01
2.990568688490163329e-01
3.367819559127658430e-02
-4.558013817367714271e-01
3.349232490657567674e-01
3.283154092597960205e-01
-1.195994718266805146e-01
5.220220178255853272e-01
-2.520276416332555280e-01
-1.554842934120102826e-02
1.003499609944326215e-01
2.041460217191384263e-01
9.553548908593756384e-02
-4.348996960022405434e-02
-1.931734379270882429e-01
1.444777263064985773e-01
1.498678727888409501e-01
9.563005345271519131e-02
-1.270388516624235686e-01
-1.221675785528185676e-01
7.141468961035403185e-01
-2.286414831580759754e-01
1.640480439764305243e-01
6.297629853375313891e-01
-4.587545048387706714e-01
1.568645258678917718e-03
-5.398082822478537102e-01
-6.817995593809617061e-02
3.652317648918552151e-01
-2.546749402669976625e-01
1.316991577817480663e-01
5.547150623479778497e-01
5.759308853942098905e-01
-5.066860909334288537e-02
1.831907656715774102e-01
8.077089692080199335e-01
-2.166760588863926029e-01
2.611263437151033484e-01
-3.691109511787922237e-01
-4.102378254901393739e-01
-5.761117797749788771e-02
4.338448097149431026e-01
-2.419124904931572451e-01
-5.579432439353813056e-01
-5.612483671519549189e-01
-1.335960553563518283e-01
6.740491974225330807e-02
6.334987061654286933e-01
-3.818081715167066514e-01
-2.606697424962653997e-01
6.800704537243172990e-03
3.169279871940076654e-01
-4.732348603883023697e-01
-7.080047011065110363e-02
-6.238346407401246067e-03
5.254703140742085221e-01
-5.160669598393780033e-01
-5.901759065104577040e-01
-2.499024141482278638e-01
2.722524356477502572e-01
5.118806775555914124e-01
-6.247809950680071056e-01
4.187936503699086765e-01
6.537976051518699094e-01
-6.188381525521099435e-01
-4.761055818740992374e-01
-1.677141630844165010e-01
-4.769209885112232206e-01
-2.011894934482963415e-01
-2.427513088092920768e-01
2.957388767054918710e-01
-1.236760172298712462e-01
-2.431459247365335974e-01
-1.475135527505810340e-01
2.842915003282332764e-02
-1.462611714060844115e-01
4.276332951433932106e-01
-3.815797528268982108e-01
-1.143314175323176946e-01
1.876205696444432081e-01
1.601112037924057041e-01
4.880251065636942442e-01
3.215839077476719821e-01
9.619187145986424214e-02
5.291772745054892368e-01
3.499977134419508112e-04
4.337047927650473089e-01
1.117702542005540867e-01
-1.532166188150669295e-01
-3.201244362664329990e-01
7.048008261248277506e-01
-7.750170389426036532e-02
4.639605846558036983e-02
-2.137806229868777219e-01
4.077434743956168672e-01
-5.443388315796566790e-01
3.450699062120796690e-01
-1.595667719116367900e-01
5.371331859096575290e-01
2.082487902570564348e-02
3.745983562635494257e-01
4.332412177137465736e-01
4.360813360820067763e-01
-6.181278309722769426e-02
5.900754657347420662e-02
4.953127189928688279e-01
2.020299398611442310e-01
-5.523173765646312294e-02
-3.578772411403154941e-01
2.135211868049332329e-01
6.033390012813433234e-01
-4.047473925305668518e-01
-5.808107289626305292e-01
1.789383151108589476e-01
-2.859608926746987079e-01
3.238626992875708321e-01
-1.591928640409812079e-01
1.469627025704658418e-01
-2.705019451764327232e-01
-2.866730075756624418e-01
3.258256698891233150e-01
-1.533312900983125893e-01
-6.639344235004129846e-01
2.693515437770115373e-01
9.806125219156931749e-02
-3.344728164469266130e-01
-2.242855916136192451e-02
-2.900028698909647984e-01
-2.507177840982918182e-01
1.478030596258697593e-02
-1.361094896884430805e-01
-3.701941881803791912e-01
-2.455144496171082075e-02
-6.629778775430920090e-01
7.513977317406259626e-01
1.718625537290499883e-01
1.819912871946868793e-01
1.049974937193372121e-01
-9.819838343723689966e-02
4.888161364825551747e-01
-1.278164619857138570e-02
-4.661983196166812338e-01
2.716976365005880911e-01
6.622183368715448548e-01
2.651640464810142706e-01
-4.127468617004039775e-01
-5.543391069868129906e-01
1.799401469293162859e-01
-3.969056301342359649e-01
-1.438701012025074902e-02
-5.465018216808699147e-01
6.467404951876198904e-01
-1.472742476854140836e-01
-6.533412229247748115e-01
-3.654964254185356087e-01
1.353359452870983304e-01
-6.230951036302794649e-02
-4.936490958472961044e-01
5.728692817331249021e-01
7.634456467223380005e-02
-2.943226609283883591e-02
4.546937899596992239e-01
6.468503214397193224e-01
-3.321588123087552968e-02
2.532974937850648867e-01
6.459163086888142224e-01
-3.268643081122660776e-01
-2.949265218626892504e-01
-1.884536109924309366e-01
1.223997653834972971e-01
-1.823296757919218858e-01
5.931622489435166290e-02
5.523068637091248512e-01
1.244555920900129037e-02
5.583135158398662146e-01
2.555634625958514983e-01
5.127135159541919007e-01
-2.403000506624770050e-01
3.499641545343757931e-01
-3.662256766818889897e-01
2.212819096480191927e-01
-4.567249446790819789e-01
4.452897245665570214e-01
1.771881376100717387e-01
-3.515485688421340210e-02
-1.276926167677013280e-01
3.470069846871390862e-01
3.710633775616621333e-01
-3.307944922706110846e-01
-3.909572695105038020e-01
6.719924668269200430e-01
2.608709377441627009e-01
-1.692032317284368204e-01
1.284417167904016999e-01
-2.833770032356466295e-01
-4.531725447155882103e-01
-3.975935996438909048e-01
-7.382506267091898389e-02
2.809015742504225033e-01
-7.689040234084040804e-02
-3.298169614548693285e-01
4.036125875584346545e-01
2.348317204996004937e-01
-5.038995086626378850e-01
-3.902330379446569686e-01
-4.052132742824600675e-01
3.038536253697061151e-01
-1.098008108323039189e-01
-1.820703336157564536e-02
-2.667449887563859701e-01
-7.864407869422830599e-02
4.178062766533442440e-01
-4.707485125485329491e-01
2.605020865855526835e-01
6.722126579385636624e-01
4.038724864282450255e-01
6.311857024915062953e-02
-7.879959341392001049e-01
-1.911430745947343135e-01
-7.868416287545665355e-02
-3.545955877764897513e-02
5.455991169449027067e-01
-4.759518314963415153e-02
1.736867265739228117e-01
-6.249684615316657144e-02
-5.755545087606790400e-01
-2.357347318153264672e-03
3.915760845007146274e-01
-1.652591565877476465e-01
6.572309733039953805e-01
3.255145784816086962e-01
9.006634314880546457e-03
8.685265983569273596e-02
-5.489683856649357763e-01
-1.100229419493086586e-02
-3.463595914091170680e-03
4.786582443415472454e-01
-1.749897524566622342e-01
2.466497059301503980e-01
-3.990812336174394681e-01
-3.133588380529120920e-01
-4.930072918962865591e-01
3.062504380415871363e-01
2.423058181769589536e-01
7.153085973306285705e-01
-5.053019241381710991e-01
1.228705410164578349e-01
-2.701221095581782805e-01
2.653731647227540735e-01
3.588320164432200476e-01
-2.671367321976503284e-01
4.086437971289730298e-01
-1.135243674347460041e-01
6.418884863902735161e-02
7.016091541957162336e-01
-2.159673673830584950e-01
-1.321117456766113529e-01
-1.355702588344375459e-01
-1.851436886527156600e-01
-5.213685280387981430e-02
-2.706579452484292325e-01
1.360696723437867794e-01
3.674161786144305997e-01
2.726124792205024128e-01
4.058500651326641950e-01
1.948918452637153353e-01
-5.002335425249444800e-02
4.175895398311647577e-01
1.220425941946331680e-02
-6.304026170214453995e-01
6.986647167439045125e-01
3.392967689323380109e-01
-6.167226376385577247e-01
-4.305709738083283999e-02
4.822999050435483603e-01
4.110823053350060041e-01
-3.089610832337397195e-01
-5.023573228993268858e-01
3.525675638259556099e-01
-1.217381396061805038e-01
-3.252760802925754313e-01
1.724275917659912061e-01
-2.036413872493032240e-01
-4.645077617596310438e-01
-5.426311744648570912e-01
-9.211439465736367960e-03
4.554885511544067844e-01
2.251585806157702652e-01
1.711534035190184766e-01
-2.986354080586062221e-01
-8.777500427050249909e-03
-1.361202721004845517e-01
1.319158909441356942e-01
2.791970016026174006e-01
-2.260479054392147136e-01
5.211735833485826586e-01
-1.317265339159723048e-01
-2.192440328303099650e-01
-6.115118079818309127e-01
-1.584544268048038440e-01
-6.821575110857587727e-03
-3.232596211049642010e-01
4.207594883749712356e-01
3.582913096262532182e-01
-2.243121990807334099e-01
-2.471979498470651682e-01
-2.489887224410485267e-01
-1.112587652271865846e-01
2.755629362733724719e-01
8.550574971826815918e-02
5.702885570008954241e-01
-5.125789058961375266e-01
-7.035614796581433558e-03
8.807104291346928848e-03
1.268020946535238780e-01
-1.071517101331499189e-01
5.742400122769483750e-03
-6.014541685580919728e-01
-8.893864413723097384e-02
-3.692614877446481758e-01
-4.854212788395753653e-01
-2.178628265266336294e-04
3.728137476789405991e-01
4.744106900144643979e-01
3.480215918419512361e-02
-5.184312593246958034e-01
2.049040746178938388e-01
-3.896642588218341974e-01
-1.281231649719039301e-01
-6.164952510478186598e-01
1.218871087703005118e-01
-3.079715614051681261e-01
2.123105571199934150e-01
-3.138995946549291705e-01
-5.824954951798747560e-01
6.339499635707927794e-02
-2.608954254551567042e-01
-2.916765663891084381e-01
3.089529492600829319e-01
5.264271390116158633e-01
2.300952686132214930e-01
-8.127165055847146435e-02
-7.718888505211125850e-02
4.234098722873830267e-01
-4.996039517790779594e-01
3.518673140808878941e-01
1.449957093451604839e-01
-6.547732499839338249e-01
2.207289178853231171e-01
2.313829163984903736e-01
5.633052696562459993e-02
7.067258541241017156e-02
-4.808749879645089764e-02
-6.440335467375501999e-01
-2.970229603088056849e-02
-4.075591363161337188e-01
6.987032692630440467e-02
1.517444616077459618e-01
-8.667436716893718585e-03
2.397136240217250525e-01
-1.606585508640831217e-01
1.081036961133869101e-01
-1.087077008062917738e-01
-1.337134437877622595e-01
-4.310204522358295764e-01
-1.496399008965969279e-03
6.429538750844179251e-01
3.647393218144088234e-01
-5.085327784509148241e-01
-3.201092597681263197e-01
-6.295739010949297221e-01
5.446062003098774834e-02
3.014954335302739291e-02
-4.501535289919812999e-01
-2.067186067211358447e-01
-2.921965744609778537e-01
1.003631128520959398e-01
-2.408713683829144525e-01
1.727582771832483419e-02
6.219862207375989605e-02
-2.333751222731031971e-01
4.492848280285179907e-01
1.277573707529773284e-01
-3.570380483669489680e-01
-6.381773442614613323e-02
-3.823840865633040265e-01
5.653363808605051805e-02
4.681719436349949248e-01
5.952089510144020768e-01
1.385368272896101427e-01
7.782920130564388583e-02
-2.342799740691925425e-01
-2.175675521636582233e-01
2.377273797982059622e-01
2.426732335133269247e-01
4.260500104809413768e-01
-1.578943260081958344e-01
1.091684015861749298e-02
-1.018333279310738859e-02
2.420148686679795547e-01
3.045587220738392720e-01
3.114250428101381640e-01
-4.019433567738477930e-01
-7.218102849823417877e-01
1.434457308314550095e-01
-1.327611674426721622e-01
-4.019024978119732361e-01
-7.427563706877415850e-02
2.688725276558042721e-01
4.359093422064337364e-01
-1.617990924603921465e-01
5.475602432191067903e-01
-2.320304976385758056e-01
5.351754756871517360e-01
2.645548557746679741e-01
-1.175825899238473748e-02
-1.882449494920917787e-01
-3.126812397075010574e-01
-2.486646877015449841e-01
-2.414118477577245903e-01
-3.509919384366469997e-01
-9.529530552741857785e-02
-3.079734482482826552e-01
-6.083300235461756855e-02
-7.680308136646147865e-01
5.070797609029584763e-01
-5.520670841628629866e-01
1.121374367580985493e-01
-2.205458238515845271e-01
2.461494462404927308e-01
3.160150893770407032e-01
-3.757872859074732896e-01
3.891325534008563958e-01
2.575466509292833606e-01
-5.439452094012405814e-01
-6.625681563641778737e-01
5.776359371059400782e-01
-4.633451121346979784e-01
-6.080346190397702827e-02
-2.584837095483576430e-01
-8.280072448005236507e-02
4.882161545999763597e-01
-3.360295972251031021e-02
-3.710770257931098048e-01
5.153439407788957816e-01
-3.456688800051859189e-01
5.070016099286757116e-01
-1.335277393214620301e-01
1.151957007513618597e-01
1.148170588918856205e-01
2.174482199582090103e-01
1.427713181066157799e-02
-4.853784902110252486e-01
-3.216207037867502283e-01
-2.764922956510802443e-01
-6.503429703459941980e-01
-2.515472479931021854e-01
-1.444198908487644151e-01
5.771656357411628635e-01
-3.764720199312251991e-01
4.237109653287433053e-01
5.755874103143953091e-01
7.348851360514353503e-01
1.107122549617798740e-01
3.776345571638088372e-01
-1.041828980691965056e-01
-4.328661538073477755e-01
7.122754492537311521e-02
1.343412929192655536e-01
5.449011343988430234e-02
5.890803390024750286e-01
1.668052484068388575e-01
-6.577600147458582125e-01
-4.356820802881581911e-01
7.374866900180884755e-02
3.350506997397861286e-01
2.590663662618046259e-01
-5.582047516904296014e-01
1.154598921859110727e-01
-3.352479584054416373e-01
3.655017822663008675e-01
-2.239012289061844199e-02
6.228284689374193051e-02
2.698832837930632139e-02
-2.789310321177956298e-01
2.333626503544501407e-01
-3.036224341782903929e-02
3.971285462858157311e-01
2.932844448645797672e-02
1.125787636020603721e-01
-1.968403194388973765e-01
8.086136990989026274e-02
-4.329555826124250606e-01
-1.447587713039621971e-01
-3.503464330466007914e-01
2.133048135958378055e-01
-1.518676739528220798e-01
-5.018781129258438334e-01
-1.202752349126735010e-01
1.932608376043119525e-01
-4.316431518366331543e-02
1.428513535191917594e-01
-2.339995078138204336e-03
4.921329815182192702e-01
-2.985833470623487640e-02
-2.179714689086132418e-01
2.365278496607793601e-01
-1.775153019640361707e-01
-6.150872464439002818e-02
-3.991329750982479108e-01
-2.197319401861480281e-01
-5.829898547805967279e-01
-1.679667950565145451e-01
7.959469000426875329e-01
3.968406686556599228e-01
3.132564616242956013e-01
-6.709488882499485829e-01
3.464790723601300360e-01
-3.218841808431074369e-01
-3.109535466601613951e-01
-6.818229187424459936e-02
-6.780498905227103634e-01
8.366104749192561363e-02
1.170103193593285962e-01
5.614725959979039588e-02
1.477907270792909733e-01
2.687857721763267649e-01
-2.088951898789927486e-01
3.344701502007297982e-04
3.647960836713753929e-01
-1.682998541822463279e-01
-1.783678091227098861e-01
6.068741590194635938e-02
6.043343118035628958e-01
-5.627281224129555559e-01
-1.730090063413576018e-01
8.072865463270832709e-02
1.762672208820126596e-01
1.105552250349082360e-01
-1.260495686745889410e-01
-1.390892784464291543e-01
2.098139447720824002e-01
-4.747606658232723653e-01
-2.298007444775233554e-01
3.407784481518356251e-02
1.777311767652863250e-01
4.188513450432037044e-01
-6.338906322223958334e-01
3.170327428117094559e-01
5.946349672954727161e-01
2.459971064552951003e-01
-4.691027345705917062e-01
-4.956400614879595268e-01
-5.241576405539050132e-01
4.743555276908419938e-01
-4.299925323061495330e-01
-6.098338620725411996e-01
-5.459571362601984834e-01
-1.320739318596290124e-01
1.560036703455362772e-01
1.314159982929611059e-01
-4.882561064702661824e-01
-2.353204602496375142e-01
-4.932257914261817811e-01
5.863279017628044709e-01
1.647729035793042479e-04
1.147522238746438196e-02
-5.305758830127990100e-01
8.842328348589409415e-02
1.281513809446909735e-01
-2.931252949939032182e-01
-3.191302512204529651e-01
-2.522965326423803889e-01
4.762229946891503030e-01
-1.982500418437239120e-01
6.509261563214904789e-02
-3.610930873472331659e-01
3.905309077227984288e-02
-4.389908263715658343e-01
4.979176004183262783e-01
-2.812664267962212972e-02
5.435430532620311173e-01
-6.468446969043619710e-01
-3.321194270070270127e-01
-3.167486154974579748e-01
-5.324675579796556146e-01
2.343338147095856971e-01
1.630578466899676449e-01
-6.229995032294480262e-02
-9.916066301299704400e-02
-5.783240209487063854e-01
1.483721815726133098e-01
-4.629346484236352421e-01
-2.755619122702897550e-01
-3.064364795733004465e-01
1.807595251752304732e-01
2.183966166680129661e-01
9.547546357115112292e-02
-2.635808924014275134e-01
5.400239127641802694e-01
2.651701971677115632e-01
-3.020791120887323378e-01
4.027106604322747696e-01
-2.008605726758682514e-02
-3.057612528458956147e-01
-3.267033860289225711e-01
-1.221267084473776215e-01
8.632222672589875412e-01
1.507262916770107930e-02
4.255019563286877027e-01
2.990883738017849694e-02
3.060903819503184575e-01
-2.884870917122511064e-02
2.085934473191067007e-01
-2.705421468894797510e-01
2.523973572591134973e-01
-1.606357737602640834e-01
-6.755199052814999661e-01
6.199448525884489886e-02
-3.640176729478040718e-01
-3.365792834268643841e-01
-1.891474311361353577e-01
5.413049510718198620e-01
2.515680052348562290e-01
3.455315841244914199e-01
-2.098997448917504782e-01
-1.876084494320070517e-01
-1.420163606152234914e-01
-5.963132683173081316e-01
-4.743769024594191586e-01
-7.489723997219667473e-02
1.083989626818161883e-01
3.752882998427383709e-01
4.534888038868679638e-01
5.199511482439501675e-01
2.589009400887382628e-01
-1.904896749659333033e-01
5.061076886175998046e-01
-3.353150657269161061e-01
-5.647244825062447404e-01
-6.477722736829000239e-02
3.657469078071968749e-01
3.450964496854579400e-01
5.232150572978128134e-01
2.933039417854773068e-01
1.734506776815572526e-02
-3.306495225935354720e-02
-4.957756612133722429e-01
-1.770464859956107639e-01
4.537417011206073547e-01
2.628334370495923888e-01
2.264144102781248669e-01
-2.724636262115225915e-01
1.757026840991252614e-01
1.259214189448002071e-02
-8.176948609786399702e-02
-2.381286813520424317e-01
-1.445334082887389238e-01
3.307852812858297908e-01
8.272085966122146861e-01
3.210181281907334983e-01
-2.117462300248266760e-01
3.226258625466339458e-01
-1.992682155251170872e-01
1.090055583932076355e-01
-3.942068231530293509e-01
-7.655089341531079450e-01
4.478350862654927322e-01
3.170968879425259956e-01
-5.963401042404528063e-01
-2.372044161158815556e-01
-2.342633642391334647e-01
-1.434431711700840661e-01
1.493262314164073845e-01
-2.664904703115677509e-01
7.395991499575860217e-02
-2.656111105428774488e-01
4.305533101518724814e-01
6.437446461008501375e-01
-1.400922698966321489e-01
-5.357675341189337415e-01
-6.423234437907704431e-02
3.188847793444584203e-03
6.151628749651334438e-01
8.646755160148880681e-02
1.108226405105628282e-01
-4.555295409517087224e-01
-8.373511757821064383e-02
5.081271775822033404e-03
-2.200702527295649857e-01
-4.343158306156044701e-02
5.271579360056880548e-01
6.409458088029845735e-01
1.088725409034616842e-01
3.765469043494165668e-01
-7.337443326503851893e-01
8.699139845392651893e-02
6.710975667390990385e-01
-2.103456514190152060e-01
2.956253979335431437e-01
1.192913812838752030e-01
2.929387180531041190e-01
7.528833863198643173e-02
-2.813192542383350370e-01
-3.200931604313960177e-01
-4.414955811209783088e-01
7.620573433343194036e-01
-2.648841677650332072e-01
-2.757460058918941304e-01
4.179209321562763479e-01
4.050139971950735829e-01
1.145497440774359277e-01
1.188311417194018310e-01
3.363118379886492759e-01
5.510535459918805556e-02
7.522895108352360971e-01
-8.924359163782557376e-04
8.571947542957647492e-02
-8.242955807505324139e-02
1.388666013477088956e-01
3.157384833642629673e-01
-7.414295184254063309e-02
-3.889337923384771356e-01
-2.016389785975069571e-01
9.636913333032472162e-02
-3.958200542447014580e-01
-2.780768014724557258e-01
-3.085403576262846781e-01
3.792752262904102167e-01
5.829898923316856330e-01
3.387555065337853888e-01
1.202836324898289427e-01
-1.418362297904023905e-01
-3.450509000666880377e-01
2.190314063403078215e-01
-2.985480462701972648e-01
1.220721194589401426e-01
-8.419634964349939632e-02
2.187533383753694216e-01
5.165053025934031039e-01
1.822291937927367489e-01
3.291311103146273842e-01
-3.248101512899009280e-01
-3.709855144064038573e-02
-3.658893770089430980e-02
-4.035465059592081571e-01
5.972663258359695027e-01
4.442684323619709996e-01
-5.198621159651861667e-01
6.489960830792038671e-01
8.989490988044675224e-02
-2.166928940903390111e-01
-4.412974245311795385e-01
1.106039553296786493e-01
6.002635282627158952e-01
2.806134342085586306e-02
6.699646929186884314e-01
-1.571516665145680780e-01
-2.069602867762953824e-01
-1.180059549375904182e-01
-4.770910961866591249e-01
5.669493692008578112e-01
9.095019292233105790e-02
5.602790605375771449e-01
2.778782545554595029e-01
-1.935793977203646710e-01
-5.636795576564853638e-01
2.650831341696998078e-01
-1.261868158749441526e-01
3.691122028862476867e-01
4.784257210882343625e-02
-7.378161876748744186e-02
-4.169818207587747683e-01
3.440786634224052981e-02
2.807921640071264768e-01
3.740934786158565256e-02
-7.155716621030544511e-01
2.272785295289857579e-02
5.706856348730032780e-01
-3.904788135567242857e-02
-3.654846773912335256e-01
-2.779276825600754952e-01
-3.230140050474883395e-01
3.605634655286308332e-01
-2.527842329691541989e-01
-3.134072388771158013e-01
-1.770341116255824132e-01
-4.213312906664671287e-01
2.245852676086834976e-01
6.103119245019282824e-01
-2.281669948005695114e-01
2.798099363179297194e-01
-6.313418662287192396e-01
5.254520067559651508e-01
-4.019262317140275265e-01
-1.447134577480076734e-01
-3.364419784536990532e-01
-2.630256040022220000e-03
-6.778215762329298233e-01
2.104696571921668702e-01
1.525085425865175537e-01
4.356670136994671150e-02
-2.324334356025130610e-01
-2.154919732806984678e-01
2.058206004609290374e-01
6.595102958231917611e-01
-2.574228554265192148e-01
7.644671001711628167e-01
-3.720374166246550596e-01
-4.135970087829110575e-01
3.511498970336547343e-01
-2.408382024100291230e-01
-5.204565323508241192e-01
8.266442066675480649e-02
3.126130456175255645e-01
-1.458245475608492270e-01
-1.368590591348662622e-01
-2.366366940031139256e-03
3.985874685153768804e-02
2.467392698743974822e-01
-5.461555822839327112e-02
-6.627573922037531540e-02
-4.189419431686899342e-01
-2.147037495849157540e-01
-6.527207676605252008e-03
-1.175417769005556307e-01
-2.410258392563601748e-01
-4.666666232887371479e-01
-3.341690582548313415e-01
1.348340367872043477e-01
6.721353057952856279e-03
3.516775601534180007e-01
1.260899964379502136e-01
-2.121395431777338067e-02
8.104107539839527918e-02
2.407370541410183973e-01
-1.239758552295181990e-02
5.458079678892912429e-02
-6.273208394200663340e-01
-1.793312186354701632e-01
-2.260498553502267305e-01
-1.845009851524485323e-01
-2.370934337235881817e-01
-4.627669529060643994e-01
1.787405154785150774e-01
6.285477522554994145e-02
1.273220043337363883e-01
1.386020037587319120e-01
-2.242424062771705695e-01
1.826965963755947109e-01
-6.218353764608723910e-01
-4.132506554654187259e-01
4.224198084826754074e-01
1.478693278872314151e-02
4.526626959096256564e-01
-2.143145324634820534e-02
-5.408923831911492952e-01
1.269760058857050400e-01
1.904506456133437872e-02
-3.853240533765787124e-01
2.011178731023088861e-01
-1.821997433879566919e-01
5.799624457927123888e-01
2.622235863411039314e-01
-7.633725290802080288e-01
2.973142089445877101e-01
-4.524811077179317631e-01
-1.275075084957724703e-01
3.065166544906831603e-01
7.246642554105564571e-02
-1.112316869616074289e-01
-5.507881938810756800e-02
3.426753124722301536e-01
-1.016087911910990432e-01
3.711026091744153987e-01
1.941386242634037806e-01
-4.019128668521416148e-01
6.540761485824955201e-01
-5.844741112747426914e-01
2.278123510361657056e-01
-1.904884866894439588e-01
-9.436997847882872339e-03
-3.739397309595647867e-01
3.385430741295238910e-01
4.022756805093906651e-01
2.408560761908427050e-01
4.763612559990707540e-01
-3.028663361553882161e-01
-1.454396514065038060e-01
1.725301495076749514e-01
-2.428077746669722314e-01
6.545293912372164569e-02
-3.182245855764128661e-01
-2.123770015837138977e-03
-2.546872963223810182e-01
4.460691250734803992e-01
-2.969843301771266653e-01
-4.463768469974207509e-01
1.309559203939557603e-01
2.564623046290439023e-01
9.316442952332693039e-02
-2.290066473940326197e-02
7.265034944236206105e-01
6.688032749849391889e-01
-3.063841552809212221e-01
-1.174285811279534991e-01
1.602033038833099998e-01
7.674019092320236712e-01
-1.602986986872465824e-01
-4.621367731807643486e-01
-6.919461138839018144e-01
1.871784770676969967e-01
3.380695391406355332e-01
9.949144483057523192e-02
1.301526413380264535e-01
5.063742399110054970e-01
-1.823841008596830127e-01
-3.257744478413655553e-01
5.999014271880805937e-01
8.877171479422435452e-02
-3.003869393419691392e-01
5.599787012647928774e-01
-7.431661606559448741e-01
1.871496163755480835e-01
5.292148253951832748e-01
-3.085660059101813513e-01
1.506380542818851476e-01
-6.149625325194209013e-01
-5.415476917473658336e-01
2.252300389405398895e-01
-2.165023860195161576e-01
-1.999663485956610365e-01
2.199442220111737512e-01
3.420163774237978682e-01
3.367291760983615045e-01
4.002145129876365504e-01
3.810878451153255631e-01
-6.108897400293568092e-01
4.527188100678184446e-01
8.979355736477546979e-02
-2.123489725787819360e-02
4.719186269468327311e-01
1.678285654459105714e-01
2.339722934140810451e-01
-2.839279689365313275e-01
-6.549698437133819606e-01
-5.626616194737072973e-01
1.598137950104014937e-01
-5.562976565818772423e-01
-4.614412809016258388e-01
-3.318074014543605510e-01
-1.506728223669858979e-01
-4.581617431780622696e-02
-3.548439644834906481e-01
-2.962005453716887865e-02
2.794634123216051536e-01
2.093154942764041404e-01
3.310523243016131323e-01
-7.027591360561983302e-01
-5.640025284081834345e-01
1.281554990458597387e-01
4.482651186012158728e-01
-3.089517397389748288e-01
-2.340359189693665687e-01
-2.640407342513477751e-01
3.849548528296101169e-02
-8.491892922468328997e-02
-1.900382611898387419e-01
8.114489985154690888e-02
-5.695222918704253567e-01
-2.265859351484889872e-01
4.351553056287856824e-01
-6.161837772079110931e-02
-4.379304869939343314e-01
-4.871380753276658426e-01
8.117845983948007715e-02
4.366385719734572901e-01
2.050382855178631836e-01
1.114714021298960356e-01
-5.057629373654619342e-02
-5.333807230169683444e-02
-2.344195986003260734e-01
-2.575023003257616017e-01
-4.669382197061566764e-01
-1.315491574337175895e-01
5.905422693859536942e-02
4.385909454599528079e-01
9.774229424518685039e-02
-2.167652845954029517e-01
-1.299638699319861923e-01
2.857850311890989259e-01
1.365678543150632487e-02
1.330387192912815819e-01
-1.242183453186366388e-01
1.316341248710375389e-01
-4.747307335661306305e-02
-4.528397726093124631e-01
2.714107091501195002e-01
-4.834457022966616724e-01
4.103541204316697999e-01
-4.730573186654327134e-01
-1.358287400418828166e-02
-6.569571005174296152e-01
9.042270141281734397e-02
-5.508298953185680746e-01
-1.075160597106114835e-01
7.040832519161983605e-01
1.065309358676024970e-01
7.174203895856804403e-01
-1.958827916757375220e-01
-1.844102453691518206e-01
4.546075809863610040e-01
9.667172129602495667e-02
-2.152402450200716633e-01
2.494273286022650679e-02
3.863893303946023261e-01
1.809045459691176749e-01
9.145552955218366753e-02
-8.869452299825661412e-02
1.045783995781522507e-01
-4.571527810927689117e-02
-3.238924615415584851e-01
1.162192460494627932e-02
-4.226181663269162336e-01
5.471337576831141192e-01
-3.276651541260013900e-01
3.065619125560331559e-01
7.999823604758504736e-02
2.135502701691388006e-01
-7.898084089693981069e-02
3.150350594343278021e-01
-5.704604735860283604e-01
6.358698474455029559e-02
-1.346760624276258922e-01
-1.283222047497317164e-01
-4.471251510786208305e-01
3.724534397207828196e-01
-2.920677905236139238e-01
-4.098443275887171666e-02
-4.374114355321713776e-01
1.112432428680543428e-01
1.686867158104375375e-01
-2.501531710468990477e-01
-3.321342536349431440e-01
-5.790206499049679323e-01
3.380547245701932546e-01
-1.310553736475326969e-01
1.730187653018076810e-02
4.278720407035602191e-01
1.315976790214276326e-01
-5.942566783202781755e-01
3.191328742206660518e-01
-1.271546309801560304e-01
3.451487786164784133e-01
5.777155454505139565e-01
2.465056740392561063e-01
-2.756185391432867116e-01
-3.460308478249570774e-01
-1.093477375345767999e-01
1.164257597274698519e-01
3.616366449477350642e-01
-4.668947657910632598e-01
-3.674057870969354433e-01
3.999851515892442061e-02
1.799395703645501610e-01
-3.351337762261586972e-01
2.338078186902007582e-01
4.175270518262806929e-01
-6.457432224332073645e-01
1.338464508292927790e-01
-1.295950136304883371e-01
6.171292927928358207e-02
5.925281960279866755e-01
7.765869238333216185e-01
-3.818061015984483553e-01
5.098970042862850383e-01
-1.007561112968507200e-01
5.241914168998100809e-01
-2.362544828186276813e-01
4.210906514333512263e-02
-1.441102434684827377e-02
-7.242654451926344716e-02
-2.796062669312581184e-01
3.800689466795764693e-02
3.349959785396982026e-01
-1.837274894448691354e-01
2.256783387485006287e-01
-1.160001333809248664e-01
5.960592166225878730e-01
-1.256591526014904370e-01
-4.831753663641997765e-01
2.136267930949735661e-01
-5.340181645881488803e-01
-4.149697697742124047e-01
4.247713796237893580e-01
-1.942360390547567539e-01
-4.068472608039475080e-01
-2.838834361830501751e-01
-2.892564631258144892e-01
-5.503564088139637489e-01
1.962285280541033183e-02
3.114425235484716836e-01
-2.879095387519106097e-01
7.384298896523651123e-01
-8.019634377831434957e-01
-1.927469208808336720e-01
-2.914603060702777304e-01
7.592881797895534302e-01
2.886364377706407969e-01
-3.892226604921594779e-01
-6.229893710438058063e-01
-3.317291285530133416e-01
-3.645571046388270120e-01
1.662778147411119178e-01
-3.833256894567678152e-01
-1.957798827075641901e-01
-2.153289877440305311e-01
-7.493388067405706288e-01
1.560053702309756596e-01
5.870083650260968233e-02
-3.234968264534986426e-01
5.461077453810767590e-01
-4.395302521950634755e-01
3.702509253892978247e-01
-5.379458380463419953e-01
-3.138534693710124390e-01
-2.567771752302198673e-01
-3.658915722900323297e-01
-3.659808496588151661e-01
-6.066816381001634007e-01
2.794050313955772080e-01
1.961486081733458953e-01
4.594254879317175369e-03
3.746564651119491662e-01
-3.073352375027746941e-01
3.466572824667187858e-01
3.534264584119446440e-01
-6.635881665683184272e-01
-6.800399673660963984e-01
-2.031669955951623807e-01
-4.826287636151051913e-02
-5.601702583781858862e-03
8.237892428120007215e-01
-5.770263197950193934e-01
-1.985096083469843897e-01
2.890898852557943072e-02
-5.068407408668895719e-01
3.028125365871933150e-01
-1.693663897231589277e-01
3.418979844170912386e-01
6.213952157656469355e-01
-1.847897339089038804e-01
-2.592121762783251016e-01
1.939131651841725645e-01
-5.686262717989128135e-02
4.540710923646735786e-01
2.662885751480966734e-01
-1.487788825412432181e-01
-3.799798313273549111e-01
1.296869265822814810e-01
2.689581490284519982e-01
3.745687275416895862e-02
-4.062420015489819902e-01
-4.715765953952331252e-02
1.837696657403075917e-01
-1.589026572821664596e-01
-3.097792019565214772e-01
-5.693859586792884286e-01
1.699950773069882626e-01
2.244027173769277406e-01
-1.228952433950229739e-01
-2.069332006864721685e-01
2.192106608082353414e-01
6.329978444640735336e-02
3.567084704935298278e-01
-1.889075784886214693e-01
-2.447280452759570679e-01
2.548734629863139700e-01
7.403815581817499436e-02
-3.585432393200526646e-01
3.024270393679319713e-01
-4.002824742840011552e-01
-4.419323619620434407e-01
5.389818124946369471e-01
1.692995700402822878e-01
2.165828423438280748e-01
3.574475118126380635e-01
-1.374092364870039551e-01
5.219335902912987102e-01
-2.493064477574031546e-01
-1.685945347276995299e-01
3.001268442802956793e-01
-5.022943424625562203e-01
-2.698164566703956657e-01
-3.380197952066794631e-01
-4.530251213753185707e-02
4.113638604593454207e-01
-4.871112548982676205e-01
4.729463371793924953e-01
-3.676286714602026162e-01
4.294196940584238398e-01
3.054081470377464358e-01
-6.317584593769957901e-03
-7.270215951295634360e-01
-5.687942660976487153e-01
3.268921386910027538e-01
-3.282074292113187353e-01
2.537705348499743607e-01
2.110439349594804281e-01
3.405821327141342891e-01
5.710618143037174965e-01
4.261753460821611217e-01
-3.010604997790399251e-01
-8.739410933157385486e-01
-4.831106864132770906e-01
-7.529232809184212005e-01
4.398505081930230154e-01
-1.118971986547426661e-01
-3.511579929534498490e-01
-2.933207862938220223e-01
4.235852392628663282e-02
4.016827776149793361e-01
-4.071266815323719701e-01
4.292999100494097608e-01
-7.525056251880752889e-01
3.900084595493599204e-01
-8.854144389555274053e-02
6.240891090632658678e-01
-2.380228125913952386e-01
4.920864404730274089e-01
-3.961761695540688688e-01
2.820041408647580572e-01
5.499295666989570397e-02
-6.139060097422208151e-02
-8.820326992762217433e-02
6.427535194726820000e-01
1.110874610004951857e-01
-4.431538128731658532e-01
1.536438537757406353e-01
5.953458571204455624e-02
-1.017767734338811403e-01
1.636013960144744595e-01
2.293748919047244317e-01
1.597090510678797759e-01
3.901181958811239525e-01
4.124243061701431956e-01
-2.454934096897012918e-01
-4.896994100617350076e-01
-4.318794681761339849e-01
7.305644532936057811e-02
7.780065048704312147e-01
-1.599925662338573251e-01
-2.170347392198900272e-01
-4.502131590522718829e-01
5.485566280614540685e-02
-5.534303726702831661e-01
2.211451443077737944e-01
-3.745189457066869787e-01
-5.240068570932866487e-01
9.293159749703995554e-02
-3.506186358343212767e-02
3.841382218416663497e-01
2.016401043558336270e-01
-1.003205325821125149e-01
5.274177587678339219e-01
-2.217967839927634244e-01
-5.476328270497601292e-01
-5.103721830093915779e-01
7.887175408718773983e-01
-3.107849693218529552e-01
1.247887908834975079e-01
-2.291654016517171433e-01
4.969508574863931161e-01
1.727384723021758439e-01
-4.528859457866226679e-01
-2.061727899614110848e-01
-7.417075297619822871e-01
3.899978440932695967e-01
6.574306328222285778e-01
6.796618930256084212e-01
3.590447821970434439e-01
-7.572565625229313868e-01
-2.997842100078640937e-01
-2.634055673311749279e-01
4.017480750463671146e-01
-1.777768524838233000e-01
-3.326726682799945323e-01
-3.525385926856551277e-01
-3.326136280166372972e-01
-3.436121932254230793e-01
-7.017768044317973519e-01
4.941736919458395993e-01
1.375457921438318631e-01
5.321156198609040544e-01
-5.475349836956620031e-01
-7.931560670765813725e-01
2.032983903882878418e-01
-3.740498388611792069e-01
-7.244367045269166638e-01
-5.524978646675883232e-01
-3.233233689166211122e-01
-6.609949141888058488e-01
-2.683874447677504493e-01
-2.443020238291815915e-01
2.430498300140028212e-01
7.221986380446533682e-02
-2.099105755339467638e-01
-5.259702290163507932e-02
4.054101647960889343e-01
3.861769115383482665e-01
-5.390271025701359742e-01
1.530212542941552512e-01
1.759922894128753690e-01
2.747731871118629099e-02
-5.116022917585975882e-02
-5.084997978056684520e-01
-1.336812695181154309e-01
5.353992222035687254e-01
-6.995169170358968014e-01
-4.776587492671773849e-01
4.769229946260116759e-01
4.817144021457080150e-02
3.650015167002931271e-01
-3.356689053407883871e-02
2.886397264825151243e-01
7.033525505808523037e-02
-2.170757982292601529e-01
7.573431326141064068e-02
-5.903762987034714138e-01
2.894682778376397314e-01
3.703343953229324415e-01
2.597201493691669166e-02
-3.703299056567301295e-01
-7.121517156872754217e-01
1.914128198385184609e-01
-3.343280299942241740e-01
7.140064154574225774e-02
-2.097777227082365248e-01
-2.150038599652996374e-01
7.675069230181015556e-02
-4.365991502112675504e-01
-8.331435931974886522e-01
-3.119493461100424359e-01
4.385428877339291320e-01
4.215986069775698453e-02
2.716398011835464976e-03
6.075225841433053997e-01
4.254779884387441258e-01
2.608037975673138664e-01
8.623595299064231237e-03
4.489987127553768387e-01
8.412494683331603329e-02
4.644430934248278131e-01
2.695120475731111465e-01
7.512765586831832154e-02
4.843158404807311745e-01
-5.614128260175175189e-01
8.892717066595950612e-03
1.497756527561860777e-03
5.885527861031675939e-02
5.410174538139636002e-01
1.958625281479710045e-01
-3.316164698788577891e-01
-2.147184996576912142e-01
-5.187884362870303079e-01
2.810796567376756538e-01
3.001939271752322377e-02
-1.334424874034180197e-01
3.733146144763621610e-01
-2.227184359555847981e-01
1.604223742435330891e-01
2.289699297607519501e-01
7.005097211884835084e-02
2.108644054219206698e-01
1.232736298890380888e-01
6.015695806006653434e-01
-1.579210433281004189e-01
3.594325494706215179e-02
-2.955336879964513552e-01
2.172429220801818939e-01
-1.025975521468968227e-01
2.043273548760707325e-01
-3.810394497875229103e-01
2.550067314051492340e-01
2.977433492884741240e-01
-7.703375531656118935e-02
-1.442292394358272722e-01
-1.280050002133057696e-01
1.062170776888455570e-01
1.049947794378715826e-01
3.407343901674991793e-02
-3.744713063192900426e-02
4.818801586365147327e-01
4.575597688399265367e-02
3.606485604576786241e-01
6.627181227120401141e-01
-4.095167954107499231e-01
4.013047134473072264e-01
3.358296085666424013e-01
2.168025117901480059e-02
4.841650717216546274e-01
2.646441274999430382e-01
4.503869863933359502e-02
3.815197743956673104e-01
4.791161731490890113e-02
7.064711204026465907e-01
1.036372680465487695e-01
3.485457823728675408e-01
-4.847355499194942741e-02
-1.281090477914421932e-02
6.413041947989850389e-02
-3.645550750474344515e-01
1.284954423079198160e-01
-1.027968838459544093e-01
3.646618927640242203e-01
6.746424995023955762e-02
-3.733983008060798303e-01
1.352152117022136779e-01
1.502496844755158989e-01
-8.204823637703344552e-01
1.659370021939386708e-02
6.324273777855947687e-01
-1.795411944260049963e-01
-3.215530820904365095e-02
1.333465423813465778e-01
1.543604759960420791e-01
-3.830473231670936674e-01
5.431715136481728434e-01
1.495522826206106548e-01
5.216464961913938048e-01
2.417829586772778372e-01
1.133326322802412078e-01
1.311373679409310600e-01
3.165054199133465196e-01
-5.663988911422974948e-02
-4.697677625685895419e-01
-6.846443833936982637e-02
7.358664614650860594e-03
2.358900568330345171e-01
1.025025104115341867e-01
2.407490093757088112e-01
-2.484519231159897368e-01
-3.298776380757039717e-01
2.797175639304104178e-01
9.739119778863611354e-02
-4.787022144582945837e-01
6.962044565641600791e-02
2.740798579286045089e-01
4.073847275665427176e-02
-5.685980414014583928e-02
2.926953877459241848e-01
6.792847895270280878e-01
1.699846030497765836e-01
5.003388058104275143e-02
-3.081324076181658073e-02
-7.202998631719885470e-02
-3.415556257005251256e-02
1.336197055513504983e-01
5.054172472423044959e-02
-1.869671594464812625e-01
-1.751286398728542082e-01
2.348346495587128324e-01
-7.441510150151010861e-02
-3.018030125528004537e-01
-3.435364144918082729e-01
-2.765495485093918404e-01
2.394367291562747024e-01
3.750297939517722168e-01
6.519491316275277670e-02
-3.790825649182032464e-01
5.812937773897729477e-01
-3.363842833641542684e-01
1.436160682651201059e-01
-1.798959642554315841e-01
1.242733667577431908e-03
-8.006290075265988515e-02
1.817189314706901537e-01
-1.868444303285611285e-01
-2.942144829797835870e-01
-2.452306447304009318e-01
-1.799757215279457478e-01
-3.880310666068926828e-01
1.329639844926082115e-01
2.369309473540793243e-01
-1.516393744083117598e-03
7.368754716171752595e-01
-2.509931434016353102e-01
-2.035720327575138988e-01
3.411880052617288772e-01
5.899376701017400304e-01
4.952417625350043900e-02
6.379437125982212464e-02
-1.421016969106307822e-02
7.917312781761044749e-02
2.363331079294282433e-01
-5.482079163904306496e-01
-3.915039160324614020e-02
-3.563993688077743971e-01
1.510875223339727125e-01
-2.009832583586025345e-01
3.606880212583910006e-01
-3.526007606184360793e-02
1.629118690848306850e-01
-2.013895698788741861e-01
-5.232192921700897781e-01
1.380119155027592637e-01
6.560575610182604045e-01
-1.535009071582378315e-01
4.486693339196889951e-01
-5.371312611032703632e-01
2.662850524563273868e-01
-1.808062265230944987e-01
7.572923599319854315e-02
-2.347985425034851414e-01
2.457853726680525874e-01
-6.230631097230682897e-02
-2.708984929934083463e-01
7.955443738025854694e-01
-2.549662700496739265e-01
-4.170999447768835022e-01
-2.368491267424491786e-01
-1.256757079716543934e-01
-3.354397852140263980e-01
-9.620121245124008125e-02
1.701803530237255002e-01
-4.976469843426016559e-02
-1.486042538282005832e-01
3.516801981428821500e-01
-5.823385541179786351e-01
-2.447452015782095314e-01
7.454210765162966323e-01
4.456930783497276005e-01
-3.008044759662050968e-02
2.859363017032252596e-01
-4.605573415888007949e-01
2.612539156787803130e-01
-5.673862027560850896e-01
3.314326706986284732e-01
-6.125015951275156190e-02
1.063884558616654680e-01
-1.933205343058420067e-01
2.756461883084304620e-01
1.703932665603129226e-01
4.378830167753413605e-01
2.873064083307246830e-01
3.424602086011130919e-01
-2.072146225515614573e-02
-1.898856023768445145e-01
-5.331967636760355234e-01
-1.015430978801239170e-01
3.937350177003225982e-01
-2.570791099541862648e-02
-1.534330269614690191e-02
-1.557216017707279965e-01
6.447909336618158349e-01
2.182841188356532958e-01
3.766766466987055972e-01
-4.764362256366533321e-01
1.324115862013068579e-01
1.363307405790807891e-01
4.470083857604713329e-02
-2.246380463254590287e-01
-6.666028017669362038e-02
-3.377762189211409860e-02
6.963508159218281257e-01
-6.610339927708330787e-01
-8.821175996041205614e-02
-5.999636298107111632e-01
-1.027089994049939226e-01
1.971337682620952561e-02
4.864448455047620246e-01
-4.007022355993627993e-01
-6.674687243222472421e-01
-4.909965107435634302e-01
4.116872247849271416e-01
5.367034870222110732e-02
1.819950515732739540e-02
-2.951182563843458145e-02
3.115499542739068040e-01
4.397797317389378069e-01
3.523333210526469195e-01
-2.593226245718452949e-01
7.455244191711779544e-02
8.547024525978644260e-02
2.053132372849673648e-01
-4.732977984006024319e-01
-4.706372601700631320e-01
3.692168825676880872e-01
3.848625334633736655e-02
1.526924161676807556e-01
-3.738109501799346535e-01
2.894548150900221328e-01
1.891235358995841387e-01
-3.935056035920723172e-01
-3.551645513789982722e-01
5.630737152815321611e-01
8.678896530031029663e-03
6.466707247883678455e-01
-3.736182099548076008e-01
-1.107421167392418082e-01
3.609985129729712527e-01
3.535564589387184264e-02
2.222176917562314058e-01
1.672665365335172100e-02
-1.940157539416883792e-01
-6.088663414220001763e-02
-3.315649501644831187e-01
-8.140539036487796087e-01
4.183618433350886345e-01
3.437144169593978060e-01
2.085412856102442092e-01
5.379516802666340497e-02
-1.738498407506172405e-01
-5.715766189271741238e-02
-6.342726416354582675e-01
5.772036520164481876e-01
7.000126357063049531e-02
3.249628078757772071e-02
-1.394742659691376209e-02
-9.383238415070195571e-03
1.210860455787853285e-01
-3.189634356965529438e-01
2.151912650960241188e-02
3.069730957095599400e-01
-2.350895636273475087e-01
1.365087602595859984e-01
1.680007349634979608e-01
-6.285752850212773524e-01
2.495993575069855586e-01
-3.363850629346556431e-01
-1.519643484900564667e-01
-2.510248368081168246e-01
1.224140203132188520e-01
9.660110447036304726e-02
-1.253132574317233072e-01
-2.883401589309514401e-01
-7.264407586107572978e-01
-6.288915244585890907e-01
-8.059178638036756936e-01
-2.051759735092147929e-01
2.921980688657054362e-02
-5.292368793611724742e-01
-5.291296738693845869e-01
-5.458763475692220979e-01
-2.825687917591276355e-01
3.219369924456410015e-01
5.442957119788979781e-02
5.367381002421800495e-01
5.899147000946135533e-01
8.834953533273516568e-02
-8.859162585410571000e-02
-5.139167056533067157e-01
-5.566935198594527012e-01
2.619587769117280758e-03
-5.083744137190082668e-01
-4.356473436223421425e-01
2.687451813150212171e-02
-2.788846297555271359e-01
5.066406948307100588e-01
-1.686525707738545932e-01
1.873113326117292476e-01
-1.081703088149951891e-01
1.451526623039604003e-01
-5.742747538438923716e-01
-5.709792714654243762e-01
-5.075917268622508194e-02
-1.668668394209947836e-01
-2.841671395183041904e-01
-6.881648547281954409e-02
-6.734553396180702478e-01
6.516338477901367776e-01
2.127511885708540385e-01
5.939603696542370415e-01
3.794152364327880722e-01
-2.780131915242851914e-02
1.670867246871385881e-01
