-9.471020302823826564e-02
1.039013902525851157e-01
-6.100449841461007550e-01
1.645715838800084208e-01
-4.839386443392814097e-01
-3.724212636809275632e-03
-6.816206147432013474e-02
-3.782205449929871843e-01
1.342624361854992121e-01
-1.493432735645764675e-01
-4.615338536536330860e-01
4.389556860889169965e-01
-1.415927406040765058e-01
8.155298647305128656e-02
-4.137179286517303489e-02
-1.016586721112036906e-01
-1.125864582342007147e-01
5.026614467360916993e-01
4.227020656063243953e-01
1.183231565830701743e-01
-3.577430020369024022e-01
3.517135116465315292e-01
2.768239003456081648e-01
-3.222266302774596802e-01
1.853385946115888305e-01
5.138364312717016436e-01
8.700640422428655360e-03
4.270527257296842794e-01
4.932691763470626878e-01
3.444801166263397607e-01
4.493789796463171782e-01
1.230901340608232530e-01
6.878709224931210953e-01
1.584147433417411044e-01
-7.213678776685150673e-01
6.298051207424358588e-02
7.671445517899481148e-01
-2.797009173219272005e-01
-1.448667343281129227e-01
-1.924066042329545785e-03
4.594476965392478851e-01
3.841694708071199393e-01
-1.100071107995214820e-01
4.307619457296747445e-01
-1.992337262768130723e-01
4.570021758774942683e-02
4.934716042346075637e-01
3.803659840500334122e-01
-2.474605890904696404e-01
3.099381143167161401e-01
-3.014570853892474811e-01
1.015582897093014469e-01
2.135108498450926651e-01
-5.995899670955445737e-02
2.675384828206925358e-01
-4.127235403128883817e-01
1.528171052047070377e-01
5.546088545486005383e-01
3.295062186801658854e-01
5.388599779716891913e-02
4.775780237808698037e-02
-5.036356391638467933e-01
4.939293516488528768e-01
1.355945095716292736e-01
-6.383889149769622628e-02
7.158053255642783663e-02
-1.063707382521028311e-01
-3.321063079980814403e-01
3.892287834061700647e-01
-3.442729350384589049e-01
-2.852192257846022927e-01
-3.082040562513306825e-01
5.044345247830545054e-01
1.561226121794715149e-01
1.379340445692576189e-01
1.575515532826649023e-01
3.624070529354214698e-01
2.997846567756294878e-01
1.213157790977970052e-01
5.731564588880283528e-01
2.797736097928845908e-02
-2.402599357544745184e-01
1.391604452341333176e-01
-8.532975645723212682e-03
-1.932192237750951225e-01
8.414263444773535661e-02
-2.007702763774057153e-01
8.093833961676399902e-02
-7.528362514492095009e-03
-5.025524114996537950e-01
-5.327676713182463164e-01
6.915677617401998212e-02
-2.924463352856425113e-01
-4.235157495034410080e-01
7.854756801547290168e-01
-6.135464013033218450e-02
4.932401937183442109e-01
-3.645891131902737614e-01
-6.644985074619624843e-01
3.197651190695867118e-01
5.355000986675548802e-01
1.582211033460849126e-01
3.319745769721332285e-01
4.906745611025972731e-01
2.249810026151322362e-01
-9.949485860562996831e-02
1.781925193008473962e-01
-3.066934685476991329e-01
8.540968265846696217e-02
-3.546856027164083103e-02
5.427703240972933663e-02
4.352994041491089483e-01
-2.381979228449018215e-01
1.658629704456362000e-02
-2.455181092740484905e-01
-4.861056824163966783e-01
4.490495963244975353e-01
8.472922313570195596e-02
-4.380288448436669979e-01
5.449004425793428918e-01
-1.951212040481629939e-01
-4.672387101985632230e-01
7.811961133496372334e-01
1.915455612180495537e-01
1.176533026976623042e-01
3.691236665373299752e-01
-1.946773921107036176e-01
7.522691981026606578e-02
-2.752587005162884792e-01
-1.424716700911540790e-01
5.629186969999248058e-01
-1.800018854547719982e-01
3.403431499714316133e-01
2.015521215336918970e-01
3.083648368585782951e-01
-4.738389905757600662e-01
-5.106859854491521689e-02
-5.180705619959661279e-01
-2.851022383206430755e-01
-3.115154476629194980e-02
1.203503306956607843e-01
-2.017136743081780759e-02
-4.445771693877414998e-01
-1.639415540369967283e-01
3.243781623055196680e-03
-5.308227473311317723e-01
2.162246982800713480e-01
1.615164539260453558e-01
1.558808748396131316e-01
3.728334518296483671e-03
-2.563103455345953074e-01
-6.718155819848266042e-01
3.434680094608691947e-01
1.138130206802688282e-01
-2.062239292543550373e-01
1.035989881403658330e-01
5.876709122709576905e-01
-6.141769621458141870e-01
2.197167579777513369e-02
3.667018290142805281e-02
-6.240523754064181833e-02
3.386754682155463381e-01
-7.342268772244876784e-02
-3.159621512793151510e-01
-9.743880548406480546e-02
6.242289137735869131e-01
4.762987811045390346e-02
-4.162784970289463704e-01
2.177325265685506883e-01
1.281879394347503788e-02
-1.540259305736657314e-01
-4.579070250454519431e-01
-2.115409751373942618e-02
-3.474898684195647514e-01
1.227497569913954811e-01
-2.243763770314238515e-01
1.690666562652401103e-02
-1.380664807389946347e-01
3.321800254958811593e-01
-1.967766116240983187e-01
6.840337822561232128e-02
1.310153280853341151e-01
3.083137323961350762e-01
-2.204604052587528507e-01
-1.344889628903897794e-01
-3.191266958144052257e-01
-5.828106822012409927e-01
6.271563026518854889e-01
2.011923658089385947e-02
-5.959835309389042157e-01
6.566486352621497824e-02
-5.831145606267047476e-01
3.261085092447039112e-03
9.298474237320109026e-02
-3.198122709763618898e-01
-1.967488720486243459e-01
-7.443269125690211985e-02
-3.799048802909216760e-01
1.547009379571387400e-01
-2.848484798234237059e-01
-5.004810319339912938e-01
5.729902249521572344e-01
-1.760664333864511155e-01
-6.809826382551902313e-01
-7.874734943454041874e-03
2.838079719748344276e-01
-1.265083169733937363e-01
8.399965621373314817e-02
7.165735320866525315e-01
-5.799150254933217452e-01
1.454769623493496478e-01
-2.900635869734799477e-01
-8.407797368926382686e-02
4.181303463749555527e-02
-3.837543944885649094e-01
-7.780572383340966791e-01
1.743642905799965281e-01
4.894251196512876545e-01
5.778770790240158606e-01
-8.580605108222853772e-02
6.260577097113397826e-01
-9.217068821488975938e-02
-1.109268600620423872e-01
-4.996334520819766256e-01
-1.963493594202664685e-02
1.458954646811876921e-01
1.357216996866651704e-01
5.811232892567177455e-01
-2.647758446429989143e-01
3.747088323172744206e-01
-7.388191026955512886e-01
5.991201573619409082e-01
-3.219415941685147553e-01
-5.603678108708894934e-01
-2.639242988065926276e-01
-2.518930023490340564e-01
-2.750382632524083770e-01
3.204025120949104966e-01
-4.517435546953704195e-01
-6.191556907272831312e-02
-6.437898947524306470e-02
-5.393287844764683703e-01
-5.997291666589936454e-02
5.130400000744111955e-01
-3.922777384243918974e-01
-8.219302736541072435e-03
8.204590230871777745e-02
-4.711624336888714515e-02
-5.039339726038376543e-01
5.284477115590530301e-03
-1.429347627210722782e-01
2.238301678115006688e-01
3.556935948558242466e-01
-4.873205429406645695e-01
-1.799582458822819933e-02
1.734699645712047267e-01
-7.759687256408295264e-01
1.582024746013916197e-02
-2.965943744579364050e-01
-4.648015932643891901e-01
-3.116770211403888102e-01
-7.285242068080428901e-02
-3.362690563084039241e-01
-2.214042078203241892e-02
-1.076522520089993190e-02
-7.413696658600864575e-01
1.184937731266963723e-01
1.556181447304051113e-01
-4.677693546042260841e-01
-1.567366144505780712e-01
9.162840007625736027e-02
4.777718997690684477e-02
-7.815689784268825546e-02
9.830259334558552609e-02
7.237766240567012899e-01
2.889147359304682916e-01
5.231670469498362827e-03
-5.174902497403901513e-01
-3.405474649763755995e-02
-5.545967088188558103e-01
3.494947641186961218e-01
1.114404427958767124e-01
-4.403889491563549030e-01
3.736770532912863096e-01
2.707719259190348171e-01
-4.555412559893869395e-01
-1.105658633681650960e-01
3.254950902449868511e-01
-3.841803732391826376e-01
-3.757291939295427652e-02
5.624155677121526857e-03
-4.572507268189144880e-01
1.057622910497093977e-01
-5.772886444183517041e-01
-3.865115631674607699e-01
5.988861919524129940e-01
-2.412107244210041912e-01
9.401244566414693193e-02
-4.902698672938832769e-01
-6.708568620658723891e-02
-1.133966127041722283e-01
-8.050705870230232541e-01
-1.579919278031278740e-01
-1.506126829893520702e-01
-7.743203123445397962e-01
2.616501995806021497e-01
6.600609567001343159e-01
2.352523195624359742e-01
-6.292830208597397501e-01
3.266913780584139171e-01
-2.724038169233335971e-01
2.527339951786240491e-01
-9.678868016585648326e-02
2.822012330647034606e-01
3.596786154067477259e-01
2.867930379212559333e-01
-2.935408603091755886e-01
5.646132201114810734e-01
-1.155774759081096975e-01
-3.643901827602606946e-01
-2.484375534011477524e-02
-4.224430001621414243e-01
3.498851318944645739e-01
4.600636837780073263e-01
6.152173883406245603e-01
8.329295976207714072e-03
-1.484643890071904726e-01
1.263380089431544451e-01
6.659094712716066844e-02
4.367510291683071588e-02
4.690452618338428192e-01
4.790202693113666532e-01
6.060315360824117814e-01
-4.305765357396816317e-01
-1.074588631730927224e-01
8.462505111173593275e-03
4.157631212252247410e-01
3.479490505563700986e-02
-1.903733373874757218e-01
4.136571475511857110e-01
2.248475617381774372e-01
2.110530185800112424e-01
-2.155816058640256383e-01
9.117519120127361154e-02
3.216546494638147236e-01
2.643657507569998066e-01
-1.989736262528357669e-01
-5.745456673561194494e-01
-5.607907612476843440e-01
-9.524230773502182293e-03
1.813797196732203423e-02
3.909552505221347007e-01
-5.243839444065218069e-01
-4.964923759781883494e-01
-4.145895620385498526e-01
-4.511869166224008465e-01
-3.390489008120980974e-02
4.039769088692297672e-01
2.936737544166288447e-03
3.464186169335137788e-01
-3.532755183676513089e-01
-2.840432215374598668e-01
1.700894909801365928e-01
5.106372132276211229e-01
-5.353200908755507692e-01
9.416976439063939885e-02
-7.604014562984207082e-01
4.036269491347330707e-01
-7.021641728846398367e-01
7.289691132964855325e-02
5.362639992960992474e-01
3.529080081736920560e-01
2.827168182402006180e-01
-5.065315631750155756e-01
-1.919422979788129313e-01
-2.566788933640649639e-01
4.119107368316432538e-01
-3.619915500977526762e-02
2.342974756140144832e-01
-1.472274628461202883e-01
7.028258197870927981e-01
1.212376038318435916e-03
-4.692556022038232300e-01
2.652965060390248264e-01
-9.832684396771058932e-02
-6.896772132158995872e-02
-3.959818164370393356e-01
5.828736330915955666e-01
3.749827116520964010e-01
1.671401759021934330e-01
6.573108835183278931e-01
-6.803735322184394363e-01
3.261373462754597607e-01
-5.124697631082584248e-01
1.050657449447459646e-01
-4.733472476734063017e-01
-2.562111703734792911e-01
-1.889423726024038602e-02
4.537658884500335166e-01
3.409023553434386011e-01
-2.735500297030588612e-01
5.090245473294363610e-01
-1.545163112014492635e-01
-9.712579065885067198e-02
2.803145382055651225e-01
3.306248228023630498e-01
-5.756561411375329396e-01
-4.863995007093264711e-01
2.505660959655970355e-01
5.179521275327865840e-03
8.303427467683886787e-02
1.554704272465554371e-01
-1.033069589709744718e-01
3.128697956292835203e-01
3.581858213901946697e-01
-3.305744520612621806e-01
-7.459532921414606388e-02
-3.889929054275562126e-01
2.134405315884896348e-01
4.344222000966690977e-01
2.553947474588317279e-01
2.435368231174806775e-01
1.293413481948104959e-01
1.492971322854492744e-01
-4.864336682477823359e-01
2.534162484077752686e-01
3.389451603142804720e-02
2.674457945512786483e-01
6.984614298313998604e-02
-8.099050851344435920e-02
4.288224997493149671e-01
-5.784955650473606603e-01
-7.075293538462281706e-01
-3.747480885436941245e-01
5.079489056901516086e-01
-7.481780854704478401e-01
8.790056594362563036e-01
3.332919584578730166e-01
-5.372176543941965532e-01
-6.623387151274796603e-01
-2.052771736348417697e-01
6.071592702458989549e-02
4.309792838565327799e-01
3.138202983631205867e-01
4.446119379029353502e-01
2.361416146277777739e-01
-3.933313296279363769e-01
-4.187322580896549185e-01
1.082817368132877600e-01
-2.281405346475502138e-01
-4.579614982293267467e-02
1.906303910084901632e-01
1.338402729855889539e-01
-3.658332586487542115e-02
-1.699820011869751235e-01
6.089072278744654676e-02
1.023345738441443636e-01
-1.095221373075323246e-01
4.487763853459481034e-01
-1.357904099911899365e-01
1.524193496983411444e-01
-5.017090286706364921e-01
-6.477272669111862058e-01
2.979553895113054574e-01
-3.936506464899406504e-03
-7.606405246878619741e-02
3.031316649933559759e-01
5.083693825615387407e-01
-2.195026698565769041e-01
-6.023213429267321173e-01
-3.393785195568830293e-01
-4.199739322961126287e-01
-5.231131200078449339e-01
-6.327634464085157839e-02
3.632563382645518923e-01
1.164728136501517047e-01
-4.939449345523471702e-01
4.971744747466683156e-01
2.122563691223482429e-01
-2.625872349614907231e-01
2.240007985053462936e-01
-7.420101746079663663e-01
-2.089660538533526235e-01
1.055861175248623413e-01
1.296766359516112778e-02
5.321266915910224382e-01
1.736019355842775558e-01
1.028140555805054507e-01
2.082779521586366478e-01
-4.810619477216525330e-03
-3.844859435021459881e-01
5.348481580620155773e-01
-3.000001479602239507e-01
-3.640014535997531109e-01
-3.215619736848734367e-01
8.005327140181775492e-02
4.531566623342158096e-01
3.587030473800251196e-01
-2.250168376550899796e-01
-3.434219690444650364e-01
1.007174310235662978e-01
2.854269797970329092e-01
2.666860777883620637e-01
9.299415334465482852e-02
-2.554850254488462147e-01
3.226803858242349721e-01
-1.197160361660451061e-01
-2.060073315674748884e-01
1.172982009400954373e-01
1.387090725574246231e-01
5.249672705037582848e-02
1.259631021581042454e-01
-2.744925815256554769e-01
3.740773727779340141e-01
5.574218012624031493e-01
1.705363132719454611e-01
-1.623766095027016215e-02
-2.285611987096420883e-01
7.561504695130684128e-01
-3.428190624649030821e-02
6.007138046745068571e-01
-1.161555948671542660e-01
-4.566880601617189228e-01
3.035711369088376910e-01
-4.837439368441292520e-01
1.375750095321201516e-01
1.295932575220975214e-01
-5.219418256013670376e-01
3.527623169603155695e-01
7.764965545664191671e-02
-6.923853767654873648e-02
4.292879201411333168e-01
8.478588948021188731e-02
8.666667677206600640e-02
-2.353887798194654463e-02
-4.614234237522083504e-01
3.891743742527826733e-01
1.587981579401651355e-01
1.262727852102648873e-01
1.840997509992324810e-01
3.063562499181275989e-01
-6.917869368340201323e-03
1.059023811702482915e-01
-1.217878003029540801e-01
-4.905645864159509095e-01
-5.025835652547309129e-01
-2.119099703115887023e-01
-5.282394948013394501e-04
2.337791348187911455e-01
4.472563431164425229e-01
-3.738454521350855209e-01
-1.270868089204937046e-01
-4.517423555690643910e-01
5.856806128622902285e-01
-6.129050957033684854e-01
2.234694783438327670e-01
3.231191901180674453e-02
4.415256603565258509e-01
-1.766291591762602642e-01
2.153302696100378999e-01
-6.171147979420542606e-01
-3.990404611920750910e-01
1.013210197795522266e-01
5.188444514874531732e-01
3.012921829378669147e-01
5.240474950238707130e-01
1.688718636589498640e-02
-1.268079527931202377e-01
-7.289980163343005026e-01
-9.484965872285941457e-02
1.204735857768561291e-01
2.045684907283736309e-01
6.419192852951298711e-01
7.168440717361922454e-01
3.192808638629459073e-01
2.279169454602943956e-01
4.323402477022983414e-01
4.043132953018688802e-01
-1.101028292188625975e-02
-2.009625840690256737e-01
-1.253940853358167240e-01
-4.749109549582368750e-01
-2.709600885430926143e-01
-1.132445876291248987e-01
2.091103354344967802e-01
-2.943672556258183914e-01
1.742685259583038465e-02
2.177014465961245315e-01
-5.166388048017611645e-01
-2.742784982985356501e-02
3.608310441354272147e-01
6.602648553626853101e-01
-2.506383283874306644e-01
-4.240736080531148922e-01
1.349417221079736717e-01
-3.754505655215773507e-01
2.752549289439162883e-01
4.582544918635571563e-01
-6.967903804775560372e-02
1.465193481458691438e-01
-5.501662213867645201e-01
-4.287742886553067567e-01
-3.026098531925994761e-01
3.737435730761478614e-01
3.451559810536669604e-01
3.918792069574447146e-01
-6.311991219077945914e-01
-3.345153689073925851e-01
-2.715414190084506352e-01
-6.193366485619244965e-01
4.394640567040927759e-01
-6.859567980309426716e-01
-3.025138359504881969e-01
9.770618614109653766e-02
2.480815833381815327e-01
1.995656932725422827e-01
2.045946120232899346e-01
5.975875092384153042e-01
2.321685950419098421e-01
-6.172008277072557059e-01
-7.466748005101357666e-02
-1.912825032928260061e-01
2.072967382622807331e-01
-1.690602429049090638e-01
5.097542709230580282e-01
-2.318559249380015563e-01
1.902992263919283111e-01
-2.018074205667564486e-02
1.113803289463940610e-01
1.454467922858722062e-01
-5.417523475452444837e-01
6.688217305128927315e-01
-3.047793220213892429e-01
-2.798231718755577191e-01
-6.675145892399961811e-01
5.319857016857901799e-01
-1.835713044422533080e-01
-6.830161656953532834e-01
-3.161453854160707344e-01
2.923049880480126372e-01
-3.230711813006419408e-01
9.796430045014584143e-02
-5.680148501796576932e-01
1.319228340853037529e-01
-5.516382867612922292e-01
1.048844900331211139e-01
-1.626507634829092164e-01
2.153806161512554218e-01
3.686247439492543188e-02
2.524330645692436925e-01
-4.032595012192753958e-01
2.696190797239943482e-01
3.866791685799107481e-01
3.248516088842365868e-01
8.317038454842118345e-02
-1.509048026330195580e-01
2.656949499206462950e-01
-3.967103042585487516e-01
6.593924239120494413e-01
5.959355817106618547e-01
3.222957095789673598e-01
6.200214318035097705e-01
3.607533642181458555e-01
-5.719682077505419127e-01
-1.240522069558337159e-01
-2.635421541420605585e-01
7.862700768278179098e-01
2.072613748024849101e-01
1.849650366072413954e-02
-6.025002392511258353e-01
-1.646642403122483556e-01
3.886051141101268813e-01
-1.390937494492659188e-01
1.736027773330308110e-01
-4.831329636611870759e-01
-1.422862934917248634e-01
-2.555179769880901175e-02
1.177449265277378913e-02
-1.293105769340433808e-01
1.776002696526313707e-01
4.086074105836296488e-01
5.421108087416909305e-01
-1.138082420674635734e-02
-2.443551890643711529e-03
5.092866099452026951e-01
6.599127701694795789e-01
5.953093077377603626e-01
-2.257248620880116519e-01
-1.783557954530354539e-01
-1.042516718435338996e-01
-6.154201995170356376e-01
-6.140117999471254029e-01
5.863859485559920481e-02
-6.312814567959981749e-02
-1.195105194945729338e-01
-1.140246271542093709e-01
-1.686660453251988545e-01
3.469580948325784453e-01
-1.012788889345230259e-01
4.845479390045199786e-01
-7.497246829821210823e-02
3.038741604715388678e-01
-1.507907957178043490e-01
1.050223294958813891e-01
8.332163697250469236e-02
-3.930340601140143164e-01
1.497052076472794313e-01
-3.092762695216412783e-01
-1.568267079692331756e-01
-4.116209348065462403e-02
-2.875589600492515219e-01
2.035432689961764186e-01
-3.068393056492244031e-01
9.206646537096448146e-02
-1.418558558827992533e-01
1.834706537285450412e-01
5.273901228090810411e-01
3.788138589324710481e-02
-2.133757530098100430e-01
2.673742967053022862e-02
1.287395114429394812e-02
-4.432939447824757462e-01
-3.829244787482534440e-02
8.470175501833396292e-02
1.782812442894016469e-01
6.085259613204822837e-02
-2.145724194893791625e-01
-4.089585043070437798e-01
-5.138720730909215328e-01
-2.398225239963279742e-01
4.208696587126624644e-01
2.122679701240653971e-01
4.689077585222062305e-01
1.395775961989374203e-01
4.917357977299952054e-02
1.962191314560460809e-01
2.870430215683317243e-01
-3.284305364575345609e-01
6.501937927114243010e-01
5.583050736510393186e-01
2.978746678667884562e-02
4.390264108805149168e-01
-2.155673377303150839e-01
-1.707094051220697795e-01
2.736177698392956020e-02
-1.117092833226012299e-01
1.135476733339857852e-01
4.102606143380515547e-01
2.875112939943296197e-01
-1.523186615052367632e-01
-6.083596362682730518e-01
-1.731954639842637755e-01
-3.799369599838647305e-01
-3.802884656420266879e-02
-1.326193458138018311e-01
4.282279925709097101e-01
-1.714643099645265373e-02
7.048472443287653322e-01
-5.664255846127856566e-04
6.336100760944340937e-01
1.191102331705697071e-01
-5.998498716491705851e-01
9.781735517366957344e-02
-6.013330549410110526e-02
1.376469418640595688e-01
1.885236545973816014e-02
-5.468936468559314201e-02
4.059124504445368875e-01
4.343636477425348585e-02
1.214545625475697416e-01
2.615502852714750581e-01
7.624989623866651467e-02
-4.740961988504691638e-01
2.272071805291749347e-01
-7.453927653342670157e-01
1.504562670274603997e-01
1.347448436016013829e-01
-5.841591601278016410e-02
-1.558689277136962592e-01
-1.496090541420739273e-01
3.108309068854339108e-01
2.222778698661320163e-01
8.539347125547112893e-02
5.982395831906780481e-01
-3.177916425867179373e-01
2.375300044719861614e-01
1.926966433936039835e-01
9.546316852714156753e-02
-2.814875505617365770e-01
1.195228845372723649e-03
-3.461246876088620028e-01
2.042079581842865532e-01
-4.812081512365311564e-01
-3.276070434833686651e-01
7.290752121393230707e-03
-2.042584904278413049e-01
-1.903461267146051017e-01
2.445405639553713262e-01
1.153049451692661487e-01
6.079785621227544734e-01
1.709605124908522011e-01
-2.258301273742010784e-01
5.307044235155613521e-01
-6.346122972949495011e-01
-5.736513506049693012e-01
-3.791817321155732667e-01
2.196841535772041387e-01
-5.660027735819587180e-01
-4.030747317672611629e-01
4.401317008071616854e-01
8.069742546823863161e-02
4.970543120783396107e-01
-2.757805261171101807e-01
3.625376999637929254e-01
3.319353895025644041e-01
-5.782378066566201680e-01
-7.893659966398229866e-01
-3.652955612035471700e-01
-3.474291618317014441e-02
-3.630975036570081582e-01
-1.806921708020292963e-02
1.129671243317606072e-01
2.124389624793115716e-01
1.925429246379014303e-01
-2.653233788604583698e-01
-4.267110915389346060e-01
-5.743076573727325940e-01
5.030251511450958279e-01
1.771771062749042669e-01
-6.805579563148028699e-02
-7.788778032721949129e-01
8.722974049502479899e-02
-5.512142585536482509e-01
-1.388162900846551251e-01
-2.402053073815859641e-01
-4.561945098712190116e-01
-1.246784166025025481e-01
6.926568818192035959e-02
8.887499926349781698e-02
-1.632488223787467718e-01
-5.368448774046682415e-01
1.771622140063313089e-01
-2.739527486039419202e-01
5.071368639735565065e-01
5.326295795609721495e-02
-3.045866491074207261e-01
-5.884510371663508321e-01
-4.389285401103578677e-01
-2.644445419991402479e-01
1.953684863655314741e-01
-4.298193829642642412e-03
-4.119093038958911990e-01
-6.941980374288317934e-01
-4.481102519645690507e-01
-7.129544374064943069e-02
-1.203520603132156030e-01
-9.277311006531148430e-02
-2.109874980850029100e-02
2.608940771014955917e-01
-3.673455757125078103e-01
1.011490926975038562e-01
-3.988742195555647352e-01
2.100146683548211324e-01
4.606889557358026521e-01
-5.919151294289615173e-02
-3.211961923900671922e-02
-2.234813863646408216e-01
-2.939918041700410600e-01
4.020066630801634455e-02
2.533350977443399321e-01
4.958293999095836346e-01
2.470395191140850599e-01
6.268308194297396163e-01
1.082129463073391307e-01
-3.372877859514040733e-01
-1.794641721750436514e-01
-5.130828256181120262e-01
6.644352930143453406e-01
2.726026964580693379e-01
-6.190372385627271323e-02
-9.846987766908180811e-03
-2.103540656689147359e-01
-8.689237836162408413e-02
-5.326176963453347346e-01
-4.856051196930057379e-01
-4.933311540030592135e-01
-4.630287279927571831e-01
-4.222822886223556171e-01
-1.391937393852016869e-01
4.019200008005612834e-01
-2.287712745725935248e-01
4.209984451725123367e-01
8.335456548906486351e-02
4.424585408229405603e-01
2.410615272447470814e-02
3.282277487625874790e-01
-2.398692636575853743e-01
-6.100103256933799845e-01
-3.822264465308294890e-01
6.198690981173040626e-01
4.734681637622907280e-01
-3.885556434553073535e-01
2.122306728071836068e-01
-3.057042761020946076e-01
4.377821235713326153e-01
-7.817650501276328379e-02
3.632504660772725713e-01
-4.442832813500479094e-01
5.488483424144774414e-01
-2.085830749203501644e-02
-8.461692622339737901e-02
-2.463039313529162833e-01
-6.911765793973425609e-01
5.896444336927577495e-02
-2.640704458966950385e-01
-2.790080384230428923e-01
-6.844601386255076969e-01
-7.865831650847156242e-02
3.429959042189603124e-01
5.213772193312264935e-01
-4.343042217802052796e-01
2.297414855326948557e-01
-6.311161191686744942e-01
4.393983465283182732e-01
2.713287250974404374e-01
4.427846478194864821e-02
2.887508105947078629e-01
2.212212147079332669e-01
2.814575218975216564e-01
-3.310664556940447895e-02
2.012813055837813503e-01
4.525476136700382623e-01
2.930171168403253312e-01
6.988874823331656105e-02
5.909479467511008499e-01
1.593825475190351060e-01
1.835877533981078724e-01
-2.617149627116636124e-01
-1.150693398386798683e-01
-1.094016660425135568e-01
-5.069356969077219721e-02
-3.474797915467789933e-01
5.320063617821872981e-01
-2.494973450095110679e-01
-2.784656707961300631e-02
1.387586725855704251e-01
4.612763814780461713e-01
-2.541830933469281240e-01
-2.850669055073756786e-02
-3.105305077439152184e-01
-1.895639580960878090e-01
5.135738472705484448e-01
-3.306526977648236998e-01
2.679525145995742541e-01
-1.978685592035847596e-01
3.404822429491526914e-01
2.014526957755687908e-01
-6.966731462862985058e-02
-6.524547697092774046e-01
1.214804975512771279e-01
3.721042424355008871e-02
-2.103005738072501463e-01
-2.419217672080523351e-01
-2.273180434201560740e-01
3.106302379985975137e-01
-2.104475067858173620e-01
-1.987817700428294310e-01
8.720538476505404479e-02
-3.017232408783455666e-01
6.436507612821793511e-01
-2.043107627738516008e-01
4.020951716552232380e-01
2.145682262830978793e-01
-3.991829831951424490e-01
3.160062760351394218e-01
2.946141954021704867e-01
-8.750824260797232523e-02
6.083519156449998522e-02
7.816370530132512595e-01
-6.593019836858979854e-01
6.190402369488934298e-01
-1.644595683701524924e-01
-3.823145789239492665e-01
2.095047370709295920e-01
5.754626687038261190e-01
4.238936154633740072e-01
9.158194828446246383e-02
5.629930520115831172e-01
1.742550034531079040e-01
7.524280207153197231e-02
-5.126482527524572202e-02
1.566100202025393628e-01
-5.598490652391122646e-01
-1.818063775282732220e-01
3.647749971607143760e-01
8.819174944318086684e-02
6.247253250955131509e-01
4.034853177703596749e-01
9.618440092244143202e-02
-2.783451788981248232e-01
2.007578686373541199e-01
1.923806181233143342e-01
7.754260380445029965e-02
-3.044660998209707259e-01
-2.813043077085436994e-01
-1.023346976178332313e-01
-2.890211586426263413e-01
-2.415597034735573745e-01
4.434617827641507692e-01
-3.930257349945047718e-01
4.272930474347927943e-01
1.226979739132675329e-01
-6.144217135846954392e-01
3.118798183179767314e-01
-8.547577201353764309e-01
3.220850405942667916e-01
3.517208147861705103e-01
-6.420839362755196289e-01
-4.694346097537261397e-01
2.126578924571015383e-02
-1.042189098495821808e-01
5.114553489746358483e-01
3.127926778173036326e-01
-3.451513104283022992e-02
-9.685574128497558000e-02
-3.863436864382928659e-01
3.674288002893844052e-02
-2.516393605119041088e-02
4.724924632204646757e-01
-2.397806090937265600e-01
-2.909213915497553260e-01
-1.485665646913865989e-01
2.434373663715903580e-01
-1.837895768816835695e-01
3.069857570404515568e-01
5.714553674181711840e-02
8.463908848048899702e-02
-4.183558588941971301e-01
-5.270808538952809208e-01
-4.704612644960670664e-01
2.132247531888320502e-01
2.611514339765462767e-01
-1.204476949281838016e-02
-2.167262484959506519e-01
-2.254013012814846117e-01
1.391252297089161719e-02
3.209764823645566700e-01
-5.702744987110430763e-01
3.314409922699637634e-01
-3.367935198065232782e-01
-1.336771802535899889e-01
-3.479016308849267602e-01
4.850373124950503601e-02
-3.622510412890759812e-01
-7.861965597691109586e-01
4.117444374673977225e-03
-4.541226036262412113e-02
6.108356765738180982e-01
1.767503358766395888e-02
-5.529743701033829062e-02
4.595255212167668329e-02
7.597196859712676553e-02
6.212471968096214964e-02
1.224811259303811850e-01
4.097056771899298955e-01
5.319530756199039034e-01
5.196575766502549154e-01
1.123151202495578788e-01
4.548695631924901117e-01
5.369316890230668715e-01
-8.413001744575432372e-02
-4.433680144536114032e-01
1.518501284250240446e-01
1.568958887801747137e-01
3.962044712402559843e-01
3.759378105332014108e-01
-7.011722466046285684e-02
2.866363248173053879e-01
2.677648211258576438e-01
3.913105530534374266e-01
1.874972191654792064e-01
-1.127313307690558375e-01
1.121695799614001038e-01
-2.477580553667033114e-02
5.818444890748793175e-03
-2.217642105411114437e-02
4.964058764549178493e-02
4.601455581816001894e-01
3.315955936348115030e-01
4.269814605412579622e-01
6.728338924132935828e-02
-3.919759935994663325e-01
6.163561267420072376e-01
5.852487096089542540e-01
-7.342787904521469455e-02
-4.725532040291384739e-01
-7.116279645354331995e-01
1.499757695958486015e-01
-6.973799636719238970e-01
-2.390379115066954274e-01
1.062785031348544712e-01
2.771204541806967514e-01
-1.135417178467972993e-01
-6.339920951545128247e-01
3.454922627817779146e-01
-1.355335474661840678e-01
4.873726790726205516e-01
-4.113609597013040409e-01
-5.194885765749925749e-02
-2.293651054771294051e-01
5.590518481704240816e-01
-2.452448953629678963e-01
3.526563800355070333e-01
1.167722094652875742e-01
-1.232737385304314148e-01
-1.330146749142785134e-01
-1.287087064075175258e-01
5.529919678849724018e-01
-3.319572617284671789e-01
4.654959972505666732e-01
-4.481138493955021951e-01
4.364867888407704122e-01
-3.672083709595031498e-01
-5.651873950629461296e-01
2.642967793010234656e-01
-4.030431004938268558e-01
2.401005685031540327e-01
3.105456424589798647e-01
1.660702861920853035e-01
-1.506607566056579195e-01
1.654460711218651014e-01
-1.218180792561252279e-01
6.522748791782333189e-02
3.400465255135122766e-01
3.242270117481076408e-01
2.946065036144690508e-01
-2.551165113501647000e-02
4.288851558383443008e-01
-7.093639648153079458e-01
7.050073620787309370e-01
5.146033515479463416e-01
-3.556515549974242907e-01
-4.281750778610020625e-01
-3.123217517674276023e-01
-6.540314768529335854e-02
4.778129906619043021e-01
-6.247467154802373024e-01
-3.096593557736623259e-01
2.976443921751656951e-01
-4.545669724520783328e-01
3.133549208640516448e-01
6.865818423031699869e-02
2.363389767063608649e-01
6.419801520051567900e-01
4.199596571595226036e-01
-4.526245446737350853e-01
-1.708785935687784918e-01
-1.466704248511241648e-01
-5.748130484657024697e-01
-4.153448016277153099e-01
-2.828530115417473012e-01
8.987918632945292308e-02
1.451131322416086833e-01
-2.974628691312593554e-01
2.871452422445892050e-01
-3.057326491823096973e-03
4.881382143509804261e-01
-1.893917584113861963e-01
-1.400054038855433891e-01
-6.686147927114606260e-01
4.039276648499273703e-01
2.127096508970445499e-01
4.498076113068374404e-01
-4.959616904043554625e-02
-5.358975484111752063e-01
4.445284619967999062e-01
-9.455537058161961328e-02
2.448167080429849984e-02
7.566498852502430428e-02
-5.352075920786941721e-01
5.641436647668531812e-01
-5.891369112859669022e-01
-1.157130681977648207e-01
9.907805021559579206e-02
2.657646035919344341e-01
3.170552811518739800e-01
-1.492142080639068460e-02
-2.270779247997700701e-01
-1.616936661721571911e-01
1.915482525540952163e-01
-4.803247974384705632e-01
-2.651186148434863665e-01
1.008504617602660747e-01
5.249056412790555903e-01
1.200264642879655397e-01
4.424843986509012228e-01
-5.628786151186002673e-01
4.476187582854179170e-01
2.843403905788443042e-01
7.375435185403379779e-03
-1.295402841472635957e-01
-2.661939191239411362e-01
3.211563405707861807e-01
-2.028081092492324267e-01
-7.072678783779806633e-01
2.642015523140953670e-01
-4.209436624205980526e-01
9.395704974121968367e-02
-2.898498054423270798e-02
-4.742982537974542168e-01
2.177741764219912612e-01
2.459410557069575398e-01
-5.385675050089638871e-01
-2.498501787976319943e-01
-5.563488118682350381e-01
7.200242549081761201e-01
2.737686095573516609e-01
-4.101050685121606643e-01
-2.249157266187529203e-02
8.428375855169676356e-01
-4.463164180592661401e-01
5.663245627678803809e-03
3.723661638061704360e-01
-4.582918314864034559e-02
3.170319663582154557e-01
5.311561632619472562e-01
-1.999220686131396585e-01
3.263472959849491595e-01
2.390790931483445167e-02
-2.373539167509206294e-01
-5.082374507380462703e-01
-1.649635404722978871e-01
4.141796641490691488e-01
1.658731325483588370e-01
4.194941363098099174e-01
1.554838641560037094e-01
2.337721104426663532e-01
-1.426863010071933169e-01
3.076342617590078765e-01
3.614256199802814984e-01
-1.964596623056703850e-01
2.215500794767920334e-01
-2.554569240788657214e-01
-2.483345757423643385e-01
1.713449593307111718e-01
3.519667086549366219e-01
-2.016577501476939441e-02
-3.380534930694241713e-01
-1.393785208733466091e-02
5.501856532542667155e-01
4.758680099704044042e-01
-4.856768519117796862e-02
3.497088524424251110e-01
4.823993137367581230e-02
-5.941076249779009277e-01
1.004515119591668781e-01
-6.585847782098780412e-02
3.952788133657673952e-02
8.414526791107243553e-02
3.605744269081090358e-01
-5.521853183890006872e-02
2.558258156764298130e-01
1.921137909025833618e-02
1.644391888330685725e-01
-4.886713570456530653e-01
2.574272322636532717e-01
4.600140263531863477e-02
-1.181272967409257024e-01
2.567083177546148343e-01
-5.398045872135314172e-01
-4.358987593644865766e-01
-1.646211118487363179e-01
-3.134646119976904344e-01
-2.556442486034328221e-01
2.288657915993047021e-01
-1.349170799671743082e-01
-4.122497222183438836e-01
-8.026084908289744801e-02
4.316000562647338556e-01
-3.087235902854120698e-03
-1.732576565956290005e-01
-2.535240452875521244e-01
-4.701852026835994236e-01
1.391107569748334660e-01
4.670503480135437258e-01
-2.590600086156711890e-01
-4.244704675895346613e-01
-2.769878832453344653e-01
1.062189365067841770e-02
-7.914851188290732420e-01
-2.717027143631804975e-01
7.590059366088175441e-02
-6.024254845812332393e-01
-3.922737524711796819e-01
2.673597161706843806e-01
1.810882316599422013e-03
4.801025207899835279e-02
-3.317786315276406994e-01
-3.911406391294038748e-02
2.353422920546572039e-01
-4.009800214716584266e-02
-3.288751733142106226e-02
-1.050035579693688048e-01
4.938575213380792528e-01
2.289338921047684439e-01
-4.833290259082182461e-01
3.795550842226898536e-01
8.017428319859501440e-02
2.502296898273105863e-01
1.110273883866303157e-01
-4.385520659621032769e-01
-5.387007648296143758e-01
-2.400755839491759969e-01
-1.409973650928387778e-01
-3.751165728511377667e-02
-1.452782031126283457e-01
-3.339084512530400284e-01
-3.295320683121294447e-01
-5.218602180737336171e-01
-2.933127777726376451e-01
-2.435560171262611540e-01
-1.077669227421592379e-01
-4.689923454274365078e-01
-4.545223948317404505e-01
-4.611814087925237282e-01
5.189610803277703299e-01
-3.015598815723259940e-01
3.290963331183755503e-01
5.899929407333071030e-02
1.036684095934961580e-01
-2.001176417645195160e-01
3.129200264653141939e-01
-1.616985196441892980e-01
-1.135992172248569548e-01
3.968719714672561683e-01
1.540247789000309120e-01
5.124616438261612172e-01
-2.699306581215670242e-01
5.600027805247658197e-01
-2.594625548986161379e-01
8.936735714470975256e-02
-1.003208551956524114e-02
-6.340857964245980027e-02
-2.844834500322446225e-01
2.599175743156909024e-01
1.100380752856861821e-01
5.137820842207484473e-01
4.353665403660936239e-02
5.517387282119265990e-01
9.301251892840410596e-02
-1.533700308493846087e-01
-7.038816507773594244e-01
2.754086047712248075e-01
1.199069764859923976e-01
-6.724671893734327499e-01
4.315309925950296943e-01
-2.937986206561971070e-02
-1.957638106323364990e-01
-1.380669429189294306e-01
-1.832558960575756679e-01
2.199754964631756363e-02
-5.398085721158035755e-02
3.310618908426150170e-02
4.215030899723692069e-03
-3.397080329402525356e-01
7.302254819641331718e-01
4.024790635711726627e-02
5.826528537304950101e-02
-2.033667085801811325e-01
4.212480952487270836e-01
-1.515077725248260409e-03
1.052245561287537545e-01
-2.464161430947390263e-01
-2.719319623749195114e-01
1.397456901390964346e-01
-1.743734364894201083e-01
-1.222809024272602796e-01
7.595922850777432622e-02
-1.903891132529849095e-01
2.661723626125451769e-01
1.664431377724510108e-01
2.138192144643077941e-02
1.631256073289252817e-01
-8.503050918733939811e-02
-1.629478022845198271e-01
-5.781504232022945944e-01
7.173564655728829897e-02
1.682239447260552578e-01
6.491171897727285311e-02
2.622925889781727027e-02
-9.158938075461474371e-02
-2.829844365163513009e-01
6.864062463103117739e-01
1.564155074436305859e-01
-1.341597295265958313e-02
-4.183960308575543352e-02
-5.233026091683040670e-01
-2.125081311199768785e-01
-4.603142031227938080e-01
-5.220018201372262912e-01
2.714409185323575779e-01
-3.145476262984601978e-02
-2.174579621886897352e-01
-3.466623363444336081e-01
2.006280496684334155e-02
2.335314954413720417e-02
-3.136090709165758605e-01
4.897602787806956126e-01
-1.006835397711365876e-01
-5.959346537547607348e-01
-1.407977145691472476e-01
-3.799805282023273612e-01
4.119337642787889164e-01
4.776999111086253080e-01
-2.557379962617714053e-01
-4.099338126393344828e-01
-5.538234353338079563e-01
3.254277281512993891e-01
1.403734819517266363e-01
-1.705796777782316309e-01
-5.007497631275374950e-01
1.755508544566045104e-01
-7.094503657674746666e-01
6.713597641551459771e-01
1.548308194319429967e-02
1.987684498600021110e-01
-2.034176081047735923e-02
4.206254573803650532e-01
-7.076303332883655817e-02
1.367972646821638827e-01
5.770512542152617108e-01
-5.811759239734998195e-01
1.310638682144222023e-01
4.438717451557963600e-02
6.921067786639211183e-01
-2.884395705085431028e-02
2.684528504746567790e-01
3.210477011497809841e-01
2.975060240593479510e-01
-2.929686230118623835e-01
-9.487216034573153073e-03
-7.218279024445671821e-01
-2.122703797812405535e-01
4.842024663177278976e-01
-7.463697953118057782e-02
-1.974377362608336350e-01
-2.009639668801955215e-01
-4.426079452132190006e-01
3.525258430240065660e-02
-1.552984976245538329e-01
-4.446771480786297637e-02
-4.612310436223152621e-01
4.262210330389236690e-01
-4.552655559025915455e-01
4.683218859177510351e-01
-1.133237002152645140e-01
3.549676486212735016e-01
1.106294804382770836e-01
3.592015100663986660e-01
6.318660671639972914e-01
-3.501168997245368564e-01
-3.481565028163516318e-01
4.886834426822309063e-01
-2.863598478485645527e-01
4.339906176412270389e-01
-1.354842230105766654e-01
-2.157301229206380622e-01
-1.539156577659621661e-01
-6.098524752833435203e-01
-7.503041504126954642e-02
4.365475470601681840e-01
3.706143100315391070e-01
-3.048515897698842458e-01
-4.823914161086806374e-01
4.767507489843031410e-01
-3.219448848152507425e-01
-1.976323016758295692e-01
-2.380685403532978306e-01
5.020793293011472924e-01
4.291455185208521428e-01
1.778010969610332725e-01
6.714943403504671782e-01
2.077812426517999245e-01
3.407247380207977239e-01
-3.617766322291388614e-01
-1.492262294493663100e-01
5.498728564262840568e-02
-4.199976440811689082e-01
-1.054607311994520125e-01
-4.150728749919727623e-01
4.212391837772361258e-03
-4.069237947669899214e-01
-1.531850584428564588e-01
-1.595759307972678953e-01
-6.776460808970294347e-02
1.717769801084316761e-01
-1.450380219704808515e-01
-2.862739345044981176e-01
-1.479903753598244276e-01
-5.369188992044727771e-01
-5.111227608835225977e-01
-6.751629944490611379e-02
-6.411773913623405874e-02
-2.351979089475940976e-01
-2.232183527619048813e-01
2.582771896217987695e-02
5.098389415507695865e-01
-6.717468050304181704e-01
-4.624593766213363488e-01
-3.880793956808896716e-01
4.039889831490913741e-01
1.293697213496644571e-01
-3.417718592879422923e-01
3.635742781335434687e-02
9.745275273423227580e-02
-4.689477447360799328e-02
-4.358224705298140988e-01
-5.265340526955166744e-01
5.247614185601535697e-01
-6.135089137773729745e-02
-1.852289080810301525e-01
2.655788690554231612e-01
-2.261129707737911387e-01
-3.660498057008866324e-01
-2.442103080127030479e-01
-1.136941890673220101e-01
-4.065336705341578982e-01
-4.896955491650674744e-03
-4.993728057607840221e-01
-4.841236427461549641e-02
7.513498062565212576e-01
4.770039834719481120e-01
8.880482847356781229e-02
2.315540035795566332e-01
1.817895209771851206e-01
-5.091792895309685818e-01
-4.799349274507511143e-01
-1.375912022539091395e-01
2.121207358162212619e-01
1.512178551659106585e-01
-4.881042374426528552e-01
6.883330060177304116e-03
2.480390423058029606e-02
-6.476968391846871231e-02
1.794406950720660865e-01
-1.331431866320319790e-01
-4.269688041118850919e-01
-1.744969622944517740e-01
-3.819332337665103938e-01
-4.149502052789437734e-01
4.563057225986948962e-01
-6.123256868718181950e-02
-2.459314721057403730e-01
-6.059494307049282380e-01
3.733198088442848395e-01
4.056975668028037774e-01
5.384688807095551200e-01
1.633118224238755065e-02
-1.264071126314078586e-01
1.633186404942791325e-01
-5.525523353120712633e-01
2.258473442522360708e-01
-1.920342414273183973e-01
-1.931055114785108495e-01
-1.605300097292702011e-01
-1.907007025055370009e-01
-5.188809752499515815e-01
3.464279496360590516e-01
-1.701426265609832789e-01
5.335605661173929981e-01
4.519668508201478141e-01
1.837651400096381449e-01
1.579508824027058278e-01
-5.399822663888301927e-02
2.026777892822063942e-01
-2.255454475336687026e-01
2.408880892357262438e-01
3.024185242852175243e-02
-1.737930171237246912e-01
-7.456972650735541053e-02
-3.789741919998496078e-01
8.151329940033921750e-02
-3.523790934219893888e-03
-5.115280109284100346e-02
1.999770410608130988e-01
2.680345826679984000e-01
-4.476506406230909563e-02
-4.062495371791044474e-01
3.535172453676623805e-01
-2.593168997734081049e-01
-5.421944003941254753e-01
1.732904012497917534e-01
3.257343608196545670e-01
-5.959122366436694351e-01
-1.224278852566335757e-01
-8.422430587734806851e-02
-1.518376295441994928e-01
8.752679230506207886e-02
2.817344724910957332e-01
-5.775879450395186021e-01
-1.737292481841962999e-01
5.201162122092675144e-01
-1.314712185835041278e-02
5.720248506735761684e-02
-1.656971743877910580e-03
5.163217751293260882e-01
-1.653927810724213909e-01
-4.516088721242654258e-01
-1.311574229737712260e-01
-5.999203468632111624e-01
-1.633061990991927781e-01
-6.381500169119804777e-01
-6.375139450868799740e-01
1.871803398283402864e-01
9.000278715053632306e-01
-2.903362449657483912e-01
-4.503855248404112777e-01
-3.484632639393047682e-01
7.237362120707366286e-02
6.628122881628921437e-02
4.240574969255133109e-01
6.218446200613446384e-02
-2.984323637252129791e-01
-1.497307100947465330e-01
-4.512998435120578467e-02
4.007199144788281542e-01
6.238925382983248613e-02
-2.288360810189635219e-01
-4.282171106370236680e-01
-1.814516323769136130e-01
8.882854779979763860e-02
5.046067752079734792e-01
3.307536098409514236e-01
5.934502752146577631e-01
-4.564806096410058966e-01
3.854329455234393187e-01
3.859979443433431134e-01
1.760532917997313304e-02
-2.709849466919122575e-03
4.324000838599069141e-01
1.466058002025484586e-01
2.800660509816563781e-01
1.300919261213764368e-03
4.940726233692950831e-01
-2.465567195301978654e-01
-3.135414016780271318e-01
-3.896796574980442712e-02
-1.201887586279586605e-02
6.756752517140397485e-01
-3.871686622391162791e-01
-1.455190430244322763e-01
-2.451940772177512440e-01
3.908003338031751372e-01
-2.448758555698637152e-01
-1.498752638769376699e-01
3.826331843040295388e-01
5.925070806111314425e-01
1.716302633446969150e-01
1.153145742168858352e-02
-6.728060951539230339e-02
1.592926607216380019e-01
-1.953279865012905181e-01
6.238710205583620355e-02
-1.847390960171635399e-01
-3.287479300852827468e-01
2.766035408692360184e-02
3.000903746370293668e-01
5.747201610574919073e-01
-2.216330736437571447e-01
7.766983457420506554e-01
-1.864431108946089030e-02
1.486348098136604512e-01
-5.047224055424199829e-01
-3.731289658069089632e-01
1.052976181092553087e-01
-1.045890745594309640e-01
3.520763097574337169e-02
-2.699171313386786175e-01
5.495119889831565629e-01
-3.393851844503823489e-01
4.550419160085179549e-01
-5.485894805320643552e-01
4.221134208880197858e-01
4.854257179686922302e-02
6.302654162424473072e-02
6.372086873702800802e-02
-3.756151166934935115e-01
-7.062458347044489049e-01
-3.938529231072990244e-01
-6.676163567953364852e-01
3.064142546964430669e-01
-8.610680535745662834e-01
-1.044964883182142590e-01
3.948273574730647995e-01
6.439846483902011975e-02
-1.501518334232362362e-01
-5.725949028139686314e-01
1.635827253860710484e-01
2.084646811509811015e-01
5.233919408890931324e-01
2.245131167617674395e-01
-2.889743923213955457e-01
-3.838855632629395442e-02
1.619083272734817003e-01
-3.854904360971049271e-01
-6.528415781556469177e-01
8.534584397388890187e-01
-3.740392319262482446e-02
2.564001645050407174e-01
-7.125724177638658174e-01
-1.082388317733780358e-01
-1.055918681255701430e-01
-1.357794696861090999e-01
2.476251289500625008e-01
-4.162098082695872003e-01
-3.013337998007087903e-01
4.914098724641912663e-01
3.718344997789941875e-01
2.315528746600445387e-01
2.164495013637094539e-02
-7.473070909457120159e-01
-2.159614694865854279e-01
3.207966142987943303e-02
2.451722721423675311e-01
1.371562737604072879e-01
-4.351969063957536465e-01
1.256339097895124712e-01
5.344986573193859225e-02
1.856582618946875929e-01
-1.667703346309445112e-01
1.437594893879542701e-01
-1.173060508649050038e-01
-1.824611643771916480e-01
2.212451103675162067e-01
-1.975424111375206904e-01
-1.854994415140671093e-01
-1.606494793172624502e-01
4.309080179494206853e-01
-3.907326989198832701e-01
-7.835825514806297187e-01
5.209430179595689880e-01
1.328440252190454252e-01
-3.129798723702572616e-01
-2.685541431397009404e-01
3.642179935009430269e-01
2.954482674886127480e-01
5.011790221132977896e-02
-4.781908601621253641e-01
4.032973499606427037e-01
1.697262491020945785e-01
-2.011742984651115618e-01
7.064629262061958292e-02
-3.530615966957208196e-02
2.554084141511744899e-01
1.811566376344814766e-01
4.839728913669696375e-01
4.620162578581463730e-01
-6.260844346584760745e-01
-3.586925622719864259e-01
-2.578864050917412665e-01
-2.638318491910375818e-01
-1.616336504421123366e-01
-9.682584199472471509e-02
-5.525640764384673678e-03
5.063776374939883418e-01
-2.819488458088019178e-01
-1.493013616174499458e-01
2.007115492812430735e-01
2.560904109062890621e-02
5.493207866719900245e-01
-4.472437097640315218e-02
1.627116379581456940e-01
5.652020119991036928e-01
-5.831700712313167001e-01
2.207700569014161007e-01
-5.044893550246339897e-01
-4.700373889460035537e-01
4.836097987381823282e-01
2.186051879109667251e-01
3.575510080079472575e-01
4.472934095141087307e-01
-3.346553272242238086e-01
3.885845281477594976e-02
-3.971239052630123334e-01
-3.632481943293534021e-01
3.684462424472126907e-01
8.938749369104623255e-02
5.361132677717674877e-01
-8.934292001290955465e-02
6.912190754695912709e-02
4.029314716873959590e-01
-3.113534103508245332e-01
5.755482476029527561e-01
-2.042796900417485073e-01
1.420238271672656649e-01
4.592270012780255151e-01
-2.565400363696581088e-01
-2.203627645294718163e-01
1.420885999472641138e-03
-4.218750385876298692e-01
1.259689192227282373e-01
-1.343167186245570847e-02
-7.742817498486842531e-01
-1.631436722605928147e-01
-3.118312301125753527e-01
2.551264278054109491e-01
-7.221852881846442251e-01
-2.765558665443582087e-02
5.090947628588086138e-01
6.004282224202480700e-01
-1.197912554639027349e-01
-1.367438596633472614e-01
-2.274377311583519745e-02
-4.891731993133660583e-01
-1.261452214346264478e-01
-7.413971174953790655e-01
-5.423913192703172514e-01
-2.119650054604631517e-01
3.130608563738259686e-01
9.282866773619456724e-02
-3.435206448985191896e-01
3.620268350935795798e-01
2.870931245979908009e-01
1.432523423644010419e-01
1.647449412416136516e-01
-3.332782144368465205e-01
1.416443645462608369e-01
5.563506202123364996e-01
9.626704680293908523e-02
-2.474987615546067055e-01
-3.460461006498971592e-02
-9.318434680339465759e-02
-1.495901411473908593e-01
-3.977699270916802421e-01
-1.639648197072464952e-01
8.734351689545677422e-02
3.460398592907548698e-02
-1.190765446475794548e-01
-2.500452187579158547e-01
-3.211298370436603267e-01
5.754237970878609554e-01
3.547054327417435426e-01
-6.716276947613325499e-01
5.525221125903919672e-01
5.483368308310938577e-01
5.507099388339113943e-01
1.096030780484705813e-01
1.700337067538645885e-02
1.147953057898767615e-01
-1.625080927151358323e-01
4.278805071530598081e-01
8.826602265712045481e-03
2.368866421871955730e-01
1.095342064665905113e-01
5.052184115544020582e-01
5.036388773137387975e-01
-2.386548160396115004e-01
8.102193243512254561e-01
-2.623965439249041909e-01
-5.812740973007964052e-02
-5.649794397885762320e-01
-8.160166738125640418e-02
6.046844677503409038e-01
4.076812947020700961e-01
1.575561686092673275e-01
-4.130770081044119607e-02
3.996238974094025731e-01
3.643063386215417143e-01
2.348120853843001579e-02
5.668865680281327535e-01
-5.014632912327011693e-01
5.950749002027379102e-03
-4.447713105072194084e-01
5.454710303816570072e-01
5.173096587738965635e-01
3.310518085953523260e-01
1.585212510598773550e-01
2.317033097484624826e-01
2.225287284306177726e-01
-3.153235233316614705e-02
4.542910617838140652e-01
8.107208308910221484e-02
-8.374410420289400692e-02
-2.432171422682546935e-01
-5.823983309693268190e-02
8.126071100056823926e-02
-1.933021658605902152e-02
6.119269548336978004e-02
1.969635508818669556e-01
-6.504133244789007673e-01
-1.642336371147558594e-01
5.099247860607543370e-02
-4.643167666006928207e-02
2.446249023850992077e-01
4.491806368105399905e-02
-2.961071660363456814e-01
-3.106075664362669131e-01
1.117355135509844472e-01
-6.586932514922316795e-01
-1.416986470157137190e-01
6.803112037607269569e-01
3.228891643704361325e-01
4.528500665240340339e-01
-4.111989573939649478e-01
-5.657412172588034416e-01
4.369251424646716231e-01
-5.951145560755224384e-01
-4.098437420858275781e-01
-9.808776253492267061e-03
4.349729836534374505e-01
-3.064220929808101346e-01
-3.714711433575578203e-01
8.202877900019117652e-02
-3.780026953838822590e-01
-6.851346160200617597e-01
8.026758874761552587e-02
1.622803349158504771e-01
2.818804801633416346e-02
2.643105186828947906e-01
5.066525874826985909e-01
7.632246917785172613e-01
-2.938065164928976847e-01
-5.885680384312408364e-01
1.834517499494199289e-01
3.980424308043741255e-01
-1.809482202197306711e-01
-7.677099180771997100e-02
3.138326320846488438e-01
5.181318041858024026e-01
1.053522268856988964e-01
2.690655288082615115e-01
-6.784012086922394658e-02
2.070585258574588194e-01
-3.941961073651620850e-01
7.344877073806274984e-03
-2.739028499741417155e-01
2.079420185538121968e-01
2.615357198336106803e-01
-5.832264488157039573e-01
-5.865349055860982208e-01
1.325139008476664548e-01
3.900738492532073720e-01
1.386848351550709624e-01
3.062618855774304483e-01
3.980612307220690038e-01
-6.179349649178143000e-01
-5.077403723689587478e-01
1.969758282112958891e-01
4.804391082923484824e-01
-3.736074650223542015e-01
-1.362142477422470521e-01
-2.215125048213887893e-01
-1.089787430194023715e-01
3.829394781762057720e-01
-3.151662721790220445e-01
1.269313445976965604e-01
-4.771769966265768104e-01
3.785157158103705788e-01
-4.807669223710662187e-01
8.105470633361677724e-02
5.653478159834370853e-01
1.630922775385969525e-01
-3.951904291380844425e-01
-2.418129039695064708e-01
3.061718196838838502e-01
-7.888271683679975999e-02
2.415648455086343294e-01
4.363506424263612904e-01
1.799063082001288102e-02
2.512463137574190153e-01
-1.695149574576580720e-01
-5.603596445967590212e-01
-2.478724976856210571e-01
-2.745351549727703122e-01
4.880147256233289405e-02
-4.219038698727675119e-01
-6.493320146209344834e-01
3.557257674879320541e-01
-8.540453461498904997e-03
-3.955676096725109225e-01
2.186729362978928615e-01
-2.600795909976551246e-02
1.101694656289053803e-01
-4.841120362455146875e-01
2.471865588795504887e-02
-5.456385914553273375e-01
1.318617474792425359e-01
-5.938341983492392284e-01
5.145636465649900959e-01
-3.638010744647145467e-01
7.398408398512049122e-02
1.105066886021604036e-02
5.180048522668745381e-01
6.455183330612008011e-03
1.506843814144076532e-01
-4.240271581146488056e-01
-5.366617743647884575e-01
-7.309874838356354987e-01
1.044834162704201125e-01
-1.336370409057092701e-01
-2.685147956992978702e-01
1.191164017581151924e-01
2.758796490401692614e-01
-3.817237484640083611e-01
2.902954174913114915e-01
-2.620679209552099209e-01
4.868932155603464262e-01
2.326838056945475519e-01
-1.141925620805085140e-01
-3.032736684510141112e-01
-7.567535572748312900e-01
-3.915169294711154380e-02
8.946567133182449505e-02
2.391311570468347691e-01
4.401625461992647592e-01
-2.471197107524447933e-01
6.517533226875378283e-01
9.624521741251498147e-03
5.648954151618938990e-01
-5.279339436894386201e-02
-6.064130351678995168e-02
5.756521673313523824e-01
2.040681668558931225e-02
1.294199212856233516e-01
4.195186482799303507e-01
3.396373875578183599e-01
-3.037383079142835784e-01
-3.211406854713599879e-01
-1.832937615821912322e-02
2.072779563425110605e-01
-3.113183996603660075e-01
-2.433240666177672318e-01
4.613570435927609736e-01
-7.593963613264188145e-03
5.311161350897429523e-02
-8.277037368682505641e-03
5.279290197425416942e-01
1.662745202537539435e-01
2.856520237790763361e-02
-4.426469072138268235e-01
-6.771912671439541676e-01
1.376677694968942434e-01
-2.443525559532559732e-01
-5.739615963801721898e-01
2.751400668137186090e-01
-8.092353073195432955e-01
-3.563075043252767471e-01
3.790735137105073482e-01
-1.707307266155431158e-01
3.768949484751185630e-01
-1.968901280099114720e-02
-3.921669498933060827e-01
-3.707469236792025336e-01
3.312256525958815478e-01
-2.322876632978517208e-01
4.220313490319500538e-01
8.304299785604038475e-02
-2.574219832908140049e-01
2.548055250036322383e-01
-1.894396974608309192e-01
1.211095539458921927e-01
-7.827765540151121471e-01
3.080050145668224992e-01
1.618474233979969312e-01
-1.863990465917114703e-01
1.923991324090902344e-01
2.339366770559062753e-02
-5.030596516769610810e-02
-2.369429932621898438e-01
3.989552663481838457e-01
3.774687938715835522e-01
2.853180046476737619e-01
3.938951593198943280e-01
3.370581460216617864e-01
3.386852620837627753e-02
-1.521109676384662102e-01
3.056447748166840617e-01
-4.923671352841285098e-01
1.200277131004035269e-01
3.886458326486573189e-01
2.166562453962042889e-01
4.067193262601915826e-01
-3.680919908148018171e-01
-3.315613540287238870e-01
-2.860530189766606959e-03
2.490507679319539647e-01
-3.025925288275637531e-02
-2.105193353957246841e-02
6.306373164707028689e-01
3.405806941544177180e-01
-3.724878044426759016e-02
1.955532615723593048e-01
2.464829337053774938e-01
-2.278905305152572613e-01
1.000604894487848312e-01
-6.852821760642997806e-02
1.506381721816179575e-01
1.492191021522728811e-01
3.656273730569919445e-01
6.567680470347581068e-01
2.013529535203139598e-01
1.161086076937249828e-01
-4.941071741028603137e-01
2.629905231306352009e-01
4.255790681036861756e-01
-3.251765961903889668e-01
7.691811649179811639e-01
-1.938941094675418197e-01
-1.484742522763844996e-01
-2.690113390420295625e-01
1.300736805241246297e-01
-6.171478571029677396e-02
2.028089656287308529e-01
-9.784295639962393987e-02
-1.370745081041183644e-01
-1.212612757012045475e-02
5.408413120975881228e-01
1.374586186006244715e-01
-1.318997394154557690e-01
-1.192436705734117863e-01
6.605581785701018782e-02
-5.149451199800058054e-01
5.742593105994546754e-01
6.900115531440877970e-01
-1.605411658672661335e-01
-5.881195601430369013e-01
-9.690507293408788525e-02
2.157989138936311779e-01
6.382640926418410576e-02
-3.357404875287658408e-01
5.328152342610320558e-02
2.040956769431210016e-01
-3.321760846972563463e-01
-3.339757792062962860e-01
2.633912974830430187e-01
-3.881013668674651584e-01
7.742573829674022079e-01
1.941783417728137062e-01
-1.082102916425229933e-01
-6.823068844661162036e-01
1.585233371612577158e-01
1.018714092204429933e-01
-1.127099175404348147e-01
-1.701217265728463546e-01
7.683589365095092050e-02
-4.603331745688599153e-01
-1.046608898722229397e-01
4.389670267159259676e-01
8.071216624221089209e-02
6.526389001606054396e-01
4.506635360843069815e-01
1.157856329898319242e-01
-3.749513752907772668e-01
3.611877125995153759e-01
9.085779451167876053e-02
-2.772824485296625056e-03
-4.688720193646161438e-01
-2.952289129581496252e-01
3.198710575432800463e-01
1.500679116796802826e-01
-3.804137794674908868e-01
3.195480099069095692e-01
-3.593687186783783849e-01
6.328448079307881224e-01
-1.112289147644363041e-01
4.163681490358798198e-01
3.144031843161160245e-02
-1.160881997620664685e-01
-6.740759302617034265e-01
-2.987549131585154338e-01
1.048136011612731122e-01
-1.338827927504989412e-01
6.400898507141550894e-04
6.933337229194833085e-02
-4.811927686701860662e-01
-4.231913882850703024e-01
-6.791746121108654943e-01
-3.187924037404917255e-01
-5.214408871578418703e-01
-3.315460825417229085e-01
7.122446456074948973e-02
-1.824865544713132615e-01
-1.548217726246838288e-01
-2.513064304086428669e-01
3.150024857679740303e-02
-4.010600455179181845e-01
-6.377037289326521752e-02
-1.474804436046606715e-01
-8.786559835060426399e-03
-8.899725766634905555e-02
1.331119852592818342e-01
-3.837753033374554090e-01
-8.992707594445423225e-02
-5.364683373419711909e-01
7.107055665083292229e-02
3.237269407603420301e-01
5.139253085238403296e-01
-1.604252206030779698e-02
-3.464654671099304806e-01
2.830928076607346910e-01
1.844207023729480532e-01
-3.051314419737022332e-01
-4.372512122517979161e-01
-1.645166022688041574e-01
1.150772463571368281e-01
3.847799920428661147e-01
1.981244364879589936e-01
-3.053355040459430070e-01
-1.533231047726777985e-01
2.906064573849975186e-01
-9.557167497206101037e-02
-2.975717023421714513e-01
-1.874391756815957377e-01
8.514073501143002431e-01
-9.587616979069345235e-02
1.428687177637898709e-01
-3.160864713574954576e-01
9.120099342645748841e-02
6.581487669718366629e-01
-2.951718456270218671e-01
2.498556160539234516e-01
3.796898210795462969e-01
2.207085070819487793e-01
7.137662978116650347e-02
-2.838171811869986683e-01
6.892284245486555161e-01
4.167348998385052017e-01
-4.044064648306686660e-01
5.993102498826273772e-01
5.870546425883591546e-01
-2.137541853326070940e-01
1.196692099268114318e-01
1.182467501515557240e-01
-6.696240266181502365e-01
3.430263560113060439e-01
-3.689498180786752735e-01
-5.585673920353875221e-01
-9.022546355573896060e-02
-3.449630043680459307e-02
5.558984176676948219e-02
5.290362116489701755e-02
-5.353763842724871269e-01
-2.707110353281034359e-02
7.518119827775973651e-02
-2.591486537843215587e-01
-9.475867749848695953e-02
-7.418376083272498756e-01
3.932203064459363073e-01
4.404537255431349441e-01
7.951479408642678215e-02
2.529492785546649247e-01
-3.063376587606238544e-01
-4.801487703009013619e-01
-5.151078579182789552e-01
1.169916386997708196e-02
7.625971854315463094e-01
2.443244849716028622e-01
3.077966924755324296e-01
-1.388140513314290725e-01
-2.575503005125833744e-01
3.553179426213015080e-01
-6.269998732434458599e-01
5.917826711602640621e-01
-5.806298091367673164e-02
1.433780772359995459e-01
-5.243204856636436428e-01
7.033139561822624453e-01
-1.393128773516568164e-01
1.449471646685145110e-01
7.570162240578762192e-02
7.057549609251641959e-03
-4.842030325708968075e-01
2.313500624453979082e-01
-5.983435897052574726e-01
7.178220306458393818e-02
-5.959963922835711525e-01
-1.386327212953268884e-01
-3.921721030154956544e-01
-2.291832934044928383e-01
-3.515317627427140268e-01
-1.367460469813602808e-01
-3.389590014685278652e-01
4.857927513421352872e-01
-6.863933217371420703e-02
5.958631731125426656e-01
-7.324344462189319449e-02
2.911438581331035058e-01
-2.827968583601225272e-01
3.415739828592604388e-01
8.314608998442696297e-02
2.973061023184272456e-01
4.991112040143443063e-02
-4.073842339277594995e-03
-2.537927095275853140e-01
-4.084562953767065796e-01
-8.762650315542854298e-03
-3.523205830938241356e-01
-5.011578238717354639e-01
-2.296963710306276496e-01
-6.885163452935882944e-01
-2.300927252899600539e-01
3.046425122034931432e-01
3.643607634746581780e-01
2.813045176961062044e-01
-3.928415405662646354e-01
-9.028359843260475026e-02
-3.765534632717186803e-01
1.615324382350093457e-01
-9.909173195477868901e-02
-1.523846509829683282e-01
1.668693167320798865e-01
1.945032293263016521e-01
1.004748089103618680e-01
-5.581522853578256838e-01
4.869681272872206645e-01
2.522994705850159503e-01
6.396748528713361859e-01
-7.708505508290164343e-01
2.766924574822075388e-03
-5.378792081634145017e-01
-5.408075771443138224e-01
-2.528380588187184030e-01
-5.268394864065599759e-01
1.607226361207438337e-01
5.235080071477620223e-01
3.226518139615527359e-01
1.057148667831803446e-01
3.983972058876353133e-03
4.016343695186597729e-01
1.542307422453474165e-02
1.308437394445994828e-01
-2.062398020792105546e-01
1.830050666359777367e-01
1.596403286231480312e-01
2.208008169214939198e-01
4.307325790435957424e-01
-8.931800564530895103e-02
9.975555363215933558e-03
-4.922888198731810716e-01
2.975050213897702522e-01
-6.928316663206233184e-01
2.860114134030027760e-02
2.960047868058001685e-01
-2.230204544604206252e-01
2.480505692505327042e-01
9.515758794324168102e-03
-4.359658099861260516e-01
-2.239441402475901913e-02
-1.797641798116508469e-02
-1.307479353803008559e-01
-3.361791000422962306e-01
-3.205318824943065303e-01
4.935931417447899511e-02
-2.022219787019927384e-01
1.877379770568028405e-01
-1.203921470315638120e-01
5.705930581105982391e-01
1.908602954923562800e-01
9.755013131980741492e-02
2.593104662227985191e-01
-4.711430145537792158e-01
1.108764777570545590e-01
-9.703800956610879325e-02
-4.137544366850163247e-01
-5.013896771214940706e-01
-1.779659133786686553e-01
-2.311416060896898106e-01
1.112190388430514959e-01
-4.604678059027815795e-01
-5.578419238044481920e-01
-6.061738594437933170e-01
-3.089773514298426726e-01
-2.234047195089438054e-01
5.212509145892042506e-01
3.730922616834964067e-01
6.280767793925490228e-01
2.176764051590712734e-01
2.612792975454083719e-02
-1.101934521090707636e-01
-5.211370870832079394e-01
1.489148777339756313e-01
4.744319735773199209e-01
-1.045005731679964078e-01
-7.585536409992607587e-02
-3.737930326432456485e-01
5.754920394313050025e-01
-3.891595683548211837e-01
3.804013330941590776e-01
3.877874348407938099e-01
9.629751839449532391e-02
2.360536845057322197e-01
5.010859309643297954e-02
7.813146585317228832e-01
-3.051761466968661018e-01
-3.176657474557487149e-01
6.233106052478762926e-01
-1.944866082028319509e-01
-1.331164202497643612e-01
1.247406225616794762e-01
1.952631110719435514e-01
-9.846479776380501203e-02
-1.951722147618988046e-01
-2.122914110264283727e-01
-2.709274465789470177e-01
-4.321968484745517675e-02
-1.559562924102105841e-01
-5.553117987720815885e-01
6.138880373025500103e-02
5.502079453804129550e-01
3.449490176830547483e-01
-2.753616700150173235e-01
-4.291143968957449872e-01
5.495733811288630588e-02
2.908879995349838987e-01
-6.884466941846757726e-02
6.360479993036869395e-01
-1.391464680519798047e-01
-2.721866751142559826e-01
7.803758974795686754e-02
3.676999827081898209e-01
1.851319713914686416e-01
-3.067274472166522381e-01
-3.304315701639425895e-01
-2.888891754903513132e-01
5.653613282417990077e-03
6.496663022472918270e-01
-1.268147822058811047e-01
8.959156974401866202e-02
-2.216804966719903430e-02
2.280860063168492768e-01
1.868974342659078525e-01
-1.265244640149488231e-01
4.762564501146692164e-01
-5.484421025144225331e-02
5.249256594829726508e-01
4.567761417997134865e-02
6.824666612054994252e-02
-5.653858830162415972e-01
2.320642335515490928e-01
5.275856081393071051e-01
9.316602844782564952e-02
-5.435637310698647751e-01
7.950915442408534872e-01
-6.740346841142828005e-01
5.230258169191555062e-01
-6.618129389673182983e-02
5.572311177622027989e-01
2.641017716739032517e-01
6.203167567865452980e-01
-4.234605281449820707e-02
-2.735942143351599923e-02
-2.832524241495300021e-01
2.679615583935248124e-01
1.995397268469804863e-01
5.806533494967733855e-01
1.521227855350915092e-01
1.039542073636624819e-01
3.042240012566969076e-01
2.818483639107358663e-01
2.284075229578883537e-01
-2.835508187947709535e-01
-6.708306333284284537e-03
4.324328810300488990e-01
-5.109396501554188674e-01
-1.465874108266389808e-01
8.536179362861950892e-01
4.057698353231589117e-01
2.941802463658143019e-01
2.733839667521187344e-01
-2.613529847327017430e-01
-3.669578864489281278e-01
-4.242039841487525997e-01
1.515989245863645363e-01
4.658423951737067914e-01
2.477936743634163996e-01
-5.037515204133997671e-01
-2.323554288562344472e-01
4.981298693362418151e-01
-4.584364838089928507e-02
-2.829873780974801467e-01
1.110181572506613867e-01
4.216792721160723678e-01
-4.262293730227620925e-01
5.425832194715998202e-01
1.531068181915750531e-02
9.843923233380034998e-02
2.207144991027151226e-01
7.039251681377115544e-01
3.684218495692006545e-01
5.480853492719133246e-01
3.021941668280780369e-01
-2.494530460121039406e-01
-3.369021481171130539e-01
2.967870523904150848e-01
-9.429380239162302169e-02
-3.714145254207719404e-02
-4.078202364110566913e-02
1.474597723098968471e-01
1.807304567960093533e-01
9.760034975407250180e-02
1.490920775780546492e-01
1.354499657779983934e-01
5.924822454670450878e-01
1.932690065448681993e-01
-1.305894129468709308e-01
-4.798003502870974435e-01
5.035607224550943117e-01
-1.676644848877678340e-01
4.229460527737599063e-01
-1.474388391109569818e-01
2.633084209248138241e-01
4.338152257565431880e-01
-3.325094735620712783e-01
-4.053754331821251417e-02
-2.629801178165191988e-01
4.281274314745796561e-01
-2.222103011116226823e-01
-1.321941385642752369e-02
3.486321145384739528e-02
-1.180362287122754955e-01
-3.504226129164930148e-01
-1.999918844034491716e-01
-1.019044569210484363e-01
-2.071071327444093738e-02
-4.269311112523684892e-01
4.663311613983020520e-01
-3.755042729930274659e-01
2.957354367308550613e-01
6.343494590419206380e-01
-7.760363993230775560e-03
1.022875640264945263e-01
8.410624844352988516e-01
5.599036399379686557e-01
-3.286474510402841442e-01
-2.836393992372715500e-01
1.960578535777716680e-01
1.418207303161044264e-01
1.008623714333338889e-01
-8.145329447996432770e-02
-1.059109379100759696e-01
-2.619882696951475465e-01
-6.518692745068703776e-01
2.412114036731380917e-01
-2.069718675175390432e-01
2.068394383738767633e-02
2.232430172445701994e-02
-4.858260453063228956e-01
1.705764916000426235e-01
2.319166676050979925e-01
1.048753764507788511e-02
-4.680079848538061804e-01
-1.403399059396361337e-01
-1.402615000934814837e-01
-7.209681486163032060e-01
-3.571138364816023314e-01
-5.050477853096425607e-01
-4.217677406026918985e-01
-8.096055449503508639e-02
5.628250792537549119e-01
5.713508727743328297e-01
-1.831009130846235622e-01
-2.527091753703710753e-01
-2.045414424993072799e-01
-3.824325454302267002e-01
-1.265172805874288653e-02
8.559495887873485032e-01
-2.092537823010610643e-01
2.945819806696842180e-01
-6.804962771740882821e-02
3.534634227636366255e-01
-7.339763359916127994e-02
1.021871140075198831e-01
5.708745953683365126e-01
-5.918679747210663367e-01
4.621108027133161711e-01
2.131012253083022778e-01
2.124708654436276989e-01
2.215768910689067117e-02
2.098625588448618795e-01
-4.845740955322087595e-01
2.188828935660098174e-01
1.394665960992255704e-01
3.426586451315619120e-02
2.765005665493018849e-01
-3.425661035026423273e-01
7.440998715179569789e-02
-2.226079862279879973e-01
4.426878933637045099e-01
1.862650177073984503e-01
1.112279809685363940e-01
1.062825788338111060e-01
-4.436363156936568020e-01
-1.252772864477365300e-01
4.768054892723057048e-01
2.154004468373953984e-01
2.356326369761566619e-01
-7.612246538978905130e-01
4.034468554001837681e-01
4.100347284340716825e-01
-5.310039326316352559e-01
-8.153379282530513750e-02
-2.214314470109623179e-01
2.611197268226956858e-01
6.835390732258277424e-01
-1.428230240062092482e-01
