-9.563945792672824686e-02
-1.120579159695917620e-01
2.981793785603725766e-01
6.719327377180619454e-01
2.101968757639035013e-01
-2.331761967934732616e-02
-7.922225782055548615e-01
-3.444718591869568858e-01
-4.337134963801125287e-01
5.921956048418313134e-01
1.191777047835910763e-01
2.237568707518231004e-01
4.963805343242824741e-01
-4.923010379612894338e-01
-3.147672767739397859e-01
-7.458733917826187998e-01
-4.703297777772472710e-01
-2.523317248479247099e-01
3.932042080361834446e-01
6.049452162195042559e-01
-2.546906023674418429e-01
1.198921699364888654e-01
-3.453723175330951634e-01
2.509233034669708928e-01
-5.035014210349056940e-01
-4.656298522283630614e-01
-3.744299049596001572e-01
8.735126077712201953e-01
7.654430893355410603e-01
-3.076706221190405044e-01
4.148120285831339848e-01
-6.403437600270582841e-01
-5.171306252139428183e-01
3.087499825763870276e-02
6.325765878994141778e-01
-1.017063891564898986e-01
-3.826089948110811267e-01
4.893074792803310258e-01
9.418252700794522703e-01
1.443218437396658060e-02
-2.626843062898815973e-01
-7.030429541210717059e-02
-8.046901867555136256e-01
-2.342668880295687150e-01
-1.755557627323124648e-01
2.182219653322558794e-01
5.471086137446752318e-01
6.039222586400631032e-01
1.890640143805421836e-01
1.154238525425848316e-01
-4.538423532860549336e-01
5.839933377124432168e-01
4.021471520209147221e-01
5.954209875136624586e-01
3.027784122607160011e-01
-4.346912064007921739e-01
1.394660773605874426e-01
-5.652231612101832336e-01
-4.370708746544184620e-01
-2.612571330365741629e-01
4.775077746005949586e-01
1.811535264080282870e-01
1.808676398088311932e-01
1.990972180831207528e-02
1.275504008634696096e-01
1.852863110775697375e-01
7.423669165915727230e-01
9.274663701452198761e-02
1.046481609597695456e-01
2.497350835529932034e-01
8.201661214634470287e-01
8.644477762347786698e-02
2.545745766164356771e-01
9.666687873374443796e-02
3.627073221072056319e-01
1.335210632898028715e-01
7.117435095049680083e-01
-1.769759277516089468e-01
4.875468282180314139e-01
-3.055748150990388323e-01
-4.490510209845101630e-01
1.217534700355203947e-01
-2.426326140542995335e-01
-5.461608715614214571e-01
-9.644345677229135827e-01
-1.729946414378589203e-01
2.844802627425320474e-02
6.909084153382762106e-02
-6.830199719726975927e-01
7.015725600738171863e-01
-1.002770462671533080e-01
1.129849035741851138e-01
-1.659040622136818965e-01
-1.142856164283575504e-01
4.104280783748106565e-01
-1.383484796313547704e-01
1.681730652913792923e-01
-4.895195585004338823e-02
-2.764581588314199423e-01
-2.142807028033682226e-01
6.601568695188833047e-01
-2.356167406661752867e-02
1.083097694784836140e-01
-5.145186862552089679e-02
5.927200795604413708e-01
6.788932721683312854e-01
-6.873489076644580253e-02
-1.822216023797131323e-01
-7.445623721088040492e-01
-1.317272095841504620e-01
-5.097076470437392759e-01
3.321179009699906093e-01
-4.145012107660001055e-02
8.055285454737823314e-02
1.104772542814532521e+00
3.127203106559230117e-02
-1.367128031832441692e+00
-2.263173470086707884e-01
-1.698164252707613231e-01
4.463886117617569815e-01
-3.613755557107635186e-01
4.789864978430732889e-01
-4.382148103916770898e-01
9.375894773304785934e-01
-8.486622250610745821e-01
-2.450522295696592190e-01
5.108802190788165332e-01
-2.726298434076704358e-01
7.691365456377472487e-01
-1.479671815334580032e-01
3.188399884362073111e-01
-4.519629478017068713e-01
3.033543566508215550e-01
-8.332176083765351349e-01
-4.788203860345427443e-01
9.674172463635377639e-02
4.865582158569587423e-01
-5.668928487316794440e-01
1.412242761735091334e-01
3.959216826067831208e-01
-3.587341870152647161e-01
3.482042907673756349e-01
3.376326126287136353e-01
-6.118696440079272048e-01
8.520814556067057843e-01
1.228982445099136844e-01
-9.778186857205994897e-03
4.940293692859899499e-01
4.350694157059501466e-01
7.341062639628523900e-01
-6.195182340427666245e-01
5.896217971037426286e-03
3.159391028920112698e-01
-3.304387316401109498e-01
-9.317251062712833543e-02
-7.363013462610087934e-02
-4.429870331983696286e-01
-1.490314759217968188e+00
-4.993211917279536949e-01
6.543808446746355312e-01
6.584401293583005410e-01
4.325816925598277018e-01
3.607851889255977440e-01
-3.818953010525661940e-01
7.696184340368154020e-01
6.238115551935019543e-01
7.935136451280118131e-01
4.560562314126717087e-01
2.004576489355961444e-01
-2.550999822533026040e-01
-2.073642718718974598e-01
1.696189486817678560e-02
9.362502860543246985e-01
-3.562070389177010576e-01
2.674304347796690462e-01
-6.317633485174376506e-01
4.125629907537010227e-02
8.505292197084544092e-01
-2.907049885807563849e-02
1.903092569196035144e-01
-9.008284486759240983e-02
-4.122339328022668892e-01
-4.104515042285027393e-01
-6.153619356045674227e-01
-4.809231486213854656e-01
2.261889798644141081e-01
4.015186263358250796e-01
6.639300640171815759e-01
-8.863027002305703256e-03
-6.875239721310331120e-01
5.488108246170466664e-01
7.967701429201541341e-01
-1.057264394188001388e-01
6.982858671219712710e-01
-5.030188109764551635e-02
1.576344403410703809e-01
4.660710445734917995e-01
3.029331705417566689e-01
5.094239634138819639e-01
-1.602071903124957231e-01
4.303036385568311806e-01
1.088669800356499628e+00
-3.601988539665585964e-01
-9.563214168506284363e-01
8.250614158584386182e-01
-1.344674366973811763e-01
-2.287841998523249265e-01
6.209405146491721039e-01
-6.517947050884158600e-01
-2.064209344514709166e-01
1.203423103947286049e-01
1.260840952760171885e-01
2.132250128479584728e-01
-1.351626786938479319e-01
-3.922147972588808651e-01
1.807506427371213253e-01
1.034673271231911773e+00
6.053210014279256646e-01
2.548924432853008071e-01
-3.094249224364793438e-01
4.318750686117568960e-01
-6.640019126117991943e-01
-5.291587668511070763e-01
8.559334833405934928e-01
-5.784361320955069274e-01
8.126659206924373713e-01
3.261197772611037493e-01
-4.789814982638549434e-01
-1.601873520684808094e-01
1.966521704112814406e-01
-4.728281225517607655e-01
1.099265975949220986e-01
-1.952157599076276839e-01
-4.369948981915398045e-01
-1.542589657014186988e-01
3.891565449862709469e-01
-4.894257106499048104e-01
-4.375373957830872018e-02
-1.302635851332693828e-02
-9.021493854955562330e-01
-8.112179312896794503e-01
2.052831378211760205e-01
-8.676017207620980720e-01
-1.476890108985920158e-01
2.096453973733274911e-01
-4.125483578918406335e-01
6.855241751620138047e-01
7.017778363482979342e-02
-2.545809281035080196e-01
-4.844136539795741436e-01
1.928894641200566001e-02
6.478282821431254890e-01
-5.466231806621275890e-02
-4.202602126020895112e-01
2.625553164633540604e-01
-5.481264997532773187e-01
-2.355095241212355472e-01
-4.066957598306624178e-01
-1.028459135784828948e+00
-1.281434827254886999e-01
-3.055148942679942192e-01
-2.933172166072763321e-01
-2.983172888757261720e-01
-8.380854871693563246e-02
-1.652392542657839525e-01
7.923501455143575067e-02
-1.861937310760633513e-03
3.794716447894894151e-01
-6.804883415859150908e-01
2.743936884408458843e-01
-3.577502073841651309e-01
3.131221148021732237e-01
5.582991965774596332e-01
-4.417045730270094950e-01
5.862406223701168706e-01
3.018307693946841175e-01
-1.002707197504278391e-01
1.628395369764414347e-01
-9.046217502392412957e-01
6.785442102786236329e-02
6.010792684031786015e-01
-1.969088490383137657e-01
-6.579614187144968707e-01
8.433470687748967354e-04
4.009412616241356253e-01
-3.129887547372712242e-01
-5.507901961487703391e-01
1.264684317743315911e-01
3.637826160955419108e-01
-9.082836045752507026e-02
2.477957497805045595e-01
8.550333272064118972e-01
-1.803066256761957087e-01
-3.593461568013990859e-01
1.605256458038736844e-02
6.587079296847480059e-01
-6.666490705906404912e-01
-1.496337458131009324e-01
-2.933554172833304219e-01
-1.108599399296877230e+00
2.540376187544301501e-01
-3.903068463219772632e-01
1.283339349876129742e-01
7.533881020527585237e-01
-2.443804488328499280e-02
2.954814692654383901e-01
3.940977651506447077e-01
-3.748066589686840366e-01
-3.475520525490621848e-01
2.501542697518495673e-01
3.703139543244267085e-01
-4.037925593930480339e-02
-4.737261595153868243e-01
-3.308672130308198955e-01
1.934946883268109930e-02
5.643525416811695505e-01
9.577252682324513544e-02
-1.821866866215999803e-01
6.213163137876153569e-02
-1.196166577206959070e-01
-5.497669239720870404e-01
-4.214296457586767519e-01
-4.718662611304257348e-01
-3.496339865476008613e-01
-2.370893316465860767e-01
1.127365370796923616e-01
1.933901974483917541e-02
5.077411734694176060e-02
2.432246559449870171e-01
-7.561023851386934336e-01
2.920913543442253402e-01
-3.606077028408163909e-01
6.559857863358213859e-01
3.188194444672628469e-01
2.901670643891888224e-01
-3.322821597589804554e-01
-1.008064914648077348e+00
-5.014923836252367650e-02
-1.901975662687536706e-01
-7.218926134115108417e-02
1.042936300664946275e-01
1.797068956572178133e-01
1.745193730763813789e-01
-2.274430907830643500e-01
2.019985727667864550e-01
-5.072968727172745274e-01
-2.420400463764163512e-01
-2.680303537907589573e-01
-3.991275578748916808e-01
-4.548072152117786926e-01
-5.922406768954496803e-01
8.237168062005243430e-01
9.240687065244146403e-02
6.438949092641669258e-01
4.897458465376969272e-01
-2.054922246415196718e-01
-3.266572925110486914e-01
8.450549879719135848e-01
-1.317536528271159302e-01
-5.197049759928323853e-01
-6.717892821872825104e-01
2.732765759220544544e-01
7.485299997009298156e-01
-7.835460437012523038e-02
-2.101078012392774141e-01
-4.065092276859506581e-01
1.138618037316690312e+00
-6.637620343052936800e-01
-8.056516144012026981e-02
-1.087419571382358119e-01
-7.129190376228745629e-01
3.505098916366830575e-01
-2.052503031572725789e-01
-2.152597747189541333e-01
4.161083266773866196e-01
8.301285186165751062e-01
2.124557431658639639e-01
-1.055473556162150439e+00
-1.403611544863755611e+00
3.026267220784402689e-01
5.882640800279389515e-01
-8.855505190073480470e-01
4.072206175518632287e-01
6.651638334545076914e-01
5.423579443968591651e-02
-6.293437583129037061e-02
4.180978453170554610e-01
4.709501307606601683e-01
-4.242653190393024243e-01
-2.169542741858802581e-01
4.251046958667373254e-01
-1.341540596056215173e-01
3.781126070832516728e-01
3.326735055099503957e-01
1.671929150939429620e-01
1.082085624938148527e+00
6.284415932392637405e-01
2.008888247893049761e-01
-3.449554777783583881e-01
-2.586902641515030910e-01
-3.181100650709491884e-01
-1.935726635333580303e-01
-2.711485215976578433e-01
2.088631440678511558e-02
-4.824393920091568089e-01
1.370137976215696884e+00
7.352699402275637564e-01
-6.533206348203760561e-01
-5.450211082011917618e-01
4.743193689781975975e-01
7.861200867653272972e-01
-1.094294026753215437e-01
2.791299462937414377e-01
-8.869592627036473886e-02
6.736701103080803277e-01
-3.312665770759451456e-02
-2.460360967046101160e-03
5.508873240031296747e-01
-5.882279289587286630e-01
1.276539004479024797e-01
-8.883573490340473944e-02
1.868066778329813271e-02
1.756181720221638154e-01
-3.792755825931721225e-01
9.288965510640137535e-03
-2.591370403311907267e-01
4.147692085173529386e-01
4.674898349816945520e-01
4.185957116629101527e-01
-6.017489434485085581e-02
-2.355678903244694256e-03
-3.913650141881724331e-01
-4.931894184255347646e-01
2.724600594088105732e-01
-6.507230111634423331e-01
-9.002748950522493354e-01
2.367094938064261411e-01
8.154713531548737904e-02
-2.104173740456627140e-01
-1.869832569221984708e-01
-6.900606669827633599e-01
4.678804084070815605e-01
1.195982655608711365e-02
2.800081851602082006e-01
3.860681406918507474e-01
9.901221714301239318e-02
4.194755260973699329e-01
8.606511009876072205e-01
-1.993298284465675613e-02
1.006375995668765455e+00
-3.652996658750182757e-01
-4.324509872395737586e-01
-4.581282187394906114e-01
-1.811680912798147025e-01
3.069871880755976057e-01
4.055390053290647279e-01
-1.181233710605969767e-01
-3.235915647595024036e-01
-5.207526187427002906e-02
1.494358018946854438e-01
-8.941847276723281501e-01
-6.731248802653923002e-01
1.056196884146985759e+00
4.014697888865702557e-01
-4.330815152837751980e-01
-3.413241872003749955e-01
4.095065975212530685e-01
-3.233922611428062810e-01
3.852665170487264978e-01
-2.468207174147557526e-02
3.726905003520620263e-01
-2.245092668542617020e-01
1.057724320446190858e-01
-5.187103709342134605e-01
-2.648725333863827247e-01
-1.013779664828150240e-01
9.213326188401032013e-01
4.786398836762622011e-01
9.926233036339382476e-03
-4.296189632445240880e-01
2.221505176840802009e-01
3.317754523206594697e-01
-3.846535679772576377e-01
-4.756743684017356033e-01
-2.451088159779736264e-01
9.863558078866813128e-01
-1.025077368148361173e-01
8.818020701649779136e-01
1.623392896384216744e-02
2.542632797321839333e-02
-2.362991461832360252e-02
3.338677323426683663e-01
4.043279083535727958e-01
1.127304832884169356e-01
-7.647168830150898045e-02
5.607269631084955686e-01
2.420885370822194460e-01
-2.427132311023448563e-01
-8.984161192366058035e-04
4.988599100684809051e-01
2.701724796129571504e-01
1.388455282834673288e-01
4.391254072320547874e-01
3.943662304189127221e-01
1.996507194509807015e-02
2.616272846937968133e-01
-7.843075201306770605e-01
-8.990712765974422371e-01
4.916371689383250421e-02
2.087098700984915955e-01
-3.860905883648236836e-01
-1.491332488906435272e-01
1.279779753761990102e-01
3.336439517833195700e-01
-1.127270030234453602e+00
-5.416764520788817094e-01
4.240566114481221782e-01
-1.292724606302083079e-01
2.686128972118917435e-01
-5.283225087945732368e-02
7.429807628596094005e-02
3.626036710521984285e-01
2.423025529780415410e-01
4.001700822669561064e-01
-8.151509790480985229e-01
-2.891007099760011800e-01
-3.225115489777669042e-01
-2.846341917302693814e-01
-1.212319439560728129e-01
6.250770052407805810e-01
2.854236849457771896e-01
1.961660633335237103e-01
3.219522123723883023e-01
-1.835740223849023633e-01
-2.103221634099593229e-01
7.270228494432693367e-01
4.410456732361729415e-01
1.875053068875109918e-01
1.449839537062446726e-01
2.097283549397092536e-02
3.265828695718135666e-02
-8.384686780139803952e-01
5.284059536876090091e-01
6.374569475601250534e-01
5.691158234763743495e-01
4.716327334470153954e-01
-4.634604244788277649e-02
1.935957517932751781e-01
-3.779518860574694883e-01
-2.780087151393842437e-01
9.923840941020380946e-01
2.843294965214170911e-01
-1.002309281577718370e+00
7.452326446366337731e-02
-1.015373073053128516e+00
-2.309213775803821700e-01
1.697008663877796752e-01
9.545061444820732155e-02
4.017946706190237416e-01
1.053109400224536696e-01
2.060810372333896079e-01
3.918678647790041492e-01
-7.036250266409931342e-01
-3.698462451530333261e-01
6.594499289179776014e-01
-1.703577585161079044e-01
-7.074300454107741443e-01
-1.487518019888921794e-01
9.978329615385028717e-01
3.952213347625253143e-02
-3.932711531609034972e-01
-3.450678828001249587e-02
9.192954470603116601e-02
-6.330412269280011328e-01
3.001653737461881244e-01
1.188590080547320682e-01
3.017741794953455181e-01
6.580067489162748640e-01
3.878114292605190361e-01
-4.958729760956760435e-01
8.604206579418363643e-02
3.348834471375395361e-01
-9.896524949184284381e-01
2.038295312665121539e-01
-8.079063356990942024e-01
-2.649666432688662088e-01
-4.759185945213709745e-01
3.521539558103646272e-01
-8.063500116763291370e-01
3.075515540294879169e-01
-3.000953159517637525e-01
9.511574428260005654e-03
3.010183634148513865e-02
5.101155525610907571e-01
1.117990767754210579e-01
-2.554098694011338044e-01
1.454869756338788254e-02
-4.432220990514837422e-02
-2.213808595692171866e-01
4.669306574862421844e-01
-3.213737424501837969e-01
-1.891808583560043167e-01
-1.627383976519493070e-01
-1.560487251183711316e-02
-2.960964627082606632e-02
2.675796308691583691e-01
3.157059424761194388e-01
4.025927437733009540e-02
-3.037322370230026158e-01
-2.684599380431313548e-02
-4.478845282061431898e-02
-3.307682650513498190e-01
2.319086279409809659e-01
4.301761092806324904e-01
-4.286636483069856951e-02
1.451901919109461758e-01
-6.555754239361155644e-01
-1.973976357596936571e-01
6.451314649191375317e-01
-1.470843388569809118e-01
2.844614999782481002e-01
5.778244307851466699e-01
-1.095281216269501784e-01
2.201521995523673669e-01
-1.567192116194404683e-01
1.461126258550911328e-01
1.104503591521301675e-01
1.185213082525811562e-01
1.048845658738748909e+00
-1.133873045750166120e-01
4.961650470285762782e-01
2.882448284065011190e-01
7.627840914712256115e-01
2.337632220995572441e-02
2.330615389597981979e-01
-4.561263444753778096e-01
-2.555470479347791146e-01
-7.257948089446024653e-01
-7.558291652642559200e-01
-2.832312500566765423e-01
-2.016374252205112572e-01
9.049029051279877667e-01
-2.718948242488007372e-01
6.526277083695946057e-01
8.276341176398367694e-03
2.559708855412137773e-01
-4.527525418236716392e-01
4.310544016536884682e-01
2.647023382423387972e-01
3.833973599548072819e-01
2.581759272341435651e-01
-3.797485072851662924e-01
-5.706328963665817655e-01
-2.935862440685879649e-01
2.938370760039602514e-01
2.023947426279463779e-01
7.778626860855212266e-01
-8.073625331397127347e-01
-6.178890595521632778e-02
-6.373055664363980188e-01
2.076279297126584489e-01
1.618253475076263936e-01
-1.066293109880927029e-02
3.185989638198543500e-02
8.261474069723789837e-02
3.946510643730729018e-01
-3.664881350254320935e-01
-7.188165866289288053e-02
-1.054958776924755093e-01
4.021216599469720765e-01
-8.949707034752385493e-01
3.885322921117029260e-02
8.548713659408038734e-02
6.693729609641184686e-01
7.876420353011621689e-01
1.184856001624388366e-01
-1.115095782180832718e-01
-5.703803885276887975e-01
-7.641763889363878404e-01
5.717129505024312053e-01
6.180019627016934969e-01
1.076762481855404019e+00
5.076577490833455997e-01
1.044493600853887427e-01
-8.015381018557773407e-01
7.494690909251700006e-02
-7.935142368180501116e-01
9.148778482802537582e-01
-3.373842830380837099e-01
2.797860168955897398e-01
3.435093922661647259e-01
3.145935149246562590e-01
2.014427138955914576e-01
-7.957001526043532280e-01
3.424370517739850350e-01
-5.103388968436482764e-02
-5.416364344474867698e-01
2.677417543531751543e-01
9.372096113103145498e-02
1.402662048190046917e+00
1.042297136938159924e-01
7.595075882208014439e-01
-1.205818339415291179e-01
1.481018843101427063e-01
-2.401997532768258836e-01
-8.442581354442522112e-01
-5.588204522816992981e-01
6.900246968121874769e-01
2.781186833861290508e-02
5.652943240542737113e-01
-8.761637727951263610e-01
-4.593965333631755410e-02
3.533174787657370475e-01
-2.343847204009169571e-02
-1.817282967465247978e-01
-1.390503552960684897e-01
-5.383119960842163154e-01
-2.577425948857753335e-02
1.280633372646494683e-01
1.827020007446629457e-02
-3.013320623847769442e-01
6.294173250508490192e-01
-7.568002546688946675e-01
7.563796016746056061e-01
-2.460245909321126523e-02
3.843445024932392595e-01
1.017844065632959039e-01
-5.473208960833551850e-02
5.054931544973155777e-01
-3.782116551823967998e-01
7.969588991961498170e-01
2.084469516419478474e-01
5.715004491061124181e-01
-6.921932389738492120e-01
-3.686829094386356864e-02
7.828952064233337671e-01
4.770013408183479964e-01
-8.099727597575928639e-02
-6.449816039509044252e-01
-1.588269450491535673e-01
-1.912374276010092577e-01
-6.185574441436242354e-02
-7.104618065089458867e-02
8.518983399056769823e-01
-9.355952297310426991e-01
6.652665889517661579e-01
-9.104877648179585115e-02
4.941570963148081974e-01
-2.034130344972301385e-01
-6.035689975669619178e-01
2.544753115620318473e-01
5.263600459829753664e-01
4.322493764903467123e-02
3.734338352102496428e-01
-1.113314715434198937e-01
-2.413514129042244605e-01
-2.577977048220225220e-01
-3.865492386926215329e-01
-2.261854058368933940e-01
-1.099008867122134303e+00
7.722135451947441387e-02
-2.558892733603976288e-01
-3.228381160415899065e-01
-7.116139247419177583e-01
1.653409258059064246e-01
-6.020235432375582452e-01
3.853015012050685084e-01
-2.532312789603072822e-01
-6.834357799104056053e-01
2.969432766050771333e-01
-2.461133413155321414e-01
-4.087275563803811074e-01
-3.339792958268301692e-01
-4.784977490491417740e-01
-5.370016405045133778e-01
1.377952988894666775e-01
6.827847012645227309e-01
1.385759887302696614e-01
2.744743271875119683e-01
-7.463716582322769966e-02
-2.998596267773241397e-01
-3.749771501983463762e-01
1.894418788510024154e-01
6.296930846639367529e-02
6.968644312795361229e-01
1.113165036029828414e-01
-2.983272866271109020e-02
-7.382168438504316255e-01
9.518869843861419433e-01
1.464270165045998384e+00
-1.349704641129733373e-01
-2.040835245902624662e-01
6.196031420292874570e-01
-3.742988893923993032e-01
3.210959826235074699e-01
-5.650794526078568580e-01
2.280377836255461643e-01
7.827400153979072739e-01
-7.052167122676908928e-01
3.889034581283284386e-01
1.095255648721787239e-02
3.277502770519344355e-01
-1.917040094791340465e-01
5.058731607100528382e-01
-2.787522459278990450e-01
8.668359909987385370e-01
-1.664162086285647657e-01
-3.500591969299770012e-01
2.887628151865789250e-01
-1.080189582180192398e-01
7.461808463709080907e-01
7.481859849822423136e-01
6.120427942330730620e-01
8.092576017525758836e-01
-6.960379452072670281e-01
-4.297642822418051844e-02
-6.473100926839553404e-02
-8.655524101808458326e-01
6.930186782292688807e-01
9.809248845168281328e-01
-6.669476690164719557e-01
-5.568161555320677580e-01
3.540310736391542035e-01
-2.076531552507376588e-01
4.645338495970642856e-01
-2.939493322883766080e-01
-2.014324146941123828e-02
5.846285521448624234e-01
1.498471628248238541e-01
2.571732630838726719e-01
6.008264601983176467e-01
2.338232022894825568e-01
7.774070389914983226e-02
-4.990905806575920978e-03
-2.977335185363398917e-01
5.160398441785971069e-02
3.110065164343092103e-01
-3.109467167854488290e-01
1.935878443730224552e-01
-6.319546857474281354e-03
1.983058992900881279e-01
2.554216186571705571e-01
-5.527808530436139067e-01
-6.594610971035608227e-01
-4.899208633407342584e-01
-5.034291845557271605e-01
8.070600849098830132e-02
-2.594051248460789161e-01
9.286453062587965435e-02
5.095950402996056727e-01
-2.771873355037612896e-01
-9.274312088189151648e-01
8.427385588104041592e-01
9.217157751178086666e-01
-5.533709135614753860e-01
-4.117421119132790852e-01
6.290821061756106392e-02
6.010009620712675193e-01
9.069851946283341571e-02
-5.181850151641288482e-01
-7.278631645359480151e-01
-1.832429649339952227e-01
9.827126099484069510e-02
4.619892166367842168e-01
5.982244473413613761e-01
-5.115523245262019181e-01
1.830047988937036629e-01
3.895206741931033778e-01
2.106086654979391071e-01
1.737166190133460908e-01
6.455724122356005790e-01
-4.425524155494831025e-01
5.079199543147355778e-02
-4.326589017600296350e-01
3.555583383049867874e-01
2.317418058134713132e-01
3.949682575114860095e-01
7.652867446554495467e-03
-2.674472260603111273e-01
4.625909471952147634e-01
-8.867047716880127606e-03
-4.323848625727190198e-01
4.325873302998460568e-03
-4.846740600099189167e-01
-4.830166888122705005e-01
1.203000069078971057e-01
-5.007044905074726771e-01
5.587704729411989701e-01
7.446206007902153590e-02
1.799778718436226277e-01
-3.765178244145667152e-01
-7.822399750784294614e-01
3.857901386743044503e-01
2.578741780397295624e-01
3.717572857269620945e-01
3.506330141387714594e-01
-4.873895043680016859e-02
1.856163827592565430e-01
-4.090736426873275433e-01
3.066467130093181170e-01
2.073292869044037756e-01
-7.834392552532738474e-01
-1.576882562107463637e-01
-2.335211624685511467e-01
-3.894674231791824259e-01
-1.848334617173275074e-01
3.542469522961560480e-01
-2.685670056558892016e-02
-3.854025522156129813e-01
8.241474844787776144e-01
2.359571347069419900e-01
3.976988964464556187e-01
2.775353173226510206e-01
3.407686399213231687e-01
-2.628219033020080531e-01
3.008601244921996765e-01
-1.184188888070463880e-01
-1.623168531590334085e-01
3.479603972948027701e-01
-2.104755340034081268e-01
6.523088455076658798e-01
-2.125872217916168205e-01
7.842698613191444179e-02
-3.139305291601698356e-01
-3.011794985287252757e-01
3.229890222923523790e-01
1.914058611756869199e-02
-1.961319677811069195e-01
-7.964463247192116180e-02
2.202235886650287244e-01
-5.354829978353009556e-01
2.313801973300846360e-01
2.782282584442885010e-01
-3.853882181965720410e-01
1.258261045603017991e-03
-2.141132277919418903e-01
-2.310447308060727400e-01
4.968529436396671439e-01
-1.872110444086784176e-01
4.650321596605593300e-01
4.418569822735158303e-01
-1.629924659840247814e-01
2.913139841941225772e-01
1.460703594778107739e-01
-1.930616648751382058e-01
-5.868335324460517421e-01
2.969990133403631605e-01
-1.446118424780178102e-01
-5.035301428050408257e-01
-8.194832935865541401e-01
4.713350472974920935e-01
-8.494778147907987575e-01
-2.085495011905985629e-01
7.360308200158324210e-01
8.135799721904468651e-02
3.845221693742949531e-01
3.672373720799085861e-01
-1.898452477123193649e-01
-4.423932745467200611e-01
-9.298878095687784784e-02
-6.854770606299420699e-01
-9.063494059833763217e-01
5.590917384817113422e-01
1.391205061208460048e-02
-3.559397769359094466e-01
-2.354505114202455895e-01
-6.481900671005786929e-01
-1.136069969809774122e-01
-1.382571129811883404e-01
3.021974904774880066e-01
1.058731751674892446e-01
5.232250773708649327e-02
-1.131680754072860839e+00
5.517035311689530985e-01
1.104570159320543699e+00
-6.166175929892158125e-01
-6.342163840169140476e-02
9.423495535210237861e-01
-8.377774212419020206e-01
5.327580183214710718e-01
-4.989885789181309206e-01
4.791724716779393600e-01
-5.552798557102495147e-02
1.186801117877348405e-01
4.261699481831876524e-01
5.472986885636615950e-01
5.350874475963375287e-01
-5.358558171781169222e-01
-5.380553132849554693e-02
-1.590690184001871954e-01
-5.473482790096746431e-01
1.549193049524337229e-01
1.710202550467247451e-01
-5.372010202863856110e-01
2.505529013385706660e-01
5.587777631461968708e-01
-2.849647719981996952e-01
4.151403538893274625e-01
-1.196635240703469272e+00
-1.833137361075967697e-01
-4.028431339782646559e-01
-9.758531082594048556e-01
-1.263174184171347580e-01
-2.036916272226627356e-01
3.624585445181392473e-01
-7.284942713116884794e-02
4.283626725761691123e-01
-1.203819032499977987e-01
3.005237611593677416e-01
4.578505755482691342e-01
1.511919697165533538e-01
-2.504173776168676369e-02
3.180697084711555656e-01
4.323111241720716813e-01
2.811090281215222197e-01
3.751686165536068374e-01
-5.131469396879286826e-01
-2.243555960190109222e-01
9.263754694587318650e-02
-8.924698692474937189e-01
-4.468351855023040553e-01
4.512621657592641444e-03
-5.681932254283996730e-01
1.263792498778650575e-01
-1.839029099866110739e-01
2.710930576588470586e-01
7.400778401296242981e-01
-2.889798022036955127e-01
1.190386657902014617e-01
2.346734055786846573e-01
1.830554040539990879e-01
2.862323724367583089e-01
-2.524183925573046661e-02
-1.926532330885810940e-01
1.009983014710313931e-02
-2.872557692864569773e-02
2.099405941604011172e-01
3.361833344823784708e-01
-4.873404183440730453e-01
-8.554402101290542459e-01
1.008748282366457083e+00
9.808987586748016962e-01
-8.859989891086806901e-01
-5.978632086455955286e-02
-8.615147392221649270e-01
1.791557589544620632e-01
-4.439359991204848421e-02
7.111015601695872546e-01
8.341927448710908521e-01
-7.021792523702072852e-01
9.539345190773247385e-01
5.615868331138145209e-01
1.660239792098125444e-01
-3.087919279999559730e-02
-5.815211540841300764e-01
-7.171452439546589508e-01
-9.460921716908043955e-01
-3.208701186278987982e-02
-1.839108710597787966e-01
7.883534453957313781e-03
-2.982566905275898517e-01
-3.843795263440265009e-01
2.489980984498937622e-01
3.516221114413881771e-02
4.192268985606702469e-01
-2.375432862044484783e-01
1.702479968985894376e-01
-3.448529201108173625e-01
-9.633657089407388074e-03
-2.180264567390720054e-01
9.706815350434185863e-01
5.391776100873628685e-01
5.060034258056278489e-02
7.978702371066789256e-01
6.968626730760366650e-01
7.409297348231642932e-02
-2.806357360476511853e-01
-6.192994604487464527e-02
-5.833148310373270640e-01
-2.975158371379379441e-01
-3.947504519840971948e-01
-9.610012054804906168e-02
-1.681898653409749089e-01
-3.029842416870954791e-01
3.182858362507268724e-01
-1.771416319487950641e-01
-4.149252278045134634e-03
4.580077919782143958e-01
4.287169310003767220e-01
3.397217719271040659e-01
9.941677093036649371e-02
-9.689020855207274366e-03
-2.530218379326738543e-01
4.307163786720765164e-01
2.959391492182892325e-01
-3.435802941976749958e-01
9.471912541113046702e-01
-2.423408081263259128e-01
-4.259946455263588505e-02
-2.238655180965615499e-01
3.105926053923686592e-01
3.727464253376501779e-01
-6.343008816934189720e-02
7.873373151020149896e-01
3.736666866946236620e-02
4.682933349587560523e-02
-1.240777230067336562e-01
1.201498509665188119e-01
-6.770203043277229771e-01
-5.222587815837724801e-01
-2.190333095077812708e-01
5.160018172686526849e-01
-9.232855987815825893e-02
-2.292734837025162120e-01
3.065694861641166113e-01
7.950170040108722747e-01
-4.580526136168892037e-01
2.555801534050710644e-01
-9.257916796309011431e-01
4.211800490914457962e-01
-3.351024263398822978e-01
5.404916826198267327e-02
-1.176179103190665848e-01
-2.398023283680702222e-01
-4.999434593406877902e-01
-3.501594747173648603e-01
-5.029206253897454681e-01
-6.572683063929416480e-01
5.296964289760308642e-02
-5.634949151858698047e-01
-4.130489614225590356e-01
1.771126228917491163e-02
3.761731336976387174e-01
-3.094421147222938678e-03
5.022809137036677862e-01
-1.891639788076613926e-01
-3.471061006852599884e-01
-1.960138435966096715e-01
7.687232176252144500e-01
-6.514545123739652333e-01
-5.231117805433391776e-01
-3.592076377382439345e-01
-1.225601735254128188e-02
1.229773665220947609e-01
1.163674959213004956e-01
7.081130197599397325e-02
-3.647037543064948761e-02
2.346322620261277470e-01
-2.664576901827805239e-02
-4.499044081909069348e-01
5.422244283443722335e-01
8.166333364275388251e-02
3.932623851360476097e-01
-2.177144180383695504e-01
-4.034851692799434203e-02
-7.274541607861845227e-02
5.604929263338638279e-01
-1.126191179279218552e-01
3.802128072859399521e-02
-3.910650503247522503e-01
-2.708559032192006111e-01
1.431144126578278719e-01
-8.168800069397874619e-01
-6.961581399103042855e-01
2.585400441798432758e-01
1.014649817741895221e+00
-2.668474935199283693e-01
-3.335175823393785599e-01
5.826325378814359857e-01
9.470270049862172801e-01
-2.070758620140407680e-01
-1.325364873452832271e-01
-3.725304203458909558e-02
4.008596596802707079e-01
-9.843062555877504782e-02
-1.630925061436224177e-01
4.725931510970245164e-02
6.268954059046114580e-01
-1.097969358623277492e+00
2.749245218949998848e-01
5.441909737450173479e-02
-7.773022492166285768e-02
-2.841209606671500354e-01
3.979688302397400845e-02
6.784221789463513730e-01
2.857437130277061255e-01
2.071667881225956465e-01
-2.372851736706496351e-01
2.039385535181051923e-01
-1.406030260542169563e-01
-2.163026400122660675e-01
-2.455001347678806012e-01
-2.269968051588949765e-01
-1.571472217449376707e-01
4.775196164324702064e-02
5.844142116985315827e-01
1.274871012606953735e-01
4.985647576014518023e-02
7.004224218928986057e-01
-1.765591650732358242e-01
2.315263227503457644e-01
2.538799324865292362e-01
3.856553796780570198e-01
-7.650896385842211878e-01
2.929256129264761754e-01
-8.165707368721051435e-03
-3.209917998837532593e-01
2.577649422154064673e-01
-5.901843987873406361e-01
-6.175486307348894144e-01
-4.914175770282084854e-01
4.389918512318605748e-01
5.959096690218341763e-01
-1.556713395796343047e-01
-1.018239957396253947e+00
6.997619961071032124e-01
6.149272102533004380e-01
1.811048880315505594e-01
1.523817080584388139e-01
-1.474246227025271805e-01
2.895601504039297946e-01
1.557964671499009746e-01
4.653159137379215826e-01
2.196458847786116053e-01
2.263567883313596374e-01
-6.650876577722644178e-01
4.167108044789525900e-01
4.245162275645917305e-01
-1.627595836240110505e-01
-2.736222198177867826e-01
-1.896307157006343613e-01
-4.092519685355852088e-01
7.615754408361216088e-01
-3.576983353625510231e-01
-4.096359269945404336e-01
2.225163674096931610e-01
6.163549003749819732e-01
3.616931135205248005e-02
2.616634449071731372e-01
-6.931516886825270785e-01
-6.247663035175633761e-02
-5.117188636147163017e-01
8.705911060680791014e-01
-1.192804474256194958e+00
2.320219181525468022e-02
-3.129216789168762780e-01
-7.672543427177426212e-01
-3.573519921578396930e-02
-1.386265781266717567e-01
-1.591566309658350442e-01
3.604240610391522548e-01
4.407196539276665992e-01
5.598857871988105472e-01
7.204921213558312942e-01
3.042011722775448401e-01
9.186422696993266079e-01
-1.458904201993192762e-01
7.169492713097748160e-01
4.506349770071815808e-01
1.508580111231810905e-02
6.582609152442853162e-01
-2.670915648185894220e-01
4.267254679830663755e-01
-2.430979796663027825e-01
-2.256295064154840990e-01
5.549657964693432977e-01
3.256714469097988784e-01
3.679544268851283606e-01
-6.700997349633343037e-01
-4.454107149742982941e-01
7.560505768466765364e-01
-1.380921930226287619e-01
-2.944395048861571107e-01
-3.517364449905688861e-01
-5.825774806937494832e-03
-5.612196308584841420e-01
3.822025169964601843e-01
-1.690705829964550544e-02
-1.156093933536836094e+00
-2.095076665606032673e-01
-6.057295507751925268e-02
-5.753033564114852227e-01
-3.784697855289207991e-01
-9.829050086471995129e-03
1.216951780705352454e-01
-2.460981953331554672e-01
7.591085963468736653e-01
5.550358265840785732e-01
3.089056262022379373e-01
-6.351201507142889557e-01
-3.500138992307755270e-01
1.436629318154705737e-01
3.564139613997380912e-02
1.030967381574804609e+00
-3.521138567753820392e-02
-1.691150881980942045e-03
-4.150701793717275212e-01
1.899188821016943585e-02
7.652890102601079825e-01
5.423112593515159174e-01
1.783627276117698834e-01
2.041609079613647959e-01
3.587992392882365933e-01
-5.349673742110683250e-01
-6.587045867224264883e-01
-7.447827345541016553e-02
3.194264124586145837e-01
-5.286929846154816426e-01
-8.382694631497875637e-01
-1.001399635617539197e+00
-5.004690054008663624e-01
8.878911440759493789e-01
-1.428377655111984224e-01
-2.610118578292000557e-01
1.888148704441978687e-01
-6.690735104779240716e-01
-2.274629974725861647e-01
-3.904662420531138101e-01
2.680091870059738701e-01
-2.674230561473029399e-01
-5.257696641676264937e-01
9.037839486317959803e-02
-1.385428580195469939e-01
7.168092648812566248e-01
-7.793302197235740802e-01
1.104622769797050541e+00
3.432102585210567436e-01
-1.704547123992106172e-01
2.865425343739786967e-01
3.928580595740102099e-01
-7.702151638487065854e-01
5.308104063905275116e-02
-2.845434749218251902e-01
-7.676224662745186889e-01
7.148025900382840025e-02
-7.056335464241353383e-02
3.043335566878951903e-01
-2.778306348728240560e-02
8.344327079023752258e-01
-7.041482598127095649e-01
4.641000506985061835e-01
-6.031672803151633122e-02
-1.528427263342748144e-01
-1.809889782530986757e-01
2.460635695067860118e-01
8.680310452572994606e-01
4.015998894452588730e-01
2.598867999840850929e-01
-8.159647796555664911e-02
-2.571126733855498836e-01
-9.100873140763089397e-01
-3.938905748409186058e-01
1.228128511425085473e-02
-8.743342582146005348e-01
-8.352916485580580419e-01
-5.328201019536051852e-01
3.855730578090516558e-01
1.378938514837229623e-01
-6.646482928957442304e-01
8.937642625866732971e-01
-5.411474341241943042e-01
-1.452258305430007834e-01
-4.749102482121164148e-01
-5.030062230348497643e-01
-1.175540815943428297e-01
3.275886608179123805e-01
-2.310070074658857608e-01
-2.545745641866983267e-01
4.712195147852384913e-01
1.043951235176007880e-01
-2.187437354681469603e-01
-7.462056226142950166e-01
-4.017490577477603741e-01
-6.945827251186716955e-01
8.215002061315548887e-02
1.135847708818450152e-01
-2.397235416701246347e-01
-5.631249679490578641e-01
-1.203650657156181414e-01
-3.861286840867000913e-02
-9.171981851654979756e-02
6.019209531333264973e-01
9.593579318881167994e-01
7.922406056660780127e-03
6.160764394355822821e-02
5.176836506009492300e-01
-1.396313202164087275e-02
-1.280597161210372259e-01
-4.317533185077289670e-01
-5.541628415701588262e-02
6.466277877097068028e-02
9.493720314476616906e-02
4.143990204365765040e-01
1.615417235058425605e-01
5.295603800400721095e-01
-6.176844087892602309e-02
-4.687274034556336844e-01
-6.396424546302004188e-01
-5.787009946829715368e-01
4.103771589501107875e-01
-8.476764642143228556e-01
2.694258303355501760e-01
1.590710199553075355e-01
3.379421515147147392e-01
2.627637267354345774e-01
-4.208358462616853535e-01
3.173224585416841159e-01
-2.091491197787652412e-01
3.065601261992611515e-01
4.289730667332960490e-01
-3.486142046339270051e-01
2.185157721769042660e-01
-5.703057159204918403e-01
-3.130660320604019553e-01
4.234487350176885379e-01
-6.260052386747001485e-01
-5.616356011463263798e-01
4.716255851057536419e-01
5.488859257805979164e-01
8.419333939844270143e-01
2.578193230885374998e-01
-1.632660901013067989e-01
-2.288686850791747385e-01
8.323732809834032409e-01
-6.241589717071572840e-01
3.804737416175374420e-03
-8.862279307592060840e-02
-4.384657270962036835e-01
3.896329237921662969e-01
-3.472168842192851490e-01
2.811843808971891123e-01
-4.341153966452731550e-01
3.718970005492822084e-01
4.089949495307197702e-02
-1.094071470576715166e+00
1.907957913937771144e-01
-4.654080694229200538e-02
3.464993129401247041e-01
-5.096559136186248340e-01
-8.927629217662886862e-01
-5.057613786485986029e-01
9.495640628097684610e-02
-8.080885170565786924e-01
1.663517418723416685e-01
-7.118615965719019556e-01
-1.460243320121469915e-02
3.340956390286309308e-03
9.482380691118248439e-01
-3.662644501996072388e-01
3.493543704196839239e-01
-3.087920912750527491e-02
-1.074958404739474321e-01
7.333029543540351414e-01
-3.912443976587949845e-01
-6.431268873260673202e-02
-2.675932386334956004e-01
-1.528539773628906917e-01
-3.624925628915304232e-02
2.823624886517426824e-01
5.669712347491380200e-01
-8.139964764705990286e-01
1.250640911824532631e-01
-7.811051030121625161e-01
9.655049550275019987e-01
5.493814554124409194e-02
7.016850706452659736e-01
-6.815197381245191588e-02
-1.218368575224216960e-01
-8.088547404720777267e-01
1.762341422470689312e-01
5.689442439387697448e-01
4.892836679971842018e-01
-5.232028692124927050e-01
-1.157773983194336637e-01
6.310348123248415986e-02
-2.473844604048472118e-01
-7.087897151350044944e-02
-1.761934912512740092e-01
2.246885817028295707e-01
-2.846457748594123371e-01
-1.133060325071735402e-01
-1.043470944264248468e+00
1.091716037204861545e+00
8.208270876594376819e-01
-7.352204588771807936e-01
1.991283735829164625e-01
7.975606695321629802e-01
3.299660646739740466e-01
8.458987495046998983e-01
1.475690682900003603e+00
-3.763488376662912915e-02
8.564544722936613397e-01
-5.596094608558065814e-02
5.281453262173718688e-01
-1.362573924052699892e-01
7.818141137309126965e-01
-5.107336754306190940e-01
-6.708054159849619058e-02
2.665446262141905609e-01
2.407922775841694202e-02
-1.064655070932767900e-01
5.669407143732345666e-01
1.678501888772632455e-01
4.462262372738823313e-01
-1.070218257564749420e+00
-4.805489892882661707e-01
-1.158792389882899176e-01
-4.147453218077905568e-01
2.088130489935796641e-01
2.398188034875101404e-01
1.371402172658509888e-01
2.742140581409926448e-01
1.544961616630535772e-01
-5.661495567701173570e-01
-4.751403227742765356e-01
-2.852863953609232617e-01
2.022310539625787051e-01
-1.146935367155585084e+00
1.995788486702039857e-02
-3.074908096848975592e-01
4.881740113184623309e-01
-5.028585434676485777e-01
-3.319281466266859604e-01
7.483650091970847074e-01
-6.852297543445083905e-01
-5.261993303104175457e-01
-4.352458658817158488e-02
-6.386947262354688570e-01
6.818770887034271144e-01
1.307678144793038288e-01
3.304123730465160502e-01
-8.160493052234910616e-01
-2.940563284264015032e-01
8.801217857459747718e-01
9.009265044794662058e-02
-2.234523084356141442e-01
-3.706748411082037009e-01
8.182478432842172911e-01
2.829273674723666310e-01
1.413762872220143407e-01
6.560806887193673664e-02
5.130146138075198925e-01
1.068508139657737832e-01
-1.656015740662591662e-01
-5.006887512230588921e-01
-2.742273763955513921e-01
9.523695469623336129e-02
-6.343163040103532158e-01
-1.664481969641460612e-01
6.309528504894621470e-01
-6.160733670224279868e-01
-6.713823048185375564e-01
-1.741673477296724060e-01
1.293302219769421613e-01
1.162617649845174017e-01
7.255834421013568347e-01
-3.347601704877398721e-01
7.751458916400081334e-01
-6.875946345921818414e-02
-5.463062901062901155e-02
-8.468245235359621592e-01
-2.878311733870472233e-01
-9.853361447027253472e-04
-8.662687325884315115e-01
-2.037281397755645318e-01
-7.847587015507936914e-02
-8.496005434079038077e-01
3.310530400796325989e-01
-1.545178289218340217e-01
4.746647211212211004e-01
-8.574901444327676092e-01
-2.852534690538386375e-01
1.617685837757388834e-01
-6.819733055174651559e-01
2.339992392649672959e-01
-1.110711659676918650e+00
5.334735091365438997e-01
1.876937571986505016e-01
-6.413574631870084808e-01
-2.600597227409006673e-01
-2.499088580596202369e-02
4.348833774315148393e-01
-2.987798135625014950e-01
-2.671814696490376617e-02
-5.540305823068338853e-01
-2.844769789869109333e-01
-3.005719002528446371e-01
4.878362423822403815e-01
-5.523970715591223213e-01
3.640205314923577462e-01
-4.024615131428397330e-01
-7.312823708228030073e-01
-3.060265729347613206e-01
-3.049070335836975287e-01
2.265365172631080282e-01
4.628165605866362831e-01
4.182698003492739680e-01
3.949024433707505333e-01
-2.875716974654222158e-01
-2.065774840446010785e-03
3.060296149731359661e-01
-7.151269104394983867e-01
1.159117954798153383e-01
5.227770001031875058e-01
4.613855164347410165e-01
4.150353467900902427e-01
-1.060179056291882249e-02
-3.933533650677203397e-01
6.194085295603655172e-01
3.319107461773520423e-02
1.146594070478819560e+00
4.185843657353509606e-01
7.089788487845897214e-01
3.488957478484775998e-01
-7.777381257617131671e-02
2.577792434471137817e-01
5.984723434048883073e-01
3.477720064455210869e-01
1.468657895342858899e-01
-2.387027212463227466e-03
-1.057290780379498696e-01
7.500635380035178268e-02
2.131910502431565990e-01
1.882950514437474743e-01
1.298175424739399286e+00
6.249702586193169873e-01
3.274272670301778820e-01
1.038309181939864656e+00
1.909125987481896658e-01
-1.921258932008363396e-01
-7.100792909865268066e-02
3.679435714210620434e-01
4.653098183494159823e-01
-6.249251284740925394e-02
-3.130028422382020170e-01
2.964242711887573600e-01
-1.567070314888867333e-01
-7.974740852710846539e-01
8.682397272260579391e-02
1.357413441029636791e-02
-1.162956373280988748e-01
2.949533363531191554e-01
2.615716982679806568e-01
-1.939687640635484045e-01
-7.354165426589365229e-02
2.809808772504890917e-01
-2.323342079170913066e-01
-8.261105906648100183e-02
3.735451171305201878e-01
-3.730760469024183568e-01
-4.073500037898218351e-01
1.882944424786301973e-01
-5.469816775256683972e-01
-7.366921331683571328e-01
-8.620733372955760032e-01
-1.769055387230585308e-01
-3.276051764174582326e-01
-3.030620581794051249e-01
1.988910538285838248e-01
-3.136357921840149388e-01
-8.829397499869479082e-01
-8.333584058501068703e-02
-2.170101564137614375e-02
4.847185782305079016e-01
2.421959885075141913e-02
-7.872298174425723660e-01
7.605734426236583356e-01
6.475812422219275888e-01
1.641250100762466427e-02
-1.264627318815686241e+00
-4.760768038928699375e-01
-7.302042580780823688e-02
-7.755610341091172255e-02
-2.793544395689604443e-01
5.136146921472209970e-01
4.105347149285432651e-01
-2.545062556119539465e-01
6.814486747182242621e-02
-1.224116636123583068e-01
-2.523972156586481441e-01
-4.291339603836777372e-02
-1.266192340375464076e-01
5.608820962950119560e-01
3.938170257200810931e-01
-2.649745901992087149e-01
3.799791834026116089e-01
-1.612780944633707414e-01
-6.185232987258998394e-02
-6.191952668782135794e-01
-7.917015642784486218e-02
-1.140266760761106946e-01
-1.102158393963278193e+00
4.680220012133583518e-01
1.611626297180090706e-01
-4.207197635104444888e-01
-3.901081874832412755e-01
-8.754270680717781694e-01
3.994280043742215458e-02
1.126118907884833542e-02
2.287263726359353710e-02
3.972851742889131621e-02
-4.618489920785025515e-01
-1.611645545985663119e+00
-2.703556845613452886e-01
-4.642971775097436138e-02
-3.871402017633197579e-01
6.976882337155387859e-01
2.142932179588570574e-02
-7.804050827641095811e-02
3.030701461196289581e-01
-7.203233290689597945e-01
3.681211825278901117e-01
-3.234730780800535443e-01
-1.752368730559104026e-01
1.606801545999190228e-01
2.913018929247817579e-01
1.860453912744705895e-01
-8.504012952011209825e-02
3.621164903423964021e-01
-7.203832184150316120e-01
-1.801241562715191757e-01
3.167543270255017696e-01
3.273246576710301947e-01
-1.661105667183340739e-02
-3.784583572633561099e-02
1.749306569323044735e-01
-9.093971053068646837e-01
4.179914582729387096e-01
-4.464589908847892419e-01
-2.232425217705191756e-01
-5.352516022468885304e-02
1.782556983716380994e-02
1.529382310120654467e-02
8.725145121650292046e-02
4.817573352952322363e-01
3.322321775792166365e-01
2.443631927556940905e-02
6.018124919848436560e-01
2.782944341994619559e-03
-4.656479464726223094e-01
-6.149901951404710410e-01
-6.584012753622834335e-01
-5.020924062110478925e-01
-4.092355867051328810e-01
7.760868834226855584e-02
-5.058716675122391093e-01
-4.417096529361504154e-02
4.943448020090752126e-01
3.209889687103166800e-01
-1.592514700983207465e-01
-6.228549441781444651e-03
7.024332854969925766e-01
-7.378238856524535483e-02
4.078583147119579921e-01
1.906564760909125467e-01
-2.681201681945093451e-01
2.587383320633054873e-01
-3.907389929795461181e-01
-7.924694261284431773e-02
-7.008821311460082526e-02
3.815559387772976541e-01
-1.881708584996696909e-01
4.879491606233643530e-01
7.284682103862096803e-01
-6.590748198940126201e-01
-4.524340437467576082e-01
1.499674746118193069e-01
-6.127230838458549433e-01
-1.933284195272503558e-01
-5.055752820506040912e-01
6.861676349528122998e-01
-8.314251884180774432e-01
-8.058753683473800500e-01
2.804903175537317161e-01
2.577711041297205408e-01
3.539398468574387335e-01
7.231445071164988025e-01
-6.603817945052364857e-01
-1.241432279207269757e-01
-3.588512063936327157e-01
-6.051041066906805987e-01
3.087161169690045837e-01
6.375641160033332921e-01
-5.886880191048108474e-02
-1.551796082941847010e-01
9.780820273588161640e-02
8.489421610059233458e-02
2.842494030912743885e-01
6.419877974641128304e-01
1.681204407076443696e-01
-5.464312364407007960e-01
3.323946341538688842e-02
8.683666167382292356e-01
-9.652018055157469967e-02
-2.596729337016145944e-02
4.271904387606427211e-01
8.416856896042664016e-02
-1.023666839680249241e-01
5.324941482043166197e-02
-1.591355126797610042e-01
-8.726310725817549852e-01
5.091619663295264830e-01
-7.130558007494725015e-02
5.981439817034991946e-02
1.608377188235954325e-02
7.010134931988640239e-03
6.373120712308091851e-02
-8.526185756354999201e-01
4.839800236298335001e-01
5.853820322240659291e-01
-1.069742453228013979e+00
-3.475696580677462566e-01
7.309755723629296487e-04
-4.386413005630475093e-01
-1.930959666266630625e-01
-2.735087425597422794e-01
-7.083597342733598534e-01
2.430420880659507621e-02
4.440929437466147323e-01
-1.717961836642767637e-01
3.773364714805994558e-01
3.057946588229581986e-02
-7.388238390278104029e-02
-6.951413077373985727e-01
8.268709986268465428e-01
-8.502095951583672484e-01
-1.579281095358606724e-01
-9.623785595029046847e-02
-2.060469498102302233e-01
3.047221262505083739e-01
-2.268895729084355883e-01
-7.523909682500246054e-02
8.351145037186851194e-01
2.460130619870273538e-01
-2.645790251020569417e-01
-1.518197991118419021e-01
-1.055594441097052888e-01
-2.621603486430109098e-01
2.389552918541623661e-01
3.797621631063202718e-01
-7.216652397039509115e-01
-3.396441583902783945e-01
-1.198529416327108077e+00
2.986313889612195460e-01
1.970049153642531303e-01
4.739953022863195864e-01
3.080039950949862715e-01
2.855876952771780886e-01
7.138669759930400538e-01
-2.639491097090657656e-01
6.941600030879413463e-01
7.947335674856850773e-02
7.705813177345106901e-02
2.674565366312655623e-01
2.134088592606930290e-01
2.658247877744648324e-01
2.973695919446417424e-02
5.101357436670306278e-02
-1.476028851073282466e-01
-6.241243050481426469e-01
1.523957026758580025e-01
-3.993786469914120674e-01
-4.848067269298469428e-01
-2.310290807847451555e-01
-2.566700952099834621e-02
-6.897262859776669419e-01
-2.644711394481412126e-01
1.090364129348909417e-01
-9.362262832015136871e-01
6.894680241212917116e-01
2.996655420589940388e-01
7.551931691326509988e-01
-1.182778494733113250e-01
-9.117715965090347208e-01
-4.432469538088061323e-01
3.016762280816521202e-01
2.448281628354488371e-01
-1.755986473220086108e-01
7.437113102687503696e-01
7.317216515274060917e-04
-1.064555851486114646e+00
4.917849615753124293e-01
-1.999105006212659186e-01
1.184567735278587275e+00
3.533616399414846732e-01
8.171393275833518932e-02
-4.818603755577569592e-01
-2.860734939867264348e-01
6.615683240514078634e-01
3.696112854512360046e-01
-4.944403659227069592e-01
-4.357917662725382252e-02
1.243736106628317684e+00
-8.881245699242693581e-01
-6.590545045728635198e-02
3.103651799821130486e-01
-2.681106906801172807e-02
5.194491829419675688e-02
-1.047169135532880713e+00
-3.649118927991221728e-01
-1.412417656810917244e+00
-6.927237596126298858e-01
-1.427775530850998731e-01
1.249655630606810730e-01
3.522231813958702218e-01
1.337580374201915445e-01
8.154328750847270602e-01
-4.954190291459301815e-03
-1.362208162480903484e-01
5.454385112328999918e-01
6.377630368700198948e-01
6.294849252277708862e-01
5.948049569780771151e-01
-6.360844668732482110e-02
3.780756817229313782e-02
-5.412769479821345486e-01
-2.753937094714757894e-01
5.856416893896330134e-01
-1.749674347367704830e-01
-3.799487648594379596e-02
-2.679368534125561307e-01
-8.523666613960447780e-01
6.456240964413519079e-02
6.527263714503388492e-01
-5.732546155490851891e-01
1.705659571157268906e-01
5.741455091890355078e-01
-3.695233941895155194e-01
-1.807320888261660929e-01
1.083406325632455314e+00
5.884040722992363026e-01
-8.219638864564459135e-01
7.799337448823661090e-01
6.641757752593159259e-01
9.342246138570227121e-01
-7.488514486846447049e-01
-1.171716992365687965e-01
3.579758233611799456e-01
-1.817376096633505633e-01
6.426285376332809829e-01
5.771183025219965845e-01
2.187586111258094657e-01
-5.347134493023596447e-01
7.046724741294999594e-01
-9.216389510983109545e-01
1.536787067910998061e+00
-4.955927254987836927e-01
1.078705269538760836e-01
-1.918752688604267731e-01
-5.359559364292917349e-01
-1.401213555211135442e-01
-3.851127471691411230e-01
-1.069111061966984133e-01
5.252346229508204623e-01
3.508265211751552398e-02
9.963580385942103490e-01
4.748956454058208543e-01
5.998308872526822988e-01
-1.926611523403864434e-01
-2.079727948322487863e-01
5.018588573345508785e-02
-8.805858243283670728e-01
1.348804600643202789e-01
-1.366500575694281489e-02
1.334474124993275390e-01
-2.418640339384442173e-01
-5.063671052072794554e-01
6.896888294027098132e-02
-6.464080447791146211e-01
2.075687317910080987e-01
1.573776294156264688e-01
-3.704399960483258925e-01
4.730065662714941221e-01
4.397017194035895971e-02
7.776765759780730480e-01
1.944263078163689373e-01
3.064089248532676502e-01
7.967491736967674543e-02
1.794644606424510014e-01
9.286316707499050471e-01
-7.044484086950930646e-01
3.003209500343793081e-01
6.680630009080522624e-01
5.067090797608325703e-02
3.993098605146383484e-01
3.250915696430279889e-01
-9.160903640614249943e-02
-6.503141186497971571e-01
2.681557170306484994e-01
1.754883567402734934e-01
1.633871033380633053e-01
6.275477860750114933e-01
-3.096874869439522615e-01
4.635550694450478737e-01
-3.801831166164327258e-01
2.999365249423124880e-05
-4.140148756465008573e-01
2.534341316892714246e-01
9.494069169123796614e-01
-4.737193299380260125e-01
-1.012992287828504701e+00
2.024682492041823823e-05
-4.960257998087315157e-01
2.448607440001753233e-01
-1.738538564296420452e-01
-3.092592909473504958e-01
-1.512660258869219509e-01
-4.535772017126465938e-01
-1.248926005534769651e-01
-7.518368282222538390e-01
8.720215434041275748e-02
4.606272709649602559e-01
-5.822807066567998735e-01
-2.608095900657865229e-01
9.237193888484689364e-01
-2.186306956702355198e-01
1.338604778537326456e-01
-4.878498004096224472e-01
-6.278548413843642040e-01
3.303715937529037583e-01
-3.756669201068033592e-01
-5.200184523263788883e-01
3.039372719326793870e-02
1.897988072250006986e-01
5.095791322882137209e-01
3.246593547686652537e-01
6.508653720977020107e-01
-2.560575458036426499e-01
-2.039836888052515285e-01
-3.287167835780141489e-01
1.500857594070188761e-01
-4.554599600568551288e-01
-7.589846169630355688e-02
4.725722079186396585e-02
-4.766496203826593725e-02
-2.588535456890214692e-01
4.386474660392848390e-01
5.869454917664536087e-01
-3.619912606963685553e-01
4.252794927863744467e-01
7.020528106095275112e-01
8.762454719629206856e-01
-1.156945841066980563e-01
-2.043283594483477073e-01
2.111721545735458783e-01
6.848717461385640526e-01
-4.816091486540887701e-01
-4.252845261839219293e-01
1.502772066644629811e-01
-4.211137314688130351e-01
2.819219667031880872e-01
-1.978680893631457327e-01
-4.359017538398304303e-01
-7.068342806333728356e-01
-3.610692698357911845e-01
-1.821522395162171737e-01
3.592411520981010353e-01
7.364617246029689923e-01
1.699687450499302310e-01
-3.586407246787748915e-01
1.647993058768890129e-01
-9.978619393948517935e-02
7.792006820638961440e-01
-1.686306643563254548e-01
6.483978812383758839e-03
-1.028682422803042784e-01
-1.244908359804102860e+00
-3.507302869911089749e-01
3.030743945276281881e-01
1.205890863478293884e-01
2.340365529397410715e-01
-2.178440668304346683e-01
-5.349303246326948535e-01
-3.089831026368167199e-01
-2.184111383454228617e-01
4.433953955587037199e-01
5.548876919235449234e-01
4.479950382564749645e-01
-2.262226417110813070e-01
-8.928149336945092607e-01
-3.061310118591669682e-01
1.009523869246654049e-01
-9.560687957918198587e-02
3.822297234019233492e-01
-1.641933460607015172e-01
-8.692860947640810299e-01
-6.684811496618422444e-01
6.040288506801025914e-01
-2.635023059057693962e-01
3.912653894859835502e-01
5.915493923213539784e-02
7.805220425356627079e-01
-2.136687570175832551e-01
5.971963253971432906e-01
-1.045532627939579490e-01
-1.085472198511341579e+00
4.081439784732708853e-01
-3.875933860597088887e-01
-8.198702321001880566e-01
-6.596177132692038203e-01
-3.237898338027477840e-01
2.030822458395485086e-01
-4.067124322076102194e-01
-1.575160113719806243e-01
1.012740937334151603e+00
1.507613421628112294e-01
1.491777653652230917e-01
-3.851430557044874248e-01
5.931346988598112935e-01
-2.077679723552642022e-01
4.086981446835334375e-01
1.142295541423800354e-01
2.967038834355714139e-01
-8.400816010984917259e-01
9.301229838559343932e-02
8.665129283840303787e-01
5.943122058499863414e-01
-1.177961650845301828e-01
-6.227257976606601630e-01
5.446377352742486355e-01
-3.815201597387497534e-01
2.350609014114865281e-01
-7.193765182882543019e-02
-3.746636226277050286e-01
-2.303666023713193123e-01
-7.731323908420236757e-01
2.682490587651595870e-01
1.364151094627854555e-01
-6.580814707874113045e-01
9.076960366915132195e-02
3.033261814411926105e-01
-8.876419382282520198e-02
-2.307659202171657986e-01
-4.964598526945158130e-01
1.365558233948383493e-01
-1.478541227570958183e+00
-5.738046324058819758e-01
1.301963325910826530e-01
-5.431805970260403793e-01
2.050680773352320588e-02
1.999557745191728464e-01
-2.692561909110044449e-01
-2.773786008516067048e-01
-3.367079454786494619e-01
2.103100328008110642e-01
4.100333455657119708e-01
8.559389826786212296e-02
2.405020622645088757e-01
-5.247632353525863991e-01
-1.084195657365668142e+00
2.726909145488547459e-01
-2.615882374264760085e-02
-6.112320009504994545e-01
-9.367267865231823643e-02
4.093203214807795698e-01
9.418173782345794498e-01
-5.476955277376560627e-01
6.470923577481670907e-01
-4.955099423589062746e-01
1.852330700253757845e-01
4.318517683617816710e-02
3.356907912916454184e-01
-2.588827897235201347e-01
2.285395365890570962e-01
3.307884071010350757e-01
9.801502563748304420e-02
-1.524517777807933017e-01
4.404615475048814233e-01
7.784498631514773503e-01
3.976070124903971492e-01
1.691907213224654594e-01
-2.743948092945325268e-01
-8.962982986763303739e-01
5.805022849324116274e-01
1.729474935013242398e-01
2.937620318806316577e-01
1.075398613384626750e-01
-5.677231541050957730e-01
-7.606946812563776528e-02
-1.387089014559402811e-01
3.142339437243549249e-01
4.239814074926160359e-01
-4.786674666019277158e-01
1.091484176721414234e-01
4.255614696456622159e-02
3.870952781859265945e-01
-2.864001823174696093e-01
-5.392549065690611237e-02
-5.612272846940830062e-01
3.976415657915832735e-01
-9.901244784023462975e-01
1.071343189020792785e-01
-4.705080203555205842e-01
-5.425163467912165194e-01
-6.768702927447529660e-01
-1.388916064925244664e-01
3.419410286951334310e-01
-1.116345682232928183e-01
8.043985746343413901e-01
-3.919434716254026618e-01
3.259866430086078015e-02
-2.853353138880588280e-01
6.148206729217358113e-01
6.146584382654369794e-01
4.555844420203278289e-01
-3.104284256306201750e-01
-4.571654843576902771e-02
8.423872928779357894e-01
-5.316099357766896905e-01
-1.465286032109712755e-01
3.657920324148554725e-01
-1.137129767355624099e-01
-1.253601806447474654e-01
-3.357477479701751477e-01
-6.771609834574177089e-02
-1.897632847622160168e-01
-9.570286781950713972e-02
4.624025130502945058e-01
-6.452944345299136408e-01
4.326709074901222696e-01
1.004726556018495920e+00
-6.747329210818217571e-02
-5.356783146910451543e-02
-1.754060238979396891e-01
-1.140748450022208149e-01
-1.389476786630663985e-03
-3.752738762970752040e-01
-7.154770320369709946e-01
1.541677948434143908e-01
5.973013596697993588e-01
8.865631384585916930e-01
-8.223837752845055693e-01
4.482267128149720614e-01
-1.914573959066228070e-01
-2.824119228204335363e-01
4.205196295215442304e-02
-8.196647111591600643e-01
-2.158453561668099430e-01
1.327135913970575454e-01
-6.477810774520111892e-01
-1.893442882540766758e-01
-4.318574098112488713e-01
3.428077980871462038e-02
7.552499043315964444e-01
5.714018957698592249e-01
-5.019038423944763849e-01
7.713499288608329785e-01
1.216881815667415490e-01
6.246374602174619151e-01
-2.721442001618157303e-01
4.698847187434724848e-01
3.265494685639688255e-01
-2.356704513881262286e-01
-3.696119987340415469e-01
1.064080386640330750e-01
5.401735231764887013e-01
-4.631966720472173726e-01
-4.326926427678304821e-01
-1.717718356134785851e-01
-4.458787903052376933e-01
-5.699410920201198882e-01
-4.508407801948287608e-01
1.835541652334260476e-02
-6.451650335039591511e-01
3.506649656226328293e-01
-3.099213958838783478e-01
-8.204204165874829924e-01
-1.231225234090592424e-01
5.927615740865221916e-01
4.091731006883360666e-01
8.890674744708864097e-01
2.115612825007301412e-02
6.143945290774666113e-01
2.828401660524129668e-01
-4.620967605549189949e-01
3.742003355472288129e-01
1.820807955974855230e-01
-4.729814010783853773e-01
3.662661166247900280e-01
2.094503856354855142e-01
-1.049827665944066124e-01
5.546802632823575330e-01
-2.204778218967222980e-01
3.758051007908144170e-01
3.799909770133131359e-01
8.432354456137999277e-01
-3.435109689260672505e-01
-2.023709073488170196e-01
-2.682865755088400528e-01
-3.127159389112984522e-01
-2.050238801842475533e-01
5.795873860496650321e-02
-1.233533923320989378e-01
1.429859364130250665e-01
3.174278119873512050e-01
7.444391619235725122e-01
-3.573738675366969209e-01
-4.677940241961766055e-01
-1.007559208556868091e+00
7.519806104453417017e-01
2.660957639386730689e-01
-1.056362588976689360e-01
2.077529590782253854e-02
-5.092838242596449405e-02
6.798637999240603191e-01
7.494330662161826639e-01
-3.086884092218826758e-01
-9.278472144920077436e-02
-2.216389651446298847e-01
-7.749777521293272908e-01
-1.238874427670400014e-01
4.390168468511883582e-01
4.578623422301547619e-01
7.096829811643198260e-01
-6.742119025608390714e-01
-2.509000927417537885e-01
-3.749256339328755350e-01
-2.454680754487751360e-01
1.360842343050799041e-01
-1.031332952896349076e+00
9.425034680345628635e-02
-5.337439777448231837e-01
-1.070852194820063552e+00
-1.568986904574771746e-01
6.506761787946041542e-02
3.783860346232067462e-01
-1.300197474025751587e-01
-1.598210025006655266e-01
-3.810398457539806993e-02
3.632224782971674726e-01
-1.572219277637608714e-01
7.034044933785509324e-01
4.207001526927878210e-03
-7.975774383594713690e-02
-2.056521604567239370e-02
-1.833649385431075363e-01
-5.964553685712156716e-02
6.592806694648445376e-02
2.980164710179017407e-01
2.675663667786657429e-01
6.875488669241730522e-01
3.739052574658925931e-01
3.471587638660362796e-01
4.223802023255455174e-01
2.112301960202778162e-01
-1.476297332843938548e-01
-3.348858948892688980e-01
9.034187674127207579e-01
4.078930182106979552e-01
-6.101809347376747628e-01
1.979105145028390855e-01
1.567185263256904437e-01
-9.130999772875514342e-02
-8.555928036812615600e-01
-1.466825855727001693e-01
7.322175129127379556e-01
-1.495494521604339710e-01
-8.458440828790687593e-01
-7.769998050384460675e-04
-4.247274159475933342e-02
6.059182685978850569e-02
-2.087855431349795454e-01
-8.091643869552735957e-01
4.688148732955663700e-01
2.132444355469782504e-01
3.374904216932244072e-01
-4.363058334858435083e-01
2.589725453811497768e-01
-6.276869522066054197e-01
6.729303761047411570e-01
5.844052490162930935e-01
-1.778833037997412658e-01
-2.973082662838080759e-01
-4.940843667519185800e-01
2.722539685991582359e-01
1.629678496783666386e-01
2.904465979448432877e-01
8.723779858396250031e-01
3.712044005632521015e-01
-5.151270350346639493e-01
-5.843204342804702023e-01
-2.747612537510769615e-01
-4.755511379580925069e-01
3.575509309510367939e-01
-3.983613855563733486e-01
-2.043127196419447233e-01
-8.942077766230654978e-01
-4.851343936706827009e-02
6.134713666802169008e-03
3.536356550082436212e-01
-1.868043168654691666e-01
-8.845866668220823958e-02
-4.423306017249625244e-01
2.046822189089660404e-01
2.318472572927168796e-01
-3.891372356609189009e-01
7.573782269044453119e-02
-1.991863819374140032e-02
8.378076103395952767e-01
-2.790292567854604777e-01
3.827304668365786866e-01
2.374635559966965792e-01
-8.406320892790022370e-01
-6.946488951646592747e-02
-1.592916079065549440e-01
5.006075975291519597e-01
1.953785671741719299e-01
-1.346655286299653365e-01
9.136527971811587989e-03
-1.916716708448052697e-01
3.534476276996071364e-01
1.412461854596703259e-01
-5.202781959442706050e-01
2.215523453614274274e-01
-2.526272866323929778e-01
1.361908108029667441e-01
-3.245280498319672025e-02
9.703573775708229654e-02
1.063131132742485135e-01
9.985293292295721601e-02
5.025409551108325212e-01
-6.006352404933307243e-01
9.458665260863972080e-01
5.558847603338417098e-01
7.711466176416814644e-01
6.907309671291650410e-01
3.288054494419259122e-01
-3.461159410363481292e-01
1.570835584212179614e-01
-2.386172620129221877e-01
-6.348762918477973693e-01
-1.139092292577303933e-02
3.720495687213785097e-01
2.611172885073556049e-01
5.366304981844045585e-01
-3.401386767547313617e-01
4.714610432939080886e-01
-8.338248237132458995e-02
1.553700619683839435e+00
4.348406876867875193e-01
2.880025743616604905e-01
5.015054106562215619e-01
-9.159782249331042958e-02
-3.433042087655703289e-01
-3.396735079204125096e-01
8.417766518608792436e-01
3.478387790292541970e-02
-4.630629904555855214e-01
3.979413691944364562e-01
3.040971749140601865e-01
-2.643982933451846651e-01
5.087716147725014348e-01
-5.754257453876576028e-02
-1.308994594601763095e-01
7.441472255222423282e-01
-9.014614384391601565e-01
7.559315419674945691e-01
3.951608714370263842e-01
-6.892864716936453195e-01
-6.055861273223282076e-02
-3.395617317317234374e-01
5.243721621128629717e-01
1.007061380664697747e-03
6.832048400901151453e-02
-3.718043060666799682e-01
-9.843074104925829682e-01
-7.663959011136076693e-01
-2.721445008234065766e-01
3.332236530283899656e-01
5.639302169494458949e-01
8.783381535192471556e-01
-1.743165950086398575e-01
6.300909400502765489e-01
5.109742918536697154e-01
7.848816588797641325e-02
-4.013903448662503592e-01
-3.321470679915582425e-01
7.324642760895025417e-02
5.399412103219480841e-01
3.241346469370697259e-01
-3.066960560287657067e-01
8.331052591337211322e-01
-5.942245439617069858e-01
-6.105302340203830891e-01
-1.975766083447212107e-01
1.799731464189290864e-01
-2.781494867665049164e-01
-6.067435003819152683e-01
-2.430001551571328577e-01
-6.469854978442720617e-01
1.581912488739349865e-01
-3.187010736733918437e-01
-4.507897269933190953e-01
-4.056312074050485994e-02
-5.931550852518459038e-01
7.102277754337296134e-01
3.972453818998638031e-01
-2.162035719949937373e-01
4.584129772453092722e-01
2.200329376611259713e-01
4.368106240036091492e-01
4.287470248927975625e-02
-1.285516430611154393e-01
2.083199059280996801e-01
2.361653494579884771e-01
7.037570840311586640e-01
6.872567960565608702e-01
2.324822858499962230e-01
-2.781419416358629215e-01
-6.070700778816637277e-02
2.924293213571029226e-01
-3.042132554197404248e-01
-2.692420799715101731e-01
-8.479430064353448149e-01
-3.690403132634717531e-01
1.377362777749603084e-01
-1.118925192685969461e-01
2.899744073960206503e-01
-1.577722980187929447e-01
-1.545847492650524180e-01
2.165239372923598304e-01
-1.086098423773010635e-01
-2.345940679030710796e-01
-3.373397957999578201e-01
8.519959161316238427e-01
-6.712190656117761334e-01
-1.825928583389695992e-01
1.017608552884233797e+00
1.225659013964851995e+00
3.328990595328835678e-01
-8.084733096067162617e-01
-2.408906316776160683e-01
-4.698262726284260782e-01
-2.773516674518967662e-01
7.756939279699999190e-01
3.175509440183937881e-02
-1.798368969246179616e-01
-4.186485101204506787e-01
7.451379516085041010e-02
-2.382854914760343668e-01
6.937799562508362161e-02
-5.977386114927077942e-01
-6.599388400636271301e-01
-3.524510135757837892e-01
1.886521963031824456e-02
4.419599884773985354e-01
-2.273958216804190247e-01
-4.449911374874023218e-01
-2.573225911021196355e-01
8.324136598903705830e-02
5.206487014292950771e-02
1.933240648564045483e-01
7.108919356792160471e-01
9.973943399155368317e-01
4.808810855548990570e-01
5.167518353904604345e-01
-1.219423258837794843e-01
2.927116214505945946e-01
-3.356834066712589548e-01
5.028788919439738381e-01
7.182590769488923499e-01
-9.092599753609482971e-02
-1.489119064163200168e-01
-4.910927529692130089e-02
1.180514204073916051e+00
2.092555129612730658e-01
6.049171201844778523e-01
4.980207689453491904e-01
4.412133397131422496e-01
5.407587446184906887e-02
-5.146134653468318332e-01
2.729267097788769525e-01
1.076071076914192348e+00
-4.571097843581973796e-01
1.955347662204968140e-01
-2.558407294149792066e-01
-1.859169243209826405e-01
4.344855131689908112e-01
3.433699941536508815e-01
3.356259942440582567e-01
-6.865696159081363659e-02
5.417175810950395354e-01
5.363079319791119737e-01
-2.960355953204650836e-01
-1.453489250253416631e-01
-6.760958910838473779e-01
-1.157726087459491626e-01
4.191485210093642277e-01
-6.762069927583391760e-01
-4.999813793488364078e-02
2.489866363786408243e-01
-4.384462297294450250e-02
4.312385854707543320e-01
-3.120443600771738435e-04
3.080887763706309235e-01
2.947483576434032360e-01
-1.467709213249042410e-01
-1.277767639804633371e-02
-2.139122432626036352e-01
5.860358737353329461e-01
6.190494883926821457e-01
-3.786501150656775838e-01
-7.448920901017866414e-02
2.647859076970384140e-01
7.455278928288269213e-01
