2.771928044108696865e-01
-4.658953583862120440e-01
-6.798308985307892627e-01
-1.651363937181457298e-01
2.871215764288070904e-02
-8.645037458601895208e-02
8.279375459926818781e-01
-2.576317503516770135e-01
3.870383530057066590e-01
1.242236164145674171e-01
-1.378751999443854348e-01
-5.207921041233395942e-03
7.421198453714316079e-01
8.282899365483982201e-01
-5.265423337180933361e-01
5.730241828839370832e-01
-6.274328089972018851e-01
-1.291059014726431697e-01
-4.971432891161827738e-01
1.685319647508739804e-01
6.098010375305603636e-01
-3.095955725069784448e-01
7.528594001205995978e-01
2.428946588851907118e-01
-2.503880227420145488e-01
-5.059698295040033766e-01
7.469485033409749286e-02
7.185997881405874477e-01
-3.935303655224949293e-01
4.330267795974422906e-01
-3.856170923627846858e-01
-1.001238961652837489e-01
9.556957588199100906e-01
6.303931964958424672e-01
1.093211475504775265e+00
-2.426272538084564279e-01
-9.861557106201584988e-01
-1.114441509465029290e+00
-1.088487671777544241e+00
-1.550175272212957478e-01
5.899336222139715813e-02
1.516555014416531011e-01
1.668672992967209223e-01
-7.231611179183563554e-01
6.104524983813186534e-01
1.003307944316857103e+00
4.737268515310369965e-01
1.606995056936361133e-02
-1.025381578854400733e-02
7.875229455090200226e-01
9.010554808800830262e-01
3.636505818240512444e-01
9.724524843438042687e-01
1.026244178381845229e+00
-4.407395794065700478e-01
-1.454445226511021372e-01
3.124912817222391115e-01
9.006468286979998350e-01
3.476528708494228126e-01
5.863294229319510054e-01
5.047661025371503740e-01
-5.538091067346768703e-01
-1.580988242371844654e-01
-6.144708976519539512e-01
4.844339411427975861e-01
-5.745706471755684941e-01
-6.530344117155331696e-02
-7.691073118376132167e-02
-4.996342318867503240e-01
-3.123999520164315036e-01
5.941509298207137829e-02
-4.289282896199381190e-01
-3.731791490541706002e-01
1.239969785134902719e-01
1.599786764353658408e-02
8.573036736763657295e-01
3.227173309193036577e-01
-4.035929431359510100e-01
-7.417778276670345949e-01
-1.139311042748933772e-01
-7.211406810911086263e-01
4.728487477703501030e-02
-1.103290154580365556e-01
-2.218777197594928308e-01
-2.595034520360980368e-01
6.270054727298620678e-01
5.950782369395964944e-01
-4.579288496857839008e-01
1.666989927028229568e-01
2.267855972743342829e-01
-1.032770212366800777e+00
2.177172938383423184e-02
5.115765027630060358e-01
4.191247774561313588e-01
-9.650182999751866220e-02
-7.806477947551174745e-01
4.745558986782852373e-01
1.878503064230281905e-01
-9.459620413426685914e-01
-1.249863830656530450e-01
-5.449025007680321497e-01
-1.531210714880787693e-01
-1.269944355068421959e-01
7.959467638746439144e-01
-3.072090373678050823e-01
-5.670161289828693496e-01
9.619294615057963349e-02
2.294933674444034621e-01
-1.154889353305385669e+00
1.658542553180107071e-01
5.020559281435035270e-01
2.172387375563344936e-02
-1.972856908231299389e-01
-4.403110181975686266e-01
-1.765321350679402157e-01
1.359002387160944680e-01
2.804723089143367765e-01
1.436734807394817182e-01
1.784968949389185988e-01
-2.221460430165062006e-01
-1.013408734037945180e+00
-6.172988596482261725e-01
-6.383316111875761978e-01
-2.609908076835920632e-01
2.886138425231624671e-01
-5.814417188292726468e-01
-2.155477077598917657e-01
-5.337651282976451500e-02
7.017974542704671359e-01
-2.833056527189804497e-01
-6.862307283610821207e-01
-4.175281223373217276e-01
4.421693061831024618e-01
2.530607077253741455e-01
-1.566985140047773561e-01
-2.230591074745029156e-01
-1.829030129666314175e-01
-1.514259597235701194e-01
-9.934718005450782208e-01
-9.172045917504026979e-01
-5.143682124865960326e-01
-5.915688296364717269e-01
-8.963262492688534033e-02
-3.775554673064980826e-01
-4.539013224931683355e-01
-2.303469760898788909e-01
-1.637937695798070137e-01
5.923765811294245953e-02
-2.116260469528078586e-02
1.726121324642220234e-01
-2.997921273749187820e-01
5.680867005200620490e-01
-7.126637380022731172e-01
7.110602814364153090e-01
-3.836361532184643375e-01
5.659545189119109532e-01
-4.278539511183856447e-01
-4.716575853862075562e-01
-1.025359042320442837e+00
-5.382838624665547966e-02
-2.820386210117559189e-01
-2.274205081666590411e-01
1.473943238308048631e-01
8.518436633760222421e-01
4.444886751728094887e-01
-7.557990975343369389e-01
2.580222317703987356e-01
3.340276639618591226e-01
-3.359625955036917855e-01
6.270731242679380424e-01
5.201088040764835219e-01
-8.864259683095186970e-01
8.369527769351645663e-01
1.825409360117123958e-01
3.205518038286248039e-02
6.725160695581750003e-01
-1.907589857589183369e-01
-2.915324053210824884e-01
-3.443166403258708375e-01
1.863883798029834227e-01
4.364469658577149191e-01
4.533933128829664705e-01
4.838646569384317253e-01
-3.431494522370606703e-02
-6.021551070317925358e-01
5.518237967496456564e-01
-5.093742731534646184e-01
1.100072756775279714e+00
-2.918095001125139976e-02
5.500083710311056695e-01
-2.274901509558765467e-01
-8.966206464233330564e-01
-3.400022605447753921e-01
-2.373596019573223637e-01
6.273984084489088175e-01
3.415660625563182728e-01
-1.486695040444311333e-01
2.055499410541184457e-01
-1.051325148563122092e+00
5.032089755509510098e-01
-2.862052090934684712e-01
-6.811298732309610804e-01
-2.561163675419627084e-01
-4.193305413626327582e-01
-9.872914292284162840e-01
4.988025011752879045e-01
-3.492617428960594350e-01
-1.461982615244683537e-02
4.225574868444437748e-01
4.463981096070623322e-01
1.738279174023124873e-01
-8.440713700007762554e-03
-6.127855827308937853e-01
-1.065313529857043084e+00
4.007558317579700269e-01
1.849928024803190185e-01
-4.423701364150292026e-01
7.485531449230844458e-01
-1.895322921577859143e-01
9.484034610596835113e-02
6.273962098888818950e-02
-4.367521584525550782e-02
2.074399239781463677e-01
1.373828161036205753e+00
-5.595355334068081721e-01
-2.909109588643283839e-01
6.479697144447833512e-01
6.296227012736008710e-01
-4.399680456131706552e-01
2.004691907648822324e-01
-1.322486884912927596e-01
1.372100119136867136e+00
-5.029013206883168330e-01
9.532839845165997916e-01
3.371513858898979032e-01
-8.666052116946888484e-01
3.287063057616897432e-01
-9.681397159564161248e-01
3.667340657439497331e-01
8.567437305008246407e-01
3.706960907890161083e-01
2.716684161970623901e-01
6.176748695466348638e-01
1.931210004949145409e-01
1.750401251361533850e-01
2.589211324031156503e-01
-3.224899306169407565e-01
1.792850327479540151e-01
-1.074128896983395087e-01
6.412870043551360810e-01
-1.614732132788058161e-01
2.768456578595129836e-01
4.683004859307846046e-01
1.557473470842629104e-01
1.196612341663173762e+00
-6.473867961130229665e-01
-2.179207542609775949e-01
2.919410438151893716e-01
-1.534217098860476969e-01
-5.213779759970003091e-01
1.234451879935956481e-01
-6.673839999746936646e-01
2.712349053205834748e-01
-3.585326338005834224e-01
3.496773807426301617e-01
1.117592051397461539e+00
-1.884972883686580891e-02
-1.260055432594791025e-01
8.726358872729834681e-01
-1.972511250127493010e-01
9.461708452407027736e-02
8.552748918135735789e-02
-3.052653387648478489e-01
-3.180781666998906965e-01
1.897559460215129112e-01
-2.473355348662405750e-01
-6.446980235692151284e-02
-1.785102491921237933e+00
1.099600225002471898e+00
4.432577662954498288e-02
4.146922276551683328e-01
-5.760756994614570914e-01
3.029731185656064918e-01
4.507116486893809060e-01
1.853858301906008421e-02
-6.995847810098339004e-01
-4.061399766556121338e-01
-1.594997729859661262e-01
4.577082521865531994e-01
-2.368902736344902782e-01
-3.444549069320761159e-02
-1.811251506016438029e-01
1.972267920592711277e-01
3.595717365754910189e-01
-7.592621971533697334e-02
5.282632465375617370e-01
4.020440382693712400e-01
-1.121088880235084684e+00
-8.677749422341084484e-01
6.837731115678419291e-01
2.437487930338918529e-01
6.494055879868984582e-02
1.482370245395482344e-01
-9.341866268073740764e-01
4.684161884310732438e-01
-3.443468763807788768e-02
1.202095449664719040e-01
7.749622006953593711e-02
1.749387791459781072e-01
-7.370277237180428154e-02
6.714800444472246443e-01
-2.975135721577731873e-01
-8.820030184123378580e-02
-9.494853215915026456e-02
8.743984182754376278e-01
-1.646529353649177074e-01
6.722997208696646076e-01
1.699934003018134521e-01
4.275010148353144412e-01
-5.300548772249641383e-02
2.054716894584990641e-02
1.004655680572342558e+00
-4.629935208636479921e-02
6.045348708554768719e-02
6.344200700026958462e-01
-9.903067285821282040e-01
-6.427677167967163485e-02
7.338841649521171684e-02
1.926752084148500299e-01
7.041123514970223374e-01
2.720716958815651010e-01
-7.119562533358497758e-02
2.046891385031840427e-01
6.389718302282443307e-01
-2.024012719134000160e-01
3.446532018014236698e-01
5.069246546828037880e-01
4.346712454116338220e-01
5.428984906109501907e-01
-4.062684505985224570e-01
-7.369804359826093165e-01
-3.039866318095151287e-01
3.081703360544357784e-01
-1.167219847765415958e-01
-1.005912350985638470e+00
-5.304773685548856976e-01
3.788354315131273187e-02
-5.139906094890143162e-01
-5.438998649456818768e-01
8.859868575891463038e-01
2.567524833779419868e-01
-2.588611705183171408e-01
4.253301268029748838e-01
-3.633429486581160051e-01
-1.280525702578683145e-01
6.261397245740754069e-01
-1.763665422624866586e-01
2.868014229533834003e-01
1.380097045448444582e-02
4.942966994277923076e-01
4.814739933328585630e-01
-2.054768970784348170e+00
-5.104320045979225950e-01
2.691079348360686518e-02
4.525616728341659289e-01
-1.043647115290232463e+00
-3.531659862031552022e-01
4.703600098587590872e-01
1.660798845845342930e-01
8.244636820063486748e-01
-3.289612518246401995e-01
-1.411596687809958950e-01
3.713013044208570701e-01
1.126302501508622322e+00
3.722402898037955876e-01
5.546701911352501790e-01
-1.069894556807397812e-01
-1.032277448493485128e+00
2.651397593937064312e-01
4.598514560983246735e-01
-5.664428925752931221e-01
-4.773173809275436108e-01
-1.332729967025984896e+00
7.607691421941367715e-02
1.417967032996935162e-01
1.027705543952674772e+00
1.875929186664896664e-01
5.687952450769167001e-01
8.145104715724118538e-01
1.243736179231472283e+00
-1.376873249988534165e-01
3.237708425732587769e-01
6.879691379004111429e-01
-3.637531659808752038e-01
-1.049248473467215392e+00
-1.766263084128063265e-01
-5.877776696330647699e-01
1.661349079940442064e-01
-3.924291396060360926e-01
-7.085779847314471747e-02
6.378496300246785378e-01
-4.622091398823169328e-01
-6.672721179396201574e-01
1.205824218770359113e-01
1.309623955582315258e-01
-1.110903538434579452e-01
1.610370825873665979e-01
-6.207755989054761780e-01
-4.308128509565116171e-01
-6.215297788895587927e-02
8.772312199138232458e-01
4.928202433549784545e-02
5.858659745276991737e-01
1.493211541881804827e-01
-3.901398706787675419e-01
2.950503993843689443e-02
-1.712108644130769242e-02
7.292188412649239782e-01
6.711017097597200554e-01
9.477806769111296603e-01
3.914106123354693101e-01
4.602023537776436801e-01
-1.393866988532124651e+00
-2.251251552466284611e-01
4.174992284118125285e-01
-4.376941125138931743e-01
2.502298057526194941e-01
3.048091973978490077e-01
-5.012071680118654893e-01
-3.024987511414333752e-01
-5.755268536108675281e-01
-6.217310295680649190e-01
2.757049351408172311e-02
6.599103894041735696e-01
-2.697518470129613988e-01
-4.671611381981271016e-01
3.766533767663287069e-01
-3.020264137350023304e-02
-6.395128292205360943e-01
-2.612404759716861757e-02
3.652839608619602996e-01
9.144498420593818455e-01
1.934775380215068841e-01
-1.984633395372261966e-01
-5.823617270543615110e-01
4.522284309882992903e-02
-5.508989304328459902e-02
1.133215008522611700e-01
-9.464027447894083345e-01
4.920012506571737609e-01
3.461655872575610804e-01
8.174922814775695268e-02
-1.159087482038605177e-01
-3.465916354319510950e-01
2.866764733762683370e-01
2.198479208668222273e-01
-1.621870456964280560e-01
5.525824519522407607e-01
6.478999126401980835e-01
1.146075131721882689e+00
3.412922021784637328e-01
-5.085592747983842532e-01
-5.707475889319911788e-01
5.957298372100072736e-01
7.324041787033052087e-01
-4.744649249579784844e-01
-8.095834392772425225e-01
5.308226527462103078e-02
6.314442064035481472e-01
-6.059341443964111340e-01
1.923504107237593297e-01
-6.150325986300597680e-01
3.408595859630439984e-01
8.637635555091865980e-02
8.494689266993440402e-01
3.973458343779593394e-01
-2.051203965346568014e-01
-7.222426378545064585e-02
-3.763900583383934517e-01
1.240050108788954275e-01
4.630048408443405705e-01
6.240833940510712718e-01
-4.692947971441771560e-02
2.933671390147013502e-01
4.304611600656412795e-01
-1.265216923993790710e+00
-3.674504345378926118e-01
-2.811834182138233107e-01
-7.077350563933585414e-01
7.210032409122477670e-01
1.242576671698262691e+00
-1.463267661559770061e-01
-6.368692598450260700e-01
-7.597471109727407246e-01
-7.198643954362988762e-01
-1.864095324717326418e-01
6.350750617061549086e-01
7.406239466413651051e-01
-3.392845185434136823e-01
-2.949260090637966236e-01
-1.737621884315843912e-01
5.959072473630764311e-01
2.788284769162457932e-02
-5.575452589729459341e-01
1.238190726691376087e-01
2.241623856646219881e-01
2.157396375017253398e-01
-1.003345683621214707e-01
-6.206578599737122559e-01
3.511114954115667208e-01
1.091433683241110064e-01
1.813599427211836645e-01
-1.658353511497404065e-01
-1.869871359364060903e-01
6.949600369202184602e-01
-3.083364870332461760e-01
-2.030730519983151017e-02
3.157899226611785570e-01
-7.822131248137159654e-01
2.862889811442839161e-01
2.977989575396293720e-01
-9.143098299101698467e-02
4.118305962523222119e-02
-4.083592940412938410e-01
-5.881298748907107798e-01
3.860893866914003603e-01
-4.434523197509155912e-01
-6.480798366099901342e-01
9.304933602043464758e-01
-4.197536563364055451e-01
-1.996136762041025303e-01
-1.710939505895764379e-02
-6.002098713211949654e-01
4.151955357782680656e-01
-4.472579963892600596e-02
-8.187973703201316678e-01
3.481624974161837693e-01
-1.917300638192576123e-02
2.502575103848408977e-01
2.676678157426044535e-01
5.995901967435841584e-01
8.117226664248269330e-01
-8.635758633631208936e-02
-3.179234884836887876e-01
-7.234641405013807480e-01
-1.250252264920033163e+00
-8.989081978056414624e-01
4.565179753277020525e-01
-2.131242845735199232e-01
-3.496390812994525366e-01
1.019417167823283704e-01
-9.713811839919008762e-01
4.535667230930279237e-02
-3.397455895173114304e-01
7.510197515048055994e-02
1.482042236023242698e-01
-9.436035148119116256e-01
7.808385896652983993e-01
-1.209679172636165811e-01
-2.455213121148223654e-01
2.319354212104244028e-01
-1.660305147519628710e-01
-2.070886007710534549e-01
5.759906634923019908e-01
-2.457545678772981024e-01
1.049663603446127080e-01
-4.961594138170437596e-01
4.121350076307119248e-01
1.708606498213120772e-01
-5.345588828911455037e-01
2.653746585351144383e-01
7.180891813042087346e-01
-1.997789983235574163e-01
-5.279234472099660902e-01
4.362202223900896181e-01
-4.161382625751203213e-02
2.701966016811870319e-01
-6.763870554799650270e-01
-1.423150363027453902e-01
1.398933390237406260e-01
1.688498730342475607e-01
2.323974040378095629e-01
-2.063987757773668164e-01
-1.123416210373114205e-01
2.412639356625664866e-02
5.282007565270110394e-01
2.057250412548307927e-01
7.806195594117459891e-01
-6.150601780004358865e-01
1.099630181945599583e+00
-2.679320598945618137e-01
-2.824659699713052419e-01
-1.876880068786652422e-01
-3.622162040050753706e-01
3.550894316617012048e-01
5.214440058153579916e-03
3.517842072058205427e-01
-3.055961087359265749e-01
-4.419416106558212154e-01
3.070100266506926578e-01
-3.389336080160452180e-01
4.047578409380768183e-01
5.111819861269957244e-01
6.448845397417017899e-01
2.426992519771020707e-01
6.389094476033292391e-01
5.544628420535506752e-01
-2.141197294967774334e-01
8.532928708692291142e-01
-7.584695073233974627e-01
-6.451087904046228783e-01
-2.368636854748796261e-01
-3.716558870326089337e-01
-1.271751035916623418e-01
1.282712099998441213e-01
8.266651551440666879e-01
7.294124368780601220e-01
-5.698627730762086951e-01
2.997045613359862193e-01
-4.556372025930715552e-01
1.221418165751984447e-01
8.688960408974454319e-01
1.633263312147613111e-01
6.544929924624792728e-02
3.862319048614447636e-01
8.075693245551148758e-01
6.824485234612398532e-02
-6.347752224521641118e-02
-6.957189960561074304e-01
1.588534584080074641e-01
4.782498578085786489e-01
-7.908476209227544018e-01
-5.503598179448806332e-02
-9.106383684755733898e-02
1.877862635887196374e-01
5.522296708609620852e-01
2.143892756389249032e-01
6.619711138333086997e-02
9.850491389830937083e-02
4.743715982652116359e-01
-1.347078718605322134e+00
-3.432993262109944599e-01
6.377352831375152076e-02
-4.192436945730071418e-01
-2.380983939276695438e-01
3.432464428403027568e-01
-1.082502633151625204e-01
-2.983197035774779460e-01
-8.959690203625207960e-01
-2.553600825279006004e-01
-4.906647077389738598e-01
-6.271372775549789447e-01
-6.553510426934422428e-01
-2.125221838517941941e-01
4.744762331859335713e-01
-1.871541344748328117e-01
-3.298603061075047194e-01
-3.054974421927666439e-01
-4.171714864289047808e-01
8.579797225283127826e-01
-5.671905572615131286e-01
5.277197237399466889e-01
1.483368827033164083e-01
2.192693780899154232e-01
6.947511972125530733e-02
-9.340113419770702530e-01
-3.536882214972123517e-01
4.657454942448894242e-01
1.850490089901240809e-01
1.159465232813073010e+00
-2.675217017965607347e-02
-1.989497470723547087e-02
4.790998355211177895e-01
-4.019646399306694984e-01
2.678307470414190705e-01
-2.491212841119659349e-01
6.699088821011818240e-01
-6.689408978958677476e-01
-2.517514765330115534e-01
-1.974358749760036502e-01
-3.186711772877083848e-01
3.570532534412553249e-01
6.153753082807776609e-02
2.018348985479825330e-01
-9.909907744545788377e-01
7.584711668421066921e-01
4.512533506268727734e-01
3.513679020353283611e-01
-1.032871411289599806e-01
-1.111285628042332219e-01
3.631681394085773951e-01
2.146423838920804295e-01
-4.789498054863987608e-01
7.069064821044734881e-01
1.952448157496567971e-01
1.343754014862019730e-01
3.873978641370811604e-01
-4.947854574833016050e-02
6.659526108712693349e-02
-7.586894748596967331e-01
3.999534731570436596e-01
3.288599684888277586e-01
-1.685756790441436670e-01
-7.303431009510423788e-01
-6.460632461860567055e-01
-3.330235221695352354e-01
-3.177959981409718693e-01
-6.285750229623237040e-01
5.770210321473202147e-02
-1.149547391623571890e+00
4.192332254712746731e-01
8.174316199191127286e-01
1.982454497151461270e-01
1.318184606890462351e-01
8.833366342058941445e-01
8.188167262130596757e-01
9.158242008186799621e-02
-1.596587748956096731e-01
-1.379323054683357086e-01
-3.333097149383389413e-01
-3.573274003199174986e-01
-1.973695266716685159e-01
6.168711107128405091e-01
-3.980608367447965312e-01
2.509648192280102830e-01
-6.967999058911909793e-02
-7.430864164591536314e-01
1.006228545888046444e+00
7.112587130344687480e-01
-8.901980899726287255e-01
-4.268605672537075790e-01
-1.555223456465407994e-01
-2.973200211161206030e-02
-1.950464018437825242e-02
-1.968115312486893864e-01
-3.196357771974325801e-01
3.848474517738674772e-01
-3.204448530719440913e-01
-1.892113629280586518e-01
-5.123388679776830212e-01
6.616509964668249033e-01
-2.479780899827150886e-01
-1.232493410228121256e-01
5.136577571139600007e-01
2.703483871661455096e-01
5.999937252385052489e-01
-4.256908537439079709e-01
2.475072451258114314e-01
-5.115723728476994081e-01
3.486458399340732761e-01
4.443584991841121878e-01
4.414041148652112501e-01
-1.908254759996607097e-01
1.129420936997816094e+00
6.037300156651367183e-02
6.443416845078797639e-02
-1.096789977956681705e-01
2.758809814663227278e-01
4.473873372712509067e-01
-3.387811177576915411e-01
4.100044144300364346e-01
-3.891122864455096586e-01
3.075901033280127317e-01
2.436481209977601342e-02
-9.950703951364092692e-01
4.978178243526315550e-01
-6.999465021143960186e-01
-5.149797095021105831e-01
4.191834051942815442e-01
-6.437551230021942850e-02
-6.966919531827202583e-01
1.285849858534684476e-01
8.049553785340808343e-01
-4.035314119894066742e-01
3.555733973739284570e-01
-4.507105196696483684e-01
6.025891136852032925e-01
8.419061915379830729e-01
6.295921532855635050e-01
-9.978061310573698162e-01
-4.689457168314536961e-02
6.362774978369207801e-01
-8.747372078389644701e-01
-9.287233939077732536e-02
-3.209987629924333508e-01
9.109975633565313702e-01
1.137582101195681872e-01
-1.473922741897103483e-01
-9.725258394603804035e-01
-1.039247106108563745e+00
7.553523500753123177e-01
3.426374854934647884e-01
1.419995048603196197e-01
-3.892266104791003434e-01
6.793010166612994949e-01
-1.187374672901975625e+00
5.777977423523908973e-01
-2.632343503265890394e-01
-2.168087264113802148e-01
-9.149499096946442367e-04
1.586773810523992301e-01
2.790147219442176141e-01
-5.258618072986238623e-01
-3.412235970269726915e-01
-7.763317631072458314e-02
-5.916198827662788595e-02
-2.165967287856271073e-01
7.336105406497813730e-01
-9.094553019162597840e-01
-3.010869550777259263e-02
2.398159823805283142e-01
8.379937177770291346e-02
-1.092472416437302307e+00
5.376003180331737630e-01
1.057694833581114047e+00
6.165640640109637527e-01
-2.334592812833584663e-01
4.621164921437572737e-01
-6.587815253736108989e-01
-4.699047449344218030e-02
-5.316498659442106534e-02
-7.635675154335888060e-01
-4.232980063983937113e-01
1.401136166972311858e-01
-7.667134612867863852e-02
3.780765359335455100e-01
4.569113697548549125e-01
8.852573130172076699e-01
3.062377973153412869e-01
-1.645512437767735203e-01
1.410200060632349484e-01
-4.031176353752302099e-01
6.500262725141324749e-01
-1.927600287645161725e-01
2.769704437783150897e-01
-3.912907748903088345e-01
-4.125120719841427475e-01
6.795470518708098817e-01
1.976100710393124960e-02
1.730139668842210765e-02
7.502284481034718899e-01
5.001227922036363127e-01
2.184544507077777753e-01
8.106871715845618276e-01
-4.022356145606424960e-01
-9.569184615418764306e-01
-3.540100859354445850e-01
2.855103695825184085e-01
-6.803525718827199698e-02
2.401848519585906006e-01
1.401425916189165677e-01
6.693392167006632087e-01
3.222705642043699470e-01
5.282749716566990106e-01
2.815442435216745087e-01
-8.997117903874519707e-01
3.222398614954302132e-01
-9.233292531999197639e-01
-4.167046059887439396e-02
-6.711679734326535529e-01
-6.798157894908409826e-01
-2.206788799989706229e-01
1.112919942011378671e+00
6.389231626419855647e-01
5.592118439150228770e-01
5.336478033553554434e-01
6.038576672589412997e-02
2.395354099465457076e-01
9.128208791280675860e-02
6.111535609567468885e-01
-5.715147850210128277e-01
4.693837739716081314e-01
-5.632871075858768561e-01
-2.787079608812850218e-01
5.331353024331243473e-01
9.729997169634932441e-02
-3.386207788304052557e-01
-6.156959335659233368e-01
-5.117524539551480262e-02
-2.882171958158165070e-01
-9.181680384941484085e-01
2.767448733380197257e-01
-1.700514272063184396e-01
-3.001530960009629601e-03
-1.452492521663968361e-01
-8.845906450516468622e-01
-1.487944126855593463e-01
-5.055048175191544368e-01
1.967509183551895413e-01
1.456063991244771483e-01
6.035884506229339808e-01
-6.213960233063713368e-01
-2.548776486586885603e-01
1.133820211725437288e-01
2.067423710644821222e-01
3.695619030539721850e-01
3.388158760358954691e-01
-1.145385951336699987e-01
-3.096879637874446756e-01
-3.570486822777051983e-01
3.033261220620935839e-01
2.544725403633670280e-01
-2.449493057287147335e-01
-3.444895108239938164e-01
-4.272576042467945978e-02
-4.474713807453702397e-01
-1.820784704200291149e-01
3.424621904848723641e-01
1.342315506496253752e+00
1.184789524059968624e+00
-6.971478415732387246e-01
1.223185105691752539e-01
5.977858919577503372e-01
2.791282635386371780e-01
-6.521266400235653515e-02
1.167492857098797021e+00
-2.771157921393095358e-01
4.300786724044131093e-01
-3.661595306173768827e-01
7.007349207615885811e-03
6.460360212824950432e-01
6.582229933393365373e-01
-3.993599726299830455e-02
8.180072163871205948e-01
5.111918429836370681e-02
-5.066621302481226774e-01
-5.247776609183327778e-01
-3.267282416483349161e-01
-6.019159710745910496e-01
-3.352449307078579355e-01
4.056197380702258881e-01
-3.173200613376648827e-01
7.127838501930294779e-01
1.416782453686742382e-01
-1.080542910962467851e-01
-2.616077043192546192e-01
-2.534603808811698444e-01
1.879081896883548763e-01
2.006804157818326551e-01
5.240908287346658367e-01
7.405230399958040444e-02
-2.806679923115187325e-01
9.956923772672243711e-02
-4.063701471204234639e-01
2.200542102147124146e-01
6.455121435232353821e-01
2.102250763002266876e-01
5.258727739970776582e-01
-2.806698866573189011e-01
1.721183810285775162e-01
1.861402363579795494e-01
3.308320486526156179e-01
4.492121715808130022e-01
-2.741706351837915889e-01
-7.301312511963500840e-02
-2.657655660777267226e-01
-4.980600890708427042e-01
2.338385008379695873e-01
1.283166211523159295e-01
-1.796110953959744738e-01
-8.110335943226536504e-01
4.187056425290248685e-01
2.293710196299425796e-01
5.723217450364923020e-02
8.768692570458844204e-02
3.089488379041568922e-01
2.465155190720283440e-01
5.268301084677555479e-02
5.312820966749315366e-01
7.738081400383567399e-01
-1.229535552929832826e-01
1.407641538988174679e-01
-7.219615412218820527e-01
3.690538753485816947e-02
1.182758396300304105e-01
-4.350354833106473418e-01
1.503300288254019845e+00
-2.887369138489011555e-01
-7.721351248538861345e-01
4.667109959315917100e-01
-4.682922776485168859e-01
6.222945209858499194e-03
-1.558024950257004826e-01
-3.676865919286994577e-01
6.252832765620124356e-01
-4.304667532529445340e-01
-3.008868944429727299e-01
8.519912831165279976e-03
-8.081441344819374484e-01
5.891200115999056797e-01
4.029857224398877280e-01
9.302672771846023370e-01
5.894726167650909954e-01
-3.715646216673365587e-01
-5.024448724341565864e-01
4.209764240349515574e-01
-7.072408882341792991e-01
7.475892949584462821e-01
-2.063522665585173776e-01
-6.295144749271809337e-01
-2.739847684336117473e-01
-1.209359494928338441e-01
6.015085013281096238e-01
2.996707945436472009e-01
-2.979489497432046274e-01
-5.980856301194941160e-01
7.237858749670689207e-01
1.548860095510381507e+00
3.717557757428177623e-01
-2.167412975817646359e-01
3.198606325983701648e-01
6.751546249733704486e-02
5.640633516348037002e-01
5.003285309872578246e-01
3.598838790055013948e-01
7.898911376175672405e-01
-1.554224233307845981e-01
-1.925250723891078486e-01
-1.686301581249799453e-03
-2.655888914837397086e-01
3.694864136057890436e-01
-1.055696980194252843e-01
1.100917127501965798e-02
3.747311098107617422e-01
-2.605498245158235915e-01
1.245454997352285209e-01
-8.204081637006934713e-01
-2.281315744807358437e-01
-2.081121540703127493e-01
6.156090018623250337e-01
-5.095522994637307068e-01
3.995241293684931305e-01
1.579888406380461907e-01
8.894921327408318312e-01
-1.588901861189715714e-01
3.991656042012821648e-01
-1.071743711741764971e+00
2.845583577387844620e-01
2.453992666780306919e-01
1.037080757727893099e+00
1.762648385275528695e-01
3.649379080849438073e-01
-3.734479623420147720e-02
7.441200807344030554e-01
-7.092490927049691085e-02
-2.028545589972439167e-01
-1.297193237778220820e-01
4.732673499586646515e-01
-1.414045725911310836e+00
7.383479279672415796e-01
-1.084737056272732092e+00
-6.495151054371770538e-01
-6.891439258757529052e-01
-6.756946510951891693e-03
-1.356162205932573972e-01
-8.036288482493372243e-01
2.965274454237257218e-01
-2.764140403575787719e-01
2.332797271803309647e-01
6.708379005297460118e-01
-5.812685115935392055e-01
-4.251275518384840524e-01
-7.957936699452120566e-01
3.935970663166107886e-01
4.580729659408270260e-01
1.662720949336374265e-01
-7.063525041681187333e-02
6.004926303361857176e-01
-1.213577548417977825e-01
1.072758431780152621e+00
1.997931694291957549e-01
-4.205361884794939220e-01
4.142687904701834456e-01
2.885781238593755349e-01
9.470096467414440555e-01
7.865387691714762486e-01
-2.415381851911977129e-01
-6.826133765351216631e-01
-1.097840046878833409e+00
3.281918495033561145e-01
-1.317651403088468287e+00
2.354575476033106685e-01
-4.805864337029459588e-01
7.254434882532447837e-01
2.135231117253780786e-01
2.801904016515890938e-01
1.685020904869763136e-01
1.876698226665143021e-01
-1.068998557092116219e-01
7.224122207663130624e-02
7.913131436638098926e-01
-3.486949077879142322e-01
1.750849820796030465e-01
-4.801771431912625898e-01
2.085302340086557793e-01
-6.863153511743397273e-01
4.685398839110533342e-01
3.817466672900303448e-02
-6.215338314525351571e-01
-1.019360820491550301e+00
5.986254982140716552e-02
2.329879400448647275e-01
-1.256258641208198301e-01
-7.992194405482722086e-01
2.380449177115280535e-02
2.489519130605861164e-01
6.750189556479634367e-01
-2.507813391245363732e-01
-3.741656690890273751e-01
-3.052060559077013346e-01
7.645792042709848024e-01
-1.085803699863108207e+00
6.043488615740149061e-01
-1.023375842669616009e-01
5.986557182026908119e-01
-9.581139499680767502e-01
-6.223706024218170207e-02
-2.663008698471906466e-01
6.428822617113916227e-01
-7.492892808448406994e-01
-7.427760563466488941e-01
1.200044931642273716e-01
-2.624475954874943562e-01
1.734721641760027244e-02
3.379751885635777220e-01
9.664789491114994524e-01
4.525552338088760784e-01
-5.099915203233391647e-01
4.380397861047939378e-01
-4.566407710346800375e-01
2.009190769964449563e-01
-4.203024587962874148e-01
-7.104972037567058862e-02
-4.069540958059943980e-01
-1.695100065676157786e-01
-1.673825798843319723e-01
-6.669556679727894899e-01
4.401308038317980342e-01
2.418876978300502079e-01
-1.621503720171280083e-02
-6.209885778548874802e-01
5.740432167226107163e-01
-5.214705903646080776e-01
-4.546859675500337927e-02
-2.304644896709833746e-01
-1.634344220420523297e-01
4.574466699301866779e-01
-1.356221340405224518e-01
-7.231958496430681560e-01
2.253024641826829599e-01
3.740145834622898846e-02
5.768182263569778812e-01
-5.195068092791677028e-01
2.451383561749285456e-01
8.523560018787156300e-01
-6.872548050554053156e-02
-1.205443112817249363e-01
-6.002668957858057208e-01
-2.918255776549730784e-01
-1.395124465327928498e-01
-5.569143600637900260e-01
3.530658713301791374e-01
2.210312135742754647e-01
6.996322049535299570e-01
-2.207206661118658597e-01
-3.286794975777682093e-01
-1.214652565169798831e-01
-3.949001048503488764e-01
-3.568638882796418277e-02
4.481443944475784757e-01
-3.007653207095367653e-01
8.603783901803883083e-01
6.374722727859031268e-01
-3.712648805331554280e-01
-4.465067795879627544e-01
2.319234266683281032e-01
-3.239350598591116959e-01
-1.699248668258251938e-01
-2.973930661905117567e-01
-8.801644397212261550e-01
-2.140424193813508236e-01
-2.510317352416492898e-01
3.730110996876527807e-01
3.829258478617568739e-01
-8.073980572776850995e-01
-4.776476811027594582e-01
-5.026525346206339728e-01
-3.303789168976729428e-03
4.418027400170621011e-01
1.218071006471174833e+00
-3.837090394278727112e-01
3.360342739634998854e-01
1.405971105149184941e-01
-3.177863602025243761e-01
-1.185539279629518106e+00
-2.059604136466144098e-01
3.691545515246935083e-01
6.422266351652380356e-01
-2.967049918703863476e-01
-5.326703460061847639e-02
-2.104333134959736062e-01
-2.078182867371682341e-01
8.003332085692204112e-01
1.346219959732639637e-01
-1.357623682776706531e+00
6.918230504010383086e-01
-1.789618770458633046e-01
-1.233671336593369583e+00
-2.707402467424136483e-01
-4.010424860404308567e-01
-1.325013504401614806e-01
5.956092905582726083e-01
-1.790537558685828534e-02
2.421390784002428465e-01
6.005393422594493824e-01
-9.005863084619797343e-02
9.493674851339375387e-01
-6.636075346600119884e-01
-6.919992804603088965e-01
5.545203053886060829e-03
-7.485860644514414908e-01
-1.278503629770748051e-01
-9.178925195969733775e-01
5.780418295141609430e-01
-6.732512590238615147e-01
6.840546442111661296e-01
-1.793856378226810211e-01
-4.276744102448812868e-01
-3.667717201461347110e-02
-5.066360757136022241e-02
1.555446081721506002e-01
-1.018296882925150137e-01
6.942547241455384599e-01
-4.559457036904400185e-01
1.156028340218758360e-01
-4.730463915643248196e-01
-9.571326806053586100e-01
-1.047961719754215926e+00
-3.993767824606653249e-01
3.802640445057727803e-01
8.091069582681027494e-01
-2.333625739887269512e-01
-8.294211298555548284e-02
1.629469091581987883e-01
-6.200148525790087906e-01
-2.067217015806050162e-01
-1.667797701132262000e-03
5.385438152971770975e-01
-3.109893738055009571e-01
-8.706114942576966831e-01
-4.253843666449783623e-01
-4.621467425625207515e-01
-8.591880862476186653e-02
-8.564530039838214037e-01
-8.358279388845136770e-01
5.454276007054219555e-01
2.839674278826185283e-01
5.933367780463160157e-01
1.309441471958485703e-01
5.122873575511641131e-02
1.219936923688962060e-01
5.169557062199983122e-01
9.910467463000074417e-01
-7.237471652685749657e-01
-3.254819089753911432e-01
-7.087915243961713241e-01
2.032391934762102503e-01
1.233253175936998985e-01
-6.748432484958181155e-01
-3.319156587415376114e-01
4.375288602951124539e-02
4.701812480503053115e-01
-6.546702543825062559e-01
-1.027502529651420637e-01
-1.793277982010614835e-01
1.219239497478214612e-02
5.336599883092707497e-01
2.623185547197217082e-01
1.580138478645961020e-01
-6.535585303888985509e-01
3.749514638542372769e-02
8.704213520820284211e-01
1.330888660263847972e-02
7.857044274734215072e-03
7.551110857951794930e-01
-4.282627907934195566e-01
4.994567273088023063e-01
-9.297314562517754177e-02
6.873462633392675158e-01
1.496761556571095664e-01
2.217267023151767713e-01
3.509165021052987332e-01
-2.657599455232843022e-01
4.847581227223242695e-01
-7.271352470004244228e-01
2.713979037930700500e-01
-2.993465214641183314e-02
2.116955175656812793e-01
-6.754993352251352778e-01
2.541107917719014897e-01
7.652103101311232836e-01
7.811434942650034019e-01
-8.338524399221265426e-01
-4.920563226333743989e-01
7.318978924192613700e-02
4.184722380954223331e-01
1.301359452424847088e-02
1.771445444986199935e-02
-3.713667073257316820e-01
-7.604450457627842663e-02
1.181774808425935380e-01
6.780641275384510225e-01
1.380810514412852963e-02
1.964466501552552535e-01
-2.302282596283453109e-01
9.077543814859965199e-01
8.838005849027985583e-02
6.710326282435720158e-01
-5.273888642179823671e-01
2.653964539388165012e-01
-6.553551579850314113e-02
4.784809438053088115e-01
-8.128712822225334089e-02
-4.320679071451937192e-01
-6.508932291214548638e-01
-1.702041530137581027e-01
-1.661580327699667126e-01
-4.322734660949474894e-01
8.404382444195517277e-01
7.210830300437354179e-01
3.179248316599238011e-01
6.656440379074536340e-01
-4.552899372584606197e-01
-6.883425466176035235e-01
-4.630683934474734698e-01
6.264021860854480650e-01
-5.537448230881067968e-01
-1.644849960778756448e-01
-1.974396411465358103e-01
-3.815187385653802110e-01
5.771631262208039015e-01
-3.581108443795153473e-01
-7.654582997235562791e-01
-5.877622669163184987e-01
-6.480389159696267054e-01
-3.584533248556397433e-01
4.277639769884802323e-01
-1.530212796041134082e-01
9.011091556430776972e-01
-6.085542555368859130e-01
3.208103559774705404e-01
-1.103371427745520883e+00
-7.972089740763527166e-01
-6.467762099293508649e-02
2.457533645584644155e-01
6.801261235722066978e-02
7.758518025578281518e-01
6.277525784586552859e-01
3.548403635800072564e-01
-6.415186550839043766e-01
-8.919883112932969205e-02
2.115935424712667157e-01
-1.527601658390506101e-01
6.259555229572963952e-01
4.826551583620484198e-01
-1.281420011922709490e+00
-3.267509466094654091e-01
-1.999561225343198245e-01
-1.682752220883384775e-01
1.051401469484516404e-01
-1.236366709672816755e-01
-2.938726724969678017e-01
7.399950125438432558e-01
-5.925664694008235811e-01
3.277746405555670428e-03
-1.162822889912912272e-01
5.162680505107576368e-01
7.356498724218500929e-01
-1.055160152734402779e+00
3.155017682000936241e-01
1.217570562743343077e-01
-5.234238245353585173e-01
2.305673127894256880e-01
-2.735324178152020447e-01
-1.157089388758797133e-01
3.566508831529345835e-01
4.367402389864369905e-01
8.786113901118508540e-01
3.828426977343646342e-02
-1.127565114756151621e-01
-2.124668380250925859e-01
3.674686724476894373e-01
-2.064787384885487520e-01
7.715838675717874295e-01
-1.723306488627395494e-01
-5.380269617600397236e-02
-3.470435408327895987e-01
-3.129944090035678417e-01
1.651631958100718278e-01
-4.134562857276252723e-01
-4.996903709637241509e-01
2.831928337766128623e-01
-4.603551893889858970e-01
1.199809016430705588e+00
-9.622012890183513356e-01
-6.306252476492466563e-01
-9.628303710369190416e-01
9.349273759477798318e-02
-5.744760208196202367e-01
3.043424564199178617e-01
-7.716485668838046763e-01
-3.185211402364696021e-02
-2.643426367711074754e-01
3.710903479306769115e-01
-8.911775976103537555e-01
-2.174554495923284869e-01
-1.352441027349815528e+00
-1.767599656185925572e-01
3.066426187142310411e-01
1.147972686073039927e-01
6.092273022395938709e-01
5.445299121843332202e-01
-7.116193537744922581e-01
-2.160024052052283636e-02
-5.659650062832629613e-01
9.310831028531584286e-01
5.011475918357343184e-01
6.568447289121295274e-01
6.782295470698246342e-01
3.934266285615850012e-01
-3.571266193733302896e-01
-1.561745867724153025e-01
2.088648378804416339e-01
-4.819496508756894726e-01
9.854387833080593406e-01
9.908028800712342932e-02
-8.240080674270159333e-01
-3.615014026991268947e-01
-5.057968774617065399e-01
-4.315404462706046718e-01
3.588237542667799262e-02
6.456323294099188814e-01
-1.329309091444129010e+00
2.976419921121338241e-01
-8.883902364188912548e-01
-8.829145959587174630e-01
1.038219903611656281e-01
-3.350515221592309523e-02
1.834438951089395475e-01
5.771822790209382159e-01
-7.892887126818716181e-01
3.019482406419740639e-01
-4.792578373679714510e-01
-6.034557615738914693e-01
-5.371718360807075099e-01
-1.626231669150503822e-01
-2.486092482887967137e-01
-3.549219095393448820e-01
-4.251357206098808905e-02
-4.170584768141512022e-01
6.716269433820453161e-01
1.089581303243825516e+00
-7.972366193795340505e-01
-2.325187892572467829e-01
-4.711102843957384878e-01
9.890858993982235559e-01
5.363629800733374919e-01
-3.486853086778766153e-01
4.408098347897521085e-02
-2.762505569160358943e-01
5.384114408625211290e-01
-5.596871311829806905e-02
-8.098370839260179421e-01
-5.640119254321526721e-02
4.837236707125384116e-01
-2.361938001827903477e-01
3.691859883421723665e-01
-5.502844612261741375e-01
8.626346194853036220e-01
-2.342515205819901691e-01
1.275287017915717747e-01
6.717845656644817753e-02
-1.215901788107044829e-01
-8.300014915589035702e-01
1.094803143943764295e-01
3.768435840314935947e-01
2.597243909603428880e-01
-3.245626863525240546e-01
3.159471372576774240e-01
-4.204957763620221778e-01
-4.368940796112317226e-01
-4.035942526352841175e-02
-4.181677874334246425e-01
-4.891923306493215495e-01
-4.365493013429889158e-01
3.011164065504542409e-01
-3.165974534856029754e-01
1.703527993034582355e+00
-1.058731662722671996e-01
-1.710962908870795884e-01
-5.370487797742717895e-01
-3.113822755001527942e-01
3.043060298168631661e-02
-1.008756509134943524e+00
5.482122497670478545e-01
6.858219569956760520e-01
-4.340885544731731827e-01
-7.800193769006188438e-01
-8.698364669873679400e-01
2.717308876951776697e-01
6.561145961355671630e-02
-4.341744538562785083e-01
-7.189453701554333609e-01
-1.130039561883126598e-01
5.170087346480971568e-01
6.150494401092625185e-02
1.747416784984943683e-01
4.012775589137768106e-01
-2.545943441656737249e-01
-3.931705103647128996e-01
9.600745143955424776e-02
-3.393762985815406696e-01
6.259743073094176102e-02
-3.769628081626582583e-01
-8.727269650433860937e-01
6.896122153236101671e-01
1.519624834737858254e-01
-1.789009547101462205e-01
-3.649141820618894139e-01
6.211477404957288506e-01
3.567557550553439594e-01
-4.456520014116765460e-01
4.588676616643640460e-01
-4.375063785877148503e-01
-1.477242268371693479e-01
1.691057649370305005e-01
2.366015811912973721e-01
1.864891554629502790e-01
-4.014174436642445887e-01
9.004958175291963851e-01
-3.386850951034802160e-01
-1.456181113919425285e-01
-4.066901928026084995e-02
3.062142543225339630e-01
-2.197189960210820525e-01
3.532203784066839658e-02
1.281569384569996028e-01
-1.260254521108252479e-01
8.827874057068134661e-01
-7.804079377396833106e-02
-6.321121375614493498e-01
5.467852103029346988e-01
-1.178151633890240468e+00
-4.282503797748729579e-02
1.020689456344125556e+00
5.749758737401450270e-01
-8.666143163267261973e-02
-6.893091192414605439e-01
-3.873836574246221076e-01
-2.880688203430922245e-01
1.021304865684206753e+00
1.694668325474627812e-01
3.858302378655785736e-01
-1.557915196260141466e-01
-3.926736926516453119e-01
4.450205867413046246e-01
8.061668618062596270e-01
-5.856094158605502642e-01
4.529228111555511083e-03
-1.448221136344129967e-01
8.993687074786327340e-01
1.588181447889180642e-01
-1.999359087535090285e-01
-2.295204273900342540e-01
-3.447384147982240910e-02
-7.879095130390939561e-01
2.249060782538639391e-01
-1.930000347360810442e-01
-8.310487629810451304e-01
-4.809502678681607524e-01
-8.671620045709726998e-01
-2.694011321986100604e-01
4.592520113470944243e-01
-1.091350013292624599e-02
-4.759246331040059008e-01
5.598609866020148873e-02
-2.266080937355986480e-01
-6.704805441805719024e-01
1.173256398915161619e-01
-3.043938014121692071e-01
2.854534898581978508e-01
7.806016023238739887e-01
1.389779923877813572e-01
7.292419462218731052e-01
1.134785749384006892e-02
-4.288115194228425686e-02
-7.420614920058423714e-01
2.412620226616149499e-01
2.035814709507252074e-01
-7.381608906395334402e-02
-4.494872641166024474e-01
-9.941933767534784361e-02
6.431386178426118372e-01
-3.409133466024691916e-01
-2.659885165055673184e-01
4.939218925753734446e-01
-3.682032346905590725e-02
5.071853646449664410e-01
-3.284063022035362822e-01
2.070154486268956373e-01
1.001591103507037395e-01
-3.218431676580074674e-01
-1.555128381141595018e-01
2.200401231787534329e-01
-8.210386280168285866e-01
-8.804573612544601691e-01
3.951388962671067984e-01
3.450668779853562906e-01
1.598143114553067512e-01
-6.612082153008455032e-01
5.578834625588117990e-02
-4.015666557315558105e-01
-2.487182904444049936e-01
-6.365614595380623963e-02
-6.290633546090480532e-01
3.587255918047070891e-01
-7.732415789133545436e-02
2.004308414978271391e-01
4.323319848791531417e-01
3.184446492604124934e-01
4.801857796225876274e-01
-1.133120225762417999e+00
-2.267353376303266332e-01
-1.185879841845007832e+00
4.834418703738382339e-01
-1.520324779601716914e-01
-3.191382061304254281e-01
1.410135075927813064e-01
-2.750439888290055479e-01
2.586710630507474407e-02
6.814836889840774070e-01
4.972341727374666176e-01
-2.459207563603058033e-02
-1.055223381354681189e+00
1.436324131482843436e-01
4.724169303743757653e-01
7.898751809372941413e-01
5.027281892386187279e-02
-6.000451282486773952e-01
8.515686368163586373e-01
4.397118148267917803e-01
-2.667505429319306787e-01
4.061510200395614112e-03
-9.773872937356846702e-01
4.541033943984531529e-01
2.440411773378980687e-01
-3.614547998557743336e-02
-2.160081976652394042e-01
-5.288371551161621387e-01
-6.272758271981445644e-01
-4.229999693011855522e-01
-8.535241279544431015e-02
6.862696699474646334e-01
-1.829923732920523127e-01
-1.534487937110085021e-01
-8.953797742476693466e-01
4.876803318323811309e-01
-2.034795355381265325e-01
2.370478170174049604e-01
3.564180362571407468e-01
-6.440173687445061024e-01
3.075322057360665440e-01
-1.705942769969100992e-01
-5.853430130898427952e-02
3.150449124524556943e-01
9.280835214497585861e-01
-6.396674500395355123e-01
-5.168860111989431738e-01
-7.324366755613721525e-01
1.046555925605791026e-02
-2.445519307688661104e-01
1.746362660520552612e-01
-3.203896728860581300e-01
-6.717429039177522654e-01
-1.689561247402153465e-01
2.775878734458933628e-01
7.167045792219512990e-01
1.149320399326912434e-01
6.336400050637027714e-01
-1.526023778056370128e-01
-5.186223702951204828e-01
-8.296321584988266551e-01
-2.250100128861497739e-01
-6.511015746826060990e-01
8.874575458440884246e-01
-1.041450591156468652e-01
-6.840528490919031146e-01
-5.917909820599531745e-02
7.378238058580308678e-01
8.501651268420196139e-01
5.096779189983821068e-01
1.254841540584293313e-01
7.381908238910178666e-01
6.646191493502351388e-01
1.039798937705173509e+00
-4.059369649130822877e-01
7.842387738529789099e-01
5.934678457261305384e-01
-2.902684874663191694e-01
6.715853087391289167e-01
-5.807014299770416610e-01
8.220070900399813196e-02
-1.188244121715158030e+00
4.217028159895758743e-01
-1.046808076955266648e-01
1.883742122639348038e-02
1.630890415137727367e-01
5.094692280788870598e-02
1.012824433066865426e+00
2.037850807308909384e-01
-1.221140351228856002e-01
2.572807737406432316e-02
2.180873267566593998e-01
-8.829841950379957449e-01
2.550897262329698267e-01
2.257127607768557587e-01
-7.375719479202297313e-02
3.389607585922112531e-01
-5.230129864009018803e-01
8.218325162403260220e-02
-6.329836908527154415e-01
-1.256427221765216595e+00
1.017200069048421890e-01
1.243328867799421977e-01
-1.125762591279766633e+00
-1.166011899178167055e-01
-3.663645533749883554e-01
-2.886096223117993187e-01
-1.299605644505069380e-01
5.457570230701210834e-01
-1.791388718755426712e-01
3.015033780486686688e-01
-1.138340995080124873e+00
-1.560674370840299252e-01
9.674814149959199971e-01
-1.356582855809000954e+00
-5.542419657610083705e-01
-3.591361734992996047e-01
6.611947216929302540e-01
4.248727506042365154e-01
-2.855517494444749227e-01
3.914198501450006917e-01
-5.662260919860425679e-01
-4.488125066645378691e-01
1.160426556079854621e-01
-3.224459235041636784e-01
1.443105426576669070e-01
-2.390262114292959206e-01
-8.607449252653850413e-01
-7.806800665292765173e-02
-4.124498676509097406e-02
4.337843463205322547e-01
3.425753220296146040e-03
-6.980008021878164604e-01
3.312469306928275681e-01
8.350795210196533258e-01
-5.686391219120451312e-02
5.022245324510260511e-01
-3.493032810468393312e-01
4.600539979970160731e-01
-5.950107304752790816e-01
7.614235967151663509e-01
-8.729503384519574638e-01
-4.731155382845549928e-01
-3.439132548723936034e-01
-9.585757719252658848e-01
-2.008247462168687852e-02
1.365524179447706321e-01
-2.188554803804269033e-01
-6.686573685439939352e-01
-8.249397957289435201e-02
-4.663864206439579108e-01
2.270360902750107046e-01
6.551761499389294752e-01
2.707928484378605005e-01
-4.018591001049109934e-01
-1.356912062458404122e-02
-4.439046275783175011e-01
-2.979559650177493468e-01
3.049514771159194670e-01
-4.404843123209348232e-02
3.631698391047466501e-01
-9.228011372139068857e-01
7.403864363315918462e-01
1.955012939597740307e-02
-1.849168823153548302e-01
4.411070155307275642e-01
7.021155095502906729e-01
6.142272394709635819e-01
-1.082529267038615073e+00
6.264989219959129496e-01
2.116524514077698371e-01
-6.721885144745098906e-01
2.369888482910922911e-01
6.175908218862098398e-01
-2.521021006315959934e-02
-4.807504525173943444e-01
3.580245462628862674e-01
-1.751899482491177662e-01
5.922605380557390831e-01
-1.323391849911375928e+00
8.531183994263353831e-01
2.379926191514822320e-01
-1.376665510337581333e-01
8.011135416426067302e-01
-8.564415096455928467e-01
-1.247316945530882126e+00
-1.412391576982127694e-03
-1.841990313743715468e-01
1.659648765323569752e-01
4.239718463618670219e-01
5.875640547239331379e-01
-1.185788216432273723e+00
-1.455129554316041962e-01
-4.248124111381574863e-01
2.306544612888157819e-01
4.553397247921477098e-02
8.983703655840198365e-01
1.293094457414943610e-01
1.188559479419330628e-01
7.055066583883495834e-01
3.005652904426305838e-01
-8.897717338758225347e-01
-1.714985990060031718e-01
-4.940309372347673755e-01
-7.365816981239462491e-01
4.547246111211684649e-01
4.010363824789123788e-01
2.221971992802053431e-02
-6.574510696025968048e-01
-4.459617909941650249e-02
-1.785057680133313451e-01
2.071711149055687207e-01
9.213124196397133314e-01
9.736310024901641269e-02
-2.251309609172952308e-02
6.525308535938296739e-01
-2.288678897620356201e-01
6.297748602321646683e-01
-5.810233149940824404e-02
9.694186150371353339e-02
1.643021406211654933e-01
-1.105758051349536308e-01
7.939098436496893063e-01
-7.567479238182426293e-01
-1.977344543375687824e-02
9.980146164932648944e-02
1.055783482337232959e+00
-6.303630058422338145e-02
-1.956701313072617965e-01
1.978898364963929402e-01
-5.694844932965014150e-01
1.141608567247841821e-01
-1.252985722764843324e-02
-8.958648774883615218e-03
-1.378949921640244547e-01
4.176969872432266806e-01
5.045212453944181163e-01
-4.383738321425292295e-01
-2.894670545373337900e-01
-8.189313873780289244e-02
2.909548218780521056e-01
-1.807335430533908438e-01
-4.738768997791554805e-01
3.500184404571441421e-01
3.027071391247123100e-01
3.218515552573373295e-01
-7.633263688528654778e-02
8.119735202312321209e-02
-3.898081964600128013e-02
-1.971301500612058222e-01
4.338580631068150728e-01
-6.119840342867158833e-01
-3.101852212390523444e-01
6.133700499511145487e-01
-1.912088524995202987e-01
1.302919647501131761e-01
-4.664793887563098984e-01
-1.108205611185341943e-01
1.222873465317965147e+00
1.250868817684015255e+00
-3.921715149946716217e-01
-6.160717560244327595e-01
5.292542923186367432e-01
5.787939871400330505e-01
4.513488915400982321e-02
1.955497181244469224e-02
-4.851585485340613457e-02
-1.880588240746702833e-01
2.667470306457396800e-01
7.234934006797237860e-01
-1.178169391989491110e+00
-5.540333544542700439e-01
3.790415337889209146e-01
5.423190536823661034e-01
7.140208663637168662e-01
9.251796753334267098e-01
-3.783230826446308814e-01
-1.510139618479140466e-01
9.938255256482592115e-02
-6.847455801611900261e-01
-2.968688191180141600e-01
-1.360364254323819799e-01
-4.130846720567700747e-01
2.333975902175712269e-01
-6.018936521215149105e-01
1.517435885754705227e+00
1.652923692491629071e-01
-3.368547495478723119e-01
-4.014658771266451653e-01
2.929952796538761728e-01
-1.126249683439406873e-01
-2.162996329610904767e-01
-1.821091811536304783e-01
-8.559229628862755068e-02
-7.099089515247626325e-01
-6.849910929192620790e-01
4.883283505676393188e-02
8.918496382675167311e-02
6.319963007237737740e-01
8.846540529227446825e-01
-3.827689743348534068e-01
1.489590190849999329e+00
-1.387803014477472507e-01
-1.836632020954515054e-02
-4.909233943501834507e-01
3.979239232753168376e-01
2.656961274982189147e-01
5.486621110627079023e-01
1.287620745513216869e-02
-6.875236515089541145e-01
1.789933162418805568e-01
-5.927158526646261194e-01
5.381870907316610442e-01
-2.299467726208271057e-01
-1.739234230166480932e-01
-4.244352860339623557e-01
-2.233342994310053564e-01
4.368664739380752060e-01
1.155514828656095672e-01
-9.108076126604358613e-03
8.347324801740649836e-01
6.683019728143387850e-01
-3.229809560087955056e-01
-1.058876986153550526e+00
-3.752265900539369925e-03
2.583175505887093104e-01
-2.579219658066765897e-01
2.045604319258488013e-01
6.770910173746833571e-01
-7.562296194298415708e-01
-2.711889748589222937e-01
2.252182543992822805e-01
4.301401769791336482e-01
-1.250105764032222844e+00
-2.846616695963474775e-01
6.543048917771554507e-01
4.751504318488269929e-01
-3.460832484148858579e-01
-3.776211184654275077e-01
-2.215126598225369836e-04
4.221358627653915008e-01
7.495527877843622955e-01
1.227005568013948278e-01
-1.027704483284930248e+00
4.066777390167888862e-02
1.234270226200707032e+00
7.773581140856720140e-01
2.566523294867942839e-01
6.718038756442532566e-01
7.723387894794930819e-01
7.178588942372328141e-01
2.564344078823963535e-01
-1.111199887023658350e-01
-1.216435291017985421e+00
-1.139403673643029774e-01
5.487769954996489785e-01
1.518609604038939076e-01
4.194376131613216652e-01
-5.647375922453922170e-01
-1.174024294232508536e-01
5.805270364201109423e-01
-1.589642677058527298e-01
4.357632827447005530e-02
2.924439172893611438e-01
-1.859369762249097890e-01
1.184622907840253481e+00
2.757554048739929153e-01
4.177519414984945945e-01
-5.555990981416655816e-02
-3.182798741795238306e-02
1.302219590186100839e-01
-1.858536929668436477e-01
6.719587508167810253e-01
3.225436413233032096e-02
8.174324120753617695e-02
-1.311368234972303259e-01
1.372669309529344489e-02
2.579463037237803014e-01
-5.161983973265270587e-01
7.861488858090385223e-01
-2.765080707807885396e-01
5.324932775228423676e-01
-9.339727496955675390e-01
4.722123178013308831e-01
-1.008445845135760521e+00
5.830019385919613661e-01
-1.069874907730092306e-02
-2.037470853036897622e-01
4.105206848163147071e-01
-7.257344471782814499e-02
-1.630797875017587217e-01
2.116702882547125408e-01
-1.037911843109593057e+00
3.334310325630101546e-01
-2.523672072785487219e-01
9.481888172436075957e-02
1.858730658962201854e-01
1.593080598480778043e-01
3.338726041128537991e-01
8.639357350921028633e-02
1.897857148116553205e-01
1.235985810502576276e+00
-3.054477762229854676e-01
1.377587834125428290e-01
-3.138941460530206840e-01
-1.023029490840803080e+00
1.565198811777596677e-01
1.665979793547318066e-01
-9.193486922122028338e-01
1.001292968788001669e+00
4.953493395576759606e-01
8.539167620889592802e-01
1.135108911324783088e-01
-8.686674190303782517e-01
-1.208254199455345845e-01
9.309590015150791542e-01
4.047801354037842692e-01
5.409112864432368273e-01
-2.029250680451026856e-01
1.084107997500760145e+00
-4.235940629311660266e-01
2.898055248051841781e-01
3.918954380151266903e-02
5.915493706056588197e-01
1.415309461052793594e-01
3.981747677656304329e-01
3.753683920354544123e-01
2.762184893178135647e-01
3.742661085254589404e-03
4.948499765508916626e-02
-6.769202492637134139e-01
-9.843724897963713749e-01
-3.339564526639836051e-01
3.707756291716273189e-01
-6.969145253853036293e-01
1.589986109139419901e-02
-3.864955638694234086e-02
6.799849144581177063e-02
5.181087990383279607e-01
-3.459289247265547873e-01
-3.020627771605219891e-01
-4.056710566018932318e-01
3.671499865264867823e-01
-9.232833329709842773e-02
4.568515490946645219e-02
5.247676725956404997e-01
-4.483309509489373790e-01
6.359663270109370270e-01
1.698158679092975909e-01
-4.643006728218544987e-01
8.685240651712286541e-02
-1.777825962093379161e-02
-4.608181327553692030e-01
3.730585261257005625e-01
4.982423124102368095e-01
1.311526098095774362e-01
-8.179800590838713636e-02
-2.657385405068806578e-02
-8.213947013868675429e-01
9.146965988641182488e-01
-2.200314336527524617e-01
1.585507622370176395e-01
4.078528523969496278e-01
-8.075014472497972218e-01
-2.112642964350110175e-01
-5.890881001902009695e-01
4.173245326098835584e-01
-4.893769718961465398e-01
3.304557870414267517e-01
-2.026338310434786794e-01
3.962610166217994667e-01
1.252384226601213957e+00
-6.747470918852177535e-01
6.044859182270476694e-01
-7.912100328340718747e-01
-5.934052997344638758e-01
1.743402842754016580e-01
3.229638015728429346e-01
-5.011676501977642140e-01
5.056901875232016480e-02
1.315162679111216704e-01
3.476674948737658033e-01
-3.541392303442231215e-01
-9.690738397926369763e-02
-9.643680496597817342e-01
3.972016468211507223e-01
-1.459090651352308865e-01
7.556592783434180616e-01
3.222480689213804705e-01
3.680611432939174810e-01
-4.229081677249011406e-01
-7.235914852246669859e-01
6.702873169792060715e-01
-9.791343863797455360e-02
6.224781852529369663e-01
1.272310672072850257e-01
-5.629006169754234845e-01
2.027506783246860733e-01
-5.322050710637625803e-01
-9.078006434390937240e-01
8.591775882699770328e-03
-1.898708145448812501e-01
6.882202602987278484e-01
-3.488928931207086470e-01
1.005998600582580060e+00
-1.869253395915687899e-01
-5.542972156468973788e-01
-1.419139514278313363e-01
1.351927669586920455e+00
1.020348502081885461e-01
2.491990796164967881e-01
9.292843104864125792e-01
4.618082162931328449e-01
-3.539758763129136065e-01
-4.745777489086031586e-01
-5.564611312587901537e-01
-6.243255646426726369e-01
-6.386876158297050132e-02
5.890717366793335463e-03
-8.218240148387783162e-01
4.405024724466935493e-01
9.663487507714871860e-01
-3.989765937460665324e-01
2.240489598519975617e-02
-5.514303417360021387e-01
8.438409089370907390e-01
4.983516371351170982e-02
4.101005868687042089e-01
2.590981906663389900e-01
-7.497472941057429230e-01
-3.238379620011002658e-01
-3.551522032166953835e-01
-9.066588950119371937e-01
4.228936602731753203e-01
3.130053467178650628e-01
-9.892855362925278007e-01
-5.024488034188492325e-01
-1.094455897620116858e-01
5.327377198342220233e-01
-2.873311470733559969e-01
-2.919949403692601586e-01
-9.956787908824040745e-01
-2.461129415606105597e-01
3.792633383923781354e-01
-4.804099583610678126e-01
-2.479606240979758125e-01
-7.774915532328050549e-01
6.337979073305823885e-01
-3.505697141561136543e-01
-1.559465296852637628e-01
3.905874807403919569e-01
4.463417035075800676e-03
3.315719556984279004e-01
4.540524195637714588e-01
-6.670317272288622812e-02
3.232829844961351839e-02
-2.650306066880973588e-01
7.690732701971174645e-01
7.644462912839437019e-01
-5.295913878932358987e-01
-6.782857829802423355e-01
-9.437309465153755905e-01
1.193168417153194882e+00
-5.294943925485786629e-01
6.530007645638261082e-02
3.111784464523050797e-01
-5.134757984068667458e-01
-3.168804037880859070e-01
4.037805904647446820e-01
-1.031677106626798013e+00
-5.493840875894528963e-02
7.851262493090089833e-01
-3.130199911296185911e-01
6.322771681296096569e-02
-3.721627590796954266e-01
5.986656077498624384e-01
-3.747873870624389148e-01
4.705826847481471287e-01
-9.623583925914201975e-01
5.264193877011675848e-01
-3.009331115841016313e-01
8.618578961676114369e-01
-1.024284367322974010e+00
-7.409222494683632976e-02
1.575700609923688100e-01
-8.969759481719004057e-01
2.027516090687682127e-01
-1.121713810830133884e+00
-3.004450610936334476e-01
-1.224819654019810189e+00
3.187402975060210641e-02
7.186341635342685663e-02
-3.552248017189296725e-02
2.567698265688788672e-01
5.960107177794083944e-01
-1.971117889939235091e-01
5.511518217350708931e-02
7.726883620197267932e-01
1.015922911730269940e+00
-5.141565410410513515e-01
-3.345418703174139752e-02
-5.563194581446542220e-01
-5.895372257441144903e-01
4.659286333765744192e-02
-9.755310184229674109e-01
4.276191329994616375e-01
-7.850371678113828855e-01
-5.352375493457705025e-01
-2.451024682436681590e-01
4.963037583522688645e-01
2.274829553071803789e-01
5.406253256503966709e-01
2.009707040936721256e-01
5.852295021840183686e-01
5.100992489054476109e-03
-2.044027421306059966e-01
5.140795821530484977e-01
-7.254570181320935118e-01
1.145278317318152883e+00
-1.391976395789479071e+00
-3.403067189769060086e-01
-2.945053329829180888e-03
3.798809263285388149e-01
-2.819655601665854161e-01
-7.215472488318511735e-01
6.134064912046074403e-01
1.485615064200440649e-01
-5.943170235129843215e-01
3.817431665174366717e-01
1.249223445927860610e+00
-6.296578444791565143e-01
-1.783219322025844988e+00
4.388726639931411766e-01
-4.779743069839800795e-02
-4.920726609379558747e-01
8.365077804809391004e-01
-6.307482161389817987e-01
-1.698154856467469220e-01
1.147797000425553549e+00
8.099315378172251556e-01
-6.597149280236804803e-01
-5.137445050050744033e-01
-4.753442782648715781e-01
-3.841708595628401390e-01
1.401597175086304048e-01
-2.127419021035503177e-01
-3.199283724243808247e-01
5.444716042718588112e-01
-8.570255361327643318e-01
2.171541301616686792e-01
3.716732095238967082e-02
3.151620055950653532e-01
-3.356147122431574203e-01
-7.380330353259512144e-01
2.367003962918825255e-01
5.020408464655590208e-01
1.707240250946105015e-02
7.570515670369413197e-01
-6.460399200939039854e-01
-6.424746480501573043e-01
2.842384079476537040e-01
-4.593784922160070172e-01
2.059079366379472087e-01
1.123331523722893799e+00
8.361681637108697718e-02
9.701105237506988388e-01
1.907336779460397647e-01
-1.149083796727403128e-01
-5.729874923053975833e-01
-6.335571671065914900e-02
-3.251852839869354139e-02
-1.245524971939971637e-01
4.778031842382546301e-01
-7.573291115362076886e-02
1.547874750974261582e-01
-4.924702380346887010e-01
-4.769479211012344066e-01
7.693146982422509605e-01
3.276781346285782548e-01
-3.793546617323145798e-01
7.616998804489130692e-02
5.584776154184039054e-01
7.111931553046131615e-02
2.135335259592038293e-01
9.124630207769701684e-01
1.953930034529189341e-01
-2.337858694711996976e-01
-1.433848722702399936e-01
3.718846753328672872e-01
3.089448429653780526e-01
1.351459520250716806e-01
2.134620017180819118e-01
1.261795432523344473e+00
-4.332592526809768696e-01
2.847864094241282507e-01
-3.118541487700083881e-01
9.076106182688580271e-01
-2.635522146913346631e-02
1.143547918475801006e-01
-2.290792299224636008e-01
1.133968034297869520e+00
2.344244083749102980e-01
3.510956684795235594e-01
-6.664429456601254076e-01
3.525532769136618949e-01
1.237772805459670666e-01
-3.605949771746264076e-01
8.054982813462249758e-02
-2.945944932605843586e-02
-1.218525050283258082e+00
-2.990949792694528320e-01
3.399141460737591935e-01
5.763863031743885479e-01
6.573659461997094500e-01
6.077766636563954883e-01
2.896043714033857408e-01
-1.367155996916687988e-01
4.954360857415129882e-01
-3.867648624211289521e-01
-1.093113908326231565e+00
-3.988288784454921410e-02
2.497881166244400042e-01
3.142432777762974583e-01
8.642870202689838521e-01
-1.054319821260197854e+00
-2.532179480734895183e-01
-6.307565507398331661e-01
-4.387351820519530543e-01
-3.454330640641428696e-01
3.400538331010972137e-01
-3.051720743950999681e-01
-2.723152749085724356e-01
-1.651199493387390582e+00
-8.812198286510047884e-01
-1.203203822725936512e+00
-4.598518749152808449e-01
1.010838825257788010e+00
-2.292910595378536975e-01
2.787125640654558034e-01
5.016334073435385621e-02
-4.677859236171711954e-01
5.592611162891946153e-01
-9.324394978096428588e-01
-2.693969331246563459e-01
2.043406833839832015e-01
-3.374624969557858400e-01
-3.686050750620595839e-01
-2.979472587096292369e-01
-6.138378202360669222e-01
1.263332428718027867e+00
-3.253819867718588110e-02
-6.100267829913180728e-01
-4.438981111759108256e-01
-1.381826053374022867e-01
-2.577632543598803450e-01
4.092429490801398340e-02
6.824822411448332460e-01
-3.644843216421365939e-02
-1.033970842383088728e-01
-7.861858491930079351e-01
6.739982393735080013e-01
7.034592743505374557e-03
-1.845328031043987904e-01
9.858561625118127392e-01
-2.432847933098807591e-01
4.925794600113268529e-01
-2.158622056265071532e-01
-7.227890772851179868e-01
-5.421689949302893607e-01
-1.136057114931630918e-01
7.765554200657762696e-01
5.500816323240510508e-01
8.177588215698111673e-01
6.094168970441009581e-01
1.585610399910137580e-01
8.982444921762654522e-01
-7.540517666145607478e-02
4.856549636035987216e-01
-4.805384449510309297e-01
2.670754276042198172e-01
3.312347349473299118e-01
-1.228596477045895974e-01
-1.851362580476559883e-01
5.326091807606434525e-01
7.469731228934877176e-01
-3.478821115549005638e-01
6.749966586785695055e-01
-8.169618280533300636e-01
5.780056798625130554e-01
6.760243597546033989e-01
5.615871151489033597e-01
-2.134718436589785329e-01
-4.578653763426602241e-01
-2.418122035615338228e-01
2.243787140035350403e-01
-5.690443749301770104e-01
-4.740905124209168209e-01
1.414987767559711118e-01
-2.230538006793893469e-01
6.299402236371282049e-02
8.413280713242571318e-02
4.842988567938383282e-04
2.310295446434991740e-01
2.623361564993068051e-02
1.071220574589182073e+00
2.735377793182758865e-01
-3.896287557764580578e-01
4.626433636377744185e-01
-3.133791660308838933e-01
8.391331087407590816e-01
7.269750642244683370e-01
7.316117424991679385e-01
-2.295442248392689510e-01
4.921436468623221483e-01
-2.773822189690093865e-01
-3.901863946159456198e-01
-1.795754828450517315e-02
-4.439818538532912529e-01
3.450547665449101853e-01
1.698840107802095378e-01
2.911608294058559698e-01
-1.649478608331429452e-01
3.107203088823436432e-01
5.665385390316323155e-01
5.530706559318283588e-01
1.790973463776907026e-02
4.720268336775754747e-01
5.663903519100053074e-01
6.994441911622336638e-01
3.517567225612961979e-01
-8.687701084233127868e-02
4.949072567893158525e-01
-1.162083520218265553e-03
9.788665748223441820e-01
-3.503610116660402229e-01
9.106356416152769917e-01
8.199156339037516616e-01
-2.031356027818717325e-01
7.639208182413936843e-02
1.326180166513298175e+00
-8.338989475894041936e-01
2.563505978349113756e-01
-7.755483033269874316e-01
5.111865265667058233e-01
2.071498375462909602e-01
6.389841147319610393e-01
-5.306831055686005438e-01
5.815317173718175248e-01
-5.488984929977867022e-01
6.082658216225222958e-01
5.155268368849886818e-01
1.043531041524781600e+00
-1.942420242922742180e-01
1.454244417839453130e-01
1.508814008869580059e-02
1.514915029909176258e-01
4.804540539652245590e-01
-1.271472590434940209e+00
6.700642908192772085e-01
4.736917057700115730e-03
-2.156376792274160570e-01
-8.700125163131944284e-02
-2.894733507201542877e-01
-2.424805118371727297e-01
-1.737341762530527634e+00
-3.786694853090449286e-01
1.216149472013963617e+00
-7.814052125579736829e-01
5.003659093166002991e-01
8.362262712781434182e-01
1.916523506514997144e-01
-5.049815233618377697e-01
2.773004436117696425e-01
6.377469050489511515e-01
-1.593855593864808573e-01
6.395057888726460860e-01
1.059647431136654383e-01
-4.543293920214492299e-01
2.897479620867504102e-01
1.004716983162822208e-01
-4.941592117614319601e-01
1.933286558658512955e-01
7.682210883738611884e-02
-1.029274411734453498e-01
6.711138517985107965e-01
6.636156929135834659e-01
-2.346414286617192757e-01
7.340716714602112392e-01
2.678770525176420447e-01
-1.669003153749319124e-01
4.434186404238904533e-01
6.899709653320273972e-02
8.517418959801267286e-01
-7.866355743138775392e-01
-7.565923628631457953e-01
1.823971053553578581e-01
4.426346729681637782e-02
4.345783188430238364e-02
-7.474349637770428822e-01
-2.886395368703311148e-01
-5.918460257378019285e-02
-3.518380467873618023e-01
-4.373332843901308609e-01
9.302729693775523279e-01
6.874453934608533157e-01
1.463390370327944667e-01
3.021384510810505575e-02
1.248591790739030649e-01
5.919247277773915794e-01
2.428561487524197315e-01
5.239244393801971711e-01
-7.593986687036359262e-01
-3.412361616410060638e-01
-3.357190460948081823e-01
5.674777981515837233e-01
-1.832252700317446026e-01
-8.937329676662825184e-02
-1.935270278117108000e-01
2.631737475037433938e-01
8.222677729827922999e-01
2.178507208629725800e-01
6.379739331588825113e-01
-3.930192515496447880e-01
-6.345974996297054638e-01
-3.077454307630455577e-01
2.879637591701604271e-01
5.314300203882020845e-01
-1.697675320006598043e-01
2.717593598398643229e-01
-3.918809500263019663e-01
1.181525517178747681e-02
3.316794669395606299e-02
3.014614034170024492e-01
-6.446159647312952323e-01
5.970087600149294182e-01
6.262726300309905403e-01
-4.572912832846840470e-01
7.134327965452775810e-01
1.621410142179259273e-01
1.980809210033865064e-01
-6.365410918733525047e-01
2.740847651460359691e-02
-6.175577657300055368e-01
-6.911259393084129288e-01
-1.262353734397496374e-01
-1.934042942965800704e-01
4.886032192104033944e-01
5.649568525809097741e-01
4.860513444849716147e-01
-4.966257470887054382e-01
9.311101981511655801e-01
7.835918374038061684e-02
-6.852769007464565298e-01
-5.721273183583182043e-01
1.518035921993764692e+00
1.990501387380920195e-01
-1.864892873652981564e-01
-4.898860930275791836e-03
-9.311195637701377703e-02
-8.267956512352316878e-01
-3.822404730850648691e-01
3.803747493151358738e-01
-5.452517558276377407e-01
-2.849879357262086188e-01
-1.026565846981147556e-01
2.310763874607201784e-01
1.120673663135357545e-01
2.511298164350895812e-01
-6.094008330987773503e-01
2.745362983329375783e-01
2.808334073988172919e-01
1.327602286862561987e-01
-2.493976686466848613e-01
-4.579176845144340424e-01
