3.184857060008242646e-01
7.725834378883131293e-02
3.457925111123203998e-01
-4.710922329095944550e-01
-1.579046885239469566e-01
-5.402898056546217020e-01
-1.353633885494241462e-01
5.664264153885343323e-01
-3.737588324057667943e-01
-1.255859913204349365e-01
-9.131765516372334357e-01
-5.307858946618099205e-01
-6.533554727412584917e-01
-2.871075538108416314e-01
4.879058132850029317e-01
-7.499097308492908009e-01
4.057489228088115296e-03
3.826717894359112915e-01
-3.703775927357648712e-01
6.489298733874836467e-01
5.616196740506581575e-01
9.542667592273477994e-02
6.548109283206011710e-01
1.275442135210018146e-01
-6.958706142368161762e-01
-2.123792733995948090e-01
-2.241589310232359189e-01
8.375934230395616353e-01
-2.113140286199667595e-01
1.494341891960509483e-01
4.791266182231054827e-02
1.792024794522581732e-01
2.333922717854064466e-02
-5.213265270931137785e-01
4.706447353113063503e-01
-7.235994876755299510e-01
4.030309804896898829e-01
-1.771624948412127698e-01
-1.776871739504234937e-03
-3.909272907338649794e-02
4.957343781855673703e-01
7.288440046415510798e-01
9.649126869681150520e-01
-4.033825490099650080e-01
4.816681199155867787e-01
1.185850040971528352e-01
-1.907387336676669154e-01
-6.181175848924822525e-01
-2.819225117351126242e-01
3.556625566688058626e-01
-4.067167737893673807e-01
-2.797846988833415094e-01
4.908842777218649922e-01
3.479155230257159337e-01
-3.968614468806462847e-01
-2.791431611158595727e-01
-1.056151107224297669e-01
6.409587519220150131e-02
1.736632027873912798e-01
-2.500994388157785631e-01
6.677070902729571600e-01
-4.971221708214187407e-01
3.022602897646061715e-01
5.973526411618050869e-01
-1.897602648438497797e-01
-1.021514980507007619e+00
5.542080560094688746e-01
-7.937303491587691662e-01
4.669117216542876814e-01
-4.656866468389481151e-02
-9.792720199735793773e-02
4.488053436357467008e-01
2.649846390398107043e-02
9.095264372309436185e-01
-2.376686960815249106e-01
8.702586596130557073e-01
1.901543279211538595e-01
-6.772651456173329754e-01
-5.161288236360815906e-01
-1.606682019449489143e-02
1.396586210498582392e-01
2.531957151494363956e-01
4.568978057670876058e-01
-4.866472732598961515e-01
-5.829199743643780351e-01
-7.288630210981741353e-01
-3.817650454714777708e-01
-2.559140848397135626e-01
-1.228342241263530588e-01
-6.578494677131820900e-01
-2.291247890262625431e-01
-3.762627133214965225e-01
-1.303051703881978884e-01
-1.566092524812529030e-02
6.676154048493965210e-01
-6.366132383865754640e-01
9.366161776511730541e-02
-4.961371134651995085e-01
4.489036572837361572e-01
1.916938284960310879e-02
-7.229728541339591752e-01
-4.099450060998968137e-01
8.967173478564799405e-01
-4.606427087151865329e-03
4.736684549404199251e-01
4.582037693385175858e-01
8.564422313217463500e-01
5.598311846845528406e-01
-9.650385503578259860e-03
1.721394256592842786e-01
3.293147776041753239e-01
5.827889177829734813e-01
-5.723594236206174246e-01
-3.748614074207808899e-01
1.709059333474846898e-01
2.919239699673745192e-01
-4.674125714554657751e-01
1.234433941283001046e-01
2.108669022422147432e-01
-4.962254419360187518e-01
1.057831863409558620e-01
-7.663394791669142503e-02
7.432810173705675649e-02
1.562877256872218235e-01
4.791039295483265348e-02
3.154574228678256875e-01
-5.219034274632120551e-01
-1.774837928297884337e-01
2.631941615558381353e-01
7.544906930058847827e-02
-2.882854835437599350e-01
5.529007460560284720e-02
-1.617320725492960368e-02
3.666158349439165853e-01
-6.522022732834310554e-01
4.134064177709010912e-01
-4.351738334931085639e-01
2.352668630354661228e-01
-4.628607081713288496e-01
4.974662192194401200e-01
-1.275673504965939564e-01
-1.314684213329606055e-01
-2.115655139608737800e-01
-3.279008120912264568e-01
4.967314698575456267e-01
-7.658229758059853509e-03
4.702758657679841359e-01
5.383224357792402992e-02
2.238823830268625303e-01
-9.361429572678870992e-01
-5.847070458770194934e-01
3.704670706481921760e-01
-4.797399607681785902e-03
5.042538399244343994e-01
5.717799511955177216e-01
-1.428431499806617211e-01
1.052294915183106527e-01
4.027771029184703533e-01
-2.710160584725091470e-01
1.934949986475862360e-01
5.700399025740234826e-01
4.079943658991822542e-01
-2.893067039990354639e-01
-2.652352999728773142e-01
8.927784125694455675e-01
-6.703187163258751691e-02
5.336650892453678185e-01
-3.649215505220301803e-02
-2.604124813266345817e-01
-5.461780792629908898e-01
-2.268946830668889039e-02
-9.861290523929017171e-02
6.755297658168387676e-01
2.474668935064532616e-01
1.263053423057554359e-01
-1.776510868563901113e-01
4.596580183180079548e-01
3.289902231834054835e-02
1.215035223219027127e+00
2.025843760418675754e-01
-8.224623026120347902e-01
7.341347233811713613e-01
2.617881762962426251e-01
2.904520983352628649e-01
-5.230764750488996473e-01
-2.081334065706862413e-01
1.955117587772997045e-01
-1.960770890613362238e-01
-9.454001948344503692e-03
4.792985360850633009e-02
-1.240878739634665162e-01
1.787033716604843891e-01
1.037342584579021426e-01
-3.288507473443675888e-01
1.065622183515410187e-01
2.863442284296319196e-01
-3.217395638381174983e-02
5.588012935218628074e-03
-1.901895115253233182e-01
1.961985086993383309e-01
-1.279786914295327482e-01
2.511849255696891881e-01
6.377505960492829695e-02
-3.239400556526834674e-01
-2.240370653275654544e-01
-6.794589741492358392e-01
-1.848766387803299494e-02
-2.915926341980846700e-02
1.030617680492851296e-01
6.866132293719501289e-02
-2.125399755208573216e-01
1.758753797549432729e-01
-7.791951285471265809e-01
-2.174033035901980215e-02
-2.051790217249103987e-01
-1.233528057276813278e-01
2.128879361633265466e-01
3.211381980303411598e-01
2.169826652862786032e-01
-4.126627501680026344e-01
8.321859657975486657e-01
9.190061563507596620e-01
-2.581033752550815352e-01
5.889816642143399505e-01
7.411936286496922932e-01
4.143364742657632688e-02
-7.432970226241693013e-01
5.878890146483385371e-01
4.617291206501769052e-01
7.741780698346089062e-01
-2.552166336273746228e-01
3.220150422788714550e-02
-3.282460865061868627e-01
2.858964063913618792e-01
-1.732372764379359331e-01
-3.407156356757014004e-01
4.102639649415470990e-03
-4.706506101900816974e-01
6.309458326373936776e-01
-4.361674272692020460e-01
-2.037907353959373669e-01
1.314326731238112944e-01
-1.180579825061343208e-01
-8.530765036628068509e-02
-5.624470831272671001e-02
-2.339307329495041166e-01
1.224633852977535936e-01
1.768196274901280840e-01
9.662191438394698295e-01
-2.407915709920556702e-01
1.004226418965358525e-01
7.206636459640247683e-01
-1.601728365622084871e-01
8.598356408854330724e-01
4.358165425398581316e-01
-1.202583551073658219e-01
-3.485951510459086577e-01
-2.973406363019596710e-01
2.790612356629568191e-01
1.437664581561744481e-01
-5.281086872664098042e-02
-2.991715562622002667e-01
6.613720202951109961e-01
1.404990763111498009e-01
-3.430744388735467165e-01
-3.740918085092080902e-01
-5.966576791971567317e-01
8.129731678547048868e-02
5.454917655265734133e-02
-7.721549852488279742e-02
-2.272793114126182290e-01
5.059802408179208122e-01
-1.990821663096198901e-01
2.460516124976256380e-01
4.905892530571168697e-01
-7.761103671849118868e-01
5.245103459903652787e-01
-3.816700090967281578e-01
2.314500755628976503e-01
-4.210279805791810603e-01
5.650202950328954143e-01
1.362417363485691479e-01
2.639903079821037668e-03
-8.706139350688428535e-02
-3.635912004072017756e-01
-7.104531521744383848e-02
-2.800269974463217570e-01
-3.572005117350215420e-01
6.264329224773557137e-02
-3.905664469544350981e-01
1.626088259040197603e-01
4.228772538464200537e-01
-2.828041753243926704e-01
9.330645294829464920e-01
-1.203574709149751454e-01
-4.505450271754865010e-01
6.887100093032866299e-02
3.587502265007437852e-01
-2.532266588335101987e-01
-4.132963974533137019e-01
2.716536568439207322e-01
6.868376901106458543e-02
2.523763129038569808e-01
4.622554694602761249e-01
8.615143867620925211e-02
2.332919473773855112e-01
4.666200765384619364e-01
2.103610979269503745e-01
-5.065736231472093287e-01
-1.382583849190578140e-01
1.051681654490170814e-01
-4.928448245669503902e-01
-5.921144507764570797e-01
-7.366207411430639174e-02
5.095429235283997771e-02
3.405809743442789750e-01
2.990312636000265201e-01
-3.082502264338045639e-01
-7.091801936709321019e-01
2.573092229705006839e-02
1.101392367082037582e+00
2.307733025670213600e-01
3.217494681306605764e-01
-1.227529404835286664e-01
-2.254026342947381134e-01
6.288859058358466092e-02
1.277578532081127816e-02
-5.143375269608346789e-01
-5.832476622130167154e-01
-3.514729771196295482e-01
-7.227029952735486429e-01
-5.696588069148352806e-01
3.967492416253556309e-01
-5.748172698748161835e-01
-4.966540815832280742e-02
-3.735823454782464248e-01
-2.205507879444179586e-01
-2.470687124076113295e-01
-5.212120951579761741e-01
-6.038248678172510875e-01
1.048866468897378390e-01
-4.495703892293546888e-02
-3.492674368851100275e-01
-5.166994027750341223e-01
5.124702229021239897e-02
-1.436493408763609703e-01
4.713573684107714712e-01
-1.244429817949696399e-01
3.897962354455697387e-01
2.013983333238149875e-01
-2.554038638046817189e-01
2.080175386621843092e-01
-1.080006804977207829e-03
5.502320651374713600e-01
1.830103654269983615e-01
-2.889332693439104482e-01
-6.210101929154673156e-02
6.778841320910308776e-02
-9.503137687195964411e-02
-6.468450542360135724e-01
-4.311469995058453963e-01
-6.640116092611826615e-02
-3.988091586393828214e-01
-4.672792014148176021e-01
-5.789451372335276125e-02
4.902744574906722219e-01
-1.274669751098313208e-01
2.027915867947727158e-01
1.181364617719088267e-01
1.474893182068770792e-01
2.000643907037433222e-01
5.355674796295767370e-01
5.169145305383491262e-01
1.812540616315755637e-01
-2.049312587521893991e-01
-3.887461483407228524e-01
-6.905617775040517881e-01
5.756585210959050958e-01
-3.370559788595229866e-01
1.867543430062432452e-01
1.939224618659903809e-01
9.819655075631275598e-02
5.270604500549275206e-02
-4.650319195533028985e-03
-4.203782120899214880e-01
-2.186654725386512343e-02
-6.053612778171051367e-01
-5.490898753862046844e-01
5.280991622747048808e-01
1.634802555399296753e-01
8.611750204289794763e-02
-2.744526939182835301e-01
4.635339564885858077e-01
-6.980352305435673088e-01
-1.623793487255511259e-01
-6.729724508953097706e-01
2.868068843839389204e-01
1.118379206673713877e-01
2.842792797275409677e-01
3.330243774601940321e-02
1.530601454014246521e-02
6.670702980857437514e-02
-7.738434839379025598e-02
3.475833466896216528e-02
4.094704087918251134e-01
1.661014177555767690e-01
-3.313017467358876644e-02
8.570457119992929140e-01
-3.852161295122011886e-01
6.988037737258623316e-01
1.808021171525197590e-01
-1.730367758199410910e-01
-3.341390172286402005e-01
-8.858429299843742499e-02
2.526057227202642141e-01
1.437577996255562929e-01
-1.391691218858845946e-01
5.517943345788268728e-01
-2.693987256557293652e-01
-4.436255151999135560e-02
-2.436176801370213418e-01
-6.931165669743638569e-01
1.180646595700172163e-01
-2.037369127802111379e-01
1.781320467592198697e-01
-3.690941413339129396e-01
4.794005247529420921e-01
1.575919129468261182e-01
2.824160143703549619e-01
3.705612817266135117e-01
-6.686569734756020456e-01
4.677420509023434425e-01
-4.544215995409162101e-02
-9.114224962087502657e-02
-3.784068214323186297e-01
3.476402914581397940e-01
-3.256240356624446330e-01
2.337147954243376513e-01
3.046319350102184159e-02
-2.819088256982882901e-01
-5.332959186449580669e-01
4.042761122603623081e-01
1.743830387490092060e-01
-4.464556505013818344e-02
-2.311360554160233338e-01
-2.724711525155966152e-01
-1.675416270101411642e-01
3.068911554142951248e-01
-9.670004844021332091e-02
4.219546787692085577e-01
-2.885506163235588839e-01
-5.283078576367696844e-01
2.929832964795639483e-01
4.927041911619082226e-01
-1.558286170472048537e-01
-1.502675865277694478e-01
4.276461467588336118e-01
-2.010297424973409020e-02
-2.427427581236625831e-01
1.636193044490189541e-01
-3.741803139520926136e-01
1.072461243741059667e-01
-6.928172381037415173e-01
-1.658953553567514838e-01
-7.397871768591159081e-02
-3.830661449265925778e-01
3.427410423469080536e-01
-1.574205588086568797e-01
-1.407328811672810785e-02
-4.969428945108111395e-01
2.952519223656800418e-01
-4.410586199967534426e-01
-7.465202747786363335e-02
-6.190252865016220296e-01
6.925044751368679419e-02
-3.526820156965880804e-01
2.193220085966099409e-01
-5.259775907364838687e-02
-5.719834372037385650e-02
-7.499656766009163422e-02
1.713549231113449811e-01
9.607962509206137147e-01
3.455242873351674904e-01
-9.270216500416354755e-02
3.728927656541879410e-01
-1.562919555443371689e-01
-3.808392990363910213e-01
-2.168503750008793363e-02
4.933886329554305061e-01
-1.480213380029659631e-01
5.387039444558799905e-01
-1.101994326201392482e+00
5.503065664148789615e-01
5.620610838290693856e-01
-2.590588869422303930e-01
-1.770071932955986638e-01
8.063260235577868196e-01
3.249596224208205486e-01
5.709619236286085364e-01
-2.193103366183070113e-01
-2.082030113250203929e-01
-3.381534070364327627e-01
-1.426571708055429932e-01
4.161344671148475838e-01
-6.461583550683132060e-01
1.922733334011176298e-01
-1.833717151131061263e-01
-5.844283664843277215e-01
-2.776840317143793868e-01
3.939168399508753693e-02
-9.606194656786488928e-02
1.082110650231327825e-01
-3.111018064578831011e-01
-3.668023333460213586e-01
3.882556704071854492e-01
-1.022418945064369061e-01
-9.075679353360247559e-01
5.335936721779894754e-01
-3.408426974500036732e-02
1.079456201920989122e-02
5.754624046941223536e-01
4.971002241803517130e-01
7.786386002981227072e-01
6.474830397158212181e-01
1.530482500513909161e-01
8.492632311012970892e-02
8.362016590169973895e-01
-6.519810132759767951e-01
1.326493466213558015e-01
7.484622756596845949e-01
-3.007844234047948873e-02
-1.063296126861273949e+00
-8.084941323396616086e-02
-3.436604275835034028e-01
2.149487802744033671e-01
-7.724976800202849880e-02
5.819387580307593399e-01
1.716688655667643337e-02
-5.445043729648926800e-02
-5.157430981180883417e-02
-1.600270482938724592e-02
8.974783051660796263e-01
-2.203813669799692121e-01
-2.477079757969573581e-01
1.017884484807462186e+00
1.130855690251887646e-01
3.946575018436447868e-01
2.760885892685319698e-01
-6.217712585734228581e-01
7.376773038231373980e-02
-3.595528513812709104e-01
6.701637807913018996e-02
-4.020020198034685022e-03
-1.900900802906433928e-01
-1.290983380244651868e-01
1.213745738275193164e-02
-4.704071824838111926e-01
-1.249217582663213894e-01
-8.133978646862247697e-01
2.655457640916292772e-01
-3.402822810582870616e-01
6.602967764173398035e-02
-4.735985573077550539e-03
-2.313986947575222275e-01
-1.957373409623657801e-01
-2.727453677676803245e-01
-2.429741587117369983e-01
2.920373153828945134e-01
4.035142584307725988e-01
6.018022862666730921e-01
-3.229196214776735019e-01
2.828828893943193812e-01
3.792722336917231374e-02
3.620015525828248482e-01
-6.507721480632673583e-02
-5.302278622664752250e-01
1.301370499490781540e-01
3.328615653115830630e-01
2.739322220473259795e-01
-2.951617611086433945e-01
-1.277241003698834920e-01
2.159464012985466419e-01
-4.215359001862906685e-01
-1.698487445823307629e-01
-2.067384969934941696e-01
5.454834359513772990e-02
5.527445383118172462e-01
-1.220936264227608231e-01
-5.029983852694574348e-02
2.389344084422991288e-01
3.470553165732980228e-01
3.119532592059230391e-01
5.504531426950561857e-01
-2.926695027463033227e-02
-5.158831038315590811e-02
-1.915884051877299599e-01
-2.670723339730461943e-01
3.967627110690603032e-01
3.533895973840705529e-01
6.059923220507236197e-01
1.247311353628494240e-01
4.933206878100548226e-02
1.639368482409181080e-02
-1.822323845646853235e-02
6.510254154787480374e-01
-1.020164380072798305e-01
-2.428077560446945116e-02
-7.871741519710236945e-01
1.107647618905621689e-01
2.274861942039999863e-01
-3.665654060672010606e-01
-2.551503004154159204e-01
3.138352565266647742e-01
-6.982248650452715921e-01
5.783969984547656651e-01
-2.576828492461383235e-01
3.106154475193859676e-01
-1.030775533524353804e+00
-6.985532123554982764e-02
6.052990229117907739e-02
5.823804005633098635e-01
4.243956683260097229e-01
9.228384521045512878e-01
1.129553728762532627e-01
2.712388894765523917e-01
-5.659914739305724751e-01
2.003283388764678374e-01
-1.436116567999082549e-01
2.538295659982928165e-02
-2.278320105035432086e-02
-4.390222196626408779e-03
-1.514237344007255542e-02
1.618874415482876861e-01
5.318245827360812417e-02
-1.726892721423713972e-01
5.377793932995761361e-01
-1.373987882067106980e-01
2.648023584927771124e-01
-1.688714301331775969e-01
-2.210956756548447533e-01
-3.691181793554197954e-01
-2.214001546863482439e-01
-3.134074979367515446e-02
1.822649684165505990e-02
4.881191451091371758e-01
-1.592097464143127361e-01
-5.234603012104415143e-01
1.848769067263901500e-02
-3.008773230220951334e-02
-3.700511742371840329e-01
6.244434592883534307e-01
3.509529513891189723e-01
-9.420508963380064271e-02
1.914846902147358532e-01
-4.798425593528767852e-01
-4.981864783722725898e-01
2.744700884832935728e-01
-1.969221722539493680e-01
1.758779650347465084e-01
-3.533497715792026650e-01
-1.472463475178456827e-01
1.588825589534226812e-01
-4.122544300838343334e-01
-6.420643397343291925e-01
8.524950960155871504e-01
1.497517573698397275e-01
4.677977049652453090e-01
1.109167219857928322e+00
5.597951781796024484e-01
1.296739454800388547e-01
2.236827568175208947e-01
-2.205686979354363753e-01
2.874109360390224577e-01
1.032854219756585978e-01
4.601725891132994045e-02
-9.051389824448566324e-02
9.820078601524245832e-02
7.871191728042316038e-01
8.861942451611831695e-02
5.424462733003306836e-01
-3.488858383118407236e-01
-4.445824779411599037e-01
9.641134329931301261e-01
2.395174090977194581e-01
-5.165043533628039807e-01
-8.966992254211716973e-02
-6.345478486248553596e-01
-1.032016936096235293e-01
3.139430299258073043e-01
-6.622122307777471573e-01
-3.574041711161226598e-01
-1.363805184710709384e-01
-3.970130115049467362e-02
-3.265400403213834513e-01
-9.688197516109756102e-02
1.494803820002561512e-01
7.437031151435340437e-01
-1.032453480789156330e+00
6.142188020255251457e-02
-7.252715717342765878e-01
-2.518993061895744567e-01
-4.098320057091296986e-01
-6.493585106156732900e-01
1.123391803382466636e-01
4.459995094085008605e-01
1.007109705166733676e-01
-5.116205615534171747e-01
-2.636887227664269640e-01
7.807244467753840511e-04
1.395173730142566515e-01
3.037263466777749832e-01
1.838715827026575211e-01
2.963077122228993110e-01
-7.210157476783324304e-01
9.387858110097668796e-01
5.045811164871281118e-01
-1.638429067704685327e-01
-4.508789337586227575e-01
4.804546030702190329e-01
1.399381250042568414e-01
-1.244827945327992846e-01
-1.814388223146106704e-01
6.897912941138398812e-01
3.721468234532514519e-01
1.767010592390885759e-01
-3.504037014799713523e-01
-3.392501814750458200e-01
-2.244962196703322865e-01
3.097545979268705452e-01
-1.704501060976654214e-01
-2.748260353289528890e-01
1.517514184464460736e-02
4.299968544139903259e-01
-2.680761142107814243e-01
-2.501442156007299689e-01
4.158769356583296717e-01
-3.814070567964693570e-01
1.920370497739261328e-01
-4.116266741844193944e-01
7.124070331750990137e-01
-1.528863886338466260e-02
3.770259507350616213e-01
-3.655437149662659202e-01
1.546973443090114697e-01
-4.279842665891759879e-01
4.319127811273786310e-01
2.302048137181920695e-01
-4.993653157693244554e-03
-8.322470324015708298e-01
3.669381437185241235e-01
1.199123727685899587e-02
3.150223872711560569e-02
-7.361090425412936122e-02
4.306872203859934967e-01
1.501233491186474422e-01
-3.385729466687026346e-01
3.406603840411298600e-01
2.254726257628589525e-01
6.605628210714500348e-01
-1.382028835845591774e-02
2.484749258090542257e-01
-5.243352728820810382e-01
9.028699873458947978e-02
-4.446002337658473968e-01
4.849346282069900982e-02
4.235925355163643324e-01
5.648307797839434707e-01
-1.924143061998560833e-02
-6.455510143610534435e-01
-3.372806357285741963e-01
1.152604225048840192e+00
-1.029390903776765120e-01
-2.762348477515046141e-02
6.076102045597786550e-01
-2.646159116321626925e-01
-1.181143691520262912e-01
4.837842306714689733e-01
1.050301449746009030e+00
-7.136465338209344589e-01
-2.064300243989957429e-01
-3.863052259807586708e-02
-1.650362811563504395e-01
3.340632824269558765e-01
-3.642402253034380255e-01
2.800068896410914387e-01
3.185935386495325483e-01
9.627492430664223722e-02
5.959595084135876214e-02
1.803547145283280195e-01
3.427955243259226403e-01
2.076265555329480650e-01
-1.930914353363454850e-01
-2.460273603980045465e-03
3.293491682497841633e-01
-8.359045882727563770e-01
2.422806073941107807e-01
-5.958159681388528472e-01
2.869912373771335012e-01
4.163828752704568648e-01
1.251187068997746676e-01
-3.343077686433248985e-01
-8.636848122886809920e-01
-7.906216407945743097e-01
1.558331560293535478e-01
1.766679406775555072e-01
5.990691361821446348e-01
1.690112625459738727e-01
4.790338175114425279e-01
1.096272084012863413e-01
-6.021197965413678521e-02
-1.590502931763244365e-01
-5.644836133116777344e-01
-2.904571415538492185e-01
-1.354835731379501751e-01
-4.675182946996581101e-02
-7.391822652814585837e-01
-8.133860667700990033e-02
8.762466840765276155e-02
-8.878523597285684077e-02
9.508772729104892907e-01
1.934077299198996014e-01
-3.589984828199240807e-01
2.442570942563935255e-01
-4.082142181136778070e-01
-8.271155524581004226e-01
-3.462149543864424528e-01
-1.492057682359981818e-01
-2.327596537856894132e-01
-4.001361898018180874e-01
-5.949299531406020136e-02
-3.611495090869486502e-01
5.634656221092225747e-01
1.078419585114366863e-01
-4.357128216532153431e-01
-2.292108429921780044e-01
2.060755432453413583e-01
1.087005726102860947e-01
3.915327864382759371e-01
7.418084628326554464e-01
1.029539459734956086e-01
1.562430163793382398e-01
-1.062844601848972753e-01
1.556885853511355555e-01
1.702112480451851706e-01
2.159587287302382197e-01
-6.638246951159756382e-01
-1.512554666057568664e-01
-1.773849731473079727e-01
-5.854943880561785940e-01
-1.438594682378757372e-01
-4.772304925296915190e-01
5.510398943017419393e-01
-1.688698146971106262e-01
2.848196190340521738e-01
1.901472289243476554e-01
2.598018154886007069e-01
-3.683428753185552518e-01
2.682687864618973350e-01
5.602481031476861523e-02
8.442792292772419160e-02
6.780066072032795432e-01
-2.444535873776210178e-01
2.585464833723414291e-01
2.090444486802750523e-02
-4.452511781994242246e-01
1.801664094357306456e-01
-1.482769378565588769e-01
-2.227568429902048730e-01
-5.347305612276570530e-01
2.825858208442621478e-01
8.375920889512913914e-02
-1.021633054513925720e-01
-2.670297464664365683e-01
-1.480477287773239170e-01
1.880851334529567431e-01
-1.110758580710304311e-01
1.078081018966129623e+00
-1.417450261667943245e-01
-2.552713714842900772e-01
-2.609284889745814295e-01
-3.369569545891740736e-01
-3.979671216382277832e-01
4.505820521525341071e-01
-8.606420862401185923e-02
1.079383986553547614e-01
-1.628006892520487137e-01
-3.015716775182995524e-01
-5.643073374585706736e-02
6.395991521102153410e-01
-7.613936238032206760e-02
-2.787789647974865670e-02
1.059049333925320829e-01
-5.632414032560875139e-01
-9.420719217953359426e-01
-6.073382016998681021e-02
4.800628119367606472e-01
3.255090659740802472e-01
-2.014959593678287975e-01
3.539718074678488979e-01
-1.252687849716569435e+00
-1.841186916010307817e-01
-2.138093629392809059e-01
-4.142042083603191260e-01
5.756299716716767323e-01
1.120444607091589523e-01
5.507713910296803128e-01
2.230356509280012334e-01
-1.400770639456220823e-01
-4.567409102446465252e-02
-1.839752215047071870e-01
2.508584957169163743e-01
5.640262969626907985e-01
-2.482000179058982403e-01
3.642913026506848229e-01
3.124041276260995370e-01
-2.251125864944784616e-01
-2.089451552826721015e-01
-1.066199646090008613e-01
-2.574697411234540267e-03
-4.727227552837963698e-01
-3.567745510884988147e-01
6.321198568864029310e-01
-3.612243431370440461e-01
2.048660409546541605e-01
-2.239052853208531313e-01
1.209058986795872037e-01
4.889888465938071471e-01
4.710305613833528637e-01
-1.522854761745154883e-01
-5.081700601162509878e-01
-2.833570838805952175e-01
3.573265080044168429e-01
-5.022748105295362642e-01
-4.847746109720474372e-02
5.054731044493545600e-01
5.061316307397040193e-01
-5.549770720267056534e-01
5.609011584956340446e-01
-4.430394780404985910e-01
-1.033679438821279439e-01
3.707901174964609581e-01
-1.703328831288235257e-01
8.480381122008722183e-01
-4.531902988689188172e-01
-6.920540591699875232e-02
-3.130434046201394649e-01
8.759760145934117337e-03
-2.350561547675894258e-01
-2.447257750715205737e-01
-4.671210104231309779e-01
6.372511815837140770e-01
7.190368353349514512e-03
2.887026684714357749e-01
2.730236366133745318e-01
2.339149694668804791e-01
4.021162660835385649e-01
1.174125294927160501e-01
8.930277712702812121e-01
-2.508207672718286707e-01
6.643620949354176464e-01
-2.784039597885484829e-01
8.048595009403017309e-02
-4.470632955109140605e-01
1.012484121974695173e+00
-7.058002552574064170e-01
-1.445669921691582205e-01
3.538880125775498708e-01
-1.041209473567348054e+00
4.101851839162159452e-01
4.963212209663370178e-01
9.621971006865583098e-02
-1.364364257737402109e-02
3.330669804704831094e-01
6.331454853262805660e-01
7.288074511753284135e-01
4.800366707088894458e-01
4.429237635503247561e-01
-2.084440072135599897e-01
-4.545961062841772926e-01
-5.981764989687243794e-01
2.827155269245194003e-01
2.226340124961848077e-01
1.478944764790662836e-02
-9.937043853622765099e-02
1.668989836408251715e-01
-1.612478006813292675e-01
-1.668466890087301757e-01
1.827477383859217319e-01
4.682699737059461964e-02
-4.656888171021471567e-01
-5.970666662411966419e-01
3.300369289782418836e-01
-3.242389456509334189e-01
3.877730127281577843e-01
-7.486773350623959766e-01
8.228149227443518621e-01
5.029624242225273489e-01
-4.577178680596045296e-02
6.482436780215532490e-01
8.884144478693047076e-02
6.634704862843208151e-01
-2.211728640777134713e-01
-3.560797711774560392e-03
3.242204067389480859e-01
-1.987232302592522037e-01
3.760368399120307403e-01
-1.136172070333338335e-01
1.704796594620348049e-01
-8.085605994832432142e-01
1.407026129901295941e-01
1.515132238309682688e-01
8.424298212487173476e-01
-8.997665498979579013e-02
4.724804148892602362e-01
-3.526624979897814982e-01
9.630393475057918984e-02
-3.483965969910767235e-01
1.190646054208251842e-02
1.741102537523213367e-01
-6.998020180649796584e-01
-2.876516770577654536e-01
-2.165502484234333169e-01
4.036615890652062166e-02
2.913002911905111514e-01
-7.915232512801445575e-01
9.986983003584382068e-02
-1.505789076012422900e-01
1.804268311404322589e-01
-2.702902882020394304e-01
-4.906352334595481812e-01
-7.570629017542296335e-01
3.028889931116550138e-01
4.900082803518024388e-01
2.664551824579278749e-01
6.772030188553765928e-01
-1.172622376672517452e-01
-2.614575660034506588e-01
4.425838362739031862e-01
1.948639324118324190e-01
6.573029518456490194e-01
-1.019498007833173681e+00
2.926112278613133832e-01
-7.893300513142529340e-01
-5.919565051074207052e-01
4.811787322688121371e-02
1.408326129771229618e-01
3.520543707033074732e-01
-5.679236368826754422e-01
-7.296038831788855816e-01
-4.915140203994339263e-01
-3.515100376039027030e-01
-2.055365065157137294e-01
3.968711580649127435e-01
3.603053704625291953e-01
2.179707751495271462e-01
4.282783689003394345e-02
-3.117112528408358951e-01
4.813603028569791165e-01
-3.834996899705064854e-02
1.018804371224500405e-01
-4.414091649869797962e-01
2.978734639869234924e-01
-1.679653554277887872e-01
-6.403436519156171514e-01
8.792792504623837546e-01
6.048803990774113126e-01
2.642062013993801139e-02
-8.513015989629817426e-01
4.414881386171875532e-01
2.757774574597263717e-01
-5.199455787917754979e-01
1.780590374735695758e-01
4.024079545492778576e-02
-2.110035369586289733e-01
-4.378103924095023136e-01
-5.134915935809676313e-01
-3.405011305578433678e-01
3.810513175181293732e-01
-1.271562344933921396e-01
-4.028487557252090623e-01
-3.429585696380200721e-01
-9.477913495082636031e-01
-2.896983917516843254e-02
-4.231069230743969012e-01
2.859142562534833232e-01
-5.621527751788512051e-01
-1.030085297691192503e+00
2.028146343461670331e-02
-2.163865044661190118e-01
7.224122626707639716e-01
-9.428971975381716941e-01
-4.243440286050171317e-01
8.562574884196550995e-01
5.230575163660600158e-03
-6.776577610438918597e-01
1.298098163144375539e-01
6.339750630714685586e-01
2.247934519840293910e-01
-2.941945943200374169e-01
-6.988958749382598312e-02
4.602219809815476514e-01
6.632210900887233196e-01
1.120043770632885849e-01
3.457237031178282405e-01
-2.673966418781210663e-01
-6.305081986149985163e-01
-3.663788937250565536e-01
-5.704726674639253314e-01
4.046721256570582487e-02
3.068333723121646761e-01
-7.937883976191700830e-02
3.485268036332502817e-01
-1.253658484013882024e-01
-4.493042567815761501e-01
5.316781913530653769e-01
1.096845819917673798e-01
-2.326105602424949348e-01
3.934769960023673518e-01
2.607663810934257032e-01
-2.137572645483424572e-01
1.214629159733947583e-01
1.437322491506926037e-01
1.241147673070414348e-01
4.923896954516314151e-01
-2.153247721566916295e-01
2.864149094331637224e-01
-3.331556563378850755e-01
-2.807872396931371251e-02
4.716378881221336417e-02
-8.414332167193139256e-01
-7.611618762484657630e-01
7.233022221943847807e-01
-2.005274768649419337e-01
8.933733238349554906e-01
3.801110303343981922e-01
2.910983398011476320e-01
8.438122370231082581e-01
-4.795160886321305216e-01
2.632507919770414317e-01
2.879849833179005669e-01
8.413323831410249865e-01
2.208121565585864088e-01
3.518536604712971805e-01
-5.092537314532578074e-01
-3.929044639850544640e-01
-3.148891346673317049e-01
2.924001465338530448e-01
-2.931033698269390753e-01
-3.549708615599261874e-01
1.590480391672875193e-01
-6.040750602621071108e-01
-1.684231509985960606e-01
3.900341777008641264e-01
-3.692033379671204596e-01
1.725448270846031418e-01
-4.225767260988212426e-01
6.086155821728358450e-01
1.804638219295464086e-01
-1.902974236180464407e-01
-2.624245469707261469e-01
8.048847083576625705e-01
-3.184283995947446155e-01
-7.223953400665863445e-01
-9.065848868198846944e-01
-5.712305056941405779e-01
-2.956819621787898922e-01
-1.891927682501546026e-01
8.009674320304881190e-02
1.931686679268830864e-01
-7.920576719494076823e-02
2.593733094732434963e-01
-6.624761746452955125e-01
-1.289081706722966514e-01
4.829612154785128952e-02
-7.166541678668220117e-02
-2.803635446675237231e-01
8.107756507639024557e-02
-1.968505077049145791e-01
-3.728418647727710922e-01
-3.607463985151363461e-01
-2.359548692774871281e-01
1.376502276641957678e-01
-2.290168094258253628e-01
3.792797303567346234e-01
4.341454593004991924e-01
1.469096157652170775e-02
-2.529414156730412921e-01
-2.367356557604396450e-01
6.393274241309617745e-01
4.098669032457320505e-01
1.939192043866812543e-01
4.103137199314326189e-01
-7.820724965354082237e-01
1.126488462644979205e-01
-8.165022914270811949e-01
2.868612303370093874e-01
3.526559482336123486e-01
-6.552142163460941138e-01
-5.471766592847546740e-01
5.701527829281864967e-01
3.065458665037840147e-01
-4.375373686144694574e-01
-4.983600049880956839e-01
-1.487204672439216835e-01
-1.235948500820503032e-01
6.213984465198495455e-01
7.305212566885498360e-01
1.631474172726627980e-01
-1.043830119810877088e-01
-1.229369531738788435e-01
-2.606697498570108573e-01
-5.753292716765636694e-01
1.491635807225091814e-02
-2.763829464441577843e-01
-1.233336052973907360e-01
-3.337225432189331320e-01
1.847086484150949059e-01
-5.730956747930709971e-02
-1.322981705286536136e-01
4.110922273283416084e-01
1.196745258261685402e-01
-4.300511577890998860e-02
3.938094762975770102e-01
4.156942022644238288e-01
-1.476894424483715662e-01
3.697305841501277723e-01
6.174695376423866566e-01
8.152847737343608125e-01
-3.513339725354406862e-01
-3.173791519238954861e-01
-2.158740662088937945e-01
-5.097149863665151326e-02
-3.349667735216210751e-01
8.036813448639482105e-02
1.145441451052946341e-01
7.044635292195444709e-01
-3.263610336527295042e-01
-1.892426314998152947e-01
-5.586456657416239979e-01
5.390770098787106557e-01
-1.424224374470140775e-01
-4.353491019231740533e-01
-6.120434250992679015e-04
-3.727959760054698202e-01
1.738915070934833329e-01
-4.827580591597463444e-03
4.246808217724620249e-01
9.498885657303030028e-02
3.320252587295173252e-01
8.063911913267107767e-03
-2.000730779938686699e-01
6.276663821486632155e-01
-5.342129137622434465e-01
-6.454731530147673757e-01
-3.190080743345235503e-01
-3.355510847930937568e-01
-6.578135535894140684e-01
3.248191391064586542e-01
8.928342487008329442e-01
3.267571009462840181e-01
7.912802455600623230e-03
-4.416467530953579468e-01
1.711979698185995269e-01
3.444515928330164067e-01
-4.521457984680950504e-01
8.549528633124019172e-02
-2.512089832927305588e-02
4.637737694383646803e-01
5.533978542446141846e-01
7.093796758280335180e-01
-2.630052337848606814e-01
-8.116230545403475827e-02
-2.777616341639409514e-01
-2.291281840773041201e-01
-1.114582215346569261e-01
7.626499440186440548e-02
2.239602106862841335e-01
-5.664247206259583889e-01
3.973790434070229027e-01
-1.344565497080638383e-01
-6.678895273484035389e-02
-2.304323069806436530e-01
5.276978419607306625e-01
-3.328574531019435900e-01
2.154238487368650978e-02
-6.502012364980941372e-02
-1.069557680961438495e-01
4.613871659568702932e-01
-6.733486295598856142e-02
4.761321328364767069e-01
3.112505568300375502e-01
2.699355888872567166e-01
6.837765475079220223e-02
-8.947714937517979861e-01
-5.991659054378825622e-02
1.625785436785901483e-01
-1.609125498040877289e-01
-6.440650680655019000e-02
2.905894824874934446e-01
-9.851146707518396162e-02
-1.487059764404486395e-01
3.293390084660940964e-01
-2.014398561965440385e-02
-6.763847501289928232e-02
3.138562513532830445e-01
3.049030974782153403e-02
-3.036974655073703122e-01
-1.395710642388547640e-01
-5.664174349391197794e-01
5.571793874012491432e-02
-4.831344194870136333e-01
-1.489319488236599265e-01
-3.425412893358223410e-01
-9.050697346810032684e-01
9.255120361651573146e-01
4.188924416151755536e-02
-9.057212854568926774e-01
-2.375398934911822635e-01
5.282149214181797170e-03
-3.418141314925082774e-01
-1.088690729378072042e-01
-6.292816853325879922e-01
-1.392835106901027520e-02
-1.333190611128177161e-01
5.036570655800579610e-01
1.550447669391058769e-01
1.508228456499274839e-02
1.170274352816668001e-01
1.533705874462856777e-01
-3.709522324224072687e-01
-6.073848599494755529e-01
-2.080112478397721787e-01
-4.131714244816350190e-01
1.443881248933845951e-01
-2.533192600777280437e-02
-2.313641727827346617e-01
-2.312901861261975056e-01
6.437284048420801597e-01
-1.947169815033054571e-02
-2.010634180238602409e-01
6.325913141983995347e-01
-3.960457025196759684e-01
5.336940244581878101e-01
-8.407508223834896099e-02
-2.893875370403407032e-01
1.136504115689514760e-01
2.871153223225023088e-01
6.803173645897480082e-01
3.485736253910609039e-01
-1.055268320481012878e-01
-2.734374625936876191e-01
2.820184146370441347e-01
9.248525302546356519e-04
4.022825629170029837e-01
-3.473745148826917761e-01
-1.060428778549176165e+00
-6.959396523101453180e-01
6.422380171807329230e-01
2.034593430992554519e-01
3.193654378561677221e-01
4.507885889670515955e-01
-1.232846812125955732e-01
2.405497543930429083e-01
6.669122130415227057e-01
-8.505951465533947986e-02
4.468013770169757537e-01
-4.271590667526092844e-01
4.137453370008301046e-02
4.706677284116030785e-02
4.665192004327410880e-01
-5.405740161252556852e-01
-3.482937040351087865e-01
7.499506529725517012e-01
4.732353572320549540e-01
2.234018504568699715e-01
-7.222798830256760283e-02
-6.927055760600239753e-02
-2.084889277958816844e-01
1.536385558627772208e-01
-5.813962346109995405e-01
1.327706153672190414e-01
-2.416451703867893153e-01
4.710369453710165355e-01
9.491708269622048388e-03
-4.392501369869634131e-01
4.320353248497554310e-01
3.480563258630037238e-02
5.095207331889310964e-01
4.796943959372783617e-01
1.692752959548292080e-01
2.851569670784855348e-01
5.425170904592128973e-02
4.531125942832803233e-01
2.403701238239999149e-01
3.945001342996256599e-01
-9.511315657952174041e-02
-9.498866862581875070e-01
-7.852249210473445373e-01
8.696268415838093180e-02
-2.294626661599921680e-02
-1.812325787580599395e-02
6.793576831192972287e-01
-2.196616685201546737e-02
-3.700598470584287591e-02
1.299889944875145253e-01
5.061549912705805010e-01
1.857487611932531202e-01
3.305149818141367990e-01
-6.997072642417041521e-01
2.807647288297780985e-01
2.683092854360658031e-02
7.499246478934742943e-02
1.959605935291068024e-01
3.843826012946123805e-01
-5.358517743922065479e-01
-1.067763690129842846e+00
9.049559397149617990e-01
-4.749197161093366426e-01
-1.003100251348008620e-01
-2.078968470899017484e-02
-5.249911717374404763e-01
2.146252391419051220e-02
-2.588590751506175680e-01
4.446576233316102966e-01
-3.268431722719652988e-02
7.725595911032070440e-01
-1.989651067917256877e-01
4.582193504908230741e-01
2.975138710458504199e-01
4.260020438167053669e-01
-3.364556795094348907e-01
8.486071303025845280e-03
-1.380242915809318238e-01
-7.592848314467745552e-02
-4.434168952514618844e-01
5.623795432873623934e-02
9.823919095861767536e-02
5.149795460167514438e-01
-3.138747990532783083e-01
-3.005644522532224805e-01
-4.831319982336811369e-01
1.699550873168077236e-01
-2.913271318420348477e-01
-1.037211803385786335e-01
6.019781132617891828e-01
-3.001563452682933786e-01
-1.954348020981102052e-01
5.890707857384926971e-01
-9.037662456052452109e-01
-2.572666967440120911e-01
4.947385549694043316e-01
8.987012801397717965e-01
3.488557630077310234e-01
-1.105153487839914961e-01
-3.373870107504195470e-01
2.475780803314649725e-01
-1.555097707557179243e-02
4.958129091524806631e-01
4.175889312067987968e-01
5.239259785147272475e-02
-2.418194150609461190e-01
-4.195806113162754425e-01
-6.813174331910394343e-01
7.733939064838146749e-01
-4.290180459583121664e-01
-4.942554571308088729e-01
8.053257589001619476e-03
-2.660915416837697500e-01
-6.384651214875661784e-01
-4.538560813490554735e-01
-1.122398513772225950e-02
2.612809715839666258e-01
6.471262922227696279e-01
-1.894296581144550018e-02
7.811850743021718779e-01
-1.725026275596505676e-01
2.915854745929349900e-01
-8.208283995046037340e-01
1.500213566958076283e-01
9.182215394209296278e-02
6.363980645218647592e-01
-5.395848954677990444e-02
1.596829682141760742e-02
2.706816202134680882e-01
6.868806047967718209e-02
1.639262506593563984e-01
2.023080976054019986e-01
2.857521941256587761e-01
-1.299649991327488374e-01
-2.127471258116950814e-01
-3.104840595953802795e-01
3.690593290650189817e-01
-5.265982867074926743e-02
-1.324658175329818388e-01
3.240720436700072482e-01
6.898979235470141802e-01
6.417016998826552410e-02
-2.131005648429966925e-01
-3.147006598812551736e-01
4.908947129066060927e-02
8.552941265833235995e-02
-8.846217059691759976e-01
8.033030733195098416e-02
6.776494590382249328e-01
-3.002334268204924772e-01
-3.305659845742994207e-01
4.174220864474238457e-01
-8.177331931789678932e-02
-3.018880208922526953e-01
2.725744366315708267e-01
-3.345038265159507307e-01
-5.687475756054151121e-01
5.325399170150721950e-01
-4.766367688998576768e-01
-7.383391191616600624e-02
3.673174266471351812e-01
-6.040934980463795734e-01
7.949431279810769135e-01
-3.308844489893401075e-01
-2.085378062070749605e-01
-4.932149550400993787e-02
4.811308362320217968e-01
4.989297411565749574e-01
5.373656313867752887e-01
-5.334859711476015037e-02
7.620584152391430832e-01
4.342518122246273871e-01
-4.765228589192778696e-01
-2.746725980091601627e-01
3.044401695651927087e-01
-1.317878317667773580e-01
1.417165446954685715e-01
3.820898158189389715e-02
5.603063379063155658e-01
-3.788021137662866411e-01
-4.732079218019539235e-01
3.826323619610966231e-02
-1.640214655354302609e-01
-4.086842795459267319e-01
-3.708971776271496323e-01
-3.259847750053221915e-01
3.125595227613770510e-01
-3.227373081006743583e-01
-6.321738228363811274e-01
-6.692167461681081120e-01
1.807670010462588128e-01
2.143187487151252957e-01
-1.551430798707839065e-01
-1.451218097261435802e-01
2.169920273284825230e-01
-1.333014800971952685e+00
-7.240162262249907332e-01
1.794160725608248685e-02
-6.827091957359109342e-01
1.056356869551261513e-02
5.036018994881084065e-01
3.559108425129061670e-01
-1.360461171490171817e-01
-1.108338497252007171e+00
-3.149092555834884788e-01
-9.872499583842953008e-03
-4.886547710250176979e-01
-1.883389509088268798e-01
-7.476881601476439987e-02
-5.998422822890819850e-01
-4.108008063377075469e-01
2.021163637711920757e-01
-8.698826493486604416e-01
1.519591801652336871e-02
-1.226300571837357217e-01
-1.027218549594833552e-01
-4.854387234234957549e-01
-2.818698521013381919e-01
7.737356826483076100e-01
-8.726708237219313324e-03
7.738660249451217998e-01
-9.732080668699119030e-01
-4.840683918043595657e-01
1.294354594458353436e-01
2.254826224439591686e-01
-4.032831838634622079e-02
-5.670365025151197225e-01
-4.635003023222455387e-01
3.800782315434169112e-01
-8.479196512884404346e-02
4.083703642920299970e-01
2.218704431524270715e-01
3.742740379196394240e-01
-1.026209935792993910e+00
1.623693254569092137e-01
4.725344599634552778e-01
-5.595384326883410253e-01
-4.188162154253768921e-01
3.013156246752458634e-01
2.238229393316658322e-01
-7.200822368249089056e-01
3.666629015172499506e-01
-2.437723331290453654e-01
-2.846773145506409364e-01
-3.686655035801142954e-01
4.559117804097712057e-01
-5.702445560089234311e-01
2.169502755653703874e-01
3.610829889832563033e-01
5.872109271019556598e-01
5.969902541801830331e-01
-3.248484280045574879e-01
5.514414328390687681e-01
2.006604056357728094e-01
8.051956113804949189e-02
-4.264084096561474024e-01
5.908324109128649387e-02
-8.783650089743889611e-01
5.052991056989259988e-01
3.703452730500104984e-02
1.957458898351480958e-01
-1.753122100612914402e-01
-2.668045660207033487e-01
-5.250658066759987808e-01
-4.659068365515756094e-02
1.705224923711733953e-01
-1.588253187529768962e-01
2.662884322922035030e-01
1.623765586328336785e-01
3.506415751341498410e-01
4.627418396150205226e-01
-8.676160233189111892e-02
-3.095308738829045669e-01
7.218433416526754964e-01
6.066562765008576275e-02
-3.915758977453190903e-01
-5.483311900126461857e-01
7.260669715935638147e-01
3.042646154318887075e-01
5.668163441331030006e-01
1.680104973822565961e-01
2.977747043860238044e-02
-3.625372896040650050e-01
-2.128406406928256556e-01
-4.178640847306586137e-01
5.467392295446700246e-01
3.002690137669988824e-01
-4.799781173660297440e-02
-7.231474339391310568e-01
8.408423751157667603e-01
-1.061772962399010478e-01
5.191806559019214173e-01
1.259638157372596212e-01
-3.587690492406216403e-01
-7.348512193983629537e-01
8.089863184296489096e-02
9.689950541821489016e-02
2.449945476655024656e-01
7.112378111676920245e-01
4.289245754134147215e-01
-7.358292871296390203e-02
-3.446162814937511754e-01
4.498109247156481527e-02
9.815295498156020315e-01
1.492439725920660931e-01
5.100599742797735925e-02
1.580384185647400186e-02
-1.077426797686193150e-01
-3.427550859849022857e-01
4.098595917362183316e-01
6.490635084902892649e-01
1.159592454343944951e-01
-3.959515295987514616e-01
5.877170897766154090e-01
2.731775717095508149e-01
1.224306259410573583e-01
-3.119765964624431898e-01
-3.992638168145711264e-01
5.239485819664188027e-01
4.290169697671841753e-01
-8.627472026146530970e-01
4.908125725923530025e-01
-5.486770919966516002e-01
1.130533430293906155e-01
2.308431407498165999e-01
-1.017009424888201952e-01
-2.861730818441466373e-01
1.451458104909295055e-01
-4.874194825941152720e-02
-2.687954755322597977e-01
4.507411569415226832e-02
4.423950841591547944e-01
-4.701802962693097387e-01
6.582749966622002125e-02
-4.466684811322226833e-01
3.276571963641684015e-01
1.242652219632721655e-01
-3.430726919528290786e-01
-2.207886112647560461e-01
1.179340811708867454e-01
-9.053897656730860444e-01
7.208768260865661137e-01
3.330589315339377854e-01
-1.273053498716286480e+00
-1.933908726240208820e-01
5.475388765962806853e-02
2.807702633449045138e-01
2.073164425637561148e-01
-6.803941149441506964e-01
-2.847562115195903520e-01
-4.360681367457163726e-01
-3.003624111279594722e-01
-1.382658673743452915e-01
-2.583753437282257925e-01
1.600256687783169207e-01
-3.765398709414110590e-01
1.253565780620571057e-01
-7.314144070021666444e-01
-4.130964637562338782e-01
-5.304974077845107105e-01
-3.911945528872892014e-02
-5.645853858317995133e-01
-3.544598074693974810e-02
-1.896506585492207519e-01
3.409290373173167188e-01
7.234836854020817998e-02
1.208791116706717517e-01
4.408647555141700369e-01
3.695773308593903739e-01
-2.748714650103506463e-01
2.574963368067649250e-01
9.329782212874951353e-02
-1.753697955410258857e-01
9.420285931926435374e-01
-9.098524285403033485e-01
-5.731981473111120717e-01
-6.910869945152164906e-01
-1.052774571226223338e-01
4.602322515514505330e-01
-3.011324474397968354e-01
3.112051906339960775e-02
-2.102779139555431831e-01
-9.579764451418074089e-02
-2.729859955126273108e-01
-5.153695422652009306e-01
6.790290436219000858e-01
1.102819012953476646e-01
-6.731452080722972742e-01
1.533217906052410096e-01
-5.158681753930294267e-01
-3.480945035025356793e-01
3.531212561034339364e-02
-4.005752663228827615e-01
1.416992477500988445e-01
6.238509512004063867e-02
-3.142307451272186580e-01
-2.789292732794257934e-01
5.769181816543156316e-01
7.946922074504415845e-02
1.090830651924497574e-01
-5.944422516022439540e-01
2.335587641879303122e-01
4.841873178361182778e-02
-1.370112875710032818e-01
-2.556048309730372115e-01
-1.326737073069103323e-01
-3.306497675682721349e-01
5.697739605220648595e-01
1.695238466372646358e-01
-7.308764511012221243e-01
-3.021482874390418738e-01
-4.290957679094463684e-01
1.355854479846570482e-01
1.256397703116376441e-01
-2.424244006866951157e-02
4.038421409984047084e-01
-2.225300605302193424e-01
2.322518836109322415e-01
-1.919334860662803011e-01
3.080743016132413414e-01
-6.815469728796225146e-02
-7.474567166110053507e-02
1.534292446035459001e-01
-9.542618462271053315e-02
8.070157200050442903e-02
8.079113313758063963e-01
1.453041189142051659e-01
3.713411708269589440e-01
-7.353160245196994627e-01
-8.845164642914005171e-02
2.224581626863866290e-01
-7.341524565839462335e-01
-4.772319457427852685e-01
-3.968241980655896201e-02
6.775645728399514178e-01
2.739538728902944920e-01
2.525960988970050308e-02
-2.998724521180164415e-01
-4.682814351125765828e-01
5.334848298707574044e-01
-2.784806795258810697e-01
-6.268442917015952798e-01
8.120600346458310970e-01
-5.400821797937476187e-01
-5.268289105778084513e-01
1.252611076440039717e-01
3.123940562027743839e-02
4.323699132573206594e-01
2.044784232794172041e-01
1.167660097654093510e-01
-4.557056553500951068e-01
-6.431729101234772150e-01
-6.048639713369008408e-01
3.796518290503699267e-01
-3.566288208533834325e-01
5.046674206264196716e-01
-1.067923873946335922e+00
-1.394400322085991017e-01
2.296532218929802915e-01
7.834237978576056305e-01
7.150334452489139903e-01
-4.311800227875831615e-01
-1.333137195923413953e-01
-4.605334897905702385e-01
8.892204813809168051e-01
-3.376115292785595856e-01
-8.692315214392590805e-01
-2.890649805067712630e-01
2.657891361321644275e-01
-3.380657484773833543e-01
-1.831915511007905506e-01
3.194669576712049763e-01
-5.711532261654597153e-01
5.726333681848200241e-02
7.389237138265725147e-02
8.086322611246318792e-02
6.020702884168364910e-02
-3.719904269499584304e-01
-5.781774031833050165e-01
-1.366052830669164941e-01
7.872112268621906939e-01
-2.992749450485628904e-01
1.011343946053566423e-01
3.920614537310985748e-01
1.371963950181062375e-01
7.359321052610530156e-01
-1.187683810968437337e-01
-3.610410856193943530e-02
-4.660125158505838971e-01
4.292348636932706851e-01
4.694614264857143171e-01
-3.166009370537880563e-01
-3.165514974070712806e-01
2.345576804129216042e-01
1.352060516029661708e-01
2.847328197308116038e-02
-2.432917837721746690e-01
-6.534722574150111374e-01
7.632954193218459693e-01
-1.132570287676672727e-01
2.343792043726178331e-01
4.752324266601548608e-02
3.662846891103320457e-02
-1.347081409524227835e+00
-7.143800998449377770e-01
1.688735797366431590e-01
-4.535729705034729498e-01
3.785083211328338360e-03
2.241071411146890180e-01
1.031257771096180664e-02
5.052646748761300266e-01
-5.781296226431067442e-01
-4.518604697340745657e-01
-1.160438115562776873e-01
1.386672835135705495e-01
-1.218831960101862899e+00
-1.081628997418791482e-01
1.370334138414215641e-01
1.736047591379245858e-02
-4.835584694056520305e-02
-4.246414427629282007e-01
6.518838946433871961e-02
2.982263950343758685e-01
-2.402144363656527337e-01
-3.634114820412497338e-01
-2.915262474397974091e-02
-5.017809656901739412e-01
2.172075073662023126e-01
3.378035847502095512e-01
-2.937064121149768336e-02
1.788511658379292046e-01
-1.013091423339968378e+00
7.531421202157934092e-02
1.635926566597740994e-01
-2.831108989275135102e-01
-2.313627614198432991e-01
1.496798216742450394e-01
-3.163810175015772108e-01
-1.274459179714955370e+00
2.546439571216129183e-01
5.895235169262431629e-01
-2.952270855914201908e-02
-2.731105282177151983e-01
1.019450731662214782e-01
-8.644902818031950931e-01
-1.130247734479470356e-01
-3.371207317268988257e-01
5.693488175062224599e-01
-4.711628580427870139e-01
1.904769478297361762e-01
2.682787617378689093e-01
1.962069053271993657e-01
2.866555052151782967e-01
6.233965329468318384e-01
-1.030028417445963740e+00
3.880098801284030952e-01
-4.298209786020802947e-01
5.305825781284737586e-01
2.522015551527128085e-01
4.558340410377001994e-01
1.111946741747614625e-01
-4.480411162294866134e-01
-2.212164664400959047e-01
4.415458601057029586e-01
6.215189136081661347e-01
-3.001964547904346636e-01
-2.380092136738829189e-01
-7.378837630655653568e-01
-3.259530185048567508e-01
-3.315626539515970639e-01
1.156693617799819523e-01
-1.375200696027978120e+00
3.368841115143617060e-01
-3.660912988293206771e-01
8.806031414161170634e-01
1.079327258636640641e-01
1.874292710844540355e-01
-2.952720100164921146e-01
4.089993995395277415e-02
-3.821749054358701825e-01
2.243747066798826018e-01
7.261197559233138754e-02
-1.965884662144897210e-01
3.546557633778320007e-01
6.158190287388233264e-01
-7.961849990435614088e-02
1.108670859762650451e-01
1.431110717421478218e-01
-8.306738182914315261e-02
-3.774436815503150466e-01
-3.631376877330152464e-01
-3.184065735073752235e-01
1.562069147307721395e-01
4.681207815995378635e-02
1.531742913360731873e-01
8.682742322245828870e-02
1.077288417501800072e-01
-9.202297371836490325e-03
-2.399043984879322133e-01
6.672407575521219214e-02
5.810061515960210921e-01
-4.016229869514571504e-01
-6.653027371416594393e-01
-5.498218634595037901e-01
-1.169793803784012098e+00
1.340080087229796879e-01
3.882402551343406283e-01
7.442008488502420693e-01
-6.550069992479790049e-01
-1.753081840618920806e-01
1.511239485282542816e-01
-9.518851895305777133e-02
3.845659146214912560e-01
1.397692493007134940e-01
1.081104853302406743e-01
-3.924101294042258714e-01
2.324344102387751188e-01
5.987943582574689616e-02
-2.685777485988206648e-01
-1.075535724249575414e-01
3.277522342245992037e-02
-6.605250232585047065e-01
-6.166477022817051790e-01
4.175028393992292752e-01
3.474457309460564636e-01
-1.308924086983688229e-01
1.666329279037217226e-01
-1.094398898781794582e-01
-1.074166837170280470e-01
2.766445608256760114e-01
-1.430177651882909018e-01
5.070760687504580755e-01
1.647217732828172299e-01
2.124367666539401234e-01
-3.901348501383414824e-01
-7.060643785069938838e-01
-3.993486200096557637e-01
8.002421211139127966e-01
-2.467706229642986360e-01
4.540173818273725570e-01
3.949788458140672254e-01
1.095034372116948790e-01
-7.427524455244315371e-01
-3.698947221962687881e-01
-5.446590267904731775e-01
-8.039400319891490954e-01
-6.709531667477426353e-01
8.185320954000693816e-02
-1.174562975401304499e+00
2.192632748282801747e-01
-3.614144642100001192e-01
6.064725028060351519e-01
-5.600865121533843416e-01
-5.847894970715572516e-01
-4.944457848673471101e-02
5.267852110246338260e-01
-4.653119886956516571e-01
-1.555661734769790416e-01
-6.637467293837412408e-01
1.884198964868167014e-01
-3.340241024237222689e-02
-3.315534694231438984e-01
6.146913978248882970e-02
-4.007739849909740526e-01
8.143435656761581765e-01
1.053510267524632865e-01
5.991201772515776236e-01
-4.619367635290428931e-01
-2.435152637731835268e-01
2.655251208615141412e-01
-3.411203212074790936e-01
-5.419653108788721751e-02
1.188555185258326485e-01
-7.808316110754449646e-01
7.495338463365579518e-01
-2.474881062650494123e-02
-1.681173909200944228e-01
-1.099383788283801122e+00
2.680673598873136720e-01
-5.039208917655865205e-01
-1.440834619278910655e-01
5.362274011727054951e-02
-3.183654515176754241e-01
2.027833035724070643e-01
-3.859982170625008147e-01
1.920419318351296867e-01
-7.093105873942854300e-01
-4.734893457388480442e-01
-2.198148386780399144e-02
7.325470806743089591e-02
-3.902126552135142257e-01
2.547806594280554310e-02
-4.679099992444211153e-01
-3.870249479540244786e-01
-4.591394459395291561e-01
-1.391934347269391248e-01
2.419684392969399522e-01
3.438887956790211420e-01
-3.968007178530891244e-01
3.636894650363646786e-01
3.717724724231824540e-01
-1.400748558713081349e-01
7.507588702741138653e-02
-7.463851250111439017e-02
-1.118982669927852391e-01
-3.460199654003989767e-01
4.383051262579270024e-01
-4.286389533137960894e-01
2.456088693292730607e-01
1.339760495033934240e-01
2.950682667900629830e-01
2.657947236175411398e-01
1.125950683142188796e-01
-1.949795558261744610e-01
-1.298073796610573538e+00
-1.515389817612580181e-01
1.595747252650753234e-01
5.788657668041328197e-01
3.949247648740737970e-01
-7.918088299993133461e-01
-4.369866701241120754e-01
1.223295202623140565e-01
3.740799830920925051e-01
3.922150317666218133e-01
4.483680226691637294e-02
5.822393001240414590e-01
-5.824151105028071429e-01
1.093929234706630393e-01
8.938824067790063221e-03
-1.319529305781307893e-01
8.980168956488475407e-02
1.121299000129170498e+00
-1.407197761232747979e-01
-3.549923961927133886e-01
-4.231589334157629390e-01
2.518960303779070320e-01
9.136058877501107567e-01
-5.005615159227498889e-01
-6.616059924607846643e-01
1.354002545384960787e-01
-4.664267509007248291e-01
-3.540237405692172601e-01
2.207852125776395627e-02
-8.483006662174298329e-01
6.298086091673175124e-01
-8.365033049384882347e-01
6.529573528934410342e-01
-7.611511574989395790e-01
5.724510270434768344e-01
-7.312568249307258572e-01
1.105488072688126100e-01
-2.500910806330663427e-01
2.212834377821251142e-01
4.809351588317666293e-01
-5.064465720825830353e-01
1.515917256933632384e-01
3.365553579725141797e-01
2.276521918203076589e-01
2.058759795489251143e-01
-7.774999427713427114e-01
-6.650469570799997232e-01
5.254622526817676054e-01
8.927094180463563955e-01
1.824339279542662451e-01
-5.172149184759239349e-01
1.072666762116609163e-01
-5.970346364634988579e-01
1.633939261652955777e-02
2.142564353903211316e-01
2.993112597405173103e-01
-6.556382493764157937e-01
3.692294193283939818e-01
5.178353695380079058e-01
1.674383875992049853e-01
4.497027268044642700e-02
-2.458897817286282983e-01
-4.826164529807907000e-01
2.205698432190177083e-01
-2.221407670783628330e-01
-6.881361443253412036e-01
-1.750679615999467253e-01
1.413322957615537057e-01
-2.526681214685652654e-01
5.029628775369007765e-02
-2.989406364245766889e-01
1.530055465650943247e-01
1.983680473156149981e-01
-1.686682355794388022e-01
3.107313661976887076e-01
-1.554449802919757873e-02
-4.015902401039791458e-01
-4.959942235122326015e-01
-1.380441150585660082e-01
4.630970459069452261e-01
1.192836119424713209e-01
-2.544393020561087626e-01
-5.852892915959073683e-01
-7.160333726569627633e-01
3.145456222407223001e-01
-2.355419635409056189e-02
-6.228952300911493323e-01
-6.231998102654660032e-01
5.075739821092382087e-01
1.741076430741319570e-01
4.571110644384470678e-01
4.449985879619999807e-01
1.353223960228218115e-01
1.429829859933424707e-01
1.910924909382416548e-01
-9.795907641549599365e-01
-4.710686473413428499e-01
-2.363548429195750367e-01
-8.421824636793520669e-02
5.741255410455058383e-01
-1.310303469612187355e-01
1.590593459988994818e-01
4.736241135649624234e-02
-5.763878626948151784e-02
-8.437388860803998747e-02
-6.435639299625119936e-01
-4.821176380449537779e-02
2.597891313181913686e-01
1.477763299168796673e-01
2.079006589083006451e-01
-9.395642353859694207e-03
-1.308622105330267127e-01
2.212861696059037486e-01
8.515554756990688368e-02
5.352025722031238386e-01
6.492829770970290904e-01
-4.049828664420811464e-01
-9.746003582292644962e-02
1.575782407564838561e-01
-3.798073240473600620e-01
-8.539245332214738804e-01
8.570100383233667518e-01
7.445733572190360583e-02
3.946491914354054997e-01
-4.185543711565424818e-01
-1.522970737553197285e-01
-3.446612340665497487e-02
-3.170394528873567430e-01
-4.492983558278607070e-02
2.218561313839488291e-01
4.916001488322782609e-02
1.844646842871989489e-01
-2.513141170263901158e-01
-3.093366634038619001e-01
-4.236869960684350178e-01
2.055274923523761621e-02
-2.960945458790652518e-01
1.433752309870151231e+00
-9.656653440319011572e-03
8.030188538778781915e-02
-2.189193830844932132e-01
1.958896345688088819e-02
-1.620971538091487418e-01
3.647872856923690676e-01
-3.850931735572404868e-02
-2.492568537639812121e-01
-3.258995811658492170e-01
-2.818144962356795569e-01
-1.902426694922363937e-01
3.139522505356965310e-01
4.219094497140398747e-01
1.154290365219858006e-01
8.716402871277564302e-01
-8.318690426702762819e-01
2.289081899574153811e-01
-3.508942835559584195e-01
-3.353439651932316190e-01
1.120542848116884704e-01
7.529201510843513967e-01
-7.049011565799190304e-02
9.113560756623186043e-02
6.054852465143811813e-01
3.622098453833810794e-01
-4.979406282721879351e-01
-8.290723888608275693e-02
1.688589036995220283e-01
-2.877144157972796323e-01
3.828901878318502483e-02
-1.979735127510373616e-03
1.143433879654615903e-01
-1.783366416416927169e-01
-4.532698429128361184e-01
1.127412534896317375e-02
2.311317602276624916e-01
-1.768754788618593921e-01
-3.315794214204615398e-01
6.214773038431453678e-01
1.366411568283042166e-02
2.285839912257796591e-01
4.871876285911044269e-01
-1.396921269310903158e-01
1.138072160446061687e-01
2.187724943287363000e-01
4.406292629630783608e-01
1.983286893963696340e-01
-4.687664907473475528e-01
-6.995499795657398323e-01
6.315203563298890099e-01
8.487775195911118065e-01
-3.955884945612804793e-01
7.997033609850168201e-01
-1.974558857837619974e-01
2.096213008854770909e-01
5.674541760011749814e-01
-1.500752508300351729e-01
-2.249115453450928337e-01
9.888382596329493845e-02
5.929254680337399108e-01
8.714800034760737946e-01
5.812693136653226955e-02
-3.080353028031563301e-01
-1.582948613455897879e-01
6.320262900213458046e-01
-7.599227011254425235e-02
-1.358584506606407560e-01
-2.564084010993107343e-01
1.728018975424744919e-01
-3.138052872763493206e-01
1.223322273948246608e-01
-3.781605424987593000e-01
-1.036192187231085859e-01
7.186599623470369957e-01
6.605908364735719740e-01
-2.783129825588512851e-01
2.737107145981043099e-01
-1.826377722580657392e-01
2.143750438874691411e-01
3.128924342289182148e-01
7.490411162520610455e-03
6.660997412567194742e-02
2.656457186249956415e-01
-4.735842964155021484e-01
1.020529730591504536e-02
-1.326881430718102051e-02
-3.391236884637375271e-01
1.287890249878355653e-01
1.852178436657038116e-02
-2.212979101513737612e-01
2.819820047991336565e-01
3.620901200159987177e-01
6.894122962030557744e-01
-1.614266062100844779e-01
1.440875514346665609e-01
-9.765781280290844468e-02
-2.314186235042026696e-01
-8.881983768793957346e-01
-4.021007696179479396e-02
-2.310132952737969925e-01
-2.046612224848332051e-01
8.228324588869274647e-01
1.099502148383021127e-01
-2.998036336519361300e-01
-1.325756399073756420e+00
1.033962215703667503e-01
-1.082127349381981629e-01
8.616221572220750247e-03
3.802767652522637265e-01
6.413547598780091619e-01
2.531061712936241159e-01
-2.943130142552689010e-01
3.748742091768694218e-01
-5.255023637644065104e-01
-5.871992182933325477e-01
1.101665243179461573e-01
2.112638087282187604e-01
4.294099785996028373e-01
-2.897451854404496374e-01
4.650137695331248849e-02
8.511714916651112739e-03
1.055454343915844667e-01
4.378344191373146344e-01
3.072123398522984966e-02
-4.560551659165404392e-01
1.893080863386557011e-01
1.379596047667192571e-01
2.912979368169781869e-01
4.436819291646600105e-02
-4.360461422184229441e-02
-3.272677844713857698e-01
-2.858499862150865045e-01
-3.574863821922701357e-01
-2.059592521251885355e-01
-9.817275691147173688e-01
-1.295298050685025348e+00
-1.779410932862592609e-01
3.114802696749262578e-01
5.467898450215899486e-02
-3.351506591410989555e-02
2.210031028649656060e-01
9.032268254459732137e-01
9.323843507622044946e-01
1.109751324844060055e-01
1.673113720011598915e-01
-4.197350817804379464e-01
2.065330014911402889e-01
4.340645123222574009e-01
-2.406986452233099427e-01
1.354449410516093966e-01
-1.951494010702343185e-01
2.460750982375656537e-01
-4.768556070463395025e-02
5.020056329810714812e-01
2.084925473158130427e-01
-1.472988433202533642e-01
2.422223580359722517e-01
-6.209993909023617809e-01
-2.120619797597263212e-03
-1.811577154932514366e-01
5.502494281338528304e-02
2.381094989559406905e-02
1.304899892903769454e-01
-3.705360747828329027e-01
7.127217368827781785e-02
-1.766542033449665650e-01
-7.907747625413292791e-01
1.786997331653280563e-01
2.684505533692683743e-01
-4.368530174231491925e-01
8.112701733498701717e-01
-1.500758027410718509e-01
-2.910661199449361414e-01
-4.370276284589616478e-02
-6.441134946931380556e-01
-4.117517028228183107e-01
-3.076233428316140772e-01
6.467959093581279739e-02
-8.029959725417621375e-01
-6.131502466341943736e-01
-6.999291279984248826e-02
-2.206055167776286297e-01
3.558905726785239754e-01
2.748340285637617675e-01
1.658878561527708240e-01
1.376182899035110208e-01
2.778619736059019241e-01
-4.157298779357933571e-01
-2.091468318650594738e-01
6.306940384849066827e-01
-2.171458636316822011e-01
-7.486559181533103402e-01
3.996376359178028248e-01
-3.447249068727806232e-01
1.359343666594507449e-01
4.067051312634797355e-01
-3.090097545642876975e-01
2.943389924232754917e-01
-4.300356009615711739e-01
1.011056125350479062e+00
-4.379324861276001069e-01
3.113147569864162523e-01
2.150135347490564619e-01
-6.122897061100738281e-01
7.225872810202013663e-02
-3.297028858291338738e-01
1.582275152673168206e-01
-4.000930842883515526e-01
-3.620300031399671381e-01
-2.387821129539584031e-01
2.211218403955104161e-01
4.660390686677253758e-01
-2.526873558801864816e-03
9.265235317957791761e-01
-4.422570093065597563e-02
-1.009794882297696983e+00
5.015444095036121208e-01
2.944108241651304247e-01
-1.058180429238907649e+00
2.153526210791142370e-01
-7.416600963161388282e-01
-3.378352520551583527e-02
1.800650991252966682e-02
-6.686268940115200343e-02
8.929398525069773274e-02
6.728514426372456114e-01
6.160009224044930010e-01
9.046736574110875173e-02
7.201853487811804219e-03
-2.782850895714497272e-03
-3.645394420193069918e-01
5.117332007573600627e-01
7.454437463163124389e-02
-6.644365654377931696e-01
7.304259906296846072e-01
-2.980650468453237001e-01
3.656048183551393466e-02
2.882899543524509722e-01
3.632933825798485006e-01
6.566208877134178945e-02
-2.261587404521920586e-01
-9.515226711072895249e-02
3.525990941117111976e-01
2.775602646482306923e-01
2.279667701596853890e-01
1.582125023510505546e-02
1.944579125361341199e-01
5.307801392900617365e-01
1.072442606308359331e-01
-4.519866948500822490e-01
-1.912674770859945639e-01
-5.738667456078684337e-01
8.884590559945859667e-02
2.332605281948733900e-01
3.384462225870835672e-01
2.125010271418458774e-01
3.174836753537133016e-01
-4.420003259787304573e-01
-3.817886495036084682e-01
5.528490218266053358e-01
-9.495235711493675845e-01
4.311161739954855188e-02
7.237358010234162808e-02
-4.011451758212793428e-01
9.141020014302717045e-02
2.162906759647171273e-01
7.694712812503454180e-02
2.680523797347769688e-02
5.748346417334445624e-01
-1.390864833126869704e-01
-4.595676804140422234e-01
-1.677375539575809704e-01
2.527214959579591746e-01
4.512139605815809751e-01
1.665317085056734481e-01
-1.750148933426542985e-02
4.808647867589967984e-01
7.690676057664661558e-01
5.090924637725934288e-01
4.475625199316257685e-01
-8.362589599647307637e-02
3.763213705398142372e-01
4.472511021498929429e-01
1.518710232420052431e-01
3.764225543912527727e-01
7.209727086779668670e-02
8.362441877048368832e-01
3.445634264883537523e-02
5.599327009795271870e-01
3.077780735385339805e-01
7.249753755579364523e-01
3.373882548692189176e-01
5.008789108491070730e-01
7.273981513265463938e-01
-2.799923090254547442e-01
1.165110751860092275e-01
1.065952783934281528e-01
-3.194695006281737804e-02
-4.998818419437400795e-01
7.168420607956725588e-02
-2.466356375969900316e-01
-1.005015307469175334e-01
-4.900051842095738686e-02
-3.618302914599111908e-01
1.813384014455420024e-02
3.589133198831689908e-01
2.835166569085421917e-02
4.391930908922970778e-01
-1.434384189097488438e-01
9.518929361922591204e-01
-2.054184807894458009e-01
-5.058005719402003386e-01
-2.530728749709437730e-02
-3.200973601142433345e-01
-2.053660774349119200e-01
7.402890962175794343e-01
-5.799547275385887879e-01
-2.391649492662449861e-01
1.063012086712739279e+00
-4.747118150864235719e-01
8.264682887236479703e-01
8.047493158402878599e-01
-3.515529726285826495e-01
-7.368953428932233374e-01
1.255251340015799688e-01
-1.509735085531215271e-01
3.629838015789701999e-02
3.662603242926618097e-02
6.546568346612240408e-01
-7.244401602966751286e-01
1.827682779637576915e-01
4.418055505752914169e-01
-1.758571219673266406e-01
-3.279974126630604003e-02
7.299792495961800187e-02
-2.857115472345249652e-01
6.933442919517104341e-01
-9.560604730492044956e-02
4.703717736817236705e-02
3.759686562689907863e-01
4.961704996825971881e-01
2.746704233013405605e-02
-1.331879971251104522e-01
4.000967128585302679e-01
-3.143881436687325781e-01
4.049151897566099501e-01
7.127398964332112841e-02
7.345557954274384294e-01
-5.287444427078345777e-02
-1.991689143451127741e-01
2.882335828098177566e-01
-5.219974122836468222e-01
6.105235548864820228e-01
-8.010818085760870177e-01
-2.983825900598724434e-01
3.701675231512896458e-02
9.619368931816049684e-02
-3.549879166879191805e-01
-1.959612126190700132e-01
4.259372930109585065e-01
-4.080788472247457999e-01
-5.518721979352900209e-02
-2.987554184252580458e-01
2.075948135931404703e-01
-3.711394724156976688e-01
-4.663266153535174097e-02
-2.956229500793032816e-01
3.331161569774849784e-01
3.189234101464716864e-01
4.234125358705714826e-01
-4.932114547762190271e-01
4.526866573333619970e-01
-2.739409560035760416e-01
-4.052355437172955321e-01
1.658063561711592970e-01
1.603751373522488977e-01
-4.148834738084753448e-01
-2.909138358895855814e-01
-3.472013983942065507e-01
-3.282892787202609797e-01
9.597013365016772435e-02
-1.291813558491046732e-01
3.476949530971662483e-03
-9.427043500946596932e-02
-6.188647458778103738e-01
-1.099971589050619869e+00
2.922078952641486982e-01
2.212354538709854213e-03
-6.060812800066896905e-02
5.278079461532184102e-02
-1.415521808583891095e-01
5.153786922479183796e-02
-3.818664079470088235e-02
3.732423530172476744e-02
-6.210009165026184608e-01
8.836284679160355537e-01
2.011693980057716047e-02
1.202662995866380369e-01
