7.480000000000023874e+01 0.000000000000000000e+00
6.100000000000032685e+01 0.000000000000000000e+00
7.720000000000021600e+01 0.000000000000000000e+00
6.340000000000033964e+01 0.000000000000000000e+00
9.460000000000005116e+01 0.000000000000000000e+00
5.200000000000031974e+01 0.000000000000000000e+00
5.620000000000031548e+01 0.000000000000000000e+00
7.660000000000022169e+01 0.000000000000000000e+00
7.300000000000025580e+01 0.000000000000000000e+00
8.980000000000009663e+01 0.000000000000000000e+00
