9.284833001038649281e-01
5.231632004018060833e-01
-3.983728368000715725e-01
7.403484337386541103e-01
4.010744423327759489e-01
-8.373390802129415666e-02
4.154962171564752227e-02
-4.112340419632510291e-01
6.514062380159411081e-01
2.097205186456416737e-01
4.678583430451572212e-01
4.346124827417071623e-01
-7.537497729979361627e-02
1.094707518888084208e-01
-4.589217015840471592e-02
2.547724424697301315e-01
-4.180591467128729755e-01
-4.137028728745422712e-01
5.750935215162444880e-01
6.660471512390488125e-02
3.037731336970463936e-01
-4.666777670711335646e-01
-2.364385068627058717e-01
4.627329344535916628e-02
1.082797655158298650e-01
-2.536538016437862031e-01
1.969754312610192126e-01
2.874642256832317111e-01
-6.421703963111858871e-01
-4.456955089013087123e-03
-7.557467076139524620e-01
-7.189299904668721153e-01
2.860145085901231177e-01
-7.303686004540246857e-02
8.999726886108569412e-02
-1.331302384432511698e-02
2.645372223667575295e-01
-1.064860581549763596e-01
-2.355634873310979982e-02
1.389423610525799546e-01
5.329559994219357916e-02
-1.144824106651821938e-01
-7.377605309013764989e-01
-2.671600851944782029e-01
-6.837441050795947661e-02
1.016334501376849664e+00
1.513994036533342913e-01
-5.520856559892349802e-01
-2.828160848979460185e-01
2.104772761149883153e-01
3.809153789866118189e-01
-1.616940033694734546e-01
-4.406001131041370478e-01
7.845237294290292596e-01
-3.465907289916435596e-01
-1.465393668748885547e-01
5.044747776687954349e-02
-7.374194937316725929e-01
4.870132304294322312e-01
3.985687535843767670e-01
-8.178701228675930857e-01
-5.407733363688552730e-01
7.284583641054225012e-02
-6.712052013558935659e-01
-3.289445094837295525e-01
-1.271795223229665317e-01
4.609940017268092660e-01
-6.875125367527744336e-02
-6.750347210881340043e-01
-2.260583627098878279e-01
3.969232925209195129e-01
3.741181355291294669e-02
6.922940732692393559e-03
-4.037529686733508649e-01
-3.553570542700937862e-01
5.463969961646305551e-01
7.699962961083964830e-01
6.916560128586246581e-02
6.316203835305197467e-01
3.542822044649158730e-01
4.113866756555776272e-01
-8.401476189192430555e-03
-1.028484629831099839e-01
-1.250109126641556767e-01
1.509219475148369849e+00
-8.879882440783246067e-02
-4.366027482722306674e-01
9.785425805129352450e-03
4.349512860043681928e-03
7.459221419395137831e-01
-4.315379684750069722e-01
-3.687064125037362583e-01
1.185287980928961149e+00
-4.619657863845884616e-01
-1.007609860418888559e+00
-4.286316127684238753e-01
2.817282436780393917e-03
3.915853993630053625e-02
-3.740660791441419719e-01
-1.280285592819647711e-01
4.039462541951949204e-01
1.339378031363700761e-01
-8.067560975804747292e-01
6.041296161059090952e-01
-8.884184640262804411e-03
7.575618178245635548e-01
-5.131444613429966273e-01
3.801730759859290876e-01
6.967161566223438740e-01
-1.843931806661231354e+00
-2.038528461955519400e-01
-2.038842192998244554e-02
-1.120982281797607394e+00
-1.210545871300950788e-01
-4.873389546068807032e-02
-7.316170708139474455e-02
-8.920375396470336948e-02
-2.731725618232874742e-01
2.705707824368241976e-01
-4.473316996019446323e-01
9.442102739802484823e-01
-1.316583291424789470e+00
-4.049683145122695560e-01
4.457834761173169458e-01
-1.467537611604426140e-01
8.003699213575188320e-02
7.743558057153296925e-01
-2.026927667263970778e-01
3.691341201625615298e-01
-3.371646823088179090e-01
-3.052342943559614996e-01
-8.634653123121699414e-01
4.848874729886250012e-01
-5.387044237628016430e-02
4.341144975076481893e-01
-3.739371592644208930e-01
-1.073006354269587931e-01
1.514982372652143860e-01
1.759278878557123116e-01
-7.464273166148945871e-01
9.764632012553452478e-01
-8.673304566208392963e-01
-5.577099411510827442e-02
-4.477110608671755476e-01
1.728336152007101667e-01
-1.894444464975761910e-01
3.062355952254516844e-01
1.028700556341022088e+00
3.433171930745464451e-01
-3.133814003834624329e-02
9.334306923557078584e-02
2.439406744697985296e-01
-1.789633027336933746e-01
-5.638081951979333484e-01
-6.012997985762102982e-01
-4.779155536245487390e-01
2.387282270059728484e-01
1.017455852515600362e-01
1.990713566311537175e-01
5.043682221574231628e-01
-1.125191458436372305e-01
6.877564035695827860e-01
-2.756781964799028262e-01
2.317761830746223328e-03
2.332418578913358909e-02
1.343322630771813797e-01
1.706934826503897495e-01
5.747559223999586520e-01
1.781425883717407954e-01
-4.667039133080131408e-01
-5.202400674819803728e-01
-2.701876942305555529e-01
-3.935190296572422808e-01
5.057168184672419242e-01
1.059514595188842390e-01
2.214385512401044198e-01
-6.146511456809968799e-01
-5.804371834849282319e-01
-3.291248985270988636e-01
-8.591605856687869469e-01
7.859823995694098508e-01
2.335506686549555511e-01
3.831887912503522536e-02
3.437519461539403354e-01
-4.525258989590094649e-01
-7.313110721480219345e-01
3.522266005076978290e-01
-5.555268909710395775e-01
-1.504638624117973666e+00
-2.267000356862989285e-01
-7.988610023515595876e-03
2.414111721775691055e-01
2.740734262865769932e-01
-2.717890375707447403e-01
3.725412657353248669e-01
-6.197280614930084086e-01
-4.051274737440701407e-02
4.226935662246213976e-01
4.279127358108387735e-01
7.409653497432187041e-01
-4.995044518122701005e-01
3.490064062267055345e-01
-6.640687117289376662e-01
2.270852777362698527e-01
2.296985051594813143e-01
-8.539462993651131262e-01
-8.400998561344587279e-02
4.959378757025087459e-01
1.032191113459681731e+00
-4.282439738090353942e-01
-2.288595578874316194e-01
2.149757652924744467e-01
7.022770729678500246e-01
5.546503925863324191e-01
6.478593051053382901e-01
5.103310218713629220e-01
-8.289916714477552073e-01
9.625401195432352341e-02
-7.378048488368178504e-01
-2.240289636537194651e-01
-7.835912297513291103e-01
-6.130975778037387469e-01
-2.229667886739668953e-02
-8.531365297159562155e-01
6.537305682916137728e-02
1.638700174814069488e-01
-3.875489786069293840e-01
-3.759353725409879665e-01
5.913250817189151798e-01
1.186361853376052961e-01
-5.929810065320311185e-01
3.914284393954029495e-01
-9.289804324649936218e-01
-2.826560273506212861e-01
8.708742851237358806e-01
1.447889856465121028e+00
7.750149265449928215e-01
-2.721447482835220311e-01
8.104835241992542905e-01
-6.940922524068214861e-01
9.767407704549638803e-01
-6.884788391156186904e-01
-8.249208757879192833e-01
1.446256198413202299e+00
4.749306144317982925e-01
6.064233138445538351e-01
1.104003302953189714e+00
-1.815588887870194235e-01
1.048132973599003037e+00
7.555023150118526098e-01
1.000300643975765791e+00
-2.673794319532447616e-01
-2.283665313448627332e-01
4.379062366420729546e-01
5.180260088146775299e-01
1.801153995396655438e-01
-1.977531065613159500e-01
-8.749349172272437025e-01
-9.484032103269607328e-02
-6.119127627264433489e-01
1.798995674489521024e+00
1.038280653151266719e+00
4.084835309414295290e-01
-1.575326859006781210e-01
6.205042208826192507e-01
