-1.462411617371972561e-01
2.592815393808051150e-01
6.169038744216415182e-01
-3.517028863678998141e-01
-2.090665549474910456e-01
1.610945126644760042e-02
-6.043768233870503437e-01
9.115218596393062644e-02
-1.516015932564204749e-01
2.693448968854550984e-01
1.906219398726167746e-01
-8.238286111247094048e-03
3.392992334227187823e-01
2.802932951006038009e-01
-1.388744253388258798e-01
-6.635119109719550545e-01
-5.201106879961838736e-01
-4.472388218287304262e-01
5.764922545115472308e-02
-3.000865758256897053e-01
-3.881483843484024865e-01
-3.543454613620413141e-01
4.588754948345395435e-01
1.836568853506611032e-01
2.687627962382371782e-01
5.244550760522703747e-01
-7.079901874926294858e-02
2.504011880754622443e-02
4.644978027642860940e-01
-3.275303897573360046e-01
3.185442963407500994e-01
-9.313437423786316560e-02
-1.961116508745412157e-01
-2.239866418300969220e-01
4.227971882837248674e-01
-3.630381064870041863e-01
2.282416011605901407e-01
-2.100495883249845486e-01
4.330267580538087191e-02
-1.882584508026762318e-02
-4.670802476994281305e-01
-4.455224487998852949e-03
-4.391918748939290240e-01
-3.408128430896235073e-01
-2.928433145344242483e-01
1.808244063199671015e-01
-5.365205853943536551e-01
-3.888972913829424893e-02
-7.498417381059426789e-01
3.824694909485794603e-01
-8.448197735574066239e-03
-6.906923533990765030e-02
-3.247965207868342419e-01
-2.908309416523704449e-01
-5.924080489168968011e-01
-1.714788757784708462e-01
2.605518119922968778e-01
1.265620800674766566e-01
-1.686374455536134576e-01
-5.578325038409863712e-01
3.002894510290335939e-01
3.342409098599407047e-01
-7.292816754805958547e-04
2.079098934090486406e-01
-1.374129318684098044e-01
1.222526903638841145e-01
-4.564448981715595877e-01
5.326074459290331964e-01
1.514062283973365286e-01
-1.680461464217876955e-01
-3.367362964038390083e-01
1.311934057653315333e-01
4.899166477760114047e-01
-3.042424813668741512e-01
-6.137554118407920756e-01
8.339226258666289707e-03
1.181268537613499037e-01
-1.385547396476292381e-01
-1.120928365413979555e-01
1.346283361067054062e-03
1.995963253585193442e-01
2.640878732802595108e-01
4.146710183808773875e-01
4.030352407472761467e-01
-3.824563260583633273e-01
2.946150171860568157e-01
-4.908848364785227680e-01
-5.219166907059014093e-01
-2.123393778045397362e-01
1.351114413307951956e-01
5.692322026217154773e-01
-3.399382158686036215e-01
-3.799933676259520388e-01
5.579572907948350258e-01
2.381816915692778480e-01
-4.816879199050339011e-01
-1.716309255604748507e-01
-5.902366633631941362e-01
2.986571524077797912e-01
-3.193094707116775899e-01
5.063527093992212791e-01
-4.101977416098867568e-01
4.603652333205805469e-01
-5.268052978064303726e-01
-2.363845086782458416e-01
2.997569120196136305e-01
-3.705896409870884090e-01
6.423472681601978540e-02
-4.870445572895513164e-01
-3.412191551866291528e-01
-4.664721699961644763e-01
-1.054730562002720584e-01
5.150763842498090606e-01
-1.631417291991477114e-01
-1.328290399050961745e-01
4.280598761853930678e-02
-3.853971824209664887e-01
5.543309403976547090e-02
-3.384188744220987810e-01
-7.038582916276651114e-01
-4.514622967994794678e-01
8.159563393484015048e-02
1.097359364997707865e-01
5.392006003723281982e-01
-3.374102696661944734e-01
-2.106281781731814476e-02
-3.962290075442687770e-02
1.882348581464938220e-01
3.178860606692771734e-02
1.231734557383256795e-01
1.235095740485486759e-02
-2.052481168004850476e-01
2.707870732905238720e-01
1.947448198736380920e-01
1.808009639469261298e-01
2.898604614362562115e-01
5.879105196656373433e-01
3.013517724873835957e-01
-1.202059339559023721e-01
-8.307934499186286903e-02
-3.379003398904421029e-01
-6.482826014583380481e-01
7.425867780580528432e-01
2.372018747569703268e-01
-6.458250235370753822e-01
1.187693620524764848e-01
-6.414469402316916868e-01
1.736450397038913351e-01
-1.209304614578987219e-01
2.688875673312436931e-01
3.926619893640417858e-01
8.529389563876144109e-02
1.781760673585678911e-01
2.035724406787245977e-01
-5.359639504900907125e-01
-2.827283252746070064e-01
3.083024292117869103e-01
-3.336439220280509321e-01
-2.796823120463836077e-01
1.181439574536421733e-01
1.277847559723422066e-01
4.407011382045838976e-01
-2.745079801182380153e-01
7.694059998961086388e-02
-7.377997338102035840e-01
-6.180042173387516602e-01
2.691039680576864379e-01
4.518295249296484517e-01
3.846924100986175432e-01
-3.972549039674391769e-01
2.932992165977538757e-01
-2.230849335825064172e-01
-1.833141351883473824e-01
-4.581365152844074640e-01
3.769233530992045500e-01
5.553683000686975013e-02
3.126758456189496216e-01
2.805528019725059830e-01
3.979857808468597602e-01
-2.157001351346754803e-01
-1.939343958849484295e-01
-5.803902690229204575e-01
2.839340344746433265e-01
2.027907986404329510e-01
1.854601003099773382e-01
6.147209462275349257e-01
-1.353936535692034371e-01
8.990869687460334436e-02
2.297542744698667372e-01
4.650266884152946811e-02
-1.509643242761361526e-01
3.166464095958493319e-01
3.775085158909410321e-01
7.054943798375454440e-03
4.885224598258693096e-02
3.665791257785573354e-01
-1.946262365545775030e-01
2.940890014481114534e-01
7.157352843965788525e-01
4.798792218035802248e-01
3.657567915083513310e-01
-4.706168124785292672e-01
-4.235555730527483242e-01
-1.045909580001320172e-01
-2.273680909684850926e-01
7.253924724305718108e-01
-4.086362337868446604e-01
-3.877176530096588247e-01
2.749787853878337129e-01
-1.862098063041544016e-01
-8.096685919896327854e-02
-3.595911925804621267e-01
5.653800639340509360e-01
-6.794841694168709534e-01
9.267052887301736874e-02
1.100590850013411087e-01
1.045605370904290621e-01
1.781996682320832193e-01
1.629911791725701109e-01
-8.196780910509871010e-01
-2.135438939389560850e-02
-5.678640168870545679e-01
-2.845346667500455173e-01
3.599137731358223458e-01
-4.194730225279797997e-01
-5.266754283274521081e-02
-1.220088378084360908e-01
-1.339400614979673922e-02
9.703144761033014043e-02
7.256215803410287490e-02
4.614929485657687791e-01
-5.292027697014204390e-01
-2.429936574519283438e-03
3.194217566256680740e-01
4.420503739932887255e-01
-5.094570424893964944e-01
-3.556720083345393801e-01
-1.960109581902150511e-01
3.330873094536493939e-01
-1.952537377964095877e-01
-7.275705159553437218e-01
-2.374163676757933550e-01
1.015881292542687997e-01
3.292411056689096838e-01
-4.654519607565782424e-02
7.534245108267554822e-03
-2.100831947821612533e-01
2.171300954140656103e-01
-7.578355773563647327e-03
-5.056334630295830079e-01
4.704693985254223554e-01
2.356585487328587969e-01
-1.403673197125186178e-01
3.373157427731096614e-01
-5.009740690055566326e-01
4.647447043158194901e-01
-3.122518148860437548e-01
-1.283175377553767982e-01
-3.852272735042710505e-01
1.577794635327192385e-01
5.321030473422563856e-02
-1.187423307007834383e-01
2.163451198823768407e-01
-2.360564096393719669e-01
-4.300761459824873900e-01
-2.427390650246678827e-01
6.557290988460231507e-01
-1.060944323236366615e-01
1.904383251981406344e-01
-3.703546131246885920e-01
7.273913511876100024e-01
-2.585149597784041076e-01
4.854924352567703272e-01
-5.121464537496955849e-01
-2.552757310365431631e-01
6.062877613241078878e-01
-2.422750616180572858e-01
4.743812183738523869e-01
4.747498896717436412e-01
-2.174169224691121505e-01
3.508757639471913881e-01
-8.542860236179275479e-02
-9.702040618654225734e-02
1.862954812479719335e-01
3.432779844003112091e-01
-2.771367347683572069e-01
-5.390805441967955192e-02
5.008338742309101366e-02
2.698216558236734008e-01
-3.349867611209255136e-01
1.052695601469538084e-01
1.066114818737315811e-01
4.840222098237048076e-01
1.479049038421254847e-01
6.476742474499918023e-01
4.142225651685372823e-01
1.301528923497503043e-01
3.653312827565948218e-01
-4.776328911247551545e-01
-7.890651597303397491e-01
1.571355495720354600e-01
-2.642801444867546867e-01
3.560693343477434603e-01
2.680044812308809421e-01
3.325263860151081441e-01
-5.468029595634582574e-01
2.526295261248264756e-01
-2.895208887296650824e-01
5.524335687017599694e-01
1.202265493009535280e-01
-8.820582090080372750e-02
3.657702717560043504e-01
8.980482009195536741e-02
4.414845721077542695e-01
4.517269920832479579e-01
-1.094211837382902258e-01
6.911287126022156446e-01
3.934216566012975203e-01
4.919178120443756241e-01
-3.158620471375628846e-01
-3.076829969506847395e-01
3.784346414294266214e-01
-5.526035853010469873e-02
2.671550809272111304e-01
-2.839054222847950393e-01
5.026402144237647196e-01
-5.097197497172176878e-02
-1.919043632215537698e-01
1.491759765700536589e-01
-4.385847743909072199e-02
5.498461287126555908e-01
-1.163399265810166339e-01
-1.629778446739667541e-01
4.242612282168629068e-01
3.388269175912898556e-01
-3.275535953928701005e-01
2.085806421546569644e-02
-5.739805473478953868e-02
2.373784419911557642e-01
1.266899785122947708e-01
-3.607790403134697454e-02
-3.669072291558271304e-01
-5.464298640373924654e-01
-4.416944088972800109e-01
2.608767336325502062e-01
-8.232694344999286207e-01
-3.710851590702712866e-01
1.889872951896193753e-01
-2.617266784702595439e-01
4.007868878332095930e-01
-7.149044986939416535e-02
5.313687229705417181e-01
3.739453458876391689e-01
2.107525121971436100e-02
3.508844554768526802e-02
-1.705602813092673697e-01
-4.552610306332794399e-01
-4.672234122966921754e-01
2.147657186786806616e-01
3.125421981086135004e-01
1.740383473644109835e-01
-4.402283831082771659e-01
6.797749388597564835e-01
5.552016955179274182e-01
3.120996562142805408e-01
-1.570123000793644252e-01
-2.273668609061166301e-01
1.726076268082898935e-01
-1.465196565420970884e-03
4.688322277081506950e-01
2.503788657511169663e-02
2.115154063877856261e-01
3.654638374264647660e-01
3.528230020675679479e-01
4.179988191583569046e-01
3.356112983405928341e-01
-4.792181931517254245e-01
-2.595880278846766920e-02
-2.162618253942131807e-01
-2.317807555243560080e-01
2.973506078120835561e-01
-4.761284420001934969e-01
-4.632997159710438018e-01
-8.720732095029407049e-02
4.736547053879734959e-01
-2.663618704660272174e-01
5.209074042615138844e-02
-2.900401240805416947e-01
-2.433746811198088944e-01
-5.819496726052764135e-01
3.829920252092688382e-01
4.390662807560601344e-01
4.636416519789110513e-01
3.545228879018088586e-01
1.770543686638145764e-01
3.411946561911537446e-01
3.060826683052398356e-01
-1.190547906590257166e-01
8.862180926993556973e-02
-3.418529696534907680e-01
1.471085803764385080e-01
2.230595074628425600e-01
-5.485861853047804271e-01
1.318788120849618273e-01
-1.467546591125800347e-02
-4.507753734884196728e-01
3.342570201689247511e-02
-4.131645724786837115e-01
-1.823967356299606712e-01
-2.632751698694673070e-01
-2.331738523424096154e-01
2.753946875681095863e-01
2.461173702040642119e-01
4.741770760905726911e-01
-6.226380053191136327e-02
-1.555861405055222468e-01
7.874458141764448804e-01
7.588206319947611300e-01
-4.074550557710140408e-01
2.738289154892468158e-01
-2.763300818778429702e-01
-1.279396144152780412e-01
1.964569235971369010e-01
1.271165887125107752e-01
1.897962566763607417e-01
2.091483849376417625e-01
-5.249827675887648315e-01
1.854062546297334246e-01
-9.237097719345724323e-02
5.494871573318698132e-01
7.104309176551013016e-02
-4.601074888574910871e-01
3.944538399806322287e-02
2.026381004730992974e-01
-4.450975237206484733e-03
-2.176284406695366269e-01
8.695483553278403333e-02
1.590291602010688796e-02
2.443971332404988052e-04
-5.966762008791677285e-01
-2.876714610731799793e-01
-1.137533545285785708e-01
3.620751872573290675e-01
-1.222821921105375909e-01
-2.634854952151637897e-01
3.332877961841872461e-01
8.945312111168764180e-02
2.181744866537131400e-01
-7.051856241318060770e-01
7.405704472377858671e-01
-8.095349847526493378e-03
8.326764969334263244e-02
8.589387035834887552e-02
7.278429585653277412e-02
-1.589193148227992791e-01
1.067852897782712029e-01
-3.727165068865325726e-01
-4.925490658778054476e-01
-4.877864994031083645e-01
3.375685657338818868e-01
3.355130795115257580e-01
2.415563699396658381e-02
4.392901702236043926e-01
1.483618176883226281e-01
-1.971862624307856027e-01
5.967999813022712985e-01
2.685613284094724371e-02
-6.726823827479442297e-01
-9.920694006716727908e-02
-2.407354194027733554e-03
-9.979594354420178153e-04
4.118751063532544165e-01
2.292129193543032684e-01
-1.431432828601263973e-01
6.677849586478062927e-01
6.735186454270123413e-01
2.883149983362143232e-01
-2.140120845861748777e-01
-9.177753231312701931e-02
-3.568649240512629106e-01
3.296580963576414280e-01
-7.499309215492541147e-01
8.809711391748345499e-02
-1.484952467986862534e-01
1.192990327215850827e-01
9.275274581607978464e-02
8.355557290946830085e-02
-9.899695305690402181e-02
-6.700479840512033047e-02
2.937195734065194963e-01
1.522335796937061003e-01
1.721414108704151236e-01
1.445248302870551782e-01
-1.954528028068953649e-01
-3.757456709063098366e-01
4.973229670621306248e-02
-4.804230608165026561e-01
8.763403107390753399e-02
2.883755623137954638e-01
-6.495482944474715303e-01
6.984865784287080936e-01
3.185296618107761879e-01
-2.208496685027178386e-01
2.651113622494205568e-01
1.252804356014684262e-01
2.445748037320236712e-01
5.389922509030203868e-02
-1.269700455345647294e-02
8.181439600839035542e-02
-1.859702178840016429e-01
-1.191496706589983828e-01
2.907142893879098300e-01
8.209416467386992933e-02
4.844461675056618843e-02
-3.009940730163283007e-01
-1.817674268709757457e-01
-2.780227472240988651e-01
1.188094051538886864e-01
3.784153895616339525e-01
-4.527534309047493988e-01
7.012878458478581933e-01
2.457873806945570228e-01
3.915687138169137160e-01
3.415317786291989233e-01
-1.172137112618173715e-01
4.213194739232354880e-01
-5.608559082358602343e-02
9.521693102682053655e-02
2.138951379672482112e-01
3.588436647868855633e-01
4.540853965939615211e-01
7.045165382159677137e-01
-1.440120378861470263e-01
-9.001620768554909058e-03
3.300183565053801948e-01
4.075122662387155592e-01
3.701433705077782355e-01
8.105443324081904044e-02
3.439254611730735434e-01
3.430947003530662176e-01
2.772694300462511530e-01
-4.645594547863956536e-01
3.862131433069215802e-01
-1.201920456452339608e-01
3.626038338374255043e-01
1.435317313971933573e-01
-7.515027827195730481e-01
1.614012094534108578e-03
-2.164840137892512506e-01
-3.336780453561252191e-01
2.133520373631210831e-01
-1.726643740093774249e-01
1.849145240285966219e-01
4.497841799851287625e-01
-5.815583534178111469e-01
-2.599703095683001536e-02
3.765866453295341892e-02
4.696178791337342062e-01
2.297028855492830313e-01
1.107292923082868474e-01
-4.560463025889895938e-01
6.439880919232315870e-02
2.490476494978796640e-01
1.895029918578292338e-01
-6.641810210251951861e-03
3.665401195681170510e-01
5.940115923622664162e-01
-1.262080004642832376e-01
4.952688275242495691e-02
2.812427078399667435e-01
-1.973669491243938978e-01
5.250637470844596866e-01
5.042808740875719120e-02
-3.966881265005339080e-02
3.928546947456666438e-01
1.905229092606691155e-01
2.464330238752506785e-01
4.592172021942956261e-01
-6.837026659302099241e-02
-4.564241910596108509e-01
-6.491102794328686143e-02
2.250112245633933694e-01
2.196720803837684532e-01
3.975141669483464035e-01
3.298644038186557270e-01
1.385209833822317049e-01
-7.443649070772272447e-01
6.731832333925336087e-02
-5.964234041284788290e-02
-2.168035292549210236e-01
-1.001067098259740829e-01
8.011106212540411442e-02
-3.478524237714912815e-01
1.199539363128088870e-01
-2.406700058282757737e-01
-1.886736595537368277e-01
-6.653278978730516879e-01
1.356023754836258866e-01
-2.996103317294050994e-01
1.737460321686917220e-01
-1.273042777438070650e-01
1.772078399822370753e-01
1.756360303028574599e-01
2.718518295641574878e-01
-2.827871407411082783e-01
3.232779297097925220e-01
-2.971431382117691866e-01
3.702933697335854535e-01
-2.645270141943110165e-01
-5.115060615226583174e-01
1.673138326646963214e-01
4.698579071393849116e-01
4.831341863702006689e-01
-3.336135352287756817e-01
2.609790236098451510e-01
2.746065711280588628e-01
-1.523092173500708024e-01
-5.903910604525604011e-01
-6.293675325166401269e-01
4.866205748094144523e-01
2.171371598486240007e-01
-2.987699301138778130e-01
-2.244847020311638575e-01
4.972932178794573499e-01
-1.296916886543843794e-01
7.436751455078295381e-01
-4.531815640799002898e-02
-4.580772031222121732e-01
1.286791574476214561e-01
2.889561706893109538e-01
1.441128694221043005e-02
-5.161014778657776469e-01
-4.202432809746446951e-01
1.985136587802584507e-01
-3.619100397163937943e-01
-5.374987424159689553e-01
1.114711599342460280e-01
-3.253228703610899775e-01
-1.071929571536228976e-01
-2.198092604091961277e-01
-6.836701847170549851e-01
4.295958160086026795e-02
7.326117693349210036e-02
4.662699329009714067e-01
2.053397410151982239e-01
1.716107927726526206e-01
-1.511735368331113549e-01
-5.121609752786317193e-02
6.562518903666116898e-01
-5.010519431715779182e-02
1.461303723828393658e-02
3.453394706043438900e-02
1.703501563654552520e-01
-1.511873099531815534e-01
1.654991221921160438e-01
-1.431422881654004775e-01
3.110157696818808271e-01
-6.686313768861348317e-01
7.561690234703927205e-02
8.826535309925970241e-02
2.998020275356111375e-01
4.256926868730946945e-01
-1.942218958603551537e-01
-4.489943625588573850e-01
-1.306940564181136855e-01
-1.302453996729675822e-01
2.347878797045495070e-01
3.078143930118831251e-01
5.702663056412425602e-02
4.805686389133048131e-01
-1.477165506613209098e-02
-2.211164985647607606e-01
2.951221682295004922e-01
-1.889870835076724875e-02
6.744699924351374998e-01
-2.937370972099351274e-01
3.378470674658993200e-01
-2.400981277247642987e-01
2.313424402571646887e-01
2.253998390250204764e-01
-1.764498559139451861e-01
-2.828366907271163688e-01
-1.757779894737824256e-01
5.000299279199983404e-01
4.977240639633365160e-01
5.490137946038756156e-02
-5.110966908457555968e-01
-4.200007367960821858e-01
2.109467849292606390e-01
2.266713152553626598e-01
9.627474062071916805e-02
6.549551534581254941e-02
4.539626833887984159e-01
-1.870521576079762771e-01
1.544081357571481516e-01
-2.010671688794766210e-01
1.736181728796029056e-01
1.381787843246666814e-01
-1.746684185915787779e-01
-5.965239613149223019e-03
-2.132473629563217954e-01
-5.585647510480529210e-01
3.298656447936340053e-01
6.440691246082801413e-01
-1.819057568375971601e-01
2.259746462026346880e-01
3.434138582226434755e-01
3.177242646613600008e-01
1.239072466623549473e-01
-5.136605535543119494e-01
1.277781504981221339e-01
-7.688715840332153995e-02
3.909474080580155331e-01
-4.073629538318492838e-01
4.816575444771353243e-01
1.893060368060085485e-01
-1.024187126273975179e-01
4.400470928829010309e-03
4.522287707077569940e-02
2.187593060094638608e-01
9.443566417089085951e-02
5.870658381199769238e-01
2.734323909958346621e-01
-3.695108030876059213e-01
2.305332067584816569e-01
-1.023221729683358450e-01
3.985835994355219070e-01
6.096245492114735764e-01
4.203746834730815590e-02
3.538977290620329286e-02
-2.667035711167828893e-01
-3.468810402345201549e-01
1.457977455087139038e-02
-3.158198870047776996e-01
-3.291437724733063952e-01
3.881115594964095195e-01
-4.273923427101179451e-01
6.720803606357645954e-01
1.237010346615370765e-01
-6.240421343008666771e-02
-6.944602581254291640e-02
-3.011079061693647807e-01
3.910921918233428718e-01
3.328741372233767759e-01
-2.504698413338214968e-01
9.725888157055346400e-03
-3.949763669267443711e-01
1.757058325521407977e-02
-3.306822629863321872e-01
-6.217272827727204909e-01
2.599809551934654239e-01
-1.333844472040743301e-01
-2.332358622655576474e-01
5.281211463864493583e-01
2.085100573935152191e-01
7.464497382441953979e-05
3.919362372345218115e-01
2.283606854520512167e-02
1.965917661012282214e-01
-3.835009896536455826e-02
6.225601617705141255e-02
-2.147430294233090287e-01
-2.262913455671516916e-01
-1.110552230051978784e-01
-3.391991711480428773e-01
-4.432477469807257209e-01
-6.938831100375683625e-02
-2.495889896908810301e-01
-3.704225368144326014e-01
4.504331091492821404e-01
-3.255657215215465028e-01
-6.442194135741994079e-03
3.240748049054227864e-01
6.252509336686948860e-01
1.942694235804491854e-01
5.052059978040180921e-01
-1.849189832412373447e-01
1.716008160362042512e-01
1.691768886590208076e-01
5.178191772177951485e-02
1.703967810429906360e-01
-1.236616719548963017e-01
-1.988014023067010139e-01
1.415926822207005387e-01
-3.776684953746002327e-01
2.258958183945919129e-01
-1.529403703517049073e-01
1.861931637309528487e-01
3.146709081446826678e-02
-2.806258642222515531e-01
-1.065530182348126964e-01
5.423121733247433796e-02
-3.944208868510171717e-01
9.937972229469334284e-02
-2.024593561471793937e-02
1.582436849197756470e-02
-3.514133395511909175e-01
-3.352503635219571398e-01
-6.026908940087242206e-01
1.737756503545182518e-01
1.350071581232457352e-01
-6.170643565717235518e-02
-6.225957172598624023e-01
2.223816676380869217e-01
-1.348492041795223972e-01
5.023077994999390894e-01
-9.884961610416220790e-02
-4.959641783505085444e-01
-4.600960610127699524e-01
2.857514315699473395e-02
2.783183220865678154e-01
8.245268523824386686e-02
4.177832728877869939e-01
-2.372989043256255315e-01
-6.528637893333978301e-03
5.031385108574586429e-01
-1.729206231532748050e-01
-7.464697391072413479e-01
1.978618257629256305e-01
5.780903367625553901e-01
-3.844375684389955694e-01
-4.472675697429103758e-01
-6.756850121127255804e-01
-3.711888904452083360e-02
-4.353584143661032302e-01
4.416621591047260043e-01
-1.736943885182403169e-01
3.237860895385840654e-01
-3.824436107342106261e-01
1.659238351896861474e-01
3.687342229919148284e-01
1.650727175735018648e-01
3.835010685256394214e-01
-5.281080523569844920e-02
-9.228035333572537358e-02
2.701803841507814663e-02
5.887538596596763457e-02
-5.306806679604353372e-01
-3.294346149663222173e-02
4.877987610356652182e-01
-1.152464592912604141e-01
1.300696850329167986e-01
-1.356750607006964593e-01
1.118002926535000829e-01
-5.708518726847404690e-01
2.987667818285196647e-02
-1.318530438188564580e-01
-4.813348096602136916e-01
6.502342053171196179e-01
3.179117693674767264e-01
-4.891032350416767427e-01
-3.213165671370771248e-01
5.308123523146208722e-01
-2.739086451144410739e-01
-5.574441730638186598e-01
5.365465899778746328e-01
-1.084420004131400883e-01
4.662652079919845094e-01
3.680370043595057039e-01
-6.612012657836565666e-01
-3.180464313793486264e-01
-3.008824841170316677e-01
-3.117009421905151401e-01
-3.012007514134542041e-01
-2.927820445501519778e-02
-7.315357255811501258e-02
1.962437838402073531e-01
-8.517803444760529974e-02
-5.654581156942758979e-02
2.671865724167067357e-01
1.437259656683659015e-01
3.623022776222630803e-01
5.087819944035670838e-01
-1.347741224169397845e-01
8.248199238930140620e-01
5.520298248467566671e-01
-4.350793065903062473e-01
-5.912160581210124111e-01
3.323527462391369647e-01
-2.838843321824281382e-02
1.008133036715001263e-01
-1.960703687598597256e-02
1.170340656209863661e-01
4.098255345277155431e-02
-8.350142015861566902e-02
-6.453900113606552136e-01
-2.373315324359436262e-01
-4.347760682560974366e-01
3.943099148734509063e-01
-1.371027186535535014e-01
-3.587350189273127987e-01
4.363317750343054802e-01
-1.233391960165997892e-01
3.748333660280628865e-01
-8.776739897727454942e-02
-7.734581841050554296e-02
-1.335107319684148697e-01
1.634807879671199560e-01
-2.907093235959736788e-01
5.202559539754240958e-02
-3.230896870895315076e-01
1.213662741356446029e-01
-2.982376155117983929e-01
-1.522032066744807566e-01
-2.830984011032668946e-01
3.036731948494642563e-01
2.386635985470804966e-01
-2.283192344406390906e-01
-6.595795212567130347e-03
2.994871170944808370e-01
-3.202901489957664105e-01
-2.461403022713262168e-01
-2.026469273349494060e-01
3.147715916153985827e-01
2.639056768432566091e-01
3.717299860289458024e-01
-2.027944742059032412e-01
4.160427087880053110e-01
-6.661286138449551419e-01
4.376459664159713103e-01
-5.696614572528817533e-01
2.728452711104918382e-01
-2.965510124647263157e-01
-3.898910762760152693e-01
-5.991860626634106790e-01
4.732775944365231191e-01
6.006882140471657694e-01
-2.937171517931766451e-01
2.428728121910179172e-01
4.017498726459245995e-01
3.185921553648360383e-01
6.606386382891671349e-01
-7.522493539002189644e-01
1.725972366030749106e-01
-1.446367197642900171e-01
2.567185546134582164e-01
2.213484629462509068e-01
-1.678858502021844112e-01
3.614865774003842014e-01
3.152187164945223219e-01
3.660567274388951686e-01
-7.115256808293666246e-01
-1.195495385448159253e-01
-6.189355164458984482e-02
1.729733041114968339e-02
-1.038787132093452470e-01
1.383346292207293313e-02
1.582980459950922292e-01
2.212662185186814456e-01
2.850446401702931842e-01
-1.096759802249390320e-01
-3.294139742278164862e-01
-6.992900758534649486e-02
5.115374625435844536e-01
-2.231247306883577253e-01
1.801216384338041182e-02
-4.294442501174347004e-01
-4.051790535199296106e-01
-4.560498051694669153e-01
1.118367160093959173e-01
-8.346964557163980003e-02
-1.710041611427851604e-01
6.998042627482266020e-01
-5.100085256623265728e-01
5.015204231054507522e-01
9.451947093768169050e-03
-3.962152423858929517e-01
3.443693224337892600e-01
-8.418101493767271570e-02
-2.615041447641789363e-01
-1.994762440604020415e-01
2.597824906008764367e-01
-1.123936992955062025e-01
8.545750416315314735e-02
4.974261543699639576e-01
2.081220233991767088e-01
-1.797815346610883436e-01
5.355186246118484039e-01
-2.620751836520913702e-01
-1.579235344281838815e-01
-3.604621880849887550e-01
4.492082281632954754e-01
-1.514689169485321507e-01
-5.870003848368327004e-02
-6.584945042559507966e-01
-7.305319595291707990e-02
-5.594623851701761158e-02
-3.441276631850764822e-01
4.712682684555215273e-02
7.874062081900143339e-02
3.143125283851101459e-01
-5.137402829137074356e-01
-6.998113446938593052e-01
-7.543673157862416934e-02
-5.349313293015690585e-01
7.438045397321348950e-01
-2.292511595094890234e-02
-2.900551957359776001e-01
3.846698604252671849e-01
9.059465182565801245e-02
1.353934268372020688e-01
-5.432296689638178577e-01
1.173443665507780398e-01
-4.776164195081700203e-01
2.966087417349248523e-01
-3.101516234574561853e-02
8.670089127546432017e-02
3.101633400449654854e-01
1.656062779839230226e-01
-4.806379322132290494e-02
5.054144135854912179e-01
5.255840673293726839e-01
5.139539658090122032e-01
4.604125626494223744e-01
1.979409033083411873e-01
-3.248927564566118087e-01
4.835058955761120103e-01
1.478821657508058440e-01
2.907757052270192322e-01
4.404415599027985961e-01
6.614872372559535418e-02
-5.896630769279923717e-02
3.959847326388930139e-02
-2.813573190644716449e-01
3.667123163648836059e-01
2.287346789983683015e-01
6.386716655340837212e-01
2.867594935439410353e-01
1.166400403193326024e-01
-3.006937576468893258e-01
-3.335675212587628780e-01
7.163430613640404676e-01
-4.909242663745840840e-01
-6.499658358430863148e-01
2.701927014904299540e-01
-2.093705220811115653e-01
-5.537744185011436171e-01
5.409396308802557618e-01
-5.627882662381813450e-01
-3.470891647953121550e-01
8.189532878719632536e-02
8.564739121558169466e-02
6.789183286363685843e-01
-6.617894780788731446e-02
-2.879226916647771306e-01
-4.207325679724880918e-01
2.574146174498671003e-01
-1.756046068077299349e-01
4.680302770729285848e-03
-2.565107175162788522e-01
4.472060572600177197e-01
5.981604065943152415e-01
-2.645319971150237315e-01
-4.305922045015311284e-01
6.604515102925676562e-01
-7.061256792360889878e-02
-5.581344670444157163e-01
4.439133950446239041e-01
2.551671870711840762e-01
-2.032197315305520890e-01
-1.674742230867395099e-01
4.254090902028014320e-01
-3.566289476910076139e-01
-6.025553563874330720e-02
4.247353901243026142e-01
1.962591268938697064e-01
1.428846702662727938e-02
-4.936257867630698959e-01
1.631645003908942237e-01
1.387278640652831463e-01
-1.489749214838643337e-02
-2.845015803306384927e-01
3.659439864456651703e-01
-3.024640033248290338e-01
-1.361229945453993895e-01
5.233893273181616790e-01
-1.103537493630239313e-01
-3.576741815133640395e-02
-5.822379045775304129e-02
1.587741874196725855e-01
2.964073787343177169e-02
6.303663582278461464e-01
2.559780365436697402e-01
-3.098675933468810761e-01
1.823956225421749788e-01
-1.681947675426087585e-02
-3.826291179654051078e-01
-2.296890178114474046e-01
1.604056876755904637e-01
-1.385246169033239050e-01
-1.457115514745200291e-01
1.088409296614842453e-01
5.696860943822132373e-02
-2.059581035921417558e-01
4.321622334733491444e-01
1.649080060216573385e-01
3.980947423436516086e-01
4.655594258905934590e-01
1.047026455553633772e-01
-1.058379385790587518e-01
1.348517168757427109e-01
3.855258073081690440e-01
-5.004911152763154014e-01
1.428752861589325900e-02
1.086636124833646189e-01
-3.935077071325714937e-01
1.946158387990294669e-01
4.261076528770721961e-01
2.839182213580566660e-01
3.656585553756993429e-02
-5.635410251308221874e-02
-2.501508335385738135e-01
-3.441088017449662750e-01
-3.379125215552591932e-01
1.944476589342866435e-01
2.567409390992599905e-01
-7.812804386394925915e-01
1.022796881381279055e-01
1.020462029584746771e-01
1.771172169669760210e-01
-4.276717023073075552e-01
-4.869610813108430913e-01
-3.701978564250067438e-01
1.938981262733507904e-01
6.123942620126838765e-01
-1.083618305853774472e-01
1.557719440349165374e-01
-5.004146900276025545e-02
3.911569912437524721e-01
4.566905886397890080e-01
-5.966358951903228958e-01
-9.986461196233445414e-02
3.256923474486656672e-02
1.553168675365383389e-01
-3.691251527805818333e-01
-1.066798237189212489e-01
1.613682565459340634e-01
3.576739954299650026e-02
2.728779039427466913e-01
-4.217157948953266788e-01
-4.114786242264288907e-01
-5.541774041545211027e-01
-5.568645074887769442e-02
-1.441741133710461309e-01
4.875929673951705512e-01
1.955946130195806709e-01
-9.699109931689091357e-02
1.521361536368607019e-03
-5.335169719935008992e-01
1.165550364265375560e-01
1.628265579319518874e-01
-1.688327894469232038e-01
-1.048546305389034677e-01
4.682769413939724679e-02
3.659101558672132187e-02
-3.775356372152149920e-01
-5.004574803293900670e-02
-3.540652698251602337e-01
9.426150420195979901e-03
-7.383477240704475197e-02
-6.550432061927313754e-01
1.612237636520080786e-01
-7.831877243084166274e-02
7.840348464296810482e-02
2.239282822191892008e-01
-1.162650205088893718e-01
1.184546665938054077e-01
-2.535265057076147577e-01
2.542275356715768472e-02
2.604572396158982839e-01
-4.322681324511992162e-01
2.215510027324228692e-01
2.162941036209794776e-01
-5.708548695074463497e-01
2.367268758977535970e-01
-4.361527317696463069e-01
1.257714950516780061e-01
-1.851808252410498401e-01
4.735851928493337026e-02
3.122688589780114876e-01
-4.052781816284354299e-01
-4.134119160568862639e-01
-4.696565184582375818e-01
4.498156733589914746e-01
7.419475090491391978e-01
-2.573624857349386952e-01
-2.932958732452318196e-01
3.988679792178340816e-02
5.597871514782251090e-01
2.268584139622287499e-01
-1.184660683916761437e-01
-1.516581437743492466e-01
6.962750476112261611e-02
-1.734143899149510060e-01
4.501904744401615255e-01
5.377764564828077694e-03
-3.183454334466547797e-01
-2.679388683342671662e-01
-3.238869629293325003e-01
8.018544252498442937e-01
-7.385580098707299479e-01
3.786255390144063204e-01
-1.658821652304979244e-01
8.245561603811722706e-02
-3.799552758115354312e-02
2.939853281464094303e-01
7.487406989695819491e-03
1.251528159610706126e-01
-2.379769689528230259e-01
1.382649604377419739e-01
2.192732044959743165e-01
-5.637479389113306955e-02
4.126625858538158220e-01
-3.606694990888698604e-01
-3.390237741610654387e-01
1.243027385969259352e-01
1.023592037270239508e-01
-4.732688833625915970e-01
7.434475361305098451e-01
6.995125518409338328e-02
3.293257498658836990e-01
-1.448669883028644856e-01
3.912749990300222747e-01
5.416461754915357085e-01
-2.236045886369646962e-01
-4.174267320574346352e-01
2.920949086846361675e-01
-1.186026599866655540e-01
4.604170092319118668e-01
1.531188848487075316e-01
-1.681419322135471184e-01
1.681885441355988609e-01
-4.769388453848536491e-01
2.447098118548009238e-01
-1.296994927607219017e-01
1.824335842705195887e-01
2.761859101128070204e-01
-3.386003797056079401e-02
5.830984792239130021e-01
-1.998459098920891686e-01
-2.112283237960050908e-01
4.956526906026627599e-01
4.360586354737023829e-01
2.558238747775557487e-01
-5.481131653026970196e-02
5.240441498151391375e-01
-3.532698323324499068e-01
1.564286231704110908e-01
2.906442061157572532e-01
-5.199326503150504264e-01
1.485384185011190961e-01
1.602497609553132571e-02
-1.222729999695192360e-01
2.402892068977038192e-02
-2.328889834508223178e-01
5.169653891084422526e-01
-2.633429320051078326e-01
-4.077656628915122261e-01
-4.372800600719383146e-01
-4.308166722571745710e-01
-1.221911501853900212e-01
-1.502030024753448489e-01
-2.494756340086603519e-01
1.073005251416072892e-01
1.383464444435367202e-01
1.717601201413966328e-01
1.509011260315701319e-01
-3.329149284848631485e-01
-7.277768856888341964e-02
7.820702664811474136e-02
4.518343222503175549e-01
7.291815157448608975e-01
6.394433058951368709e-01
-3.515032762240723630e-03
1.970613968588049159e-01
4.246949943004387634e-02
-2.814422348517913175e-01
-4.608653485165810637e-01
-3.506752089830589281e-01
-8.574654591860489394e-02
5.921629797065192102e-01
-2.702220372922491398e-01
1.549526243559268546e-01
-5.597999466468703833e-01
-1.911879295700878167e-01
1.047562407541284130e-01
3.405837957365207003e-01
2.616432865986785261e-01
8.830842157381210700e-03
-3.521352958087416996e-01
-2.157494316898334319e-01
-5.786108567863563756e-01
2.175250142574098045e-01
-2.585367692534043527e-01
-3.977904531823861847e-03
-2.041512041430801894e-01
-4.995784957431382844e-01
3.950046804968105896e-01
1.256199619995653771e-01
-2.234927156675083071e-01
2.580108234812209314e-02
1.000126886527255010e-01
-9.325826599323658317e-02
-3.416408967044943235e-01
2.800506578383753567e-02
4.204905605114287459e-01
-4.851435377141098682e-02
-2.452293583311157543e-01
-1.459359874086018638e-01
2.906669624315763589e-02
-2.383738580201150703e-01
4.250429068767917484e-01
-1.453214355782877498e-01
2.326919323575024068e-01
7.672387621057878693e-02
1.389416818004440002e-01
3.494899409275317170e-01
1.746502539544394876e-03
5.093348262075262367e-01
-3.043300283102911563e-01
-1.224438446018479877e-02
4.250024984894310021e-01
2.494669428850934401e-01
3.892836819163288942e-01
-7.464331467912194151e-02
1.635661384551705400e-01
3.910861134974334963e-01
1.812401531143136846e-01
-1.634553831152225079e-01
5.596864024939300908e-01
-2.872712458702193494e-01
-1.280412866715362752e-01
-9.990677814239587451e-02
2.032743673879949253e-01
2.852864186696114635e-01
-6.942119107872735118e-01
4.378770899915054512e-03
-6.084904568138945757e-01
-1.900646660197795601e-01
2.908553572628401751e-01
-3.033663471383336030e-01
8.627717476223194237e-02
-3.796823695539734422e-01
4.203637982550406660e-01
-9.529761090460325823e-02
1.504779059940498376e-01
6.950091193841795301e-01
-7.285098521443650332e-02
8.041173802876316890e-02
6.414014962435572731e-02
-1.134655561731369444e-01
-4.141261246474629010e-01
2.621677572698805636e-01
-3.681766447170778389e-02
-1.421050456734518908e-01
-3.918672693507150862e-01
9.747412513465895240e-03
-5.281337138398224385e-01
-2.286739466733671011e-01
6.812584062236151095e-01
-4.189964343849830741e-02
-3.610769436944225030e-01
-1.742009956898072920e-01
5.444619787004211231e-01
-4.147663339452580811e-01
-1.004606817314103451e-01
-6.301629940710534727e-01
-3.304599637303813342e-01
3.749109022954325021e-01
8.938310896720356169e-01
-6.905652098275213979e-02
3.495703081675833879e-01
2.056970184212129210e-02
2.101692862110324245e-02
1.776632938186047117e-01
-3.244732513449103961e-01
1.749100331336253533e-01
1.989770099732223740e-01
-3.452430440336797801e-01
1.252390309277227054e-01
9.205131037906679609e-03
-3.818232387611030232e-01
-3.602162742691471520e-01
-3.606969853693557382e-01
1.288031334569454678e-01
-2.136586353617240530e-01
-1.710663898529829474e-01
7.167772382628720962e-01
9.048394570896975408e-02
3.673297181615494539e-02
7.185671058776724740e-01
-2.909663981956732148e-01
4.288287069260425244e-01
8.985720794295250224e-03
4.563990520509141335e-01
7.554518269928602869e-01
2.548403312084244754e-01
-4.234097203993108516e-01
-1.764351852430046663e-01
-2.765529632755903133e-01
-2.097618842613005186e-01
2.590462761438765416e-01
4.378901172793594476e-01
2.842435680431931733e-01
-3.888369667286034614e-01
-3.111960281022486674e-01
-3.123685541378085628e-01
-2.973137271058080566e-01
3.601008299235964327e-01
-2.609532784803318961e-01
3.204991220157020759e-01
-5.708789803233723648e-01
-1.887481166894289242e-02
-5.993491250887170718e-01
-1.460577076521576700e-01
2.382353367497290486e-01
3.445543024489974415e-03
1.455948426476685320e-01
-8.238361650509888612e-02
-3.824314684982096368e-01
7.258431424024907042e-01
-2.357938728723454336e-01
2.678497743600702363e-01
3.354309924748429261e-01
-1.952701421916373803e-02
1.658859940542015132e-01
1.607509950415156319e-01
4.265779225179160417e-01
2.058366781269798385e-01
2.110015533524918219e-01
2.570795618235122149e-01
1.874070553194588096e-01
3.231148395930712458e-01
1.322692776392384896e-02
2.790978611941202225e-01
-3.938730801380105895e-01
1.746285162043570427e-01
-2.620369400128647053e-01
3.819407703059938264e-01
2.189743925821899251e-01
-1.260213775810859749e-01
2.566867648459247309e-01
-2.319580556717138475e-01
-3.516027484425922056e-01
2.248434977956863534e-01
-1.066375310330677229e-01
-4.599535039210172482e-01
3.053259369629173214e-01
-4.018884237506128443e-01
-6.030151813195240296e-01
-3.216750802025439282e-02
-3.102504675483870877e-01
3.955543823842995188e-01
4.154254291457801229e-02
-1.234788442750883869e-01
9.329014814881003703e-02
3.260446948990433080e-01
1.372251898104430157e-01
2.184268007279880630e-01
-3.834106881439756087e-01
3.585076668184929982e-01
-6.801118480861673143e-02
-3.463428116757118203e-02
1.385288323366571928e-01
3.911646588794255308e-01
2.525664414029101801e-01
4.885640814952206534e-02
1.651030489008932511e-01
-5.997481959846651112e-01
2.827455583002076445e-01
-4.275084063087186137e-01
-2.865315465124900207e-01
4.845552862065556354e-01
-5.446555235890476743e-01
-9.693455783300955475e-02
1.812636808837327917e-01
3.101723904220605177e-01
-2.069040459534677301e-01
-2.007501176471910842e-01
1.320394226661355253e-01
1.131276070639688873e-02
-6.387732884640962006e-01
-3.676343177004259277e-01
3.091389497068429137e-01
-2.105563507357188224e-01
-3.566912723141912878e-01
-9.240135615469778629e-02
5.067758750037155702e-01
4.474747859894359081e-01
-3.063606294732051927e-02
-1.638861638369805418e-01
3.612654092178705367e-01
-8.055691175960423556e-02
3.627123938647620616e-01
4.282937957886748803e-01
-1.450571924507471425e-02
5.150856941545873396e-02
1.007138069841979067e-01
-3.380469279418186757e-01
6.294118927394678487e-01
-6.737306340353246825e-02
2.938362610976789635e-01
-7.788253379625421913e-02
5.220428139114682287e-01
-4.472972698723671758e-01
1.770683622019380565e-01
9.051097289695658743e-02
-5.205548248200611572e-02
5.271256629130540716e-01
2.059880858186164121e-01
4.742470924083450612e-01
9.838403643090134001e-03
6.972963345935467849e-02
-3.066184614947621290e-01
1.168471242255850473e-01
4.176225898550203208e-01
-1.181056778069505264e-01
1.296905958877851706e-02
3.863003590943813736e-01
-6.908666882129553821e-01
3.119569785074817747e-01
1.669899915498956888e-01
-3.133743699075276501e-01
6.200204825634554329e-01
-4.863580416296622855e-02
3.102720615894783429e-01
-4.682167559964809864e-03
6.685802971880652201e-01
1.550119220943183690e-02
-2.203920417752560645e-01
8.259626360167551806e-02
-1.656712524331299674e-02
1.671837811542410124e-01
-9.890184747980762525e-02
-2.403649498515169070e-01
-2.648594028631352515e-01
-4.082620814740154369e-01
-2.635250387058075683e-01
-3.412983480841768613e-01
4.076767587772792134e-01
4.336248434363539767e-02
2.885550382425615679e-01
7.279268409515916860e-02
-4.499513020394312890e-01
-2.899244195470018770e-01
4.159477905086554281e-03
-2.243437151297942578e-01
-2.050707923430227786e-01
-8.961524539518914145e-02
-2.156725615192446877e-01
-1.095481099046455853e-01
8.384712508219235860e-02
-4.476650958113069789e-01
-1.208068351119352506e-02
-1.455216213791457325e-01
-1.969170876828433003e-01
8.310392017264326900e-03
9.578171926283907123e-02
7.952401511174309046e-02
-7.850952213758771725e-02
4.206579614108867382e-01
5.534021237492999790e-01
-1.176784250029813406e-01
2.054133957452002751e-02
3.034650822926575620e-01
-7.359230067314655177e-02
1.167802356852322594e-02
1.567737677546759689e-01
6.320413326771973095e-01
2.329386782117854604e-01
-2.196296402666584324e-01
3.768872370241323488e-01
-3.167989288254070557e-01
-6.160945430751674223e-02
3.602559250774329813e-01
-4.248045001910911722e-01
-1.398101342510083001e-01
-3.904504784639128978e-02
1.539920402461692275e-02
3.349109825637205939e-01
1.154885590528707817e-01
3.362159426573869958e-02
-2.624187595336088252e-01
1.973171684212362276e-01
-3.558847129000844434e-01
-3.941600503727530347e-01
-1.754715044790970957e-01
-3.739568072554638745e-01
-2.085325925303641859e-01
-1.073870345137697968e-01
8.757746299582496244e-03
1.113400078729380460e-01
8.851382618797032364e-02
-1.597950083207040350e-01
2.591819340457321430e-01
-1.641273205503102905e-01
2.045002050502158220e-01
-3.640531792448902237e-01
-2.260230736213895697e-01
5.002503175959146509e-01
-4.134370718107155396e-01
-4.166677049505863595e-01
1.011356286946820254e-01
2.151263337376203011e-01
-5.954590900595261305e-01
-9.006499009548524226e-02
-7.944179946999438413e-02
6.989396513205824446e-01
1.710464316852728095e-01
-9.321889080487549828e-02
-1.444373506852973943e-01
-3.923895918991752163e-01
-1.955658551472247431e-01
4.593652960547379704e-01
-2.426541869744628932e-01
-4.214594495741836797e-03
-3.914372508355828950e-01
2.007707454222005250e-01
-6.885538262361558248e-02
-1.274805258787794493e-01
-5.514798163655865171e-01
-3.620734444261152624e-02
3.576790914539905719e-01
1.158443137474172019e-01
3.984109828592148350e-01
2.246250248611930123e-01
-1.201975503087139713e-01
1.188929807402505368e-01
2.993199626854214923e-01
4.442609833381840900e-01
4.374906086652990966e-02
-1.541457685668374267e-01
-3.906660116154535012e-01
5.157763563879540492e-01
-5.203007654861243614e-01
3.022698607125687276e-01
-2.004178157611478661e-01
6.800211561436837471e-01
-3.805086722173006697e-01
4.352521822771261983e-01
1.705981454661645302e-01
-1.077117967916481484e-01
-2.730703246955347718e-01
2.474638462266940120e-01
-2.568519608910345142e-01
-1.075708974985909450e-01
-5.701773583841517334e-01
-3.028516188468575732e-01
-5.100010060759795349e-01
2.219493280979492889e-01
-3.808982880715587327e-01
-6.068350737716243781e-01
-2.565364509008657423e-01
-1.364050569058678219e-01
-3.616829873039523191e-01
1.592798491650261050e-01
6.311387356262351256e-01
-4.233587213162536833e-01
3.191900653412581557e-01
-2.487235148878934599e-01
-3.052631807293207378e-01
3.917266032538323575e-03
2.374114496298012911e-01
2.306988839312223705e-01
-4.917774735396174823e-01
3.276396570411288511e-01
-3.324798282855876419e-01
-4.487286748253530577e-01
6.042464117198556028e-01
-7.095350773633138375e-02
-4.968820560600878400e-01
1.022944369498861306e-01
5.155687080822216051e-02
-4.241544241019010730e-01
-6.420567419734618531e-01
-2.466903585093820350e-01
4.664435570593964547e-02
3.690521600087255938e-01
1.437572598194540308e-01
-6.242194579215123440e-01
5.551161145701801747e-01
3.968451290999124303e-01
-5.669622808842061934e-01
2.082921859485623028e-01
2.957937750398405008e-01
-5.515163986266699014e-01
1.978431071253532458e-01
2.009339171404342095e-01
7.235778509218210308e-01
-3.078715579165062222e-01
4.437588550285466171e-01
9.929939719315343527e-02
4.904969532033999213e-01
3.908662174869572126e-01
-5.375657609170850226e-02
-3.197671321486707519e-01
-5.220846399510364888e-01
2.853837142264631921e-01
-1.762243227873033502e-01
-3.656887394841592531e-01
2.334095069168810183e-02
-5.476112506733935570e-01
-3.409706872835701619e-01
-4.157882547556044361e-01
-4.511246651895032822e-01
-9.749281888629118820e-02
5.238202326999209790e-02
-5.676689629897138101e-01
-1.659584390963786057e-02
-8.438948794215442306e-02
-5.723923023664938547e-01
-4.152699898200888917e-01
-5.272166681019273549e-01
1.309485071118003108e-01
-5.121149495607211222e-01
-1.207689224076080869e-01
-5.674539908010227396e-02
4.024527906598514282e-02
-3.485056709043074519e-01
-1.227023878267019391e-01
4.852629756531146032e-01
1.159136692031974003e-01
1.400044527237461200e-01
3.776741069410498031e-01
5.138116839904737221e-01
2.107671376968375532e-01
3.493325599825499728e-01
4.223676669069849621e-01
3.562353247561993452e-01
-7.832681819220516095e-02
-1.421309241251693667e-01
-1.031769742787350674e-01
-5.433036082354167906e-01
-1.645243062606060458e-01
5.236635190719095279e-02
-2.412246328085486391e-01
1.936449633974003381e-01
-5.031247905018035316e-02
-3.781302729878838198e-02
-8.806753021597372609e-04
-5.558724468193392276e-01
-1.420304150585082748e-01
-5.490497201952402317e-01
1.536915628654858257e-01
-5.572618053712407038e-01
-2.750080592884939223e-01
3.706249248191189616e-01
-1.274908946487962602e-01
2.029596241607130591e-01
2.979882858363179787e-01
-2.990099951418074276e-01
2.730118977529383262e-01
-3.508361671681972660e-01
6.453636702072772513e-01
-3.295742608305969323e-01
-3.537679577408137654e-01
-5.770944228482238064e-02
2.034671507223387854e-01
3.839703798639483301e-01
-7.259884319187949464e-02
-5.085139564064921069e-01
5.581250339106327146e-02
2.520320824128168269e-01
3.059669022235127211e-02
6.072508866422265950e-01
-3.879415979822327110e-01
-1.079121323123350962e-01
-1.062245096956424967e-01
1.936262138346996065e-01
-6.003464564379004664e-02
3.616159520519295345e-01
-1.572400858049546046e-01
1.438754691301576960e-01
9.900565666123950503e-02
3.278387322906753942e-01
1.397935962078754313e-01
2.314824045125977170e-01
-6.838685655223597504e-02
-5.824263649474301641e-01
-3.621923576840115899e-01
-3.120050031453015515e-01
-2.864387365206054192e-01
4.452671377169815092e-01
2.547120973692079127e-01
-3.178647664961672392e-01
4.437560411016346906e-01
3.811179146023973008e-01
1.390730503894250236e-01
-8.033574576626388575e-02
1.300912731823875013e-01
1.471370876144350304e-01
-1.493854379725768344e-01
-3.652104737985457095e-01
-3.643487631918322367e-01
2.097761556029389685e-01
4.057629864793465546e-01
-1.736715313538509872e-02
5.984223208761600965e-01
1.363039028946529951e-01
-2.264450962270197487e-01
1.624087480072383960e-01
-4.226941635030367211e-02
7.950678896013702035e-02
2.206197355901226842e-01
3.479769380018835068e-01
5.158770872696197274e-02
4.113864129601346731e-01
1.835495491997602979e-01
5.737863228057201725e-01
5.543253886040236944e-01
-6.599507182716335407e-02
-3.191929384357876653e-01
-7.168167417065594849e-02
-2.068102089757636874e-01
-1.102293191628498162e-02
1.352522660176027069e-01
-9.983686922396559082e-02
-1.675760043396527232e-01
-4.941377592541825736e-01
-2.208025163690749415e-01
1.730538482863331062e-01
1.704222115849290120e-01
1.379283484547001726e-01
-1.048341936228573412e-01
-2.768108495406276792e-04
-4.050330717052134100e-01
-9.713732134480011771e-02
5.543696096964191578e-02
2.486006535495383363e-01
-5.662642274012734678e-01
-2.019873262437765216e-01
-4.917478004288089455e-01
-1.869731372490135712e-01
-2.550117848844720703e-01
1.830076717131792763e-01
2.740383283339674625e-01
2.550295813519125598e-01
2.791576655758840758e-02
2.746406973788648176e-01
-8.093192777893493117e-01
-7.596680903512700311e-01
7.655014409541224807e-02
-1.153290475359013134e-01
6.593664954116298937e-02
-2.209031415091780581e-01
-2.467209200559318250e-01
-2.033276692372348871e-01
6.437979603262697914e-01
-2.674459992979194012e-01
3.799381965080493306e-01
-2.777376635108049774e-01
-2.257365142854208251e-01
1.444042765438327824e-01
-3.848077299419307845e-02
-2.567774412511302645e-02
2.095345260053612657e-01
-7.743858685391154240e-02
3.066561954415586433e-01
1.308488772522971577e-01
-3.731124933489504136e-01
-1.057319911027400916e-01
-1.018307005874636295e-01
-5.294484015403190524e-02
1.308786626593405056e-01
-2.430664383884491297e-02
-2.459605243417593845e-01
-1.360875069955600480e-01
1.763200694650063349e-01
-1.511199507471454040e-01
4.203121066417537799e-01
-5.092014880076620731e-01
1.947626494490406202e-01
-7.300273046820682232e-02
4.120159178602880723e-02
-8.551805905620130099e-02
-4.085400823061964837e-01
2.006313372610819545e-01
-4.803684409722389775e-02
-1.393282884490924800e-01
-2.179745919556360101e-01
-3.361751791926133048e-01
1.121563938822024153e-01
6.254302778348636016e-01
-6.397705540069719907e-03
-4.469888995967194467e-02
2.640132850945060006e-01
-2.172289992343541254e-01
-4.988597532991561612e-01
6.188102986024017760e-01
-2.232344757111277139e-02
1.228036148817821249e-01
-2.677602438899418513e-01
5.147007075126487641e-02
5.906426100697370618e-01
2.795427112983925877e-01
-6.920769685998673371e-02
-4.763213029853182179e-01
-1.595456043407384450e-01
4.295463705940509580e-02
-4.522118515675221245e-02
1.658142034232444606e-01
3.335867303973868436e-01
2.090434773848032224e-01
1.453230200967507157e-01
2.602065802702628328e-01
3.936535386457933328e-01
-3.691574406601282748e-02
3.200367599434390531e-01
1.838459496959773259e-02
-1.236604307314227158e-01
2.871664544060057583e-02
-4.038416475715750353e-01
3.461051403867264065e-01
-2.603041418206447632e-01
7.763886922791923828e-02
-2.678320176720397350e-01
-2.115872467593721828e-01
-1.257167600293397358e-01
-8.937532530789982221e-01
3.268351293589286666e-01
6.243021758449339709e-01
-5.358087203440869972e-01
5.835855036698437415e-01
-1.669028166878021302e-01
1.464195654729072704e-01
7.197766471100647268e-02
4.407470429742174622e-01
2.803251348770581242e-01
8.227067019235472234e-01
2.605965044442270506e-01
5.080002855076063417e-01
-1.026406254560095904e-01
6.213208394500266962e-01
-3.531795860916595031e-01
-2.657610001592409787e-01
-2.363118263307615458e-02
6.230902324501659539e-02
3.719624047992815818e-02
1.966417936045415926e-01
-1.754782768741604965e-02
-3.321505804206622559e-01
2.967966392350245286e-01
1.264614599007832518e-01
2.414426073649465210e-01
-4.138261756183445605e-01
-3.197649966375449293e-01
2.888686686280300675e-01
-3.966235160262741588e-01
1.243093490679202801e-02
1.373174796628242877e-01
-4.826146056785498573e-01
-1.034272062299802786e-01
7.924314806751101004e-02
-5.945422683897890748e-01
-3.972884415121330504e-01
-2.220032541105821933e-01
7.546605522537172539e-02
-2.476097529806319669e-02
-2.497481345850132428e-01
-2.102393143325730074e-01
2.397437563925844395e-01
-7.544406161535137656e-01
-6.216371316426679006e-02
3.005072319626503341e-01
-4.339696011558882849e-02
-1.342912654615367463e-01
-2.324772391262717730e-01
-2.440847156103649884e-01
-2.908658448780703232e-01
2.413328237795632492e-01
5.012345546227200410e-01
5.604228334957906954e-01
6.177762704476458255e-01
-2.565655189078572818e-01
-3.364864513873793150e-01
2.786845584383965679e-01
-8.178151850608721130e-02
-9.638813149943992187e-02
-2.565273988365500135e-01
3.494934440183330437e-01
1.715389140112677860e-02
-1.041119250934704199e-01
-5.963483208936944946e-01
6.339317119151317570e-01
-6.622124271805575335e-02
1.214441882601198508e-01
-6.596094199701603156e-01
-4.386962448460469677e-01
-2.839441477174664552e-01
-5.289318925259386406e-01
7.011285223104882225e-02
3.307516102431835026e-01
7.566381259116550240e-02
1.244079028810141235e-01
-2.670075969335304333e-01
3.971474434443334478e-01
1.707687078380403789e-01
-2.252757159450263780e-01
6.594387803496441769e-02
-1.357006739588780542e-01
2.285456089963218695e-01
3.044283653183469385e-01
-2.615186032094581892e-01
6.351301463041192363e-02
-5.786684059402907865e-02
1.478750070319471144e-01
3.410864822178690803e-01
-7.191282347076621839e-02
-4.239232694614917252e-01
1.348542781686849767e-01
-7.534714511089448674e-01
-3.004885599406317831e-01
5.395787897613252282e-02
1.954828819445050131e-02
6.976427664424229846e-02
-3.045647052196576721e-01
2.883394843343831809e-02
1.321378098999954065e-01
2.299841482638484980e-01
-2.179075239383947704e-01
1.634496689029043826e-01
-3.327808830762607473e-01
-5.690611063329057417e-01
1.183697682472831109e-01
2.280282002628103155e-01
7.280270029857625058e-01
-3.506992827562263604e-02
-1.090732095852809114e-01
1.750146237275721217e-01
-1.187982478028706407e-01
3.232407839628612667e-01
6.982234761775885090e-02
-5.039398951024693929e-01
-5.336539670269052626e-02
-5.801642346572820630e-01
-7.425198012862513353e-02
5.332368829405470523e-02
-2.865290248781227622e-01
2.707856115784146311e-01
4.034922007573700231e-01
5.005611674907446407e-01
4.013332353994748525e-01
3.913549745419371284e-01
1.092082039124566140e-01
-1.349277474238710917e-01
-1.191917510326258589e-01
-2.920891626862174295e-01
-3.054363460090249727e-01
3.438612673103021433e-01
-3.124207132469491999e-01
-3.062866166476938545e-01
-2.718286722047894566e-01
-5.722777662015154573e-03
5.565551266255953644e-01
-3.550746618410906552e-01
1.196430712471162200e-01
4.766797245242742620e-01
-4.856405594323380259e-01
5.736420719118434652e-01
-4.215605900758231384e-01
-3.209534076073150000e-01
4.412029552395496657e-01
2.747360609423369834e-02
1.303843077205420475e-01
-3.108476248118764995e-01
-7.915779399936766492e-01
1.266340788342077417e-01
2.679630384933848752e-01
8.608157383559521258e-02
4.704029961299278917e-02
7.994224646621933550e-01
-5.373470887341856850e-01
9.792426760339439928e-02
6.966940935768264342e-01
-5.024450099928785551e-01
6.125226691168154936e-02
-2.675000792152056328e-01
-6.830727329106429657e-01
4.346577677236693193e-01
1.100955598335099372e-01
1.140248387844456091e-01
-1.309002699553701021e-01
-2.884631202498653957e-02
-8.851026869926958973e-01
1.549139826372170625e-01
-3.468984863240464622e-01
1.176345136803329805e-01
-5.926809028747576785e-02
1.071033517638208046e-02
-1.720737562240636787e-01
3.831050889174332508e-02
2.830628796409636605e-01
8.214298374270236069e-02
3.942249449232073100e-01
2.994230960690152932e-01
-6.191163794546272053e-02
-3.589405055408697032e-01
-1.530052782593185612e-01
-4.961386451660670383e-01
1.749850546403669549e-01
3.181378854222489116e-01
3.949407153419371985e-01
-5.663094508667978477e-01
-3.314200809297772679e-03
5.158514895890913277e-01
4.765335589122442206e-02
1.550937042352904492e-02
-4.555967149672585093e-01
-1.387574096039126126e-01
-2.278043739250602551e-01
7.334006418247518422e-01
1.117956570059069621e-01
1.930062996015990406e-01
-1.450370929739697445e-01
2.005475195337205196e-01
-1.720357316726462416e-01
2.153618064145681466e-01
-3.463397581040604245e-01
2.232719094332062115e-01
3.709635460538753815e-01
-1.067073836725719316e-01
2.405941584235936626e-01
-8.402040112186809351e-02
-2.585818687208991662e-01
-4.902214972615726030e-02
-7.089293903982302192e-02
-7.445724058597212591e-02
7.340172363853916804e-02
3.622509276481662988e-01
6.822360413466350970e-02
6.828160914481812283e-02
1.918033327455391165e-02
-3.309361947191893916e-01
-2.607264432594424974e-01
-6.339616697698535752e-02
4.677907448235912174e-02
1.012379819622934995e-01
1.701359297791879555e-01
-2.211156471994931705e-01
2.689554263731377612e-02
1.221544226619487306e-01
-1.562204265447873497e-01
-8.048851282639380988e-01
-5.656891159904824384e-01
-4.423862452569841119e-01
-4.804494043007088155e-01
-2.311677919325733077e-01
1.404678004482372566e-01
-3.248660273458529035e-01
-4.035769714933401531e-01
1.889663788452490001e-01
2.847334668723793261e-01
-7.657135727467568875e-01
-1.763520799490934654e-01
-4.481975470115250326e-01
-5.051176018205492113e-01
-1.300549475571170233e-01
-3.980168772940302913e-01
-5.586468460917810575e-01
6.883726641764631449e-01
4.940092166075027436e-01
-1.456501728275774732e-01
-8.669005427606621961e-01
5.976811021281642766e-01
3.044374278326193450e-01
-4.195623873770986112e-01
-1.293675903762971091e-01
6.510701980154251500e-02
-4.736223004574935391e-01
1.998249029619196190e-02
6.018556378000584628e-01
-7.892336731656474091e-02
8.375632175561784631e-01
3.653266244491762960e-01
3.807006379933840223e-02
9.411414889132987960e-02
3.764072733407243243e-01
-8.347064951877841699e-02
2.523691087326151994e-01
-8.608754462930055112e-03
5.669169879658640943e-01
-1.303227736522107050e-01
-4.215412761829853139e-01
-3.786482997444172716e-01
7.481225375576667780e-01
6.729967693643588988e-02
-9.680280473077489123e-02
-4.761864671578394104e-01
-6.233188454933855649e-01
1.278725819782164097e-01
-1.322578889242537747e-01
-4.690452219941766698e-02
-4.778555713187789822e-01
-1.473361746356423863e-01
4.425293736561802249e-01
1.198619385656239794e-01
3.690383695448137269e-01
3.607780433191539737e-01
-4.751718666399835644e-01
-3.324079535535336971e-01
-1.720387670138793026e-02
4.064645124169835588e-01
3.014753280413885461e-01
-4.011768436668473603e-01
-1.523795381004715115e-02
6.191211305995666381e-01
1.482623189076410775e-01
3.398144425795366352e-01
-6.850997906096922829e-02
4.867729716786391991e-01
-1.460666201728897107e-01
-3.844394436263750547e-01
-3.634966343630109398e-01
-2.286137537209607107e-01
-3.354928915348238949e-02
2.261243176424796164e-01
-6.134712623657706922e-04
1.285523440615025104e-01
-2.578081342885358840e-01
4.660709020059352059e-01
-2.243278568225474112e-01
-6.426550081425784142e-04
-7.679086717987903404e-03
6.761353552089000019e-01
-1.568815732374785332e-01
-2.057493388190481387e-01
3.016442107414352147e-01
-4.099914316413042492e-01
6.061214043835615461e-01
4.176888384334425108e-01
2.559563207073178859e-01
1.997877443949413745e-01
1.811634803199767829e-01
1.662321117924012159e-01
-8.925337816299923344e-02
1.886553539100689625e-01
5.010404536253064423e-02
5.861356721118311519e-01
9.439700050660938813e-02
6.607852636855909845e-02
1.242841233230207038e-01
4.570541507928638225e-01
-7.876412208125362080e-02
9.950283621288781577e-02
5.633597956839050264e-02
-3.341061824320902818e-01
5.417215273693750666e-01
4.496298737678792734e-01
-4.109988701374628350e-02
-6.191803144042896667e-01
-2.491590171022566857e-01
1.649063711562843027e-03
-2.707940238845072400e-01
-1.634065433980199655e-01
-2.971582583528616928e-01
4.485866308225332499e-01
-3.161326093501671819e-01
2.433188965512600999e-01
-2.317655848687913064e-02
-1.325513449940700639e-01
1.451135509269748658e-01
-5.829337846488401587e-01
-1.043012647869115128e-01
-5.691913382356637019e-01
4.503074977589608535e-02
7.169748991870794619e-02
2.080855192691483460e-02
2.107426319597319742e-01
-1.932782914365084870e-01
2.454601046423836586e-01
-3.428871560830024090e-01
2.131876967287348740e-02
6.556472061201819024e-01
-3.363458002935157953e-01
-6.247768306734102772e-02
-3.523910292050075332e-01
6.628301178779794078e-02
-4.312217636888153183e-01
4.789777279657988496e-01
1.834520357738635421e-01
2.657497371042708556e-01
-1.915723445826461036e-01
8.122277276875555785e-02
-2.208535779893792961e-01
6.076833040197073821e-01
1.822054427560702849e-01
3.111506103502872066e-03
-4.506095720224970180e-01
1.949956342257121444e-01
2.054779159143112488e-01
-1.399957323017096689e-01
5.033987848499841267e-01
-2.215029823284500321e-01
-3.397599213542612517e-01
-5.167252494176844957e-01
4.954224754447314472e-02
-4.691128765245941024e-01
-1.357759023652879704e-01
-1.541984350729015164e-02
4.232677587169321187e-01
4.923800772367026291e-01
-2.844483439238779665e-01
-3.155147755622713657e-01
6.814760897837771614e-01
4.409242098772118146e-01
7.206932039942733903e-01
-1.202296216802529183e-01
-4.306432657843821676e-01
-5.154274145016714270e-02
-1.249885208692972927e-01
-1.390767807023812475e-01
1.533543840497805788e-01
-1.541273220200492511e-01
-7.850948153956886777e-02
-1.748405992502875261e-01
4.569442322182096783e-01
-2.299290868844353630e-01
3.127536017580095917e-01
2.710702940728102472e-01
-4.735093608489080452e-01
6.778095914094497965e-02
1.932414961808187615e-01
-1.060192262549149445e-01
9.153860521623961854e-02
-6.300704201633957613e-01
-9.264426705381481608e-02
6.791516849110362797e-02
-6.470835666273686559e-01
-2.092768128816435147e-01
-3.756513631726859370e-01
3.401002925451404590e-01
-3.609179626378310468e-01
-5.185815837930081162e-01
-5.560590349211296246e-01
2.485746662917462380e-01
-6.138227177354886877e-01
2.572124391265801502e-01
1.222346440551662222e-01
2.307432411588530852e-01
3.165936048838495220e-01
-3.264605841299593747e-01
-3.556254166707004116e-01
3.235135817906615863e-01
-1.600511512184679408e-01
-5.969092726758621348e-01
-2.068457739979871202e-01
-4.229802080287734661e-02
-1.351291624760202204e-01
-3.942026640167793916e-01
-2.769693548493577517e-01
3.215827881503036112e-01
-3.247633918782560358e-01
1.333975519495184114e-01
-1.245993911146257432e-01
-6.418125643754185594e-01
-2.176849829114504975e-01
-5.098456555327076645e-01
-3.904539162317873791e-01
2.533412828545550388e-02
2.960848917624822607e-02
3.695677330515327874e-01
2.696043327898223207e-01
-1.104012784105830175e-01
-6.144875627508188110e-02
2.622399153441242747e-01
-9.579007623517943326e-02
3.509125480290831156e-02
1.902930946807679380e-01
1.026024871808754457e-01
-6.941238664204066322e-02
6.906897844103972173e-02
2.130593589896127293e-01
-4.802880641428578512e-01
4.091463001345516104e-01
-2.263351308454879945e-02
-3.717359282887466865e-01
5.663680377827717827e-01
2.771802311225444737e-01
2.192666515796806437e-01
-2.859202549201488308e-01
-4.713286653809248827e-01
2.624251377694173382e-01
-1.308273101234859181e-01
-7.193587554320777233e-01
-6.100959090352467973e-01
2.910166010563061678e-01
1.198049872587622633e-02
-9.062932466037563195e-01
1.953439790344972948e-01
4.457320629468663684e-03
5.863949767779634559e-02
3.510864906937258834e-01
-4.105189917399796329e-01
1.692295214225478239e-01
-6.678894293610679878e-01
-4.107194953980747854e-01
-1.372540250823165442e-01
-1.223061087368727262e-01
3.252240558175672480e-01
-2.988076295781041392e-01
3.685794458924635530e-01
6.068310639362448078e-02
-5.347951745214565289e-01
-7.436510189894550704e-01
3.694271910243385193e-01
2.825953232850896835e-01
1.530957307966723524e-01
-1.624054905803754348e-02
3.906433994523558217e-01
1.634020530790774306e-01
-4.969143745983600063e-02
5.657211962134640892e-02
-1.915031467765252599e-02
-3.189360704629696786e-01
4.697412079372598193e-02
5.296850779119045560e-01
-6.158139908527388712e-02
4.377399593323189064e-01
-4.180518064592589900e-01
4.751505701594416764e-01
-1.404569026013227084e-01
2.424546836653987958e-01
2.727334270258403581e-01
3.666224130953794624e-01
-2.599883330051384056e-01
-7.643451671046409823e-02
-5.446419225082932847e-04
2.501753083209978246e-01
2.101475475553838956e-01
1.796475042823738322e-01
-4.316442561760649999e-01
6.428801781272877602e-02
3.424536010591550106e-02
-3.338246616104024178e-01
5.666531083135369073e-02
1.788782616878474008e-01
2.212519220151074606e-01
-1.878089676194476532e-01
6.732591349730400188e-01
3.800575888796373092e-01
1.669175073704700640e-01
3.634240580832930334e-01
-2.389261928371459176e-01
-2.946420133467703151e-01
-5.181018023659585969e-01
5.085070582955746321e-01
-2.594978447356764001e-02
-3.791642049333037723e-01
-4.657575984309823003e-01
-4.228941581334993982e-01
-1.189776299300363133e-01
3.231484712216002864e-01
3.418921470839403343e-01
1.173166556562793145e-01
-2.930386005023152274e-01
3.817559298393080058e-01
2.310851934789577011e-01
-2.340607219675758521e-01
-4.051714847426266530e-01
-5.037118526146661113e-02
2.953901536246217319e-01
5.970781566691919090e-02
-7.265390608722620269e-02
4.282168763077799367e-01
2.608918536745181704e-01
2.123061324858621091e-01
-9.374970241222237155e-02
5.467159453845879535e-02
5.552017108316906202e-02
-2.544007170268458573e-01
7.838553435272899161e-01
5.198231027820914285e-01
2.025698047048934969e-01
3.528445910973365685e-02
-9.811781562448187999e-02
1.023644808368340611e-02
-4.428773727508933944e-01
-1.489998096119313775e-01
-1.774799160932627462e-01
-1.038087918920169717e-01
-4.459341745377473076e-01
6.160058168949449353e-01
-2.628699127655519385e-01
-2.220002817785811655e-01
-5.191407043601397042e-01
4.327975588648947380e-01
1.879950062476173356e-01
-4.538279873898486416e-01
3.408000335639030376e-01
4.211989159674099370e-01
8.393105318704589812e-02
1.773516573387073358e-01
3.700637213364146305e-01
-3.853534428738214241e-03
2.700488035475980819e-01
5.239163578399331778e-01
3.517678604095826334e-01
5.801912497252841305e-01
6.698440572113593949e-02
3.525682645714628416e-01
-1.235074300599786901e-01
2.511988509204892139e-01
1.195826030307515497e-01
5.758224931949235126e-01
-5.361550875304167407e-01
-4.323067253337061627e-02
3.927854380497557835e-02
-2.302830772663365666e-01
4.557185821012597060e-01
-2.749635574221599432e-01
-2.659191169950014810e-01
-5.063237602672325810e-01
-5.110817082557803648e-01
-2.491961285563548123e-01
4.488046904368753198e-01
-1.221732626969019575e-01
-3.949331892954809908e-01
2.443536284088642929e-01
-3.290298034928607843e-03
-5.616962265357756667e-01
-3.457225760365388867e-01
-4.746000616746338663e-01
-2.599487375800830780e-01
-5.753581809568573124e-01
3.523346557836511406e-01
-2.051765635877188521e-01
-1.070092773794200092e-01
2.324973917549738034e-01
-3.465660164888932637e-02
-3.728885739959193479e-01
-2.820218766819182488e-01
2.533958911710983974e-01
3.928426043223499642e-01
1.864856884240049251e-01
-1.977682121529978077e-01
-5.936636019149164056e-01
5.349537662130354754e-01
5.123558740272458056e-01
1.842000779735709914e-01
-6.790352585639748417e-01
8.803514712102038231e-02
-1.250832428623613324e-01
-1.980824745490599725e-01
1.688819502695655117e-01
-9.341608948287856429e-02
-5.998614356498017663e-01
6.183232830099473221e-01
-4.643395710162942155e-03
-8.507436273475096900e-02
-1.092098328220173220e-01
1.119346810112959445e-01
1.218919756282024931e-02
1.830924069005244181e-01
2.925378427018870409e-01
2.310854421950991611e-01
4.134536016013071746e-01
-5.832133165543556055e-04
3.245633450470606363e-01
1.688202367649465838e-02
-2.539029667229971698e-01
7.419948638908575346e-03
-3.952798600111744887e-01
2.128944205377975574e-01
-1.257587142630039734e-01
-2.047113811650478898e-01
-1.746387103912992456e-01
3.444832728835752200e-01
-5.481556434140656686e-02
1.452139638426439006e-01
4.342404019340611460e-02
-1.121659474688898456e-01
3.995822292808710041e-01
4.685139327132155085e-01
-2.010383329310802547e-01
8.683730285219895539e-02
6.583741363658121015e-01
3.510075123124063723e-02
2.232961122407604859e-01
-4.111179667133491034e-01
1.203630350872858523e-01
-1.916820763310605677e-02
6.165213048011910502e-01
-3.771854527243664879e-01
-7.721577033838059392e-03
-2.186869071852363677e-01
1.610422359580764018e-01
8.028800261887155190e-03
3.395523632566203043e-01
1.643639288202663751e-01
-4.399477429651227345e-01
1.374739313620729209e-01
-4.516705292127308480e-02
-4.088182262710998160e-01
-1.400484433153412756e-01
1.647325669148509142e-01
6.676252469226257036e-01
-1.166249246652258376e-01
-2.672266878950569913e-01
1.016651392776001389e-01
2.761808655737733043e-01
-4.333139776838414448e-01
-4.195257642418492305e-01
1.997503440538290764e-01
5.673193198219194100e-01
5.860871854197357428e-02
