-3.173838482606102240e-01
-5.054800081182554694e-02
1.211543647038646337e-01
-3.038295809833850836e-01
4.918477012098576573e-01
6.783480241536853361e-01
-9.982687848319876656e-02
-1.132642898485742289e-01
3.047204474367591343e-01
9.014811143618822742e-02
-2.166887596877372646e-01
1.603831470943459792e-01
-1.435124149100355240e-01
-5.316525414259433147e-01
-2.865966928785012025e-01
-4.368499546923555465e-01
-3.275978005171257257e-01
3.574649213052861763e-01
4.801177311590399954e-01
-1.844192173145695057e-02
7.878899776651721032e-02
7.000745112770483392e-01
5.724994300345858100e-01
-2.668183697961820644e-01
-6.269737691756098741e-01
1.654519999533184960e-01
3.165327025743900347e-01
-2.104555477855245965e-02
-4.361908008092671984e-01
-1.193135561458564253e-01
-7.886922641980267934e-02
1.308752379945327116e-01
2.122645611439284360e-02
-2.421095235602906959e-01
1.240155276292470021e-01
1.135044814764774035e-01
-1.334361875832572597e-01
-2.402778717853322199e-01
4.296570083445685473e-01
7.754748681086230666e-02
-5.235138364421811769e-02
2.732816807026864359e-01
4.532490444650666417e-01
3.827040899172897692e-01
-2.828709155443826506e-01
4.447337282852195095e-01
2.911292716352516935e-02
-6.490581008104337468e-02
-2.315753100375747553e-01
-3.272614210166718274e-01
5.055948447326813477e-01
1.383801020454933084e-01
4.322059333078884791e-01
4.155634412308411019e-01
6.226668041798741893e-01
2.340990531618168391e-01
-1.867647260214991278e-01
-3.777665859510151991e-01
-6.620430000976395002e-01
-2.725512119421354962e-01
4.323302564762676603e-02
-6.100239569555206132e-02
-8.550585102912154623e-02
-1.418341886013833875e-01
-4.261535358547710040e-01
-3.303973695823607115e-01
3.006020323584076004e-01
1.098466104765837420e-01
-2.161646659596761499e-01
3.470790704606245280e-01
3.862147362514530835e-01
-2.373055483949765010e-01
-3.626761030190903679e-01
-3.390060137632107673e-01
-6.077434849600125144e-01
1.445099128835868052e-01
4.570966168644146066e-01
1.076360559417314650e-01
-9.810099175164914767e-03
1.590485788497862374e-01
6.862556213984019049e-01
-4.286924986284578742e-01
-1.439370991458301385e-01
-3.256302216676818517e-01
2.577677880403560495e-01
2.457499374166551287e-01
1.844484433426512530e-03
4.751709087837618362e-01
1.966541631394147505e-01
2.362865739831892797e-01
-4.523272960658476505e-01
-4.277207332162794029e-02
3.789891122952184777e-01
2.887420205253663497e-01
-6.019479773779140563e-01
1.364801967809724237e-01
-7.410129149824498836e-03
-4.523218867050598502e-01
4.487450657737539379e-03
-2.007575639635464371e-01
-3.208037008568597193e-01
-6.806789611470012713e-02
6.328960413563038401e-01
2.797665796627125667e-01
-3.834370260599513358e-01
-5.301459434621462741e-01
6.231062814992543997e-01
1.989577109463989690e-01
7.104087833872150259e-01
1.033222211211708499e-02
3.455830716713261253e-01
-1.360406257100390259e-01
-7.439914766768912502e-02
6.059930798054519174e-01
6.210584999655710536e-01
-1.847693329979684662e-01
-1.604528238539661145e-01
3.983462628083294099e-01
-2.353809450461699093e-01
-1.615255825870814121e-01
-2.664009303606826307e-01
-5.591992275866681794e-01
1.964888981040907312e-01
-7.563160211905710362e-02
1.671157978940394362e-01
5.077539176268366927e-02
8.172572136855761338e-01
-6.782997346703540931e-01
4.923653583891008378e-01
-4.122393400721583584e-02
4.613307239520050285e-01
2.121914746080267866e-01
8.307217127979833748e-02
1.877201430221395739e-01
2.026001211700284577e-01
-3.795429537109283880e-01
-4.492983571788164432e-02
4.847520460846040935e-01
5.822222551326178275e-01
-1.369163703615583760e-01
-2.649183140071002529e-01
-8.822293143294511475e-02
-6.320743291566820188e-02
4.395504127834261032e-01
-4.076152349637431893e-01
-1.192279893875430041e-01
-1.261799066081458476e-01
-2.479696840961998494e-01
-5.504542482003080967e-02
5.233153115257628274e-01
-1.690399256132040784e-01
-6.043144420509111159e-02
-5.237406099916916968e-01
-1.575821788662387368e-01
-3.360324580953211182e-01
-2.046103394422141841e-01
-1.004597332135775956e-02
4.129786953684588119e-02
-1.104263395590953378e-01
-9.672192792224734714e-02
2.374769571632984466e-01
7.592253036522918219e-02
-3.666206673902036028e-01
-6.815937513196174136e-01
4.553648905584554152e-01
-6.739234931067101808e-01
5.533594710411663398e-01
3.414655058736464355e-01
3.096346284981974645e-02
4.490357126693436118e-01
1.001161919831589087e-01
-3.224515813822251831e-01
1.200464637851485356e-01
-1.082144738479532686e-01
-3.033734999060071491e-01
-5.162371841425200669e-01
-2.471549513356773031e-02
-7.020789328387193329e-02
-2.369054730218590754e-01
2.030217941260502312e-01
3.484953971541082662e-01
4.380300280497377852e-01
1.097659986089320611e-01
-3.556102124467777625e-01
-3.390411228118082043e-01
8.704860447263181034e-02
-5.772537035415488127e-01
-3.358612934985664156e-01
-1.051830790529255030e-02
-5.679041804188622589e-01
2.549942907513407797e-01
-1.536189990899228253e-01
1.347625889230386342e-01
-1.300989819745791420e-01
-7.187003693637589175e-01
-2.378525563665884190e-02
3.358178715298647532e-01
-5.109230681190143342e-01
3.042081157589560103e-02
1.006150542446830332e-01
-2.316524388750207386e-01
1.479040042756429585e-01
6.080013501679863985e-01
4.297398453524739481e-01
-7.836226956957112466e-02
2.962528857300849028e-01
7.091386077150756140e-02
-4.211436716817724690e-01
-1.930339040761240577e-01
-5.608528987103035268e-01
2.047027283528055075e-01
-2.041077003292787739e-02
1.746112782810707309e-01
-2.266291823076247158e-01
5.894471073310739162e-02
-1.021078135619325200e-01
-5.167019355365033428e-01
1.650634214579354275e-01
7.863204144443498578e-01
-5.782402472940074700e-01
-2.962856854619697611e-01
-3.886597194838503078e-01
-2.425393775653247042e-01
-3.064985616789739353e-01
-3.746717232234509920e-01
7.879096196952126152e-02
4.751597915067339861e-01
3.077885527682284739e-01
-2.831211810529117856e-01
1.875113137539434760e-01
-8.044856141914874526e-02
-1.128210115323972085e-01
1.261447977495470940e-01
2.762701363708396363e-01
-2.127697298372792367e-01
1.186140123172359506e-01
-3.800400589204178114e-01
-5.085680710034943264e-01
1.966296666235887169e-01
-2.331140361464453803e-01
3.657037473105993752e-02
2.297262407203530810e-01
2.477011998719322039e-01
-2.902234218046320646e-01
-2.301288656630270657e-01
-1.453486704630413406e-01
1.922282669779499370e-04
-3.764697356403785555e-01
5.263105814176429753e-01
-3.257688219323507522e-02
-1.607949772056647963e-02
4.718424577571074252e-01
8.527128015288165663e-02
1.319903819172829895e-01
-1.416783084187876740e-01
-1.700852537090530858e-01
-1.310313485139006154e-02
1.496121334636141102e-02
3.819261181807262484e-02
-1.924428287433551099e-01
-2.894511808098033656e-01
-4.820892756575552163e-01
-1.339867081723248032e-01
8.759210223483744617e-02
-2.059018875296442230e-01
-3.733444958072387188e-01
3.238425177321931914e-01
-3.940556273890920003e-01
2.159789089328480738e-01
1.951376896493143501e-03
6.649370819826593004e-02
3.996700559039951250e-01
-4.606497608887747397e-01
4.668996733372229313e-01
3.475046858857962495e-01
-4.311422964833709903e-01
1.969504419449854549e-01
-4.391917944171519483e-01
1.842232641623232081e-01
1.081172964067966258e-01
5.295533439973258982e-01
6.816467869949989211e-01
-6.472635680140670367e-01
3.144988971939697842e-01
1.327591731574630785e-01
-1.976457148506988865e-02
1.179150879554266146e-01
3.653793274372837963e-01
-1.427167485463186891e-01
3.913105902705164146e-02
3.896296059054864536e-01
-3.950043801741481841e-01
-5.897034186102355635e-01
-4.409213067861921798e-01
-6.190137198818468356e-01
3.760276588921761531e-01
2.357489460158345707e-01
1.629261959331512744e-01
-1.133698850945159403e-01
-2.502784414781523692e-01
-9.310071391311650069e-02
-5.105103842175092721e-01
2.949419190898794341e-01
3.230791175280756100e-01
-3.431738534344859204e-01
1.254081788457793722e-01
1.185457987330702651e-01
-7.341307267422814142e-02
1.033660250424270899e-01
5.279578610092201529e-01
-1.717696907125361716e-01
-3.361708539621492964e-01
-4.060634623567860313e-01
-1.132228079845281898e-01
1.222786702198294939e-01
-1.355288395540535373e-01
5.687053644020521048e-01
2.302310393565002999e-01
-5.539203301960775594e-01
-1.061405864771468310e-01
-3.192967225589405933e-01
-6.905582258778281135e-01
4.894046533104922103e-01
2.058484816827127195e-01
1.519244658556968552e-01
-4.873246767006907121e-02
3.205711089312027195e-02
1.173289534822162944e-01
-3.355207770816241442e-01
8.361900153709432570e-02
-3.936981998151514728e-02
3.266718552099251993e-01
2.738074987945858241e-01
4.951578946539149650e-01
-4.748690287681815725e-02
4.463441146913728619e-01
-3.165667897043616397e-01
-1.210114379943895840e-01
3.331106691228866157e-01
1.546726334837924544e-01
-3.352186431880941342e-01
1.178314799916433675e-01
3.837803602910432321e-01
-3.182132402388209574e-02
-3.793548789049517866e-01
-8.799069491169031476e-02
9.541346371746052546e-02
-2.225882006442849448e-01
-4.276986840934027256e-01
5.704072126044620328e-01
3.464802151651228401e-01
-1.383584212541681402e-01
4.340694732876208134e-02
-2.371991517563188934e-01
2.369010862407664175e-01
2.678334741874949243e-01
-3.568416695749865863e-01
2.695747827845998423e-01
1.154471520514315508e-01
1.112746006010438826e-01
-2.046930668918729157e-01
-2.876187924253644224e-01
5.502348305808486828e-02
5.789934023336649194e-01
3.314017988343752052e-01
4.442111730868767427e-01
-2.530822981431143370e-01
3.809899980728728153e-01
-2.536789842100262149e-01
1.749575551649237837e-01
-3.336250319804007214e-01
6.297515838802401067e-01
-4.386720755618118694e-01
-3.003265494233089278e-02
2.078500204993284119e-03
-2.971584011002177395e-01
4.967271594424588210e-01
-5.018852249377419028e-01
-1.473169080516562868e-01
-1.461246488040108260e-01
-2.173154589005718562e-01
-3.181608658256507849e-01
-1.431532071513355042e-01
-4.218526452863011200e-01
-3.894486304575059954e-01
2.799914540571536437e-01
-2.076473872976600521e-01
-9.637537589579440664e-03
-1.760968135556913519e-02
2.044557127548483622e-01
3.397515168367183924e-01
4.282490483858363284e-01
-2.600070775522887387e-02
-9.788407735338881810e-02
2.772601862817527518e-01
1.108896463606116739e-01
-7.720134098426478797e-02
1.845153048592063638e-01
3.522620194848915393e-03
-5.133946041701663576e-01
-5.414022080592167940e-01
1.360678256193005864e-01
6.819417639729554725e-01
-5.447493654192693269e-01
3.090488368002173303e-01
2.202784245300691279e-01
-6.957100317246131538e-02
5.125814244468285263e-02
1.429164098627935253e-01
8.204755468537980323e-02
2.617456791551525663e-01
5.631967138645923437e-02
-1.987158073756088439e-01
-4.076872578285078985e-01
-2.918603623049158546e-01
2.462101672288429799e-01
2.558342084468036015e-01
-8.124616687642248480e-02
1.973172118806962860e-01
-5.154953641925889007e-01
-2.282309675262233876e-03
-2.069997532145857189e-01
-4.710175079073065929e-02
-2.949224986696817319e-01
7.717859721928514993e-01
2.027180933239806360e-01
-4.355528514581918920e-02
-9.474240660397914571e-02
-3.462909449645668603e-01
-7.479928959863403615e-02
8.700365150745761889e-02
-3.547444366293339701e-01
1.539404873733586643e-02
3.761299554976095250e-01
8.337191392910305032e-02
7.212559198706491870e-02
-4.422069554361530291e-02
-7.836663880059388521e-02
7.037788972944925003e-02
-5.740523079642161075e-02
1.213144461267276486e-01
8.161457669219382427e-02
-2.086886985517410475e-01
2.228593299028331920e-01
1.313605020601634199e-01
1.162818638668425830e-01
1.598926439867993932e-01
3.403902180593942894e-02
-5.856594079636542882e-02
-5.124896672529124508e-01
4.686072072634878127e-01
2.478268978260301236e-01
-7.931154108755826332e-04
-4.284199710328498445e-02
-4.771491802723623055e-01
-1.243177828756227843e-01
-1.002354695200129153e-01
-2.021040173218354441e-01
1.887554951446044627e-01
-5.337712751365524255e-01
4.198463495485115216e-01
-5.277097359189449888e-01
4.187512140311393585e-03
7.216712814727922753e-02
-1.731063070877763566e-01
-3.292962688159081219e-01
1.203663069748924785e-01
1.869899643458091121e-01
-2.545691319963180876e-01
-8.545622191178222637e-01
3.080420178881118631e-01
-4.526657032388286400e-02
-1.050294004940682258e-01
2.365099883313070417e-01
3.819374518294896270e-01
5.542669707539386870e-02
-4.510002283125089106e-01
1.571042178661323785e-01
-2.769446546832286978e-03
5.448718066590622078e-01
-5.181345700631452278e-01
3.111273831011490132e-01
-2.699499540164785813e-02
-2.710751306323817555e-01
-1.682673523017202410e-01
8.131932722897007582e-03
-6.970372928994739148e-01
-2.245969736524056348e-01
2.248197548405535262e-01
2.249652523743175814e-01
-3.584399767833068018e-01
-4.608781655163143309e-01
5.006959347466399812e-02
-6.827137090118966523e-01
6.615304066459228027e-02
-4.460595614041164003e-01
-3.872806028595646155e-01
-2.962928850447514861e-01
1.670139400063331836e-01
-5.915021520388675791e-01
-4.005307596166599038e-01
-1.678449682842216018e-02
1.817425839461958015e-01
2.306616263288279178e-01
1.493425963410728030e-01
-3.092376841168805734e-01
-5.199263915446547535e-02
-1.121448265701920355e-01
4.172027600694311888e-01
1.555422602868481996e-01
-3.793421258857571088e-01
-5.800282721313318457e-03
1.781099998733790823e-01
-5.461305379665120086e-01
-1.371994541533752832e-01
-2.039733231864986618e-01
-2.133392755430823240e-01
-3.007404923017413800e-01
-1.585648900198071906e-02
1.470934557026245260e-01
1.061151631741284740e-01
-4.429626521096442782e-03
-6.909177251269899012e-01
-2.175112463941600294e-01
2.884268622794480263e-01
2.477133993412132251e-01
3.340406904733846383e-01
2.644603464034283591e-01
-4.134178578329966713e-02
2.469898856576697999e-01
6.415360901655209336e-01
-1.753292991038835347e-01
6.734444637296956027e-02
-3.335761218193397104e-01
1.660263287490785222e-01
3.197919012532957073e-01
-3.459769158893810648e-02
-5.991774333732639013e-01
-2.977835131880851027e-01
6.076404179928388549e-01
-1.463506686793872302e-01
-5.791777522346756024e-01
-4.319726294844849490e-01
1.776260142664850272e-01
3.696935965777263799e-01
5.233200733235946478e-01
-3.643937824471726872e-01
-2.829309951286886893e-01
1.877618225827175358e-01
4.011610009344817040e-01
-1.604346525995937328e-02
-3.570419817209434798e-01
-1.309148861495767480e-01
1.032376015718757256e-01
7.050611438512484064e-01
-3.510866046625776143e-02
3.687559392984824380e-01
-3.192907773240097891e-01
-6.037576992027436917e-01
6.910354966633751594e-01
9.094950037869441173e-02
-7.809140267724247464e-02
-3.459264136565092657e-02
4.236105921993685852e-01
-3.066423016304741650e-02
7.994539403250316978e-03
-8.223813045634864594e-02
6.545481071619310143e-01
-1.418234103463423268e-01
2.549704115594591536e-01
-6.019666037349575838e-01
3.752513763025027704e-01
-6.099018389456741795e-01
2.801967866160810505e-01
1.092400662696521307e-01
-3.822580645478782513e-01
3.863361528747234486e-01
4.189402718665936054e-01
2.929106508632536299e-01
3.748747806359244983e-01
-8.335869414671140398e-02
3.954913530064912419e-01
-5.942948259837549374e-01
2.567148420818368693e-01
2.377367822174915324e-01
9.586850844245475844e-02
8.136791603912180149e-02
1.800314937229165468e-01
4.947399119336097217e-01
7.460085554060447155e-02
3.907580675168041417e-01
-1.160454773810860873e-01
-1.323971634467529801e-01
-3.113578849385304492e-01
2.359484277613298903e-02
1.488927092207491809e-01
5.928149695102988836e-01
5.263492269545356761e-01
4.062955287781686575e-01
-1.789746600194787041e-01
2.880133061068635980e-01
-4.655116907781183810e-01
-1.820254815362127299e-01
-6.959358731261187092e-01
6.636439698889390337e-01
2.155604553512956711e-01
6.082154438215119363e-01
7.931919183804894691e-02
2.309530028444591876e-01
-4.471284612727651764e-01
1.562224918453338496e-01
7.929092342492025103e-02
7.660430569915399612e-02
-3.260553390253378980e-01
-4.674048169298642419e-01
4.398094772006695963e-01
-1.369724956029728657e-01
3.160766487842655570e-01
-8.664125934947322638e-02
3.980190795394178971e-01
-3.823155031750412602e-01
-5.276782685553631502e-01
-5.318797491975743030e-01
-3.870797567498788783e-01
2.114423069867120697e-01
-3.670791568526778764e-02
4.952399700021142825e-01
-5.041688563946805646e-01
3.018267501596818003e-01
2.629642641873456976e-01
-2.449527431378857867e-01
-3.215937326324664891e-01
-4.871554078914960839e-02
1.193559021549075450e-01
-3.281255145207134793e-01
8.421776509737219363e-02
2.655353512397544136e-01
2.985566816947246016e-01
-4.758670646713967223e-01
-2.990787850246925395e-01
-2.137873650164923700e-01
1.245182970690244667e-01
1.982502144088989782e-01
-6.775523753793977200e-01
-3.042904194260623862e-01
3.912724077884403850e-02
-2.049236307409876279e-01
-1.844000683261963203e-01
-3.970726746801033769e-01
1.551485998349078355e-01
2.171274938813516284e-02
2.563233617665444108e-01
3.644080747941057935e-02
-3.779188576852834935e-01
-2.487622489884973309e-02
2.708589547303652534e-01
4.529011491729808547e-01
3.472748061734997616e-01
-5.537842924660412169e-01
-5.756670512731922040e-02
5.838811509020829238e-01
-2.174818802144992125e-01
3.812380055984065930e-02
-3.666355003599719997e-01
-5.323195667336770853e-01
1.354464996396539667e-01
2.214424903354720031e-01
2.695366065162143054e-01
8.352650910967449605e-01
-2.304846984130140553e-01
4.162034680448483126e-01
-2.978662132282530184e-01
-4.969258806862252298e-01
-2.551817924291003292e-01
-4.234786161862584553e-02
1.595162761129559348e-01
-2.925224373321728688e-01
1.121447203972218976e-01
-1.639594492496260769e-01
5.575313010378722955e-01
-3.990258996685304704e-01
-2.939690136152313671e-01
-3.640724045938070752e-01
3.110975371760866803e-01
5.324771497488587357e-01
8.094231296318760149e-02
-5.650781459623319819e-02
-3.366829366639961796e-02
1.943412380718894938e-01
5.193977947534644812e-01
2.181677268516139800e-02
2.071397801905046632e-01
-1.256493942683156728e-01
-4.543750342629114258e-01
-2.671188308267720690e-01
4.539019220476635946e-02
-3.180812047349344529e-01
-3.119470114537906125e-01
-1.579262164999504781e-01
4.274095630727146183e-02
-6.777360013906434666e-02
6.941742493458413765e-01
2.679018335291918351e-01
3.401357246666234513e-01
4.914048904010723806e-01
-1.940493559441973659e-01
2.071088226947101485e-01
-3.061815369558810659e-02
1.390399925985628948e-01
-8.654188369682269677e-02
-2.361531021960004695e-01
-1.330028510790637331e-01
-4.870899542706010887e-01
-1.303344017431073976e-01
2.569379143652709280e-02
6.339248278642650725e-02
-3.818123893546929715e-01
8.183898628196217828e-01
-2.716567637957797432e-01
5.172999250433127916e-01
-1.340552677212477339e-01
4.420279712053461485e-01
3.089536334897391434e-02
-1.322275415692970579e-01
-4.737098073554398825e-01
7.022017542244829436e-02
2.023178316938585297e-01
-7.903585436344313930e-02
4.279244068426053815e-02
-1.226372837453915121e-01
5.935939671495116254e-01
1.689202861806494427e-01
5.956706551035594738e-02
-3.695086395987302041e-01
-1.570560696053721061e-01
-1.962581680948956020e-01
-7.966995492493939013e-03
8.140144278387065335e-02
-3.462465188721158132e-02
4.576385608660490240e-02
-2.712832776466684304e-01
-6.979959901518137944e-01
-5.300241949254345941e-02
2.742389911947793468e-01
-1.249362657127901510e-01
1.119806226746673516e-01
3.911224662777466610e-01
-5.130202304831493060e-02
-5.101538474027788039e-01
-2.833718949773645357e-01
1.084200581896871060e-02
2.680825061336202797e-01
-6.479139295008304877e-01
1.439214873910263370e-01
-5.152796620967312613e-01
-1.011904736413162392e-01
7.010016891889393753e-02
-3.774270511963829788e-01
-1.076991169770988993e-01
1.945695881079211598e-01
3.528732436314082621e-01
-6.254030539869357419e-01
-7.847475954669618226e-01
-2.713601856034892224e-03
1.821326050357695014e-01
2.627542733498272054e-01
6.810795525298670577e-03
3.762896888973781273e-01
4.339891537356849183e-01
-1.458520387867151269e-01
-9.667085628947665044e-02
2.345776871776029116e-01
8.736365400100294665e-02
-4.365599481396172793e-02
-2.545021671645054662e-01
1.074282663592818765e-01
-3.929517620274502465e-01
-3.891283519347098485e-01
5.051162058560668688e-01
4.888735407144295664e-01
-3.340655031351325022e-01
-7.611441282716907217e-03
-5.716104324856242924e-02
-1.880063558075183716e-01
-3.777963536892103291e-01
1.167770447244726728e-01
-2.940280210638272496e-01
-2.258190487167654470e-01
4.112113515705590472e-01
-3.438417785682716665e-02
-3.041543890935995142e-02
1.016656016803809681e-01
-2.572655233607055655e-03
1.695844616331402821e-01
1.617987820759360651e-01
-1.678957952373939799e-02
2.932685232449341872e-01
-6.453620357115195105e-01
3.643809801481854294e-01
6.497690631931535288e-01
-4.171751669076001479e-02
3.143455033056313103e-02
-1.776389726388263590e-01
-1.192260915639185292e-01
4.799919853755561516e-01
-1.820563714602224104e-01
-1.235228921335737723e-01
-1.603213152190325133e-02
-3.877791328061087062e-01
2.800627621105543641e-01
-3.549177713451017180e-01
-2.678127855946588198e-01
2.105245697410768890e-01
3.675589043320800497e-01
-2.001999207614763576e-01
3.172422467311411531e-01
2.634466113503691753e-01
-2.445973246997629469e-01
8.755955721047448126e-02
-1.976803030118648094e-02
4.051529997091646296e-01
-6.920872871317229613e-02
1.921609716268477264e-01
-3.337337562116884371e-01
-3.249804323342591617e-01
5.088898641379476784e-01
4.663632493170900561e-01
-2.276079710598520600e-02
3.499692756131195792e-01
2.576123539553930586e-01
6.008811635987532790e-02
1.388548106584907016e-01
6.138697857880571762e-01
2.664024534224330720e-01
8.702281792608844435e-02
5.095385158107043067e-01
-2.461286523171544172e-01
1.038990604221322889e-01
5.700834579648501599e-01
1.076471090026621530e-01
-3.362743907800360699e-01
-4.232557465443773648e-01
5.001977361625660201e-01
4.338276204542327458e-02
9.858008692594960598e-02
1.769211323651015688e-01
3.794243918654500725e-01
-4.501875469866557511e-01
-1.345603466568860984e-01
1.392406632794162824e-01
-2.964083663551246861e-01
5.256509417909459581e-01
-1.395357922386121219e-01
-4.410195034888947374e-01
9.161239212213036220e-02
-2.092137336119949120e-01
3.174613705730819913e-01
3.575098988779588649e-01
5.286316163492973258e-02
2.062682182649112628e-01
-4.341856712577888411e-01
-2.141518671075109403e-01
5.469254376750924684e-02
1.782177857529640974e-01
1.683066086362689784e-01
-1.437319437462166449e-01
-2.578299750249407052e-01
4.231421290382725298e-02
-4.753426906826796472e-01
-7.333327292952615886e-03
-5.157074469641103054e-01
3.819814588551235790e-01
4.252335612634428053e-02
5.134598590826211506e-01
8.761846921478044781e-02
-3.891190676450905217e-01
-3.986929884000393609e-01
1.999367632946995876e-01
3.587607313247589413e-01
3.393973522884588534e-01
-2.625255848863481400e-01
-2.021952987403489443e-01
-2.406608871839771013e-01
-1.645408864250485770e-01
3.591998821597360003e-02
-1.492223146969196002e-01
3.378388447210761703e-01
-3.581769940293268173e-02
-3.902231649842704750e-03
-3.999686513315184877e-01
-1.973746929419201712e-01
1.209775733425963729e-01
-1.603236387798165352e-01
-1.852779576092162817e-01
1.701770750240952645e-01
-2.931720447876666191e-01
7.318589775729591462e-01
-5.130349881410423141e-01
-5.890783575086880886e-01
8.433840044470594655e-02
-6.701782584533207132e-02
-4.269517479871329790e-01
-1.155153901779865516e-01
-2.776312799146359866e-01
-1.882052060687041950e-01
2.153611080052989235e-01
-2.880528678149122529e-02
5.603017805126403461e-01
-7.643922481236815614e-01
2.385005759024336480e-01
-1.031795135676994990e-01
-9.770174992270144743e-02
-7.293861966857072554e-01
1.220521640289774362e-01
4.359604419094322836e-01
-4.556715251527014565e-02
5.264864534081928893e-01
-2.802542999596494555e-01
-3.003938182711797245e-01
-8.154658979107209937e-01
-3.860313275639290498e-02
-2.689926098251017583e-01
1.281797846889453085e-01
-8.162089577342049318e-02
6.601603565057966305e-01
3.889573109944532980e-01
1.311043825416325914e-01
-2.381413719005814889e-01
2.259445558512430119e-01
1.248497524967795425e-01
3.279417609972483660e-01
4.129883952041588785e-02
-3.441788472508023333e-01
-1.134393427097600687e-01
-2.813556244826505015e-01
2.441457916632089886e-01
-3.106037740493228783e-01
-2.388805071480397391e-02
-4.652982800087804849e-01
6.120287480444568107e-02
1.967717754292132859e-01
-1.375931577445353438e-01
-1.553055107211894770e-01
-4.804117408357277408e-01
1.623240784207088602e-02
9.897579968983383214e-02
-3.790435598471864620e-01
4.506870407744778539e-01
-2.250364988491352358e-01
4.118748799585579268e-01
-6.634265220592534817e-02
2.323282387408881211e-01
5.517256276005637616e-01
-8.927232290982445773e-05
6.844639159996430966e-02
-9.857910135674693985e-02
2.869537104563436580e-01
7.539410095286119828e-02
-5.166411342949783769e-01
2.576115911500516109e-01
-9.872448128639924048e-02
9.799049695313553909e-03
-5.206882026672660785e-02
-6.245284767390972824e-01
2.445992164177565042e-01
-7.285758570698297465e-02
-1.591662891935730073e-02
-2.320779116493551231e-01
7.627087183925171376e-03
1.969652763977159382e-01
-4.807526048025336229e-01
-8.298783351636713768e-01
4.510784016759545462e-02
1.945382487703965491e-01
-4.327434359686948007e-01
-2.675934014393415716e-01
1.650764482739844885e-01
-1.012323640534810720e-01
-3.331599942873222364e-01
-7.374294572485570742e-02
-2.471251065509334488e-01
-1.447270578813007191e-01
1.588845869663955690e-01
-2.456177841040135812e-01
2.764509578627138975e-01
-1.972894717482972238e-01
3.592004967090846046e-01
-1.597429207860485700e-01
1.725140050602975705e-01
1.576469009482699968e-01
3.995981798580766631e-01
4.348420014854984667e-02
-4.864606311501699226e-02
-2.290490334825757701e-01
6.955726754673774437e-01
-4.536086150217937679e-02
-2.573068627480151194e-01
-2.273087891237320912e-01
3.331708493455720621e-01
-2.986391453188867451e-01
-2.918563646089835650e-01
3.923374972877551325e-01
-7.778676863102484962e-02
-1.770329130064901835e-01
-2.343468173166052271e-01
3.913002242037484368e-01
-4.504456856874041737e-01
2.593194496565525142e-01
2.638891349971335121e-01
1.890131351955577077e-01
1.137006505124562861e-01
1.356700223028445285e-01
-2.415796941110959217e-01
-3.674013137476405122e-01
1.045761346235411227e-01
9.941287931848818982e-02
6.247123383834911337e-02
-7.661887754124119265e-01
7.674592732426024910e-02
3.873551293745504664e-01
-7.905656699037107160e-02
-1.588437650220958508e-01
-4.386190826678040278e-01
1.999644689364233063e-01
-3.786267925704142057e-01
1.401748899903638712e-01
-2.423946396957076810e-01
7.525476478411536885e-01
1.126326336146070556e-01
-3.884520280674171877e-01
-2.737951556822416088e-01
-1.013587684626829355e-02
-2.462360430299694383e-02
2.681929840343010019e-02
8.155936817226951963e-01
1.308851868835821629e-02
2.533858833759166096e-01
-7.412251349735438088e-01
-4.006441090311706477e-01
-3.054001377759726354e-01
3.310070152837400470e-01
-6.516617121457585031e-03
2.293575274581192980e-01
-1.831064362901756726e-01
-3.406122409417737806e-01
-2.419855830082180970e-01
7.407021834260268944e-02
-3.773324267226764173e-01
2.598645912929936630e-01
-4.643592266891043985e-01
1.554871154231576291e-01
1.126345655799012267e-02
-1.443711314597511119e-01
2.592128995233912159e-01
-3.550228498315903813e-01
2.819541570301375977e-01
4.356183444633640045e-01
7.843594523720744949e-01
4.580809338205512615e-01
3.492022325674171146e-02
-4.647078592037067191e-01
3.824865564929424977e-01
-1.528134729002662839e-02
-1.401136299050670941e-01
-5.930143488879153768e-01
-1.913424885017579180e-01
-4.044195259790089869e-01
4.604192737250616951e-01
-3.527220666673654970e-01
2.343211333892346038e-01
2.411683730754640154e-01
1.942746852219494613e-01
-4.710855721671031726e-01
-2.099322270561079784e-01
-4.572604622981234213e-02
3.161444838747535790e-01
1.900987039490460440e-01
1.310492695221405490e-01
-2.721335622708374591e-01
-1.126418093130912845e-01
5.856672311232307138e-01
-6.764878403507714744e-01
-3.947207197952732338e-01
-4.294772070571861722e-02
2.101889830073151166e-01
2.000609282898110075e-01
-4.146237713774679201e-01
-6.977319105400119348e-01
-3.961732749740616844e-01
-2.779804875493088190e-01
1.711682528899405309e-01
2.563531821944703415e-01
3.043152334493994804e-01
1.107046127242089506e-01
6.435186912213437804e-02
-5.125654493215878738e-01
-3.736406741599386239e-01
1.715319964460422161e-02
5.088620825861738250e-01
1.538063134355550365e-01
5.233954853187676726e-01
2.903363884435452014e-01
-3.441599365738229332e-01
-3.036370858203214507e-01
-2.483276682529021173e-01
-1.263198178965190543e-01
1.598524861174875911e-01
4.477608810869194156e-01
3.267788318590110208e-01
4.190350309419697550e-01
-5.029662366096716575e-01
-2.450436202597700286e-01
-2.488798713057695788e-01
1.889017639823934169e-01
2.877220114811498974e-01
3.199539584528602321e-01
-5.030877993239286916e-02
6.405389045684699578e-01
1.648451660839168609e-01
4.767276144740226762e-01
9.173923802569452363e-03
-2.335255085385237739e-01
-3.864338358044074884e-01
-5.286532067621841913e-01
-4.151676473538996603e-01
3.410948520993141164e-01
-2.275720748820506123e-01
5.089957963880105060e-03
-4.149663580455362766e-01
3.094066332610498904e-01
-2.840292733461987629e-01
-2.223690732967074368e-01
-1.582643162193773378e-01
2.868131468499325321e-01
1.509266347843306044e-01
-2.008798619534604979e-01
-2.041986935924979679e-02
-9.418548281733421512e-02
-3.268791625538323697e-01
9.607471512204542041e-03
-2.757675972320374758e-01
-6.243294913147293679e-01
-1.654921177830746271e-01
-1.735513294973039800e-01
-1.980884205159622602e-01
6.465430136216837598e-02
-2.593542873383702929e-02
4.059985239182398176e-01
-2.038159383722337181e-01
3.210498050350745203e-01
-2.148707108700584900e-01
2.210623086700276851e-01
1.180615999794300611e-02
4.764416406048602171e-01
-5.095026592924302433e-02
2.669159185997527772e-01
6.277823662696455087e-02
-2.544049052854044368e-01
3.205071167135171983e-02
2.688612818427013051e-01
-5.484255075166578619e-01
2.551715589236611681e-01
-6.872780481500656569e-02
-4.147649688770917997e-01
-9.237129441621400039e-02
4.844168127658704526e-02
1.725866357937695383e-01
-2.742119396387932007e-01
-3.326466891601936177e-02
-6.250144111492126342e-01
5.318896000774476773e-01
-1.026748809891487035e-01
1.496771966867855852e-01
-3.810322191356003141e-01
-2.138154816539856173e-01
5.317777801640753699e-02
-3.825068234533773870e-01
-2.226352767752591832e-01
-2.708712898867423613e-01
-2.358181511271297826e-01
2.057605141985268671e-01
-2.954626523094830426e-01
-4.229937526743245968e-01
1.277740442612406713e-01
2.087522356023213677e-01
2.758671736060090418e-01
-4.424314841887083682e-01
-5.838204931160604350e-01
-2.071517421008876349e-03
3.852513560847530272e-01
-4.884871524608432880e-01
-5.449342426169525577e-01
2.370372268702266028e-01
-4.419287481919745471e-03
-2.969001328524164054e-02
2.610722817290115141e-02
1.191186046343344768e-01
4.655438486644956075e-01
4.339049596597635561e-01
-7.974626159769618305e-02
-2.936982815168269756e-01
-1.078031208940240585e-02
6.674337022014589782e-02
1.948289155926503646e-01
-1.171085499293507241e-03
4.344482317271342107e-04
4.151234465459482381e-01
-4.150761842152752568e-01
2.365065879107905999e-01
1.924895187977161415e-01
3.292935383002985050e-01
-8.700778755474133930e-02
-2.706758033087289066e-03
-2.379826685888686011e-01
-3.632414882265053713e-01
2.507253442116136322e-01
-3.419757673716715130e-01
1.730626301746568951e-01
1.752246074359234129e-01
-1.712241480633534541e-01
2.210004577681710936e-02
3.277687863315857653e-02
4.233210310332150006e-01
-3.042279919407925304e-02
7.862799469155599963e-02
1.881008999668239423e-01
1.485266746534044391e-01
-5.551549833455768912e-01
2.004636656888997559e-01
-1.465495189108315388e-01
-3.213334853031912103e-02
3.638771386562016374e-01
6.676549308210130707e-02
2.503653898254114551e-01
5.590905728185280310e-01
-4.254118375793554674e-01
2.894070657385121037e-01
-3.310960339785423701e-02
1.055430066750864121e-01
-1.586520366921035097e-01
6.661498259422135582e-02
3.235881969610922004e-01
2.185213891650985840e-01
1.296599771159651637e-01
5.028991045119438619e-01
9.850556209887116610e-02
-1.920125631037209735e-01
-7.777575289881402676e-02
2.365106116558877980e-01
-1.331245561019849324e-02
7.321548765162816386e-02
-1.933812884893982564e-01
-4.617937321458127631e-01
9.827281974508897400e-02
3.563937074928482662e-01
9.989003067876855990e-02
4.507507339664397206e-01
3.530031279623456753e-01
-2.511688930280435716e-01
2.656801991354320602e-01
5.249331379929893515e-01
-4.025494444211113326e-03
-4.275109572224043697e-02
2.956250808983391654e-01
2.061099370759340854e-02
-5.249494918182855407e-01
-2.286663722404750076e-01
5.036882307991294994e-01
-1.392671038144297491e-01
-3.834916904131241977e-01
-8.445967896595288349e-02
-4.186864776574089619e-02
2.104250168997977288e-01
1.373145147231558671e-01
2.622968533531204183e-01
6.758427272765807903e-01
2.930094041493266910e-01
-4.147893566414254662e-01
2.094602746631530829e-02
5.815039088299824854e-01
-3.660010522829034718e-01
7.002440525356808110e-02
-3.615029569765205175e-01
-7.540928292911256436e-01
-1.532181848439245209e-01
3.689080738629069711e-01
-4.119861499857605525e-01
1.866640581143051703e-01
4.867128031033712277e-01
5.571818326818238631e-01
1.755283667398941927e-01
3.448167973233321471e-01
6.658765551497722868e-01
1.389766213949734652e-01
-4.728750380220902438e-01
-5.313263541680677271e-01
1.684854105494456855e-01
-3.448725040031795364e-01
-4.302581303964066461e-01
1.500942788643750969e-01
9.494600562226661322e-02
5.836599722724879896e-02
-2.262686222001915326e-01
-4.709889349453170171e-01
1.159159674828291464e-01
-1.031321727066187022e-01
3.848420180429587001e-01
2.812545888871407773e-01
-6.715269502055009054e-01
-2.878169047877370268e-01
5.417277212390516627e-01
5.689491241820602424e-02
1.216944335447013581e-02
5.531096955628381912e-02
-5.153670863360906296e-01
-3.468974392381019012e-02
3.976031745479440271e-01
1.030125036247329928e-01
-9.629384278820790621e-02
3.384121719675721174e-01
-5.670421552390066955e-01
3.845273042239936157e-01
1.632276379636789232e-01
3.742589036176922901e-02
-4.166297288373640439e-01
2.589430469118720879e-01
-3.164352731233687627e-02
2.024087205394845546e-01
1.985050447762976844e-01
3.852630158614833711e-01
-3.194156589960198689e-01
-1.038504050231461029e-01
-1.044145768869298996e-01
4.809397286854749098e-01
5.726186715174609310e-01
-3.829530383260709714e-01
-1.300915257650787915e-02
4.775624724248154207e-01
5.658728449174173225e-02
-3.450315152781484752e-04
4.100148439056936489e-01
-2.349345958948453328e-01
-4.735334581505566687e-02
-3.686515044671996588e-02
3.829799326147524663e-02
2.422859596401616133e-01
-5.746775950410130257e-02
1.238917418172547913e-01
-5.648360594825165837e-01
-4.834187409937555358e-01
-2.459976636111691206e-01
3.922993056190525740e-01
4.556082378856479154e-01
3.219471164351505460e-02
-1.828472139021284915e-01
-1.362984473007883834e-01
-3.397884926986900478e-01
-4.267503458550098855e-02
-4.409802384990004764e-01
-1.633653539933180854e-01
-1.376683182473320277e-01
1.930909805179210070e-01
-2.057513869460872169e-01
-2.830548842762056205e-01
2.979414810623676191e-01
3.445746397378701698e-01
-3.390662109941551261e-01
2.232136604289287896e-01
-3.633122658944081818e-01
3.469777683589515827e-02
3.518874015919435383e-01
4.859458893720474681e-01
8.528958362466959597e-02
-4.810802313436716299e-02
-1.776661388132253459e-03
4.506458018138448374e-01
-1.651989114266438352e-01
2.212786908280817422e-01
4.898472594102815103e-01
2.101131288864770963e-01
-1.760682629263052856e-01
-8.500624145808001464e-02
8.608816959187727547e-02
7.191192401010147728e-02
-7.518153139056791279e-01
1.632656380361590387e-01
1.404147364109782081e-01
-7.027523184026800152e-02
-2.452344934644648880e-02
2.047038453472924124e-01
2.304976977618014289e-01
-4.410705951184538676e-01
-1.249100229024984882e-01
5.422291831203279039e-02
-1.284295378440580282e-01
2.710897567642596706e-01
-1.431964866105968071e-01
2.602390542885864022e-01
2.992968035564484430e-01
3.173910207793227342e-03
1.158938760511969007e-01
4.411119017611475623e-01
-6.189369084923659337e-01
1.224389457112138035e-01
1.287331051863285780e-01
1.142770174299765212e-01
-1.728601201363309248e-01
-1.914396061391654691e-01
1.746083305227801308e-01
1.161401124564043763e-01
-2.530239937562169805e-01
2.739406638971879637e-01
-4.326098609796397848e-02
3.216729456173280099e-01
-5.566855212594048474e-01
3.642947348197067559e-01
3.747675264615094592e-01
-1.420257427559933061e-02
-4.746532422147076158e-01
-7.317796236057690085e-02
-1.012006070146022757e-01
3.210511059688052615e-01
5.758868981258414843e-01
1.028477789958950339e-01
4.682766486738732525e-01
2.960953559984816439e-03
-4.043202379244540401e-01
-1.116481906552480724e-01
9.475823047159709356e-02
5.024456110823476429e-01
1.149167979720301137e-02
-5.121413575718547495e-01
1.205052370037964782e-01
3.858007110753202129e-01
5.301708169511127888e-01
1.044527297109895392e-01
-3.505956190666845163e-01
-4.402858147308497117e-01
1.758240613963778787e-01
-3.187729059224045924e-01
4.717006774226275012e-01
-3.178248767962435495e-01
-1.360970505617067339e-01
-1.819317427221622818e-01
-2.963038343191766455e-02
-4.959576915425444321e-01
2.735282408102613916e-01
1.666817868241495804e-01
-4.154045370074573862e-01
-3.919371437170912076e-01
7.625354542746319575e-02
-2.084455969381658336e-01
2.220640055813983271e-01
-1.404505619143205930e-01
3.841336751545692541e-01
-6.946884895428433182e-02
1.884839818785883150e-02
-5.791461444536325498e-01
3.513937050941275397e-01
-3.837173099689569211e-01
1.408702509971531958e-01
3.850030465310393807e-02
5.922598362052537979e-01
-2.475293429892175615e-02
1.095839213769637527e-01
-1.899038049178084497e-01
-1.086119839366556372e-01
-9.940924112214151454e-03
-4.882627961556733065e-01
-1.143617502282087139e-01
2.470979304972802659e-01
1.072364064657298499e-01
5.119889905631982464e-03
-2.652847228612226771e-01
-3.101420074870858690e-02
1.371898945168635031e-01
-2.564971187408054409e-01
-3.454946386233398448e-02
-4.014075096683549226e-01
-2.003112094275628086e-01
-1.590200900892816682e-01
9.074605241625305352e-02
-1.855648223222525206e-01
-3.628555026061217603e-01
-6.262538541338749098e-01
1.695089340085021434e-01
1.759991911249287055e-01
-7.938160366835056436e-02
1.494399974042638357e-01
-8.232271767986361344e-02
-3.687366445251382130e-01
-4.660738526056914383e-02
-1.991871535033339358e-01
3.220922264298982096e-01
-3.233533774086083667e-01
3.170685947802741045e-01
-2.486594181430153983e-01
-3.835739725850390580e-01
-3.131687674787206332e-01
-3.028887745730787784e-01
3.320162011351642795e-01
-4.501117934767089879e-01
3.194020670618670232e-01
-5.112364352596655559e-01
-7.212400462225121434e-01
1.163629588388961633e-01
2.541071640596371389e-02
-2.043211019772244175e-01
-5.074669316272566177e-02
-2.959419556424206510e-01
2.445396665389664992e-01
-2.054906014340352610e-02
-2.392174257301780682e-01
-4.133390706760052824e-01
3.278098328408192152e-01
3.661456136715444121e-01
6.046096037813717405e-01
-2.586589808924651956e-01
2.555418984296198293e-01
3.068836866018733733e-01
4.161680306794629525e-01
-4.030046926145062214e-01
4.732866364973753459e-01
2.516522335008056221e-01
2.153737215799146343e-01
-2.068272230835007108e-01
3.164015081301244647e-01
-1.422354549359466577e-03
-2.980674631999512547e-01
-7.978148409309876454e-02
-3.159894269715769477e-01
-1.308499770896625336e-01
2.566375631911601563e-01
-1.148095800126900656e-01
5.074101257143667221e-01
3.059718938556431345e-02
4.790730102374728822e-02
-9.003392516083139063e-02
4.865169634685453381e-01
-3.007682436974841167e-01
2.581334232148553842e-01
3.977267298931930206e-02
-1.278331909759723162e-01
-2.051651018694407858e-01
3.067696559731943745e-02
3.389812621755113886e-01
-7.249118211134762679e-02
-1.714476371969085311e-01
3.921149023387894839e-01
5.931096895407914765e-02
5.573962806931436198e-01
-8.228064965686358867e-02
5.338674384708619325e-02
9.269451364685328543e-02
-5.894955658778273655e-01
7.888720044207608861e-02
-4.878771776151981099e-01
2.233061463087023246e-01
-4.880308782176703830e-01
-2.826511369459855372e-01
-1.033071937534747742e-01
1.918983930447649977e-01
9.285856768071480694e-02
-4.641230389458238931e-02
4.467855395143045805e-02
4.809289088157812087e-01
-3.746027267823662243e-01
2.550249914896876025e-01
9.246550228542554928e-02
6.328898884196402230e-01
-2.033531712517939322e-02
-3.883859203137183802e-01
2.318377466027523870e-01
4.424829808294251654e-01
-5.378183324561154333e-01
-6.574985713691319233e-01
4.879786819049816149e-01
-4.921576298672991623e-02
5.472672825686546449e-01
-3.104242993256445815e-01
1.181114835399364876e-01
-4.303509749660742734e-01
-3.049256199897450170e-02
2.309649351300428755e-01
-4.916268245030570583e-01
1.365881040973161431e-01
3.237292904342132377e-02
-2.847211568101683590e-02
2.611731778206420884e-01
3.237486714709027491e-01
5.709107364563426046e-01
-5.073627838324044070e-01
-5.747426509715660714e-01
2.009941765431830576e-02
2.369867812053446932e-01
-1.042133685166254653e-01
-1.617465210033454739e-02
3.127945595475587481e-01
2.511979309951555828e-01
1.935549294210149596e-01
3.342153987926303471e-01
2.577349550742495388e-01
-2.106112659021301334e-02
-9.345752494098895358e-02
-2.466854959551816884e-01
-6.250319727108571977e-01
4.561352406237544344e-01
1.275494564430936228e-01
-1.025178443416152607e-02
-3.581364332395223782e-01
-3.070744813420521746e-01
2.535087981733443740e-01
6.524208937323718871e-01
-1.986351491554232684e-01
-6.200508303616502070e-01
4.159680877161237023e-01
-1.395707570525255292e-01
1.733484220471210105e-02
-4.500604978673983236e-01
-4.345841467715504391e-01
-6.399486845422920345e-01
2.555400931244822260e-01
-1.621903291038498118e-01
-2.575646343394894511e-01
5.078756459584917726e-01
3.745255604114199333e-01
-1.621794698327906903e-01
-1.116243379433249361e-01
-3.354075713450573870e-01
-1.016831488491282270e-01
-4.947634073619684436e-01
-3.853095513803026506e-01
-8.784657648500995841e-02
5.338085982026460341e-01
7.130376037041509518e-02
3.921975596332771818e-02
2.271384629717443371e-01
-3.476664306852993436e-01
1.798782462246569236e-01
2.416195883926079979e-01
-2.329190714573422805e-01
-1.102955723734400373e-01
-3.353815002995997469e-02
-4.656768894984683049e-01
4.144754696439307828e-01
4.626377916199877482e-01
7.257424267667516027e-01
-4.762876978304461106e-01
-6.580879659676310001e-02
1.256679027771737123e-01
-4.060585478462350184e-01
2.125169343156231572e-02
3.006157423265642947e-01
5.932557226268474204e-02
-2.301226761999884685e-01
-6.389755191365871223e-01
2.682935735949148470e-01
-1.807705957192073942e-01
4.069068364847774899e-02
6.769772600240624161e-02
2.297054910278280015e-01
-2.496880148546362088e-01
4.344254898691394251e-01
-9.536623729087301271e-02
-2.274302104552998749e-01
4.837034115101865317e-01
-2.038220095756580474e-01
2.353445718889388971e-01
6.044085191397239321e-01
1.113984944656444542e-01
-3.592150133047646021e-02
-4.638952479210476931e-01
3.407606242828627452e-01
-4.616736801783627442e-01
1.744846490376100179e-01
7.006138331899236515e-01
-5.429721798304770752e-02
-4.730476275428847632e-01
-2.707656169574590432e-01
-3.809088291803554016e-01
4.200259654553666344e-01
-7.264679576422539142e-01
7.045676895397570139e-01
-3.728100185121941412e-01
1.103540528292010214e-01
-1.739019607674288995e-02
-1.723858729209788720e-01
2.599290653794052997e-01
3.654931590000130570e-01
-9.340380651444270613e-03
4.633223368583440083e-01
7.179957699926171610e-01
-1.254245495778009284e-02
2.129350987311494636e-01
1.966549773949513857e-01
3.473959332956325641e-01
-3.836977352230233618e-01
-4.557771619442715361e-01
-7.030551109357597098e-03
6.706670156266449079e-02
-1.603677427965900515e-01
-4.017803395283482404e-01
-5.249754669114043981e-01
1.442574275720857335e-01
-3.467350060546717239e-01
-3.237006436562585993e-02
7.535044589410726246e-02
-3.629387449810039801e-01
3.673138368539107801e-01
3.716243796106224323e-02
4.150154182667651487e-02
-1.293133221317032122e-01
-2.623212650340355223e-01
-1.611711839490909681e-01
2.267339204311875078e-01
-3.491112536837600033e-01
3.739500747171612405e-01
8.713788570948058365e-02
5.787771454679566663e-01
3.527257414697184540e-02
8.463439351497642482e-02
7.076034174312508807e-01
6.940065203855483311e-01
1.545469711289538250e-01
-5.981165538451325148e-01
-2.644128494446949529e-01
-5.926099647007434523e-01
1.218782454958279998e-01
2.444149945043100625e-01
-4.831205117998010889e-01
8.536216635496565730e-02
-5.101447617184933225e-01
5.009172833610594511e-01
-7.469735052850881574e-02
1.338079055308854515e-01
-6.738759880584399564e-01
3.959475385005503112e-01
1.979739777627839703e-01
2.386791880182978220e-01
1.583376100392765162e-01
-1.396963333141905683e-01
3.358232677217816153e-01
4.598394452436176949e-01
9.412935632096156024e-02
-2.882163062481818971e-01
6.053155965116583381e-01
-4.840107346210864581e-02
2.908091469612303914e-01
-3.518175884730204706e-01
7.902775878889910233e-02
2.780778248365702865e-01
-2.683088082067805469e-01
-4.871786709758632039e-01
2.455584272032634019e-01
1.736293882948092560e-01
3.159363969863481780e-01
1.037937748256140547e-01
2.605801042392618533e-02
4.639823507473148645e-01
4.671520616042630913e-01
1.323046185586175538e-01
9.192651178843426474e-02
-3.063252177883352134e-01
-5.600874476687517367e-01
4.665714834986869897e-01
-2.333762601589811081e-01
3.442619552319872711e-01
5.044945193117438276e-01
1.435406826519294021e-01
-3.962810210531384492e-01
1.802391180971884554e-01
-5.991676263877910857e-01
-3.494935877241642230e-01
-1.610195608125294386e-01
-5.116447823726919530e-01
1.156857093136436920e-01
-2.482874126273568183e-01
-5.595014039065809852e-01
1.277663714081279656e-01
5.271618037717421545e-01
3.140701322892842096e-01
2.963945036203280980e-01
-1.076955121188640091e-01
2.452590803845680623e-01
5.794828415385339798e-02
3.012266560681349237e-01
2.058746046141135544e-01
-4.185909450069563165e-01
3.734160663956539450e-01
2.566773813596464615e-01
6.158510941370456404e-01
-1.389051722445086012e-01
3.034153892998250335e-01
4.347250614997290319e-02
-3.355059165795392651e-01
1.425448686589822489e-01
2.649440414772625818e-01
-3.234560956231798817e-02
2.541611706427316375e-01
1.008583369632555238e-01
1.202236137664430549e-01
-4.809910055688024211e-01
-1.956849643848168063e-01
-1.281769486116334233e-01
2.739447108560588151e-01
4.455451587233680844e-01
3.386306479678475312e-01
-5.577756974459366357e-02
-5.642147962126357885e-02
-4.196893995011501122e-02
6.361131870709180181e-01
-2.872090647780005668e-01
-5.720737671101738808e-01
-3.871918162007312314e-01
-1.336582129178372387e-02
-2.830839710955928082e-02
-3.777733336331788871e-01
-8.863040475315787578e-03
5.638440365571170121e-01
-3.250413050268082804e-01
-1.571311598307643109e-01
5.496423880725024302e-01
-4.102704676999378020e-01
5.830125375530886833e-01
2.850614080442332443e-01
7.076243274400811911e-02
3.829112106784294256e-01
-1.467411022941420840e-01
2.959214180161996444e-01
7.197894373796590028e-02
7.424452661957130495e-01
2.781947703781044723e-01
1.182177330837046736e-01
2.500221721729682933e-01
3.011901012857907123e-01
-1.961773730328626453e-01
1.176385165974382779e-01
1.474710032397130027e-02
-7.950284500188228853e-02
1.019088795592254099e-01
3.575382319654618613e-02
1.161555878631619076e-01
-3.542982870965872277e-01
1.391370056947802691e-01
2.671162599024166640e-01
4.945291585906205212e-01
4.127294917856104417e-02
-3.127437047876713283e-02
1.641785246832491163e-01
-3.246142617186716928e-01
-2.896928987532204625e-01
-1.226211543058430276e-01
2.192555639811235024e-01
-4.875008440765092321e-01
-9.759855908137046732e-02
-6.405663968909237893e-02
9.418873560435832293e-02
3.830501956596936430e-02
1.774319613107392390e-01
3.139936743859784718e-01
1.205141980799295798e-01
5.046845750927326790e-01
-1.316797478084661410e-01
4.364828820689988648e-02
-7.235144458546054202e-02
7.499502523819263911e-02
-2.196152757592633731e-01
2.375454205983133782e-01
-1.185695705611256590e-01
-2.174239057908121126e-03
3.613858459819531688e-01
-2.901424728828146948e-01
-3.344186701420955865e-01
-3.147324326444755904e-01
-3.420995976192560128e-01
-3.212827237845902184e-01
-7.287822487807456007e-01
2.421324970176416680e-01
2.108157768705779256e-01
2.324993898065112752e-01
5.620581518755305428e-01
-3.579243374788698695e-01
-1.498098219591420532e-01
2.917884692277489256e-01
-4.291642241041532246e-01
7.957601007633786916e-02
-4.682157877694309578e-01
1.336423981344059264e-01
2.973368806452804658e-01
-3.574638043257414299e-01
-4.020703259998226892e-02
2.363265683493621094e-01
-7.494232576675889934e-01
3.097041577697724479e-01
-5.611970854618125726e-01
-6.163161044760419038e-01
2.271563818559196000e-03
-2.624086131729932436e-01
6.196347957718479904e-01
-2.056349942758154692e-01
6.115453098975872637e-01
-5.370929589569968243e-01
-2.129908418403961279e-01
6.334947501731936770e-01
1.268545031396190077e-02
-7.017864281557228967e-01
2.834475444145805878e-01
-6.006320426820402347e-02
-3.332808992062542552e-01
3.357602645607727920e-01
3.349858380453819562e-01
2.785887067378543525e-01
-1.647916280580211945e-01
1.917971142074131607e-01
1.808272700282027162e-02
-4.271008150374270285e-01
-2.148857460451931156e-01
5.363117337677980601e-01
-2.050556285314645844e-01
-1.867208350325523236e-01
-3.219400818069727277e-02
7.357611676055171579e-02
-5.237205433816660705e-01
9.032927821653802258e-02
-7.796133916696482841e-03
6.800186333079081269e-01
1.041903370701172116e-01
-3.045163051414465083e-01
-1.213834402479394177e-02
5.265237364352478577e-01
3.681947621757317712e-01
1.638332206155854176e-02
-6.255300815009954274e-01
-2.752737070115289231e-01
-2.701823385390027532e-01
6.560229829826501324e-02
-5.925263020664418567e-01
-5.057565288212176879e-01
-5.244505589371586396e-01
1.839594418331127468e-01
-5.846565452808555330e-01
-3.833968384049665779e-02
8.763794865478929941e-02
3.292893810495274298e-01
1.703156335119233866e-01
1.374039849562278259e-01
8.084516663876055442e-02
-3.495862595172141152e-01
-2.529786598834579681e-01
-4.793806793958895751e-01
7.510141241372750298e-02
5.473441580704548892e-01
1.959000846645222171e-01
-1.332156053551191432e-01
-2.518067122916847200e-01
-1.544484560200319601e-01
-4.121140775030031067e-01
2.554334546171714293e-01
-5.303374161756203575e-01
-2.580792513440886560e-01
2.661203043777109478e-01
9.087368119972144553e-02
-5.731467437892772132e-01
7.613800865148157015e-02
3.996728813098883171e-01
-8.310215592118574968e-02
-1.796585988189283722e-01
1.553972709172161126e-01
-8.706528073408184576e-02
2.495097296727274705e-01
-2.868215266509588010e-02
-9.367946142873400869e-03
2.872540771252598546e-01
-5.999703117844739086e-01
7.831097292809466315e-03
2.357187346787012749e-01
4.552504686086768226e-02
-1.637900484074515661e-01
-6.285658165076563053e-03
-3.839580423383800456e-01
-6.806448746728141486e-02
2.256567597374341261e-01
-4.113470189883772221e-01
7.458191556500859409e-01
6.057120652732669308e-01
7.195609909029479501e-02
5.057442623852038688e-01
-3.252627009732336760e-02
2.900807942714049292e-01
-6.917590779341523666e-01
1.960663725284128023e-01
3.716238485997400143e-01
-1.623492703865676567e-01
4.029313144698266624e-01
1.635606153058662415e-01
5.547497789391431927e-02
-2.773989017705131288e-01
6.040680454896502072e-02
-4.384124223874025228e-01
4.167570053393161444e-01
8.016278805302851085e-02
-5.502639903643540276e-01
-1.697861284007915958e-02
4.839822473801418589e-04
-5.031317077265026194e-01
-4.587700542938254467e-01
-1.469906046168920899e-01
2.846953949019029873e-01
-7.938615592904899598e-01
-7.096060844609038964e-01
1.807714937513367481e-01
-2.545532542652295671e-01
3.601137851196181683e-01
-1.280569524633648482e-01
9.130436498167329717e-02
6.137335166057641435e-03
-1.829790702182988171e-01
-1.484742187560745830e-01
4.410042043111982446e-01
-5.428193173070046118e-01
2.057695661676380017e-01
4.730919590330284197e-01
-5.257821491774319345e-01
-1.474541695599433933e-01
-1.190364458027739492e-01
-2.422534637658118883e-01
-1.339767594579027721e-01
-1.194136578967049805e-01
6.360869085856062366e-01
-5.577196503337131794e-01
1.194549003871014509e-01
-3.562398564249953936e-01
-2.562529508215521945e-01
-4.744873518525111189e-01
5.139582647403942994e-01
-2.280507235310934855e-01
-7.653266191850042199e-01
-8.787086883731945637e-04
-1.728407263217595913e-01
3.252863113283068763e-01
1.921384958244371222e-01
2.126107040966605521e-01
-4.542405734801613360e-02
-7.860651410910175774e-02
-1.588442634118276409e-01
-7.150862730040581372e-01
1.696883337955895354e-01
1.905820788126635357e-01
5.083778235554424763e-01
-1.983743249106948436e-01
-2.840614899089289880e-01
4.370686348523804277e-02
1.736067632413802742e-01
6.077623867062648122e-02
3.938574765150776313e-01
-3.342249984481941993e-01
-3.179034070180976335e-02
-4.366003049794238700e-01
6.081228616742498372e-02
-2.152613988837834280e-01
4.860055209290025102e-01
2.426076473954157098e-01
6.524211585927540691e-01
3.392931789657706310e-02
-2.391021500597029781e-01
5.345326894789222127e-02
-9.726036379646049723e-02
-3.061419618275666443e-01
-2.042147870262895348e-01
8.978979267497394501e-02
-8.801897023025750944e-02
-1.986796049966804145e-01
-1.351016418210023717e-01
3.612937079411507879e-01
-6.982250474149838126e-01
2.690236600910056344e-04
1.156776934784603805e-01
3.657032952003502757e-01
-3.024607647087367845e-01
7.687969229071518473e-01
-3.831247161089398889e-01
-4.433363115821015721e-01
-8.850423200091524223e-02
6.030638651631560210e-01
-1.643117755737540653e-01
1.995415991883462969e-01
3.223950630391655275e-03
2.756978313502677080e-01
5.724067327975059793e-01
3.595649190723385624e-01
2.518741403029605697e-01
2.344644754686945332e-01
-5.931656164540026754e-01
-3.118548020033596879e-01
-4.754470598527203995e-01
-2.528167244232539801e-01
3.471734488167433907e-01
-2.105771177057635946e-01
-1.422004918160278408e-01
-9.285134443337254503e-03
1.138166226962381844e-01
-9.816466086322441637e-03
1.396689546741152477e-01
5.376436208850750020e-01
-2.971010167985962402e-01
2.636458304492744070e-02
3.072321224888563407e-01
-1.145920011292632379e-01
-3.251391029826599111e-01
-6.669138393880305604e-02
1.554905926025252350e-01
2.502112086545065783e-01
-3.012282524418673224e-02
-5.819891083102046725e-02
2.897387544059235043e-01
-2.526354143706390776e-01
1.764312923392394594e-01
2.807673439454956288e-01
2.020833871532837916e-02
-3.796476228369291550e-01
-3.864152706265265302e-01
-1.331116327016659273e-01
-2.896363108370966777e-01
-2.392664513363463030e-01
-3.448868830463133750e-01
-2.713320283175231773e-01
5.947263706321668231e-01
-4.603947003565737051e-01
1.563396872434476559e-01
-2.399920201901346029e-01
6.521277025128762173e-01
-3.169270871505489029e-01
-4.507616740359240426e-01
-4.045601010566047262e-01
-1.233451645344041253e-01
7.271022465147651825e-01
-3.208382488113977749e-01
-8.603010202277178164e-02
-8.134315263425563325e-01
3.781465921557013443e-01
1.373707212807852018e-01
4.283705072472912545e-01
4.709358963365652129e-02
4.606070989415680383e-01
8.520288699709772928e-02
-1.073401444864183624e-01
7.729704412008989167e-02
4.076831110052327456e-01
2.046841219899624698e-01
3.028403473351235498e-01
2.911408852738487929e-01
-3.386693571760309163e-01
-1.466748765916293107e-01
-4.714277282628189791e-01
-1.070038934511612916e-01
-1.875006090567045147e-01
-5.262244348589067977e-01
-4.852382417999622222e-01
7.748715752938569734e-01
5.059876671174142748e-01
-4.032053880041957528e-01
4.291142261248488687e-02
-3.922088926483029842e-02
9.668947794537512130e-02
-5.929814403110920257e-02
1.642211757856938403e-01
-3.088835716380735619e-01
9.329889393058003744e-02
-1.920189709640098552e-01
-5.170761773238192749e-01
2.490308239473064400e-02
-3.852444159831076576e-01
-3.966141768288433123e-01
5.081407023727230188e-01
-4.023583536916522929e-01
-4.036400136302669139e-01
2.921779504326010857e-01
6.774582617286661890e-02
7.048929867214595579e-02
2.834046143434832410e-01
-1.399043889175816957e-01
-5.370104247547732301e-01
-2.956807226932806620e-01
3.538571391788905007e-01
-2.192468399283746816e-01
2.382393045324893710e-01
1.210009424471352180e-01
2.188163540023062015e-01
-3.270540681844464892e-01
9.852660352609426964e-02
7.013860413207859135e-02
-2.459068255569832051e-01
-1.690578761092604021e-01
-2.067739864469852196e-01
-4.955859592833141702e-01
-8.486101000269775652e-01
3.170777284368860305e-01
-4.189458331378918821e-02
-8.760188540237145993e-02
1.373746086103122821e-01
-6.370962788374008312e-01
3.836865580548238785e-01
-2.584599585066186811e-01
1.193569526814237391e-01
3.538488956188188261e-01
-1.583114253375040859e-01
-7.132108502549111551e-02
1.328014639770429550e-01
-6.515686735249019979e-01
-1.005503096498167881e-01
1.959067553541679607e-01
2.829827674400218207e-01
-3.402974502391318407e-02
2.679128157901980445e-01
4.207644323294530003e-02
3.816082480647493558e-01
-4.228384957157629853e-02
-4.400319409962289430e-01
1.436572061189881830e-02
-4.951550607636476253e-02
-1.893828120904270662e-01
2.272515971575197191e-01
-4.329229551870567017e-01
5.233182450519847650e-01
-2.336095718322817871e-01
1.689517695865799807e-01
2.640849710448163190e-01
4.142305029792890947e-01
5.916429465995576287e-01
3.650469585696262953e-02
-1.429203135301403971e-01
3.063830757786633052e-01
6.059126374192320696e-01
3.032082386191726764e-01
3.636238170149608817e-01
-2.013825577257104260e-02
-4.242620736758154383e-03
1.070884223713698125e-01
8.961378652487296537e-02
1.145854109389035230e-01
-1.780573622876936435e-01
1.430454758325171438e-01
-1.040636198967176268e-01
2.271480254521646702e-01
-4.797775383379643960e-02
6.457703223659488900e-01
-3.071308992667574067e-01
-1.332145967074912785e-01
-2.239881957749181307e-01
1.968534870709646167e-01
1.291826503482477149e-02
5.015787754434681833e-01
-2.449200002781390384e-01
1.824199026678101354e-02
6.096756032178825974e-02
4.853948718415966312e-01
-2.975424012877610214e-02
1.825466467474695931e-01
4.217538473242312125e-01
-3.921052041614188632e-01
-5.732911826357862672e-01
9.623604211398908981e-02
-3.591575721311347502e-01
3.068835627012942574e-02
5.243326707028884703e-01
2.016516307185566015e-01
-1.621661967101717672e-01
-1.488277411785963664e-02
-2.586170062636591188e-02
-8.591636145431502669e-02
1.704363294240244797e-01
6.131168151325881721e-02
4.402919102476136048e-01
-1.807708352771753568e-01
1.224941174388681220e-01
1.542284304956804408e-01
-5.527932539074371654e-01
-2.157275185325920608e-01
-6.678390833437600760e-01
-1.938115834657609393e-01
-3.572069558617932961e-01
3.247496883563364412e-01
5.496575063535673600e-01
2.658804026415729771e-01
-4.083532181161120267e-01
3.952693571862033184e-01
-1.899011903594797351e-02
3.705904317845567508e-01
-9.206321926677467349e-02
-4.779126720878663637e-01
-5.073006193712678025e-01
-3.149873546322038975e-01
-5.678358735196523815e-02
-1.205773172140150035e-01
-7.656217345720803258e-02
-4.469051583829356522e-01
-1.646276219245669248e-01
-2.096819367484095975e-01
-5.790855452007891424e-01
-1.874503994571260768e-01
3.026614382200485953e-01
2.803202961156788797e-01
4.002420235671292348e-01
6.389065623445121245e-02
-6.396147426138664160e-01
-2.068154264756561500e-01
-5.257778312638855533e-01
4.148791686840445081e-01
2.101141608700360652e-01
3.737448632079432009e-01
-2.694211667252538467e-01
-2.498034600014719941e-01
-4.178907812167143021e-01
-7.181801021908343352e-02
1.209530554264484775e-01
1.199071890664190091e-03
-3.511396876516743593e-01
-2.569182946622360353e-01
-1.543108150503891829e-01
-1.691792516090508125e-01
-1.125746908984697758e-01
-6.411391032750739516e-01
-1.778817394227309445e-01
-3.815293264486537272e-01
-1.367291804810754352e-01
-7.622599898608566071e-02
4.452136806661115553e-01
6.402579387160377555e-01
-5.587917332216126853e-01
-3.926018565340789190e-01
2.068683539601554600e-01
5.344936983561322519e-01
-1.566868660530473800e-01
-1.229584365118776834e-01
-3.208274555685883267e-02
-6.470104364609417791e-02
6.676788392906743974e-01
-3.242067118121904068e-01
3.963202104815448101e-01
2.307215701389429552e-01
2.646934204804549662e-01
2.107532465255703147e-01
1.064785911215105352e-01
-2.248158801433192411e-01
1.412458492743628169e-01
2.542273297978371871e-01
-2.083279532081923346e-01
-3.708291546065830557e-01
1.139688968076961809e-02
2.258227125013330394e-01
-1.272121939603037544e-01
4.194098579013496586e-01
-2.409289950957829440e-01
-9.541607325763838340e-03
-4.908854658429032680e-01
-1.556966231029678349e-01
-4.586883703163128212e-01
6.099294289053414087e-02
-8.356931098943506941e-02
-6.174734071459000995e-02
3.822304855518247890e-02
2.079975885406037117e-01
9.726066788117812556e-02
3.070225850669081602e-01
-6.443111651394364814e-02
-5.423137418604685456e-01
8.468909484393617737e-02
-8.408283486145039232e-02
-1.512123730027921942e-01
-5.140552563068854219e-01
-3.193690379568425719e-01
-4.652685477051936580e-01
-1.358589646794823753e-02
1.702565060025378330e-01
4.143792113642660313e-01
-4.506896635128297690e-02
9.713919031961343320e-02
-2.399190467032629726e-01
2.155162881383488882e-01
1.615143841271891312e-01
1.381235555029543538e-01
-2.816029924919488669e-01
1.256238595467537855e-01
-3.612259888054523693e-01
-1.401178878966173949e-02
-3.035563147522456484e-01
-3.245579348070496972e-01
4.739845378746369853e-02
1.790892795795730186e-01
4.148256696199555948e-01
1.837013121601555055e-02
-6.527115025042373730e-01
6.625516223577751496e-02
-2.937357003006431100e-01
-2.938316890361957756e-01
9.368728066719678171e-02
2.160336854579778254e-01
-7.723589324834553849e-02
3.957044496345447637e-01
-2.480494086482942784e-02
-2.085954102669944910e-01
4.340832770096750837e-01
-2.213696157644793883e-01
-3.376116385805105202e-01
-4.766384200651968550e-01
-9.317713803939403627e-02
-3.014623260447599901e-02
-2.626084711103523484e-01
-2.473112479297597532e-01
8.274317246119200497e-02
-8.892389557735400074e-02
3.061559467224256315e-02
3.989657823831859740e-01
4.903373262800457821e-01
-1.347811722089510833e-01
5.323349793726852575e-01
8.782941953483911490e-01
-5.200783488897597895e-01
1.237631115375292246e-01
2.354557318662570120e-01
1.154086816559371509e-01
4.919135930332502737e-01
2.289121974714293795e-01
-4.707802266027925064e-01
-2.302223187686734673e-01
5.901379077072912427e-01
-4.429911998683959129e-01
1.255989646570127571e-01
2.757988319762950669e-01
2.572286223604602906e-01
3.439672614371765413e-01
2.512941236104944687e-01
-3.606918030492500815e-01
-4.000596244555779668e-01
4.259008619844801835e-01
-7.397903218925218349e-02
-2.138519495380813429e-01
2.922492606860665476e-01
-2.495245090844270819e-01
2.046614894564986464e-01
8.047878563070548497e-02
-4.445492267505826156e-01
-1.494594023056619869e-01
2.179301246804290007e-02
2.838506509966259306e-01
6.446416907569076093e-02
3.118689359325236277e-01
1.425068604524026561e-01
-5.547255577500848078e-01
5.903363695084924423e-01
4.028170581958364083e-01
6.232653343096923315e-01
-4.121149965349933386e-01
-2.167427986215152425e-01
2.680267473909880849e-01
5.265655588233612017e-01
-4.236578549040563857e-01
1.444366267871045884e-01
3.685404298115356747e-01
-1.256612453222513692e-01
-2.732528587045127133e-01
2.642395581559043860e-01
-2.779940878602645826e-01
-2.867958575272031019e-02
5.123678583736053505e-02
-3.247528318248329993e-01
2.919651613588835071e-01
6.139364110442709910e-01
6.551380020322336017e-01
6.539416332341051463e-01
-6.510712165997234457e-01
4.260817586930169543e-01
4.169024894383264179e-01
-9.197186864077736002e-02
-1.348174721117100794e-01
4.433877405302197316e-02
-3.092557209495827020e-01
5.452383843408786790e-01
-1.559926748638379157e-01
2.658730884183475168e-02
-2.489443367454899358e-01
2.259569859998459412e-02
-4.343001652197527873e-01
-2.522255507013873022e-01
1.876062528317928857e-01
-3.360439211204003795e-01
4.988177967202171437e-01
-4.161060497432239602e-01
4.746088138710762294e-01
3.730056750719879521e-01
-4.012797628203335076e-02
1.925902262775718576e-01
-7.754923426151297816e-01
-8.284393674504333949e-02
3.232362930716967675e-01
1.753024954625669041e-01
-2.628708923281970478e-01
4.871986821183132421e-01
-5.611530002309189635e-02
-1.019284049581109519e-01
1.490438729711116572e-01
-2.821256757169335327e-01
-2.549193090923390081e-01
2.393542996371548492e-01
-1.585861469600094442e-01
3.459051792478338161e-01
5.067056981623195844e-01
1.668373320157518214e-01
1.240772399936537762e-01
-1.107310545054320666e-02
-1.783148500347238596e-01
3.283192189242909419e-03
-3.535877871062576006e-01
-1.886332682915117243e-01
-2.003825452210402369e-01
2.810702646869611687e-01
4.980347231030392563e-01
-2.140521082953696363e-01
-6.726812593001969542e-01
1.131414443528201835e-01
-2.091276928429576798e-01
2.312774366577992347e-01
-1.319725419793111310e-01
-8.561366226723640454e-04
1.150376445571344858e-01
1.058132996456221386e-01
-2.444812935196036541e-01
-7.245998586025981236e-02
2.579925518798514839e-01
-1.002415513719714379e-01
1.807959480004290784e-02
-1.250537048100019422e-01
-7.890215911514428249e-02
7.010001811758719281e-01
4.072803878379160913e-02
1.609268471348066776e-01
-1.395701698342757535e-01
-3.692937520265915374e-01
4.578565899247301063e-01
-3.082199239102432764e-01
-2.514024763916837824e-01
-1.580247364096682150e-01
2.615442833973505993e-02
3.772441138630598934e-01
-3.880152713685333654e-02
2.832758672062845595e-01
-3.451952119589817847e-01
3.213921253515154008e-01
2.841470012685541335e-01
-1.939914235258895919e-02
-2.222898787517821606e-01
2.383274799810032318e-01
-1.847570112855508040e-01
-2.052775942976731507e-02
-4.770373157317021051e-01
4.298479655299040636e-01
5.767197502797371611e-04
7.607030420068836563e-01
-5.311589309060259223e-02
-3.638797294120761361e-01
-3.400961507457448407e-01
-6.835509037775551189e-01
-8.493615783926658502e-02
2.113455612926305044e-02
-3.455013246021335638e-01
-5.347117896574698354e-03
-4.026373687057042683e-01
2.531891713528930388e-01
-6.184484850781039045e-01
-2.449378094519205629e-01
5.313419920733521984e-01
2.808513420739216504e-01
-6.057156169104453702e-02
5.260716428781115894e-01
5.373214316149350633e-01
6.520071815769518109e-02
1.926994331834510354e-01
2.478044194037502534e-01
5.056682391946702992e-01
-2.798122893118740531e-02
2.196035071601188382e-01
6.632610493903439153e-01
1.421826810877994951e-01
3.090686010416626162e-01
6.991289578770720770e-01
-6.753438494872332498e-02
-5.025532368509615100e-02
5.353053179316645538e-02
-2.542815481752992435e-01
8.533513707123396852e-01
1.800332494618221424e-01
2.215966697102556282e-01
3.040465351984471543e-01
-1.583472196321384362e-01
-5.577706618534807870e-01
3.223626074947025799e-01
4.274510522609711871e-01
2.214930674453710335e-01
4.323112211786203640e-02
-3.594049371995317044e-01
-1.498182819994710591e-01
-4.601633282262881375e-01
1.402129514135573851e-01
-1.039933743112303743e-01
7.003552448524461016e-02
