-5.408180221109990526e-01
-1.265050337267459579e-01
2.576889632116103335e-01
7.194956666830962244e-02
5.387311261401483975e-01
-2.734330342593779273e-01
-4.868090667120983719e-03
1.671038210279984504e-01
5.729716925817901485e-01
9.840132904547231607e-02
-4.082059168758836454e-01
-2.917107607510601719e-01
6.342864499261838818e-01
-3.897277337943954034e-01
-2.785157767611050050e-01
-5.152878052653874809e-03
-1.889106231090171562e-01
3.650714117985403018e-01
-6.563879387981313984e-01
2.342495481902648335e-01
4.291702939364170910e-01
-3.499211668510605611e-01
-3.246360127858985978e-01
4.181374258206684846e-01
4.555054653158558953e-01
6.465760013568935261e-01
3.465446412468345949e-01
-4.427029782775903505e-02
1.303327191479435321e-01
-6.014731765477222547e-01
1.285785338576262427e-01
3.957248461932614259e-01
1.841977873138609945e-01
-3.215357112266123973e-01
6.754330846501787056e-01
-4.912271295155338779e-01
-1.606120499909158006e-01
1.163731452869958133e-01
-1.481750670061477426e-01
-1.106789184250656366e-01
5.513736160999967162e-02
-2.259001182333443200e-02
2.153707278693766380e-01
3.939471707342981355e-01
4.335866998391221805e-01
2.112310633300329143e-01
-1.569143709838133893e-01
4.642762418408888925e-01
2.234810568454865740e-02
-3.512934854686187297e-02
1.384667608860565835e-01
3.727537175155926086e-01
-2.203752917039147330e-01
2.451811129805209488e-01
6.285826927330848135e-02
3.048171706044969786e-01
5.382136953757932912e-02
-1.767346457748928124e-01
-1.483758235430722716e-01
6.172556282463737345e-03
-4.169100845784252107e-01
2.631860503183676078e-02
3.931726165053436861e-02
-1.573819588040968331e-01
-2.670330203836129845e-01
3.442370228327876758e-01
2.642397635006801804e-01
4.445965010667148887e-01
-6.428123400474290428e-01
5.258385026638835447e-01
1.451676097473756921e-01
-4.107737035670864234e-01
2.242263321463777714e-01
-3.118183401628455975e-01
-1.374032448626625880e-01
-7.208518604181636258e-01
2.678838389380198692e-01
-4.327314315500022657e-01
-2.438778789304305861e-01
-3.096259313456362072e-01
-1.220466100922316423e-02
2.476782969324371753e-01
-7.033087953097321154e-01
4.928611811481722893e-01
-4.250973404417751622e-01
-1.797871100971870084e-01
3.807185473434718248e-02
1.154136935260841601e-01
4.714405109386701209e-01
-1.148503278886068846e-01
-2.777479621437357049e-01
1.192175970924417086e-02
-7.211348838124810312e-01
-5.419557025692725016e-01
5.472091432058967531e-01
1.935602492543858077e-01
6.228074717983751729e-02
-3.063522084412811930e-01
-6.655377651550772322e-01
-1.512802749682982950e-01
4.913978427179314101e-01
-2.251476838010213477e-01
-1.748705044527874494e-02
-3.805601069011904647e-01
-6.009053992954661583e-01
8.548117807887534170e-02
-3.418044963411143167e-02
5.459434455380421936e-01
-1.512935623466653001e-01
3.880719666873018170e-01
-2.828324866073331917e-02
-5.958996979431331331e-01
-1.361148447575460108e-01
4.955672200458980381e-01
-4.725180517548933645e-01
4.153492628513550389e-01
-7.802032274648576515e-02
-2.622126681859542341e-01
3.453699246480638751e-01
2.301811873976592759e-01
-4.195910811216346792e-01
2.035652499032646334e-01
-1.117210627648035359e-01
-2.420498371912380708e-01
-1.874092390994229751e-01
-2.533826168192222505e-01
9.439719544773794713e-02
4.322262009923825143e-01
2.085262077855432050e-01
2.888878806420206447e-01
-1.697534578786411008e-01
-2.924329211056199695e-01
8.715702906525581994e-01
-4.118464773012918689e-01
2.710970319537199247e-01
2.422870200631284041e-02
-1.716158833883624502e-01
-2.355468896567224427e-02
-5.801633261978553224e-02
-4.806053868007456598e-01
4.206755544658677404e-01
1.883391316680181060e-01
-1.879431484615798342e-01
-3.959687454662793593e-01
8.278202512273752367e-02
-1.166976992720597101e-01
1.947299008766675832e-01
-1.622881750298428294e-01
-5.552308545792535716e-02
-1.036857656179001053e-01
-2.677764710859625863e-01
-3.345307787474344763e-01
-4.797605321242426890e-01
1.825663983261831547e-01
-4.301875954869973095e-01
-5.982603176585919030e-02
-1.316133006082198242e-01
-4.606410055756536837e-01
-6.465199067602164784e-02
-1.035454503566015233e-01
1.056260858592776575e-01
3.641047792506737352e-02
-2.966933199540719782e-02
-8.226145568651538342e-02
-2.487000299594333552e-01
5.898343145592040981e-01
5.819172537298098469e-01
1.089275339705611245e-01
1.525506912844892468e-02
1.945068342057863775e-01
2.445671336724882794e-01
-6.151497252052032794e-01
-1.824184223732130405e-01
4.059030117308974339e-01
-2.772832212063543189e-02
-2.816881251819343124e-01
-1.281492575045507787e-02
-4.926125882509703180e-01
-5.373583187444862068e-03
-2.236728132180706152e-01
-2.582490547584077034e-01
2.462922700779415774e-01
2.668031379585462659e-01
-1.975212094425600126e-02
-2.731137458897413550e-01
8.898839134400431117e-02
-6.194063884461309399e-01
-3.714042683793969957e-01
4.979665266624316855e-01
-2.771675566069044250e-02
1.068625194906044629e-01
-6.159018308910186867e-01
1.138212096914247295e-01
2.075810953382757340e-01
-4.507085553605540973e-01
-4.847786370965970759e-01
3.069637767232485936e-01
-2.807452250241257996e-01
2.146382741825678397e-01
1.211493182134655289e-01
-3.061491928804873086e-01
-4.503574965196689428e-01
-1.384819097680128341e-01
3.262161988969088933e-01
3.859311868125835099e-02
-1.837786637809649959e-01
-1.014267042138950747e-01
3.146705386841005536e-01
-1.403231905645381805e-01
-5.375523836996889404e-01
-2.813136890139036339e-01
-2.657544313733044006e-01
-7.232628221938028346e-02
3.382040637535756455e-01
-4.052641721949718639e-02
4.328926434107448484e-01
9.529779245543421040e-03
-3.605407713547653104e-01
-1.504424050758396691e-01
-4.991298715822332088e-01
-2.244217924752764937e-01
4.693272641309070292e-01
-3.763384579284537179e-02
-3.457389693177075896e-01
-1.498715552064724954e-01
-1.169879212240966943e-01
1.322114536510566596e-01
3.894883460248208668e-02
5.162421721511003536e-01
-2.167345334850651062e-01
-4.832672461437181183e-02
-3.178488748260746011e-01
-2.743181852767012652e-01
-7.287589735945160241e-02
3.494288678042267171e-01
-1.999423636618242461e-01
3.581091045021103647e-01
-3.253095939227207412e-01
-2.293722007862060153e-01
-5.526588407496314526e-01
2.938702132778142628e-01
-8.165276656543456191e-02
3.216914228694716105e-01
2.072070246333299059e-01
5.784784042827082473e-01
3.595096615950084673e-01
-1.417295785022278931e-01
-2.616190478619188076e-01
-1.207146476229830623e-01
4.798863671814774245e-01
-2.691978006332685358e-01
-3.369171207363368392e-01
-1.869139164861531310e-01
3.210538175114140413e-01
-4.013271191918696412e-01
3.693502978138632487e-01
-2.086262595445119994e-01
2.515157245527072094e-01
-1.349431753646617160e-01
-1.680952835159440356e-02
-1.914492952213732169e-01
3.889835344833086350e-01
-7.609216933500163871e-02
6.569612589875500896e-01
2.922420271623045740e-01
4.569093309023132821e-01
-3.203858114048211414e-01
3.716120365161388328e-01
-4.871455276850408800e-01
-2.942716407559999858e-01
3.296639438581528553e-02
1.927871349029868508e-01
2.062215415795427276e-01
5.656269244423415277e-01
6.905060568713394797e-02
3.675361427552536475e-01
1.044828041062974278e-01
1.527423361248504974e-01
-3.411899049510493942e-01
-3.352148650718624751e-02
-1.133602717768171370e-01
7.435177187936907461e-02
2.638271244320017361e-01
7.467346455079321155e-02
-3.703325452022374620e-01
4.136695190269639721e-01
1.065767688111594474e-01
-1.216406260675519380e-01
-6.602417356890888378e-01
6.344762283260030333e-01
-2.154224617055850999e-01
1.875703376297576386e-01
5.722753743114752378e-01
1.549726062826913692e-02
1.898289840924970717e-01
-1.254978030058714542e-02
-2.423859355795009718e-01
1.716824217918590939e-02
1.636256959658154431e-01
-5.788644951196869615e-02
-3.440794347898016303e-01
-3.663566411717948668e-02
7.115641541282669014e-02
4.966214497727412802e-02
-5.740393373009932132e-01
-1.524867444704176012e-01
5.739715737459145650e-01
5.554106773627683902e-01
1.878784473370444935e-02
1.037629058547302890e-01
-3.311920218855334275e-01
-3.038750599438142519e-01
-1.432985039525409010e-01
1.565858356071427038e-01
-6.333669584238581229e-02
2.238482533968564336e-01
-4.693357627782110408e-01
3.776586397166176168e-01
3.455498894744608862e-02
-3.972017187307202990e-02
-4.914151382410280045e-01
1.953138865508649916e-02
-2.745924165101376047e-01
7.940526222849946247e-01
1.347882528016288751e-02
-5.234476241062243629e-01
3.661964346771204304e-01
-3.593243513720525972e-01
1.150867073473811064e-01
-4.917939487002200849e-01
5.356346626877762640e-01
-2.312501313335291742e-01
4.323528267935171088e-01
-4.900868849862085597e-01
-6.034236705299469983e-02
-4.520649381943998846e-02
-3.956516596866928581e-01
4.192423349532867216e-01
-1.085546164916959266e-01
5.523124978419954867e-02
4.958863231368033919e-02
-4.962176474609555354e-01
-1.307255671686857745e-01
6.615043848308100882e-01
-2.249557343893606176e-01
-5.534283623810891672e-01
-1.389173888621306474e-01
3.671739332198671324e-01
-1.410264422231653769e-01
1.725997731259927281e-01
-2.703876637708339456e-02
-1.643207542262847265e-01
-5.661407658580688285e-01
2.452010436023003004e-01
-2.585981248129731735e-01
3.987841466933032125e-02
-9.485900802485802696e-02
3.961604295846289925e-01
-5.728587347923602691e-02
2.164505134224547489e-01
-7.398930715439681893e-02
-3.230159259017450352e-02
5.162548297387761220e-01
-1.115693260051894009e-01
2.597676147751284415e-01
4.140696084516912734e-01
2.280562086697397461e-01
6.938222566926703916e-01
-2.724640439241922119e-01
-1.014798822641743842e-01
3.614013158056181285e-02
-1.680745224913055280e-01
-4.035173873038926939e-01
-7.795448086481340799e-02
2.046093331595927323e-01
-1.059952578805446466e-01
-1.669825436496096271e-01
9.905867435496973350e-02
-4.412000649153590692e-01
2.087499200015251188e-01
-5.232057109943548667e-01
1.843316468243280104e-01
-1.342590316630640768e-01
2.079751801649372400e-01
-2.287341115417105275e-01
-1.239535150860821833e-01
-2.221565219084165599e-01
5.074274446473073796e-01
3.074774377843069728e-01
1.665070304843697113e-01
4.315455117663797857e-01
6.279233754075950191e-01
4.868518398219509047e-01
-2.809995682188616839e-01
-2.310001496719064074e-01
3.628425575466012187e-01
-3.715418655327699660e-01
-3.146494779632978966e-01
3.210934468142352394e-01
1.835950098458025703e-01
-2.969074544319963427e-02
-2.844844253931655409e-02
1.757123980330930202e-01
1.179266252809762217e-01
-5.975801102687710031e-01
8.941501098588185148e-02
-3.551160391936155625e-01
-1.029634554052920453e-01
-6.100231971624408001e-01
-4.433751744553917629e-01
2.510029783859913377e-01
1.618391914734420012e-01
-5.548196259418352039e-01
5.099546832988072209e-01
5.267236106654650252e-01
-3.590800146592268982e-01
-2.849175627800076271e-01
-6.185724704659833172e-03
3.356589968665868451e-01
-2.708109708017865103e-01
-7.893697824160461618e-02
7.052424949011555644e-02
2.521082761687829521e-01
-4.219581336512037706e-01
-1.463145318556636765e-01
-1.963162251805724290e-01
-1.673914895788437274e-01
-1.698000700512159178e-01
-5.804026912414034234e-01
7.996967972758457777e-02
-6.583046430465225862e-01
-6.043188791823854711e-01
2.428051746423310897e-01
-1.228092464625561431e-01
1.715572586171387470e-01
9.780504179634517958e-02
9.861043963906236665e-02
3.538712769763203703e-01
5.640492860479707771e-01
3.815481092331663437e-01
-3.498208754664753894e-01
-2.433423325339195142e-01
-3.297347494130310475e-01
-6.939497437545782965e-01
2.832783912575594920e-01
-2.252402230539139391e-02
4.569419080484165563e-01
4.709419393402292792e-03
3.861945300211465648e-01
3.360696830197231755e-01
-2.858699338215479058e-01
-2.017416537095479967e-01
4.064207345296251828e-01
-8.341495950269209314e-02
5.660347538908715448e-01
1.120493731308038060e-01
2.186015744144652329e-01
5.150227497751516670e-02
-9.720508971929753272e-02
5.568350759703282193e-01
-2.079703523209364413e-01
-8.822503359815173085e-02
3.715193786819872557e-01
-2.668071473794286774e-01
1.784640088217189224e-01
-6.316251475711538721e-02
-1.260138545407131216e-01
3.619143695871457345e-02
2.879144396903581815e-01
-1.983143980623085501e-01
-7.051458836919774487e-02
3.595784680504399144e-01
-4.838030864779399032e-01
6.841978265523887548e-02
-1.254928644294406592e-01
1.027769659014483028e-01
-2.418205113531394779e-01
-1.477686967232741400e-01
-9.982115665022243955e-02
7.701932434654115700e-02
1.293248692700452174e-01
3.727330228369248322e-01
-7.876463990646395685e-02
1.808954479939267057e-01
-3.622822649616898039e-01
-1.749061639365394327e-01
1.633070318293925183e-01
1.021134272988069164e-01
-4.889746045227025828e-01
-2.599367683049905731e-01
4.206485876950500913e-01
-2.108237671671467361e-01
-1.731324800963469357e-01
4.915792079877460974e-03
4.708255586203878851e-01
-1.713112513165344630e-01
-1.650881751457182189e-01
-2.476617829705199478e-03
-7.673426724852761699e-03
-1.421987663121142831e-01
1.053358535992122980e-02
-2.806126696558405853e-01
1.187662748318300127e-01
-3.229863851964171473e-01
1.344967981560510339e-01
3.314797896059529236e-01
-1.637082529785901519e-01
6.390072412747015151e-02
4.383809291366038696e-01
3.140820425922503101e-01
1.330479210870978424e-01
-2.838225327486451621e-01
-3.727329241099274215e-01
-3.893549154450728356e-01
5.480990702824150435e-02
3.255012703257580409e-01
-5.848201554877235919e-01
-4.274183820021393299e-01
-2.819215268192847845e-01
4.634648707926668915e-02
-3.625731603577200812e-01
-3.579028659602876972e-01
-8.202554103283608011e-01
-2.826744270439141560e-01
-1.617858809349639881e-01
6.127127446397069299e-01
-5.830948660428544317e-01
3.877041676820796035e-01
-3.446072070166062429e-01
3.764880431721644993e-01
-4.802176015972943190e-01
-2.323482774104677073e-01
5.127766572315540783e-01
-3.541081618494010264e-02
-1.085886603193842864e-01
-4.820209575031638577e-02
-2.768007051302086019e-01
-2.673317055813143606e-01
1.940404178599793028e-02
4.182183779777648436e-01
-3.147354228170170382e-02
4.470348302502145099e-01
-4.473207386981540301e-01
3.890603356065551743e-01
-2.225329743598022103e-01
1.718010203514589926e-02
-4.844392261743741823e-01
1.671315063353063513e-01
-1.501283633777429627e-01
-1.509730592595597519e-03
1.842619876404126278e-01
-2.709055997065044630e-01
6.013765158618845919e-02
-1.962617587507770323e-01
5.013939648557524942e-01
2.496540714153004381e-01
1.653962611990437703e-01
5.328456251578959080e-01
-5.549841992312642969e-01
-9.212349318027657219e-02
-8.412749967699678644e-02
3.626317158971276156e-01
4.289782622909965037e-01
3.267775022693091697e-02
-7.172632952868923661e-01
-1.716098053887190472e-02
5.564454992890814633e-02
-4.609357734154445052e-01
4.102390037375870935e-01
-3.772137602531830947e-01
-4.923600953800389979e-01
-2.893589571836830965e-01
-4.091871001865519109e-01
-2.981952928543717962e-01
-7.245730064607633358e-02
6.624638204973751776e-01
-7.545171158491872365e-01
-2.450645897562315212e-01
-4.394342941746575137e-01
5.226738240554625881e-01
-1.173164011195668710e-01
-4.634730774453337254e-01
-1.111114287301722126e-01
-1.808964928139494555e-01
2.386802515277472170e-01
-3.018104311997554245e-01
-4.153930063691357866e-01
-1.082711938773676108e-01
2.251491832052476272e-01
-1.344944839561399569e-02
2.543424679999045646e-01
-4.688990601036198691e-01
6.442941242873070351e-01
5.838742723447767347e-01
1.729754291268619237e-01
1.381036613106791933e-01
9.851774102516835940e-02
1.149915347045940284e-01
-1.443559812321839608e-01
-8.158239158335842123e-02
-8.101913301801612344e-02
1.348406194889016640e-01
-5.062237710238910449e-01
-2.045746801509411988e-02
-4.211787253828481181e-01
4.424404053621574379e-02
-4.824070520331870671e-01
-3.422760893201674814e-02
-2.050157480015633582e-01
4.604762279153384319e-01
-6.812333772578027524e-01
-4.186337939491416860e-01
1.270214805229128996e-01
-2.883445007864239296e-01
-3.157444705532151952e-01
2.027502134216490892e-01
4.764836279014224019e-01
4.672951599787031340e-02
1.664224957614013067e-01
-5.544969721840321553e-01
-1.598256916299694574e-01
-1.526067853320867695e-01
1.524182423900117822e-01
-1.905633299028828276e-01
-5.655789320374022822e-01
1.014180646469057812e-01
-8.375380610836158368e-02
3.173789656439817697e-01
3.258798273579090188e-02
1.916453551256356302e-01
-4.917267164654891554e-01
-1.717050473784043629e-01
-6.269925019423856771e-02
-4.426807038354287349e-01
-2.353411829630019381e-01
-4.470233286864835343e-01
1.961694078248429618e-01
3.835590806984044004e-02
-3.334615764667966942e-01
1.101656263953755890e-02
5.289171194130122544e-02
2.597187283431145466e-01
-1.166064748506953630e-01
2.780965051549944000e-01
-8.074516469337038316e-02
4.091284209476227507e-01
-1.509345579191143094e-01
6.210372322029841241e-01
-7.782140968608928233e-01
-2.821547649620363973e-01
-2.438783992628660302e-01
4.659777797419487055e-02
4.544689384167442392e-01
-3.440190627432455073e-01
-4.859985652295423231e-01
-1.089227593829013158e-01
6.295310578222007569e-01
3.008181085553066625e-01
3.185346464479286988e-02
-3.189828873030560452e-02
-3.596065149265959687e-02
1.333849603659280347e-02
-5.557192623982685209e-01
2.433852832376383057e-01
4.224446722846787461e-01
-5.000498870537832818e-01
-3.625930884891625516e-01
-3.289980526598602073e-01
1.846917661159350882e-02
-7.516095805885310288e-02
3.162686965736081768e-01
3.701228005769163776e-01
-1.475717515269204527e-01
-2.264773151676872653e-01
4.241776695248095086e-01
-9.190095655665576901e-02
-1.242815129250624262e-01
1.314659143053187318e-01
-2.006098782216836351e-01
-1.365589802477216175e-01
2.217449392770628191e-01
-2.668009920806380664e-01
5.973355755510799392e-02
2.144959876830326156e-02
7.958635201239058210e-01
2.764122720843120717e-01
-4.995616111364443723e-01
7.910857298061989284e-02
-1.071537644658559010e-02
-3.328639139401893265e-01
1.056214965184095883e-01
4.280346497684395929e-02
1.193373853602883033e-01
3.074955333972425042e-01
-3.044736397118828486e-01
-1.513307115594595201e-02
-3.005396413891051610e-01
1.869970277164442751e-01
-9.354061311046729665e-02
2.272732284017207720e-03
1.276391821639862312e-01
1.065768088018004961e-01
-3.308096694032288676e-01
-2.861649633492064915e-01
3.981523013705263181e-01
-3.272948505041637368e-01
2.362138790074854583e-02
-5.557198725991875365e-01
2.786926753701343337e-02
-1.282217344603646947e-01
4.751641288981851008e-01
-1.137748844622032962e-02
8.261637789042716729e-02
-2.625838657960545275e-01
-3.403976289523397702e-01
-3.998074768201538287e-01
-3.057836301067678453e-01
-2.365974158242200032e-01
1.125421723264697776e-01
-1.565501265310740298e-01
3.373316269937348677e-01
6.095607757444851948e-01
1.545628524954134608e-01
-2.202688503891099270e-01
-1.852710991825343712e-01
-3.044416311652795581e-01
-2.837000883696928488e-01
-5.536386550557591546e-01
4.539957668550886893e-01
-1.204216909753067777e-01
-6.370649093200018986e-02
1.972235411363587043e-01
-8.573990181819798884e-02
3.708218743917175431e-01
1.809131644033499797e-01
-1.318951911222787654e-01
-7.535404128877742913e-01
5.782907537908976714e-01
-3.166850934892379565e-01
6.015786634582476894e-02
5.721666554073736588e-01
-2.545887909552053130e-01
6.328860189425991045e-01
-5.622825109624376427e-01
-4.809677444559422588e-01
-3.003321537824352738e-01
-8.940883666490852255e-02
3.097889956439394687e-01
4.205405147346745198e-01
-3.788869111767795977e-02
-3.775353050039803593e-01
3.894569614325424367e-02
3.232743491304466976e-02
-3.909467051352978617e-02
8.783280975937515778e-02
8.999326633966797662e-02
4.312946938275624698e-01
3.157964643210310896e-01
9.185416063617003746e-02
-3.210463931829676820e-02
-3.225872727411649987e-01
5.634169023717052749e-01
3.122173462525211773e-01
4.289592333469970931e-01
-7.236885085392347206e-02
9.090651675912433949e-02
-5.027914507901163343e-01
1.766871441349369132e-01
9.129567333631190273e-02
-1.230205941300437089e-01
2.238130719537191615e-01
3.192349967484273687e-01
4.280984600175071209e-01
-2.511853520772856507e-01
-3.686092265250920375e-01
3.077809879569571305e-01
-3.423725268717465742e-01
-3.816148849073219829e-01
1.672634419025396668e-01
-2.670346954130078942e-01
-2.220780448122999517e-01
1.678796748494049270e-03
8.919569977864536328e-03
1.667143746611960964e-01
-5.059158475167870039e-02
-2.164790710863161993e-01
-1.589329282055269021e-01
-4.501744406771808760e-01
-3.466436743397334208e-01
3.723534462905881970e-01
5.050473302687100152e-02
9.105779473504117816e-02
-1.356113940652551308e-01
3.512579021636469956e-01
-2.543377972732454584e-01
3.425549619532485823e-01
6.010921589005048249e-01
2.641181358230842435e-01
-2.116543212670400909e-01
-1.501376913930479728e-01
-2.517335691320870053e-02
4.729783554443138804e-01
1.440948575481395266e-01
-1.067203128980599158e-01
3.830949768240899528e-02
-1.381196467930043692e-01
3.350195155776669598e-01
1.081331953213102853e-01
4.622277207085520329e-04
3.986838227363293519e-01
-7.657022834960873492e-02
-2.381123332443070284e-01
-7.103168790801175358e-01
-7.365466391972297355e-02
-5.003449914845868596e-02
-3.057688577911218397e-01
-6.137787555865631406e-02
-4.307246885721958685e-01
-2.403801415531925945e-01
-8.566180419279162406e-02
-4.852241172479967446e-01
-3.364204222071962014e-01
-2.854029816415730725e-01
2.685177421021277544e-01
-3.972040714754327406e-01
1.537165630122591664e-01
-4.959447574335783537e-01
1.424035199780938343e-01
-3.507826523753188042e-01
-3.812258356607297061e-01
2.239808733479486669e-01
-3.142078154474686746e-01
-2.688599435438550692e-02
6.086119245711791859e-01
-8.104175721212318606e-02
8.606987327849119351e-02
3.134559367052729972e-01
-2.005337785035337661e-01
4.012330017300798635e-01
-3.098662185861869034e-01
2.919222277753619754e-01
-1.512991378447841040e-01
5.979597244725085581e-01
1.446024374635128951e-01
-2.278826450135380544e-01
-6.700030009772089956e-02
-1.428728059875372935e-01
-3.615256203806008761e-01
3.790817082764544321e-01
1.331790507384278677e-01
4.527076775782319373e-01
-1.433338089969962148e-01
2.190839469848413490e-01
4.376830396097000642e-01
-2.420407356992181902e-01
2.518662894065069047e-01
-6.740087778745046387e-01
1.598926183946952351e-01
2.323623912354077226e-01
-7.764643950694742613e-02
3.669108868516129940e-01
3.348449765318515792e-01
3.763892019523455978e-01
3.599422258182857770e-01
-3.528314411517803895e-01
-6.124495963735587800e-02
4.610047163967047334e-03
-5.254099823553924908e-01
-4.659764957803720284e-03
5.292127708073689485e-01
-3.486610607449251442e-01
-2.560656390056079146e-01
-1.529864217950588912e-01
-8.126865375002260972e-02
-4.123244058970070708e-02
4.988878555486825350e-01
-5.305294052550557637e-01
-3.760098750469903495e-01
-3.090797362228632217e-01
-1.713774147830341710e-01
1.832234846618743251e-01
-3.785379385054414847e-01
-1.430690791571309628e-01
1.512278024716799119e-01
2.350641695233873507e-01
5.171467307805319713e-01
5.522513867743183980e-01
4.940277197215433569e-01
1.762807305848475281e-01
-3.156548853503034491e-01
-9.606468280444002694e-02
3.097483392419434489e-01
2.044890142099624608e-01
-5.808133978272232989e-01
-2.919421300386153550e-01
1.497878732752150888e-01
-3.829596799908412397e-01
-4.197056361268374225e-01
8.572288696756959203e-02
4.223489193143136200e-01
6.708331336775959219e-02
2.499766612640614560e-01
1.967579598585604828e-01
-4.504829387513732963e-01
2.134285213946717774e-01
-3.083975020379186582e-01
4.511292159440367655e-01
-9.548057246926233699e-02
-5.184091964113903828e-01
9.400357768311438933e-02
-4.420667113714666363e-01
-8.771939238242369707e-02
5.341332540034541415e-02
-4.192255348804881931e-01
-1.407864015410893177e-01
-4.275686402854182999e-01
2.628232178699964061e-01
2.635556736439652603e-01
5.883811549722059997e-01
-7.110396564104827510e-02
6.321075020683435408e-01
4.232108467195088153e-01
1.613131922851716304e-01
-1.585441727013617852e-01
6.827443907040224857e-01
-4.191804692318749082e-01
6.261097908705157700e-01
-2.000786239085491081e-01
-4.587628419641322508e-01
-5.040242501972829192e-01
-2.118178862175360833e-01
2.982318099369929976e-01
-2.637085302503368034e-01
-1.504498061901015926e-01
-3.226610926807106372e-01
5.311119528006520707e-02
-1.405438801305815277e-01
1.358327600958971100e-02
6.783063200991168440e-02
6.748854711605372092e-01
1.016902442879923929e-01
-3.480864911664494077e-01
-2.856409998516933890e-01
2.128170345888507342e-01
-7.590385328294355083e-02
1.739041863691605516e-01
2.807886165590680050e-01
-1.535872557202287436e-01
-4.210538416408318163e-01
2.347333636485545716e-01
-1.928347200459646915e-01
-5.440615441884857212e-02
-1.026543000860034721e-01
-1.908069648596275036e-02
-1.939983149627906855e-01
1.128690476604612136e-01
-7.290735223267931497e-02
6.048841622349386549e-02
2.816433581442751577e-01
2.410247682425546434e-01
-3.009856662772016911e-01
2.755502232481406022e-01
-3.626013186571832581e-01
3.207037483977234760e-01
-2.461924276691007107e-01
-3.521342701220851468e-01
-3.377550575182135528e-01
1.625454329415413623e-01
-9.338892143301050219e-02
-2.633866635538577583e-01
-1.335951091223242237e-01
-8.790658973456362546e-02
-2.198866924335178899e-02
-6.565128963334680712e-02
-5.282815547265865691e-02
2.754508564593427522e-01
4.074105418408183743e-01
-3.253471824359796538e-01
3.478618081094478343e-01
1.015194122020114248e-01
-1.100136819143869571e-01
2.496931792720865628e-01
1.066777630192236419e-02
4.743133207750819258e-01
1.189200291833191619e-01
-2.066558164781004125e-01
5.623743430202597926e-01
-5.127717691489264151e-01
2.723223262425252811e-01
-4.637466079811681796e-01
1.046351412075742782e-01
7.891530111746425380e-01
-9.342129695613576867e-02
6.948729845573334840e-01
-2.991038586529635723e-01
5.622378368701022033e-01
6.108567746497232595e-03
3.282358723616763951e-01
3.031263854888439635e-01
-2.412382958532949540e-01
-1.858551217023280966e-01
5.352985932960271365e-01
-3.472071034078041962e-01
-3.405276836405069507e-01
5.015877201566787402e-01
-7.557950339816401630e-01
-3.258157007415022344e-01
2.931258281910548158e-01
-4.188765781006210769e-03
-3.603215865872760881e-01
4.224759344824285945e-01
2.711737742336561285e-01
3.591369816565074258e-01
-1.185475728927474215e-01
5.815453011407167860e-01
1.120874663117716052e-01
3.882271948398343664e-01
2.587377433748426769e-01
-3.678899542429782676e-01
3.979250209620097123e-01
-1.622619843338613255e-01
-3.948566018871517147e-01
1.471761895538736264e-01
1.510457388130796996e-01
5.933094784874182182e-02
6.054859218105956842e-01
3.839310769274868473e-01
-2.363866017796986962e-01
-3.480801800713533845e-01
2.022646748522045623e-01
4.030935637920428638e-01
-1.618096922019193751e-01
-4.398048616449885539e-01
-2.578916041483600430e-01
2.203080854639554234e-02
2.621907040104716202e-01
9.815125676144204059e-03
3.170347756926072957e-01
8.317350715999539956e-02
1.955198344612265604e-01
1.355089630290882141e-01
-2.238481999273917999e-01
-3.351657943211382995e-01
-1.763793247307598733e-01
-3.060629770980165532e-01
6.935183880022630087e-02
-5.276171970394220034e-01
-2.103702110759857191e-01
-3.099537196196071667e-02
-2.450242655763987809e-01
-1.737981716670418397e-02
-1.867378479175217307e-02
1.161416936308127673e-01
8.444154644183367309e-02
6.390325722683266596e-01
1.025677232320216792e-01
-2.862319647406743051e-01
8.158659556355479792e-02
2.583783137010474684e-01
-4.124320201479915737e-01
-3.621030801614238404e-01
-1.944484256123158450e-01
-1.473781323944922117e-01
-2.265540093898685270e-01
2.836058354477900556e-01
-1.600057010733600404e-01
-2.365791740599907655e-01
-3.307996699281394726e-01
3.699066227264509177e-01
-1.469277401325842503e-01
3.961643013245729206e-01
3.922351098990514706e-01
-3.321351056200207152e-02
2.156174133329107345e-01
-2.532824640126875027e-01
-2.997144467477161900e-01
-2.538785197606203692e-01
-1.872255751142483660e-01
-2.360944172289986265e-01
2.637983683151773340e-01
1.806004847514312561e-01
-2.732325955490324532e-01
1.246917920605482566e-01
1.525538492943014079e-02
1.617336422575520738e-01
-3.568491421169266431e-01
-1.121693672559118116e-01
3.402184711479747103e-01
-3.957785304425046058e-01
6.149168782378221509e-01
3.570436465965890482e-01
-1.335170251610240943e-01
-5.872964901970015306e-02
1.656941516811540893e-01
-4.387573122486523869e-01
-8.692509248008094269e-03
2.827369545670985196e-01
-3.762093661797164534e-01
-3.438419547536576415e-01
-1.098438397077378115e-02
-2.532510540271405985e-01
1.811224241202634699e-01
1.955305728388640196e-01
3.209882779559756344e-02
-4.535448786931263743e-01
3.528051154983806725e-01
5.216107049120305428e-01
-1.372104130442149128e-01
-7.578610788751719007e-02
9.346028441115520127e-03
4.160342745508741613e-01
1.415522477707440163e-01
-9.106228533333533826e-02
-2.492097047351671257e-01
8.871927893237228913e-02
5.000726208237794151e-02
3.848002472742492741e-01
-2.568942942635787929e-01
3.183192916945127293e-01
-3.843038442157269974e-01
-6.624646779239709016e-01
-1.452568933096536237e-03
3.929277955700519742e-01
-1.917842357366132122e-01
-9.484628878469046620e-02
-1.823829981714610721e-02
-3.664481472409020779e-01
2.878580122257922702e-01
-4.971953739587755411e-02
-3.194249964171338441e-01
7.293164525587186864e-02
3.303134320390878620e-01
1.762477364055418105e-01
-6.493341228306954704e-01
-1.858216364301482071e-01
-2.478431783593338933e-01
-3.496568847201944052e-01
6.306649924614189384e-01
2.576037091949535118e-01
1.002688180194583889e-01
-3.728783862328617915e-01
1.889944277720591315e-02
2.127358219290435004e-01
-1.317045713441346300e-01
5.147996392763846268e-02
-8.580060552282425812e-02
-3.181713189226846872e-01
2.306375097487860237e-02
-5.059331147276908691e-01
8.463321121981745576e-02
2.269152424426930936e-01
-3.598762047462307212e-01
1.019170688909952910e-01
4.732857980311678814e-01
1.977482210133060803e-01
2.084176291385741453e-01
-6.765373132583895055e-01
5.100257360011244828e-02
-2.173050536646467523e-02
9.830163400452431033e-02
-5.702108705789166870e-02
2.148749448394456640e-01
2.349751408655557927e-01
1.536874263233427851e-01
6.961149998552863538e-01
1.590833705707220269e-01
-2.978751727528596849e-01
-7.095233585091534345e-02
-2.541865234203551926e-01
-7.037079103611580677e-02
-5.632642835106814738e-01
1.323656942010733584e-01
-5.036301675240270614e-02
1.108325836572349732e-01
2.981791686604450820e-01
1.462077096887519634e-01
-6.320004029551523628e-01
4.536487335462594667e-02
-2.605171121202153883e-01
-3.454632264997549163e-01
9.647204460491537459e-02
-1.869222309667868676e-01
-2.265921836538928591e-01
1.692688448854468286e-01
-5.649257562433833701e-01
4.452202148078914790e-01
3.776718420107644247e-01
7.166548436163111546e-02
1.776167758767117077e-01
-9.040413503825819874e-02
5.841684947016424767e-02
2.304071722806165234e-01
-6.246453037989813106e-02
-2.356672888291487800e-01
-2.415262029920325348e-01
2.042602933432189627e-01
-3.921306813114880940e-01
-2.239314949674426625e-01
-1.179946378859283822e-02
4.255625597420104045e-01
-4.962593271126777283e-01
1.375749882865444362e-01
2.391337970872841612e-01
-1.995094563587134218e-01
5.392644428984667837e-02
5.541803862999270525e-01
-1.151131053174022853e-02
3.442120119398908717e-02
-5.299327910146099663e-02
2.474169645221833969e-01
1.894893886289533147e-01
-8.634705154819721784e-02
3.774165245284760162e-01
-1.656464486172795070e-01
2.468466107312101629e-02
3.120314808388721661e-01
8.086649130423040344e-02
-1.230334649568786687e-01
6.062662245742157507e-01
-6.485601879478193332e-01
3.029996919794624155e-01
2.819131653414402305e-01
-1.560235219950137087e-01
3.644050543748223459e-01
-3.152648219390711826e-01
-2.481170654198745218e-01
3.217266616538304591e-01
-1.414745780145165166e-01
1.023135618410830339e-01
-1.366393681721529141e-01
6.722137868555302376e-01
1.904777308749803222e-01
1.152727118011849100e-01
-7.359938402641847954e-01
6.220700080026577705e-01
2.733478221971575306e-01
3.454677947052028353e-01
2.620442763641926409e-01
-2.421049144226276595e-01
-3.649435098298737246e-01
-5.983801136025759249e-01
1.928746037815223802e-01
1.947065330703666788e-02
-4.739621451755194337e-01
2.044673296561675679e-01
1.245121706777768122e-01
-1.544394719780382008e-01
4.617454242056616698e-01
-4.031255410972934411e-02
-3.732242576536848322e-01
2.977779805548189736e-04
2.313691820658936582e-01
5.654437571824492137e-01
5.385783359054489849e-02
1.347221887626651737e-01
4.690072458231845931e-01
3.868063879439740949e-01
2.811287676792903478e-01
-9.593265487940018377e-02
-2.048439638336331525e-01
-2.210844161330756397e-01
5.273398309392849370e-01
-5.148316014295027838e-03
-1.176478910994394750e-01
1.923327393562020426e-01
2.558637599063909307e-02
9.134608717709644110e-02
3.634586093047515454e-01
-2.527880190310789477e-01
6.628746804137487791e-02
6.909333796982761178e-02
-3.841350694743722038e-01
1.819326741745805331e-01
5.654878465324285342e-02
-1.170366765583178426e-01
-2.173115326745587716e-01
-5.233565157083908126e-02
2.703125102258482348e-01
1.799769356489261396e-01
-1.957131126227792395e-01
1.030293855633925837e-01
-1.009786955596125302e-01
-4.473295595361084231e-01
2.799527812152455830e-01
-6.475592913471693857e-01
-5.513659081300784637e-01
4.321588621457274071e-01
2.012033061544911128e-01
-4.331582476946226057e-02
3.870880052238435676e-01
1.947416558537806708e-01
2.847337866053830657e-01
-4.774064665042090372e-01
2.327268543448842153e-01
-8.319460063226843949e-02
-1.797720356736882408e-01
5.683168057425156405e-01
-3.172366916744857601e-01
8.198073681464490559e-02
3.630830837124933430e-02
-4.212754775397309359e-01
-1.266781277872696676e-01
1.929958936685428061e-01
-1.773972198381767729e-01
-4.880333557057413563e-01
-2.242131129870139072e-01
-3.442593503150073730e-01
-1.387637847493927712e-01
3.208056648476314554e-01
3.471146433175427148e-01
5.977442262801254680e-01
-2.845519205504342120e-01
-6.393734658307211882e-01
-4.112181187819652362e-01
3.633133756109951928e-01
-2.869841311024615149e-01
-2.273992413866998963e-01
4.568852936191934722e-02
-1.155509384255111460e-02
4.078836304924496337e-01
5.773832484925232045e-01
3.773543698353927223e-01
-1.186780341365306912e-01
-7.343804298397564601e-02
-5.376956763659073157e-01
-3.448805748582883246e-01
-4.288653171977586664e-01
-3.316896250480177999e-01
-1.959153610548559077e-01
-3.902618845143743243e-01
-3.700002788734383374e-01
-5.240734574750017805e-01
-4.925494512444172912e-01
-1.162227308432218359e-01
-6.712903142080004493e-01
-4.558294951619604740e-01
-5.487015817024221143e-02
2.642529329299149188e-01
-3.984585746762306924e-01
-1.071437329267680427e-01
2.626763124718191622e-01
8.056997216494172775e-01
3.632556778028909750e-01
-1.139349567615714071e-01
1.444925074465908954e-01
1.359937533288477496e-01
-2.187723773409331329e-01
-4.075912885375463923e-01
-2.640642799552829212e-01
7.846751238726346056e-02
2.396065937083579830e-02
-3.523952607745718946e-01
-4.582082421057472321e-01
-4.612611934048554962e-01
9.552991666757464084e-02
1.666749470632017394e-01
-6.730358486937582096e-02
-1.019201467264843619e-01
-9.225689946343634124e-03
-1.394099110201578798e-02
-3.868302456028738234e-01
-4.537453407326532684e-01
4.165905073998080743e-01
4.062507946486628163e-01
-3.519267994450315795e-01
-1.943981869992139622e-01
3.322592433153381264e-01
2.116198509072851619e-02
8.312183457392093022e-02
-4.739578040917099555e-01
4.761111059930159262e-01
4.234403881555268701e-01
-1.366706976527188311e-01
3.369301138709981935e-01
-6.606663243719003153e-01
1.942821892984354648e-01
-4.887639462009583102e-01
6.502132074276945062e-01
-2.475505250989893935e-01
3.168800528278336026e-01
-4.584742263973683452e-01
-1.447892054700145315e-01
-1.408986872729180440e-01
-3.411371560913143419e-01
-2.142124409626830761e-01
-4.237697382586976813e-01
-1.340100381547608965e-01
-1.082965894624414033e-01
-4.723009624701511866e-01
4.850787168714019992e-02
3.346522666098234455e-01
7.047687911056854659e-01
-1.439888382859751403e-01
2.320254841306489957e-01
6.289243886442016061e-03
-1.254163037962520433e-01
-5.028642102319937947e-03
5.280232687652117729e-01
1.020166611410555646e-01
-3.514975970354893842e-01
3.676360293305430127e-01
-4.217473196394064261e-01
-5.295053669904688232e-02
5.064246704176842417e-01
-4.527409179309594411e-01
-2.815990455384252966e-01
2.421372704961737288e-01
-6.038812676480263125e-02
-6.786999326797132914e-01
1.685480574150263755e-02
-4.264684675533468861e-01
-3.346924646378991036e-02
-1.228349841889244537e-02
-4.664791276816625532e-01
1.084357611218382117e-01
-2.540324104687625706e-01
-1.545087017527374540e-01
-1.875002028497306239e-01
5.157239075957352759e-01
-3.345099209012120101e-01
-2.525673002639165499e-01
-4.494159197567580977e-01
2.003216762820640706e-02
1.071036530747743361e-02
-6.970818542215514446e-01
-3.418338517671559718e-01
5.912584653991859174e-01
5.176757949885253396e-01
1.649126269865714423e-01
-1.843370791618259286e-01
-7.498240645183343149e-03
4.550111985628357489e-03
-4.376919503291669400e-02
-1.630555473406459233e-01
8.315981483292773924e-02
-4.249651915480177899e-02
7.537452286301198345e-01
-3.562003804934547047e-01
1.538398141165271404e-01
1.467797285957611608e-01
6.542721561960383736e-02
-1.637509993033951505e-01
-7.154025716799686241e-02
4.920682354688427074e-01
-1.722806468804270186e-01
-4.785128304495667173e-01
6.975954453931676458e-01
2.406328488217629735e-01
-2.332224553146754753e-01
2.110784957699577691e-01
5.451671217974767281e-01
1.575393135254376242e-01
-1.414243470353546694e-01
-1.350371793710350085e-02
2.489411787172137736e-01
3.476016097698730878e-01
-4.581934921325839793e-01
-2.774962466906364944e-01
-1.068079546439305028e-01
3.669426579098020724e-01
-2.352689566955031564e-01
3.095858760556704503e-01
-1.198464490845678049e-01
2.164822689876421125e-01
-3.431144227481534581e-01
2.690060105201679264e-01
-6.540964329002859623e-01
2.366973578478109019e-01
-8.558299803946574358e-02
2.638074864492104821e-01
-3.837864533288215529e-01
-2.020776572720832387e-01
-1.804177853524850661e-01
4.218378588377028615e-01
1.024183380333621440e-01
-2.591459056134301497e-01
1.212504477053893137e-01
-6.173381504153157423e-02
-6.031862365737622467e-02
-2.670244499326177579e-01
5.078187695857162565e-01
-4.682487865756360113e-01
3.381219079914516423e-01
4.129059566795522107e-01
-1.889440028494568935e-01
3.576537493351786834e-01
7.500795157506054966e-01
-1.836899593039716116e-01
4.712526234079610354e-01
5.473974557721357215e-01
3.175579146146160214e-01
4.576876689746747773e-01
-6.617708671416654143e-02
-5.734777806387844623e-02
-7.316698145430071409e-02
5.204562299175984341e-01
4.488232158569956942e-01
-4.408208228963657049e-01
-5.366083622018832378e-01
7.210654344737453536e-02
5.025841111780857823e-02
1.356969331932569856e-01
9.804315328673786356e-02
1.724369907186268369e-01
2.354595906401266980e-01
2.753255363012498402e-01
4.385031015305785873e-01
4.406468704266155445e-01
1.785466855282003829e-01
-2.892154929240161043e-01
-3.052775464667098482e-01
7.320265129552449013e-01
2.288090035227741958e-01
-1.907507202422832268e-02
4.197235917572906261e-01
-1.243360632473676786e-01
-3.174820345482696760e-01
4.354537754251480708e-01
-1.035161969646680447e-01
-2.295078946046825163e-01
-3.818555800592983163e-01
-1.606036108723405131e-01
-7.287671481257550210e-02
-5.262607140888841961e-01
3.442035050157197795e-01
8.905351632760721836e-02
-1.470580320190738033e-01
5.195784965929095556e-01
-2.051293879617380744e-01
-3.694565805164202743e-01
1.084179319438301481e-01
-3.649724928753495141e-03
-9.817005773409145930e-02
-1.959493483746894971e-01
-3.189014663816708284e-01
3.335159684281245318e-01
-4.241458857652873338e-01
4.658172984636171909e-01
-2.348719014971108465e-01
-2.099155137426996220e-01
3.651359852262699157e-02
3.268322866917924840e-01
-5.119752505323683922e-02
-1.767316023875561137e-01
-3.902066858821796602e-01
-2.599616325959360208e-01
-3.797764117334079259e-01
-6.953084088263357387e-02
5.102225396588048190e-01
-3.109461124951907740e-01
-5.137217238321946100e-01
3.322923779248724285e-01
2.203755541919347472e-01
6.412715930397433484e-01
-1.771157704366792540e-01
6.913218921543521356e-01
4.288637034809146265e-01
4.819668532285939500e-02
-1.480174424064798488e-01
3.769454388828327174e-01
-5.095267627958812579e-02
-1.837897352038585508e-01
-5.597256520153286175e-02
-2.000014641643466373e-01
-4.110553037090710626e-01
-3.059787907868474210e-01
-4.507566026264349102e-01
-3.841665023903563791e-01
3.989647905310899495e-02
-2.270616862458760266e-01
2.178330876088674373e-01
-1.569613858251866223e-01
3.554381588127908387e-01
1.753216056278127100e-01
-1.730346789959012477e-01
-1.767162485008162143e-01
1.936637985240699522e-01
4.519807422927062945e-01
-3.786501799075245311e-01
-1.537788618397060818e-02
-1.187168123440845435e-01
4.814377136342737340e-01
1.009851827078702691e-01
3.145458101053723032e-01
5.341007558945333189e-01
1.150218676584024158e-01
5.465779221590327808e-01
1.787317461827203635e-01
5.903875441115109812e-02
-4.210563780817832003e-01
4.895826212907694597e-02
-6.926658322287653213e-01
9.926272457458001908e-02
1.092374561476775335e-01
-1.704509362041166376e-01
5.621377991340340552e-01
-6.108140763406956220e-01
-3.698550995029206701e-01
-3.593646500031184854e-02
1.547540438113182704e-01
2.772903184459894407e-02
7.977831551582653669e-02
-4.897100708064618946e-01
1.181269414007033239e-02
-1.610233445826430021e-01
-2.853933095393388353e-01
-1.471203937274118134e-01
-2.140004753495519663e-02
-1.325218903712868934e-01
-5.103726871665132947e-01
2.206824158196224461e-02
3.871225340938849735e-01
5.408645500388791216e-01
-6.426224190621024901e-01
-1.933301786575223336e-01
1.188486385446694826e-01
-4.272818507271136657e-01
-1.920186887727594882e-01
2.927573068669993561e-01
2.635026293264778885e-01
-4.643105058248682138e-01
-1.205403576385564030e-01
7.091469214840391277e-01
3.446899365803930415e-01
5.177668566943188430e-03
3.015956252702363116e-01
5.604730369585534389e-01
-5.030712843278128954e-01
1.039722787345381677e-01
1.965716919261327189e-01
-6.243710020903091573e-01
-2.666907952737737619e-01
5.620683643390176343e-01
1.344019036966708769e-01
-3.876046472488162697e-01
3.324253787607224231e-01
2.212951657497072566e-01
4.140837600696183340e-01
2.591990318677009908e-01
2.245822622859381390e-01
5.566555544764217878e-01
-4.570222948658099749e-01
2.609987470326664144e-02
3.693698487622567028e-01
5.669118713346014971e-02
-2.326760633678080781e-01
2.051796538772572565e-01
5.617518623901361918e-01
-1.367340397039162048e-01
-6.271702551996076735e-01
2.860765279679878259e-01
3.407947754243513261e-01
-6.581527515174590004e-01
4.615043040021491461e-01
-1.416862662908535513e-02
4.087789499413089778e-01
-3.343061372750298355e-01
-4.699467980834847736e-01
7.150458917216812038e-02
-2.153890379398310240e-01
-1.562695513568064798e-01
6.205051627583728358e-02
-1.517054283809110005e-01
-2.837787407441911269e-01
-1.882481359274582391e-02
4.359327760888375702e-01
-3.063099187117369615e-01
5.457109914490630986e-01
2.107063647520537319e-01
3.462616858343930404e-01
3.992117354003414387e-01
9.563990353627302432e-02
1.244981555619595198e-01
2.293491149219019087e-01
2.925555449968635438e-02
1.375771344581252498e-01
-1.499060209933638088e-01
-1.103428808836288966e-01
-1.736920383757177000e-01
-4.388480814275510511e-01
4.060990554909421797e-03
-7.831371460442237975e-01
-2.101536921615335674e-01
2.620588429992820600e-01
3.112243817596817563e-01
-4.529007753885384013e-01
1.552727791610078456e-01
3.514591287981057993e-02
1.403658261043383149e-01
-2.640650210799270758e-01
2.119561511550277222e-01
5.946677696200710628e-01
-2.610970100401388549e-01
7.852505315574695444e-02
-4.283795613425971371e-01
-2.342905862487561774e-01
5.481157573919059195e-02
-2.182724167449965891e-01
2.413481114717042075e-01
2.645412147210714493e-01
3.701811889038616465e-01
-5.050805313054037779e-03
-6.876092044334083941e-02
4.852256004825549196e-01
-3.823743689188195405e-01
-1.733928265600210850e-01
3.115914821794081302e-01
7.197846578165244258e-02
1.595326318292692724e-01
3.739250204365115460e-01
-5.080355239729149597e-01
-9.466161494809076371e-03
-1.546483327939497943e-01
4.557141830067415467e-01
-1.341633645900924265e-01
-9.308643705302542190e-03
-5.207622632461892387e-01
5.866371889864308020e-01
6.912177020801521521e-02
-2.395208062879819119e-02
-1.257611011625373032e-01
1.327323675919203083e-01
-1.670047921580145034e-01
-2.881200624951021361e-01
-3.037760768500585851e-01
-1.983874004527338697e-01
5.037273141338719507e-01
-2.446071272596659907e-01
5.530679384575099000e-01
3.390135024693375354e-01
-4.719164735226167862e-01
4.297535893355506342e-01
-1.982143116743152189e-01
1.657832785680173893e-01
1.725377853446569687e-01
-2.362221441444047609e-01
2.410463468457341996e-01
-3.619008983689273040e-01
6.088581088407166858e-02
1.680965125610743294e-01
-1.297994315275478039e-01
-1.069375374704720216e-01
-4.333977288293747177e-02
-3.903570193795041776e-01
-4.384163457551316645e-01
4.970786164033186294e-01
2.290909570079982804e-01
5.714893179855814465e-01
-7.466935397160101573e-02
3.689474656895115334e-01
4.394014290136642464e-01
5.323015507983179795e-01
9.477077861989783789e-03
-3.014069383576066796e-01
4.611996491525999220e-01
-2.554858683424520577e-02
3.901355038411402076e-01
-4.765189210020647770e-01
-8.606459480409082638e-03
2.675426725736423927e-01
2.231351373226901982e-02
7.320767029484198662e-02
-4.154898396802578220e-01
-2.408449453146855324e-01
4.792700255571661350e-01
-2.236632328713124007e-01
3.817496123172401615e-03
-3.055008941211512785e-01
-2.174658835868363005e-01
-1.050502249040428798e-01
-2.183129641338686366e-01
-3.795079027839940999e-01
-5.041001282133187322e-01
2.082638841154653975e-01
-1.274159074560785032e-01
3.264094185636089163e-02
-2.273000190802115794e-01
-5.256658126560824762e-01
-7.698038107320336575e-03
-1.073538608588112397e-01
6.677384642216835364e-02
8.429182174112717640e-02
-2.606539643807884721e-01
7.787859344530559391e-02
2.588830241139683519e-01
2.794071363841611477e-01
1.565384984650909916e-01
-5.258552590355594081e-01
7.588515265170726887e-02
-6.529726317940247604e-01
3.280456984616468286e-01
5.557308090976689208e-01
-3.355984337267999829e-01
-6.031040977434340977e-01
1.426049007680407488e-01
-5.014666136138339336e-01
-1.060888308734090346e-01
-1.068245901077508053e-01
3.895395776839982172e-01
9.090055732337226635e-02
2.559957081626986763e-01
-5.076813948203990901e-01
-2.441692932579770381e-01
3.300400475239695375e-01
2.621506375821424650e-01
4.753971976064191862e-01
1.847144305416920651e-01
-2.456161941511558200e-01
-4.236821480198102452e-01
1.828146773213732978e-01
2.067578467186451802e-02
-5.866576447924326532e-02
-7.755956129183259051e-01
4.198544676396367276e-02
-4.113053200850979585e-01
-2.781486428231351171e-01
2.453829837817106951e-01
-2.669312460538936227e-01
-4.952904693600563846e-01
-9.208526774132400408e-03
-3.130827689144583675e-02
1.221472669141851208e-01
2.396786922647263854e-02
-7.442295366180508298e-02
-3.198982870834128633e-02
-5.110978051778853892e-01
3.868623757335093449e-01
-1.089166755380878149e-01
-3.037541725151217120e-01
-4.509958088760582795e-01
-2.141076015910097219e-01
-6.149599361279664556e-02
4.218562909732544441e-01
-3.317657291487744464e-01
-2.876781108653586605e-01
-1.786172457867750696e-01
1.103231539961438412e-01
2.934155288473173084e-01
3.958311391188814587e-01
-3.080099224876514663e-01
-4.632411249342330284e-01
3.578545556016753948e-01
2.080522388150661262e-01
6.463819565109669707e-01
-3.469550075580261628e-01
-5.518103780158062355e-01
3.658809882372357491e-01
3.160760567691799361e-01
4.047215261756647031e-01
2.682677800166742912e-02
-6.336015906834069344e-01
8.337654862899676611e-02
-7.114268191419845788e-01
-3.178898802836980786e-01
-4.512967043289589641e-01
9.320607207548391171e-02
-9.344891119373040234e-03
2.728099562236776382e-02
-1.148981959684097082e-02
2.096678669704584719e-01
-1.126174911976550314e-01
-7.777695752342542179e-02
-2.733359624877551020e-01
-2.816411864711267365e-01
1.025257266340629109e-01
2.389218592927600526e-01
8.511219919260146205e-02
-3.133352658567846172e-01
-2.853591792851712938e-01
-2.030963995414765584e-03
4.719342850526562771e-01
-6.695291577150760953e-02
3.572641802597804894e-02
-4.240101422277849363e-01
5.100074302300109386e-01
-1.529749638281241997e-01
4.061807071839650951e-01
-4.341674991338911882e-02
7.933495487743524865e-01
1.658729424482216497e-01
-3.271393297687550002e-04
-7.606767029867055052e-02
6.222154650018685285e-03
-2.321308485441991865e-01
-4.046793128096863590e-02
-2.018987082838985814e-01
5.002507558881036376e-01
3.925427795695664995e-02
-5.066907500187125546e-01
-4.107825305598273441e-02
1.763295402081695440e-01
1.587386265231996441e-01
-3.639455328828453129e-02
-5.746124313665408323e-01
4.830446973338732297e-01
-4.346012507936276581e-01
2.635187061035579315e-02
1.261967948382966033e-02
1.288552138872768871e-01
2.576826635509128771e-02
1.467488765843970033e-01
1.178480253080496209e-03
-4.332258413236468875e-01
-2.196642638062679120e-01
3.114684010384747848e-01
5.026344728614562385e-01
3.615248344099830091e-01
-2.853884347023072365e-01
-1.818148271293487661e-02
3.072638022747248843e-01
3.457029383264715316e-01
1.600483158728405464e-01
-9.601909236293981395e-03
-1.355953332759419760e-01
2.893018361221927175e-03
2.468304191555940330e-01
1.877628300854273513e-01
6.117940416971915374e-01
1.647616919781087486e-01
2.080229693857010842e-01
4.306834888897377311e-01
2.084105443552846104e-01
-3.138358017747115980e-01
-2.694257715830026823e-01
4.140361220832468048e-01
-3.344487364494344028e-01
4.123109930256468880e-01
-1.698113314046960365e-01
-3.392821959470634918e-02
-4.463954679179220619e-01
-2.813623944527650078e-01
5.079926757939348114e-01
-1.361065887922850021e-02
-3.922393065705095383e-01
5.231146743709768066e-01
9.952352947339151990e-02
-3.627688919411976021e-01
-4.292236294198259472e-01
-2.830418607134245756e-01
2.130655398572277592e-01
1.183699832570604960e-01
-6.364891571120261105e-02
1.584133815780077725e-01
3.276952326941461324e-01
5.321527254821832864e-01
-1.752986299475740861e-02
-4.778184961902623429e-02
-2.221913685549197215e-01
1.662432616693198736e-02
4.482748878636947931e-01
-4.373727426580057420e-01
-1.846917067773940491e-01
2.053519729872915200e-01
4.021177291728188496e-01
6.475939622643134275e-01
-4.022980647567223622e-01
-1.560868937472858486e-01
7.435472574370213805e-02
-8.832403302566303738e-02
2.795859147275583378e-01
2.020546712251238552e-01
-5.775277034082604288e-01
1.425187732181310007e-01
2.217812119219716160e-01
-3.732502371888250514e-01
-6.101635020652679264e-02
-2.703344335796026288e-01
4.801916252093359205e-02
-4.201536829195283429e-02
2.713509359489509887e-01
2.468200669771925260e-01
-3.979694728511926766e-02
-2.035250671744107398e-01
-7.544023401884009106e-02
2.158348240865651801e-01
-2.379410112551351708e-01
5.156842187413720469e-01
7.197258324809877039e-02
1.708984742637280063e-01
-3.462237901403736329e-01
4.137707799613665194e-01
-2.091174648098258482e-01
-2.836244358188414472e-01
-1.892730255756912006e-01
-2.218743555878683049e-01
-3.338675169280349575e-01
-2.345971874711939298e-01
1.544348419916396487e-01
1.442212829326305623e-01
8.236487637556394459e-02
2.312447738550428844e-01
-3.704630145961848586e-01
-7.520898953459553837e-02
-4.702950377585694841e-02
-1.862756497916281603e-02
3.719227789325465494e-01
1.242877441830055052e-01
-2.814349366608457359e-01
7.967848858034051740e-02
1.554456947016389923e-01
-3.032450597475295773e-01
-5.048233752956834408e-01
2.801512605494398955e-01
-2.924079476734156025e-01
3.279250533517156785e-01
3.537757726247519052e-01
-1.231367757949857755e-01
-4.783634064026473509e-02
2.625327498463966291e-01
-1.201293876138997962e-01
-1.776451711727958793e-01
8.404834215657600027e-02
-2.275725681272656176e-01
-5.836528922631838839e-02
-1.271899062615614584e-01
-2.868707240067235320e-01
-6.695830969843305502e-02
-3.427360882439813849e-01
1.943111075489733497e-01
-2.595812432641425582e-01
-6.281255147639841496e-01
2.755277780440834046e-01
-4.141934008521130223e-02
-4.554695527962481227e-01
-6.136943296372442125e-02
9.041986211027286391e-02
-2.410810727172019424e-03
7.205147779952837672e-02
2.133217149092942466e-01
4.601704957297038656e-01
1.692407515731205736e-01
9.906644268015166177e-02
3.512410592683274380e-01
2.348048939389911216e-01
-2.280223024528832410e-01
-2.558183157342209246e-01
-4.094426109937224778e-01
3.841624728743653350e-01
-6.275847655972502936e-01
5.990770175263081948e-02
-2.810771561928205320e-01
7.070892281793422773e-02
7.038187967760247687e-01
-2.269254767732205580e-01
4.789997836608753667e-01
2.634974969484865093e-01
-2.870987575422476179e-01
4.672528618432402192e-01
1.037340996992787423e-01
1.103838279594411692e-01
1.973071701441582171e-01
-2.294544767591627510e-01
4.418258735901243739e-01
1.379577169982731388e-01
-1.733206758202718856e-01
6.834024685202184923e-02
-5.303409063727507755e-01
2.608212021080891230e-01
-4.224245306971097930e-02
2.886017994448933366e-01
-3.597319404618204430e-01
6.098313556020998893e-01
-2.680067730826510841e-01
-6.871305480740132199e-02
5.293376508875470288e-01
5.954930910917749509e-01
5.636649847818057113e-01
-5.024352679292166668e-01
-9.796324975758821663e-02
5.611656792240052871e-01
-3.785266086101445326e-01
7.827298441306249077e-02
3.763120578764953539e-01
-2.433332330026197754e-01
1.609438318443340843e-01
9.750993298444185498e-02
-4.891881537437666738e-01
2.702261277557937991e-01
2.573436070271543086e-01
-2.106432162463313940e-01
-3.309867695650119818e-02
-5.079001401647634077e-04
-5.185442725311032452e-01
-8.342056312934713336e-02
-1.944656789711071421e-01
3.831525569612612703e-01
-5.208977768910145745e-01
1.778121673414838899e-01
-1.485780240191394153e-01
3.871048269403872255e-01
-3.623083785608843810e-01
4.044950596637882922e-01
3.877621765007119858e-01
7.528107119924763724e-02
1.620860701813534310e-01
-2.560749391890003099e-02
2.550007267527159005e-01
-1.359228019090547024e-01
4.218943611778529501e-01
-1.550651587679841015e-01
1.525221217254609796e-01
-6.503525927894676650e-01
-1.403216386498760404e-01
1.116418372582070745e-01
1.386035017672115066e-01
-5.546306060993729803e-01
-1.906549136059434713e-01
8.498557437067792708e-02
-3.574305168427186485e-01
4.229657820511349697e-02
1.464788206183760544e-01
6.040815832614738756e-01
7.114667753066842293e-01
8.864072395761191103e-02
-2.319637230237476810e-01
-6.924846461617731319e-02
8.824318125620105036e-02
3.998953361401428319e-01
2.933996506982536334e-01
-3.553152246994827901e-01
4.739059927234346437e-01
-7.371243381985836951e-02
7.680710844394936232e-02
-2.855885110492507595e-01
3.514899975178169544e-01
9.653088988479605059e-02
-2.385138196488598150e-02
6.766398209456208311e-03
-1.110719483180811970e-02
-1.052522564101892460e-02
-3.965160757781653889e-01
1.055712656815399192e-01
6.544405180518909904e-02
1.498076292877734694e-01
-6.430495148084972579e-01
-1.209444535429228251e-01
-6.207489653303179811e-01
1.034414897354925950e-01
1.314782237021098685e-02
2.230955575596512142e-01
-4.498377410293208367e-01
2.722986099162052476e-01
1.267044759964988665e-01
-1.119901934900208451e-01
-4.716517352153557496e-01
1.788383440636502342e-01
-2.189743057315299557e-01
7.070525515923760385e-02
-1.550572012890384932e-01
1.413691382316781819e-01
2.006196759118335504e-01
2.933513812674187204e-01
3.212551161811674771e-01
-6.443461831627042558e-02
-2.905701775931494590e-01
3.664511997685144795e-01
5.043730364685385936e-01
-8.579633484960053069e-02
1.093416420056591704e-01
-5.584268476491934807e-01
8.998136788607304093e-02
-4.977465729467369648e-01
-1.775170747296551943e-01
-8.157937658620077748e-02
5.890298194028639744e-02
-6.267454250975736940e-01
7.047198118408055934e-02
-3.063878834148564545e-01
-2.012858452880698645e-01
4.594308533334203748e-01
1.142465795937614298e-01
-7.178016949464643970e-01
-2.597752725978764166e-01
-3.812987828228722176e-01
1.096098284983610949e-01
-5.634566538523231305e-01
1.037445986077845383e-01
-6.108594772091953118e-01
-4.222944065617759701e-01
-1.502525543423367804e-01
-2.421056104810553888e-01
1.592573240608978480e-01
1.041265586912501900e-01
-3.536088366597016086e-01
-8.481558157336580028e-02
-1.361110324235965952e-01
-7.302109990835031761e-02
6.585781616980525000e-01
1.612413772762500419e-01
-2.534855754572643005e-01
-1.299260208867590305e-01
-1.926990036025326702e-01
-3.874340111164795708e-01
-6.973661356707970549e-02
-1.822488505355545629e-01
5.498566077499912608e-02
5.051114816319701717e-02
-1.974749911327028373e-02
1.515041373071294994e-01
-4.187649623770851176e-02
-4.423183447183334782e-01
-4.477066700375268438e-01
3.128130176487566722e-02
8.846188923406689275e-02
-6.114020240685461571e-01
6.363628286627827091e-01
7.612673836739961009e-02
-6.526840808516384818e-02
-1.362999633522611331e-01
1.775922010924754768e-01
3.398836062906986921e-01
2.361077343649587434e-01
5.148702504007176550e-01
4.491331479955927852e-01
-4.503731135219657400e-02
-3.092644761380873852e-01
1.542137480029426855e-01
-3.752050551194203720e-01
-1.720623772774204086e-01
-3.162119571357659975e-01
3.365042743178154883e-01
-2.183581372735137749e-01
1.202405256727113875e-01
5.876880158342991933e-01
3.511085617925120417e-01
4.897012915380248854e-01
4.137247093530348474e-01
-3.326149075854504811e-01
3.610989930716073104e-01
-3.486809142523431548e-01
-2.429494200447215313e-01
-3.921445762570788807e-01
-3.083876250023190324e-01
5.490529192960653670e-01
1.192392311131600241e-01
-4.222260367461414532e-01
-2.215069486246641975e-02
5.503420447332547649e-01
-4.110708855558401625e-02
5.052072598767605172e-01
2.900949457557530642e-01
3.693241958868088148e-01
-4.541796190197859850e-01
-2.423119713370158190e-01
-4.056249643360802792e-02
7.344284648204552068e-02
-2.682686253765441120e-01
-6.903326060787867702e-02
4.333663852810527573e-01
-4.212962440639973494e-01
3.982072225545303379e-01
-6.511597844816886804e-02
-4.775268388849195911e-01
-1.294761446506443592e-01
4.069428629854434654e-01
2.442439715777671716e-01
6.630059683462774522e-01
-2.173808028265684089e-01
2.608170031715488224e-01
6.297957367853850297e-01
8.073080294139914348e-02
1.437413950578398936e-01
-5.952655869617141660e-01
1.121372326996270957e-01
-5.585432004697258312e-01
-2.223482265290532139e-02
-1.825786445109525702e-01
-3.089245455162610288e-01
2.992957969823193953e-01
-6.396875968848680927e-02
-5.056246250595788361e-01
-1.549202081280023902e-01
-2.702191218807973860e-01
-4.061360823873085835e-01
-2.063643699327850356e-01
2.644970154092247672e-01
-1.610635022728217070e-02
-3.540440585007426089e-01
2.389846284663466047e-01
-2.209776316193573786e-01
1.295496945463844030e-01
5.443969711491244423e-01
-2.347883591145497606e-01
-1.880743242164595874e-01
2.026650109968556324e-01
-2.536259601013693410e-01
3.312137579467605009e-01
-3.522165689052047521e-01
1.650643779305031589e-01
1.000740751762453085e-01
6.129490890035373986e-04
1.253734479437751681e-01
-7.288793572227089679e-02
-6.828475302088249377e-01
-2.290854397660397820e-02
-4.842173306728031479e-01
-3.934673275937874415e-01
4.160966300817646457e-02
5.641624033103480595e-01
-5.835265369336832542e-02
-2.138674448972003594e-01
3.787958435480003327e-01
-2.839972326858715423e-02
-2.437479956418501237e-01
2.313829936839055801e-01
-4.714214384195491991e-01
4.066643035805884293e-02
4.193858823045612527e-01
-1.556613469735628752e-01
-4.244355924088314969e-01
5.215129289379809574e-01
2.267218432746689050e-01
-1.838483195414692198e-02
6.336940949990260696e-01
3.036640019287274450e-01
3.359575238024938848e-01
-2.524957953448510040e-01
2.326089169943253432e-01
-2.852267493733292580e-01
4.019402989772527524e-01
1.575991747028635676e-02
4.791695668332740521e-01
1.986511740743889254e-01
-1.419610379007651413e-01
-1.592074918624451496e-01
-4.257594929476588019e-01
3.563501782900563297e-01
-2.968350204969328887e-01
-3.520956008980187036e-04
6.339386915439950698e-01
-2.843986189123971497e-01
2.698242511659008080e-01
-4.744992560261177550e-01
-3.285027619481024619e-01
4.178501574498669768e-01
-6.631673457447939679e-02
-1.493827548637331193e-01
-4.565540252870235460e-01
-3.507214303534565703e-02
-1.296253376250244838e-01
-3.918677909341540255e-01
-1.654803798861982089e-01
-2.475392342207038965e-01
3.947350711205239171e-01
-2.187695199485350239e-01
-1.738533184541205534e-01
-4.207907437973310016e-01
2.098472529844517265e-01
5.769201495471717456e-01
3.857982525683813502e-01
4.924892534283275558e-01
5.084534889760025100e-01
5.518154365771615888e-01
-5.744136305160991995e-02
7.300135779278472958e-02
4.933124443061319697e-01
-3.878791894280245178e-02
6.855915053521752789e-01
-1.797172318822700121e-01
-7.305270006596971122e-01
1.783230337216812067e-01
-3.279574508590006321e-01
-1.488976750470613342e-01
3.626677250016036025e-01
-5.165058791773674551e-01
-5.798350211162608403e-01
2.305142599534190928e-01
3.328203246792182934e-01
-6.985826795491631991e-01
-1.237342617103284748e-01
1.568400636579782848e-01
-5.027025176314756649e-01
-5.683566397705103190e-01
1.588947891251541455e-01
-3.036795902275683523e-01
5.407011250196750440e-01
8.010229395867900226e-02
3.599731403920888306e-01
4.043646419613252663e-01
4.846875878234098156e-01
-3.848284703336091184e-01
-1.331524075501379356e-01
3.867172126597927528e-01
6.866266552872010709e-02
1.901250225855457554e-01
2.007522776888004401e-01
-4.397905779314751351e-01
3.260553850320871416e-01
-5.513795879310363635e-01
2.526629419617788530e-01
-2.632433559382933996e-01
4.384318241467806687e-01
1.476905622224045644e-01
-1.377135280223837632e-01
-6.651750761358465880e-01
-3.193439493514572680e-01
1.412041672568996042e-01
-1.943160093614676176e-01
-4.132994872383853879e-01
9.403529789491655091e-03
-2.421741954052953338e-01
-4.144500240520520573e-01
5.880198676772092903e-02
2.107312634236994664e-01
-2.546122197893329608e-01
2.770441212385348351e-01
1.960786665173194429e-02
-2.808830047189313228e-02
-1.236903286143051922e-01
5.113700187449991830e-02
3.012780626671695550e-01
2.910609416270819594e-01
4.324452107798930356e-02
2.160629902682488224e-01
-2.853266282654730590e-01
-3.367945657467376064e-01
-3.805498219235162738e-01
-6.195548953219061350e-02
2.620076065611422478e-01
-1.383110645339383216e-01
9.616759119178537596e-02
2.423600495109277109e-01
2.629180657517803943e-01
-7.705636533774384844e-02
-7.740928624281900872e-02
1.638982995697651768e-01
4.038459994992986135e-01
2.412878346450635370e-01
3.705051398524417117e-01
-1.710399176311546421e-01
-2.853225230261722256e-01
2.092063273244382793e-01
-1.967762348411030704e-01
1.583449622889157929e-02
3.444338148222358953e-01
-2.130301714936103097e-01
-1.246927080070067972e-01
-2.532784929768164273e-01
-1.332829632459332225e-01
1.310702030336530211e-01
-2.301972476277579505e-01
2.007223652681053849e-01
2.882899974460828574e-01
1.616463473689510044e-01
-3.506544143191795415e-01
-1.192666277761862854e-02
-8.624708270480510586e-02
-2.493705884856629307e-01
2.184002969152089302e-02
-4.063638588627371817e-01
-4.353336690771721917e-01
1.284229550343350332e-02
-1.120068996050308519e-01
6.146103946746226399e-01
-1.761665542791485475e-02
-5.609837877022347263e-02
2.418003220875581394e-01
4.755536191601542062e-01
4.964476153877056541e-01
3.039917167728185543e-01
-4.508080801008008121e-01
-3.739672315013806148e-01
3.455701554198787884e-01
7.544045371580580805e-02
6.255518468771704699e-01
2.397674052625785035e-01
4.300505101854381479e-02
-5.876134611698150545e-01
-6.202552881642766636e-01
2.181082481383175842e-01
2.610801443107918160e-02
1.039415921304175372e-01
6.465049503505640449e-02
2.639122278553181489e-01
2.231084193651955982e-01
-2.515391161569742184e-01
2.640888120732712285e-01
-2.567013232046007620e-01
-1.645511522225912016e-01
-1.244672766592806734e-01
5.290523192001800323e-01
-3.532938242592323919e-01
-5.507689804655317989e-01
6.814003061174396247e-01
-3.961926473088346334e-01
-4.611080991144108493e-02
2.246638248116366865e-01
-9.686097045034100517e-02
1.845963811468834537e-01
-2.587083119715764545e-01
4.471691902552549780e-01
-2.837160619399330397e-01
9.890471079417698097e-02
6.621355957889036858e-01
1.118643201612576910e-01
3.646531003500823043e-01
4.065795970818507632e-01
-3.358048500026747374e-01
4.591510713723525594e-01
-3.208158273719044495e-01
1.757389053467673934e-01
-9.150930328896630939e-02
-4.014997883350237551e-01
-1.792858404440749454e-01
-1.128362996319630801e-01
-4.998054297852685263e-02
1.373802256742809869e-01
-5.677560342970593837e-02
1.283437526912185878e-01
-2.043482308188974417e-01
3.805399151431887450e-01
4.218354776424740882e-01
-2.943612340728117838e-01
-3.401827048574409540e-01
-3.720656119263996420e-01
1.798979257694771350e-01
3.864298131134300540e-01
1.614595218362970819e-01
2.398063766011446774e-01
5.268027749449073482e-01
5.416425085088187874e-01
3.047486973951367695e-01
1.162227624653193112e-02
2.903415477041323411e-01
-1.206597664600681241e-01
-3.483213274556052896e-01
8.901021570976766495e-02
-4.578477417515668113e-02
-1.270495987231960167e-01
-3.914883731421258117e-01
1.938750753696021623e-01
-6.604691127377307347e-02
2.851814889458655355e-01
3.999904037992526584e-01
-1.140517099194266436e-02
1.985733612330967124e-01
7.789189903488858563e-03
-2.322746189771701317e-02
-2.943782445029624606e-01
1.449256498492376699e-01
-2.000584071859173307e-01
-2.503768123675901291e-01
-2.508388365198794823e-01
2.474704395571601934e-01
-2.291870595472881300e-01
-3.512183437959995880e-01
-5.760849684240509916e-02
-3.995186647130413160e-01
-7.239326800601286749e-02
3.530521747986781200e-01
5.528353358190845057e-01
-3.751190220969411460e-01
-2.097228840105467285e-01
4.707583372796508292e-01
-6.482529366739192729e-03
-1.918387801639201418e-02
-1.633447054619220074e-01
-1.273324081231699267e-01
2.446408900373397421e-01
5.211870413915749012e-01
6.104281549107502813e-02
-3.960969807963595768e-01
3.574895956585097401e-02
2.266328897852065150e-01
3.381036362750586277e-01
3.801897744961909437e-02
1.450174924937363066e-02
-6.614137759970467600e-02
-3.667272351689586096e-01
-7.186103672489569938e-01
4.318099165388553096e-01
-1.812647968155969846e-01
2.243946905384449075e-01
1.362989439985394235e-01
5.324827243340823912e-02
2.571336234785284725e-01
3.177115578715730693e-02
2.609695479037178831e-03
6.427437970353383490e-01
-1.969761262084586684e-01
2.967565849271015105e-02
7.257021736402543555e-01
8.292886977974031626e-02
-3.280047862511074608e-01
6.189142054898307821e-01
4.690910546204025700e-01
-1.367460519035514910e-01
6.406415598307153569e-01
1.960219660975650036e-01
-4.817255648608738672e-01
3.815266883865032765e-01
-1.887544219056481176e-01
-4.309186322086665244e-02
1.015085190697878198e-01
-8.977084759209949527e-02
5.823524501363902539e-01
3.587693778953674473e-01
3.754819865588331362e-01
1.208009247066630931e-01
2.090695291991802318e-01
3.252240826514384009e-02
7.822580589159743303e-01
-1.613395504664476565e-01
-4.037928593617466366e-01
1.592941431069453129e-01
