2.273893628157512559e-01
3.281760673752026625e-02
-1.922766784720529865e-01
-1.811646074105634774e-01
-3.186983198117543936e-01
1.578522580641614492e-01
4.369865462869858969e-02
1.965653541215504618e-01
-5.992727859663780077e-01
-4.024066648590198247e-01
1.415707538791670557e-02
1.844461633928530520e-01
-2.348161418809988354e-01
-1.904372270917357168e-01
4.567388254593897634e-01
8.947123147910812646e-02
3.182184072358429927e-01
4.571276476821611867e-02
-4.667454339416229336e-01
5.803171305306586980e-01
1.428225747664705891e-01
2.900117702302298373e-01
6.144128031155193792e-01
-9.230909502751548368e-02
-4.756374710515979820e-01
2.194039886462787470e-01
1.649664503057283460e-01
-5.095125329959158123e-01
1.815153387498162074e-01
1.348537824685113462e-01
-6.874357064595093547e-01
-3.908207258878777512e-01
-1.389134224696440822e-01
2.058683866243544991e-02
-4.211867472690589143e-01
2.524833543568791305e-01
6.107718584841700243e-02
3.508637017951253267e-01
3.956978593059959359e-01
-2.470502373455985001e-01
-6.463189968404047248e-01
1.671900340211048275e-01
5.767023420465268169e-01
1.922771629000596949e-01
-4.212773577642284217e-01
-2.308772785314235909e-01
-5.485163097246371633e-01
1.220137600200535966e-01
2.122783476333714447e-01
4.058524695973437235e-01
5.638386161467259239e-01
4.446407568307527147e-01
2.799749097747120108e-01
-2.024894250696445130e-01
3.009507095618181305e-01
-2.545474703558102680e-01
1.088735365773165764e-01
4.242551924261758201e-01
1.471286334592924148e-02
3.612020397337445399e-01
4.308178212515419436e-01
-1.858872974469816253e-02
1.814578741747588375e-01
-9.475962485997047047e-02
1.116546238206543237e-02
-1.973226580786669182e-01
3.061631450691448819e-01
1.742117698992015906e-01
-4.555175610483712667e-01
-2.800784873457911606e-01
1.625708650874271854e-01
1.967773077832850048e-01
8.549036762809172907e-02
6.951301800293539779e-02
5.074733139904930024e-01
6.237146756273039827e-01
-2.488544754155136429e-01
4.358309134469841584e-01
-1.119091031771351219e-01
-1.373004326839733502e-01
1.470333047358337308e-01
2.239338744525845581e-01
1.282323889774072134e-01
-4.769476559151750727e-01
4.224482705629162282e-01
-5.347407045038101714e-01
-1.776311742022216311e-01
-5.120530651538742761e-01
-2.369257498763634173e-01
1.549259818224958118e-01
2.612785538398637586e-01
-7.921809069252905289e-02
-4.784543595490351950e-04
-2.702566941561668212e-01
2.690945100788847411e-01
6.840590638414345559e-02
2.556717088448394182e-01
2.216095155707485109e-01
-7.188457186602988103e-02
-2.297133677822358888e-01
-1.229128834218233129e-01
1.742408181269930467e-02
1.435093449734347604e-01
-3.510841638251985808e-01
-7.193295732680532462e-01
8.008619106794752363e-02
7.113011996574455931e-02
-2.545407835611861458e-01
-1.784515496003156176e-01
2.769885987697115470e-01
-4.595571124542756070e-01
6.881863194301014452e-01
3.780796174194326897e-01
-5.251944992593977624e-01
7.283942514798731338e-01
-1.572958476616671125e-02
-4.744700066677273731e-01
-6.414149860445751694e-02
-3.555745614938936316e-02
-8.237536640679865574e-02
-2.938994769347859637e-01
-2.865825202016852868e-01
2.221969531609715442e-01
-7.434699170464831308e-02
2.999566272750628926e-01
5.833915381511901588e-01
6.599660406198583351e-02
-5.311181336065979863e-01
2.202093273901512688e-02
2.730886500062549294e-01
2.732229443886516340e-01
2.363653044541900658e-02
1.442660937303461566e-01
-1.238084973669387467e-01
6.196439710974836756e-02
4.496851334471252959e-01
-3.842892580108829836e-01
1.688834892880607397e-01
-1.785120732147675582e-01
5.783613721635005867e-01
1.424370588423857220e-01
1.516344504590959597e-01
-3.114182326273378654e-01
-4.912305656329975928e-02
1.042857090097809580e-01
-3.619941636639581461e-01
1.919135722015650192e-01
-5.187675303659344817e-01
-7.092598500863964150e-02
-2.693301678785681164e-01
-5.006348191149376792e-01
-7.655263293398503199e-01
1.929787132230271207e-01
2.701761373343417039e-01
-1.325019183731836192e-01
5.818414875648235673e-01
3.735595451496613595e-02
-1.605011274369346208e-01
1.414196635763023124e-01
3.761256109464509723e-01
4.241983472294962310e-01
-2.369022467636901219e-01
-5.898042148324489364e-02
6.868390851539223074e-03
5.348246941133683041e-01
-2.471381776614841458e-02
1.655448920584225991e-01
1.244333780350845575e-01
-1.998520797869086096e-01
3.317255264569906048e-01
1.436194144294176966e-01
7.360478985958038844e-01
2.578107671081164010e-01
2.339540454926581914e-01
-2.205773208468779223e-01
5.752603983680827371e-01
-1.310241928807147904e-01
3.841047624792078702e-02
-2.139323489604839090e-01
-4.434733189758408023e-01
-1.913603653848368058e-01
6.649206195214331094e-01
4.633300083772646238e-01
-7.060448744841221758e-02
-8.899649684429380980e-02
-3.044048572899106346e-03
-2.081963616390264948e-01
2.810210197757425088e-01
-6.316925710190121612e-02
-2.167530886287002412e-01
3.682956817284857021e-01
-2.934119512778934347e-01
4.355375357133702691e-02
-5.983927684774883460e-01
-1.360574053282310736e-01
1.119278455495480162e-01
-5.374800845613869615e-01
5.737111582927869602e-01
4.862332932428832244e-01
-3.604785713610610953e-01
-4.473223242371881514e-01
2.589943205785798508e-01
-6.524464655776394117e-01
-2.655913800371737521e-01
-2.936734156549799524e-01
3.798963393134599520e-01
-2.222403898668787459e-01
3.176628905879808062e-01
2.995223654308951655e-01
-2.152878165243353736e-01
2.466902963144946281e-01
-4.576147921020219944e-01
-2.287866440255020492e-02
-3.330503507079050074e-01
-6.663679441277216009e-01
-2.121053406026242316e-01
-7.313117174467173021e-01
9.988820712237528321e-02
2.410498631087607257e-01
-1.808064971412548516e-01
3.779978750397323672e-01
-1.884747939411991480e-01
2.037572028734782326e-01
-1.991807494417175972e-01
-1.238038805171389478e-01
-3.512345685642709880e-01
9.050072568636570447e-02
-2.727616120493575602e-01
-8.538787959241271597e-02
9.870899630433492555e-02
3.393900264088095531e-01
-2.797622039648816616e-01
5.072485428713737754e-01
-6.554665789825366851e-01
-2.632100504861681900e-01
5.352417502853462627e-02
-8.715585804748254839e-02
-1.769139569978177978e-02
3.589067203340809975e-01
-3.778260380279967190e-02
-4.302122710639405545e-01
2.852416202183885585e-01
4.254837575944143135e-01
-6.983021846377704400e-02
7.068870786841331688e-02
-1.502249107457174770e-01
3.257613705849809471e-01
-2.559455241245004453e-01
3.326695597026670947e-01
-1.062640696192540812e-01
-3.999838596407212510e-01
-4.812249022146096733e-01
-1.847094697119538165e-01
2.685341418493288335e-01
1.602350193292610969e-01
-1.530223897069516448e-01
1.722635852384583194e-02
-5.528082140265049294e-01
5.471374615142235998e-01
2.121157556297799951e-01
-5.738782828878017384e-01
-5.368097381668771595e-01
-4.859595590219791816e-01
-3.449728513907691640e-01
-4.931508840535255844e-01
-1.367781885194463698e-01
3.572963285406394185e-01
2.597179016288717612e-01
-5.387286260410577565e-01
-4.735504811323656971e-01
-5.902672259318282322e-01
-2.399669860356137829e-01
2.840148475044833656e-02
4.025428291255907232e-02
4.332027794408349064e-01
-2.639883475600585117e-01
2.077921623851030491e-02
4.632866366259329530e-03
-6.425844706675514217e-01
-4.962807793197461237e-01
2.193310966920233029e-01
-3.147989279225813647e-02
-8.542352650207712950e-02
3.457649688811545441e-01
4.260280543517800389e-01
2.475357799467841069e-01
4.635340406233638688e-05
-2.107251821906042100e-01
2.478657045676776194e-01
-5.681214985601454881e-01
1.524630278134843087e-01
-2.015393835969956082e-01
-6.190331057876807819e-01
-3.027577233023179826e-01
-3.097330293844082205e-01
5.488661850437968675e-04
1.586865168238261181e-01
2.322838583508752414e-02
-1.223493994061061185e-01
1.384491025047276114e-01
1.240835232379260966e-01
1.409879194969589356e-01
4.477882836192317861e-01
1.103253969703182069e-01
-2.979015044653318678e-01
2.336222826662346930e-01
2.866603065047427790e-01
1.295891237937080998e-01
1.718077772644190093e-01
3.456463764551980788e-01
2.216630902643867418e-01
-2.032438690720283769e-01
4.737539117959416179e-01
5.568851500970801727e-01
-2.429079112902239601e-01
2.678716898341229613e-01
4.048678719859419850e-01
-1.854370590075775094e-01
-5.041989284385623993e-01
-7.250346414684805119e-02
-1.654170590625864690e-01
-1.951897126417593553e-01
-2.068548090198751854e-01
1.745533603164631520e-01
-5.937167241215256519e-01
1.951704728208554229e-01
7.778448634836133968e-02
3.865330652456342997e-01
-2.980168541635430657e-01
6.207342849175323529e-01
-2.789190518514119699e-01
-8.325250386503542377e-02
2.029364990727409168e-01
-1.899840560623311525e-01
-3.568335442124225820e-01
-2.331376893966123909e-01
-6.832913895172262886e-02
1.815155425011885648e-01
3.430354758348765909e-01
3.867979262482870023e-02
-4.613249349338675032e-01
1.411533778298107722e-01
4.760466475036315703e-01
9.266925874474113423e-02
-2.507342801662412191e-01
2.154260033023314425e-01
-9.636853631973349432e-02
4.047862817030410953e-01
3.493293999453166848e-02
-5.025991546511971997e-01
-9.365392437980170348e-02
3.503321486355591152e-01
2.197697739186242893e-01
1.963556925238996997e-01
-4.046159157875455631e-02
-1.149798869073902635e-01
-3.822559600478606101e-01
-1.302311541786979956e-02
6.772165606805580218e-02
-3.494166692406683317e-02
-1.258221088722853431e-01
-6.161405222045060470e-02
1.320271620167169091e-01
2.712969855495822591e-01
-1.050859699960813298e-01
3.115501268894316778e-01
-3.544838311732331770e-02
1.209985631139305212e-01
5.198755077076927522e-01
-6.885844534328493527e-01
-3.835494052121706243e-01
5.988499264047773135e-02
8.457846161130183615e-02
-4.563053795930029077e-02
5.029459076618012503e-01
-1.184079879446051087e-01
-2.181049912579430816e-01
-1.160435053479871859e-01
-1.751736099967040328e-01
2.978467799705485364e-01
-4.695204186687307324e-01
2.350099472843658610e-01
9.835233312007667095e-02
6.495849243851700150e-01
-2.488961438510516322e-01
6.099330730242340515e-01
4.857115120038451583e-01
3.762024695380684625e-01
3.482264894319683224e-01
3.749204512147630286e-01
2.219668869089393495e-02
-2.088221910352866528e-01
-1.931265285371162599e-01
-1.338141908915161937e-01
1.748947451155580535e-01
-5.896666534836625395e-02
1.534152161995737396e-01
-7.291588167827458555e-01
1.039975552065054015e-01
-5.914231362111256329e-01
6.930209773479638624e-01
-8.847046307506115093e-02
-5.453393817909256702e-01
4.629906790129967864e-01
2.537569809415488598e-01
4.681689459848407120e-01
-4.839461823356474568e-01
-2.351173486785589073e-01
-8.241638288426873446e-03
-1.837334963192206461e-01
5.878164359626658619e-01
4.131082767504022923e-01
-5.236417191642758762e-02
-2.049589582170507907e-01
2.200546141126207278e-01
1.380479491275717896e-01
5.045461528302724874e-02
2.153187405785481345e-01
-8.528438995712175896e-02
4.142986093887342514e-01
-2.864984129446709327e-01
-7.151898963485676664e-01
4.673866743071851404e-02
1.112083475172316316e-01
5.038860812558251245e-01
-3.210808507898741618e-04
-4.601551492045310443e-01
-4.423304788868518966e-01
-9.789045418545058719e-02
-7.974755269284672377e-02
-1.742278846913191404e-01
1.341820407787376601e-01
-2.503323320215268891e-02
-7.864446429348950773e-02
1.837244266789949121e-01
5.769560919882985583e-01
3.329069696396436129e-01
-9.307452743445177035e-02
-1.344160471569134929e-01
-1.699800476143228101e-01
-2.688399997533142405e-01
-4.751881899542768073e-01
9.567387979063712855e-02
3.935974497753507162e-01
7.137441429441802043e-01
-1.439097829784909965e-01
4.214173121381419307e-01
1.209002159382874808e-01
-3.478515858839271169e-01
4.376525113456738447e-01
-6.678754192932594147e-02
4.348222630354857121e-01
-4.195630414839335853e-01
-6.582569881922211152e-01
1.761451269871584513e-01
2.901554832743655221e-02
5.075877665865073940e-01
-5.988492889594234647e-01
-7.148347997585261515e-01
2.273629997033305150e-02
1.774600396804223712e-01
3.991888847593355605e-01
1.084789787355911472e-01
-8.214298500442855921e-01
-6.412327457722385438e-01
-1.053605548337984282e-01
-1.215118183753374215e-01
1.065996626389262569e-01
4.449653931292647524e-01
-2.297719748204142820e-01
4.411793831941433486e-01
8.170967146401544867e-02
-2.742959065864721269e-01
-1.600650193970167695e-02
-2.264797570175560715e-01
-6.178059215279821936e-01
-6.083623059907592445e-01
-5.763062966812584342e-01
1.000313883074836763e-02
3.606707073188119422e-02
-1.582898829829445242e-01
-3.821469089789046869e-01
1.407862938244302253e-01
3.807641554870929701e-01
6.709504455584822114e-02
8.246271001369642750e-02
-3.615473690550405905e-01
-2.025801723849118829e-02
5.157477062842115156e-01
-5.465667344330527033e-01
-2.755916901662792268e-02
1.953949234943695989e-01
-2.322958727722259642e-01
-1.083928530685422525e-01
2.764004209894214137e-01
-3.894145070639327688e-01
3.253673718409502702e-01
3.356135033473562901e-01
6.853677379298904748e-01
-6.571539352866784256e-02
-7.182237201589108944e-02
-4.356699249000626217e-01
5.224480560279525232e-01
2.248570156171029455e-01
-4.673142815983466480e-01
1.229581162261554339e-01
3.824497696325414309e-02
-1.210078649693805131e-01
-3.655315831956547634e-01
-4.229340838995765961e-01
-2.407698327886021727e-01
-5.423527989056038667e-02
1.046833937178544560e-01
-5.364769706676969507e-01
-2.206743821388583715e-01
-5.650332138563897155e-01
-5.719119027255752385e-01
-4.488702146058442533e-01
-3.283090200125919622e-02
-1.492806823779097292e-01
5.977082200801648870e-01
5.636494888950542848e-01
-4.646858489019240479e-01
-3.297885275596589005e-02
4.533609543414507947e-01
5.097960394735745471e-01
3.070682029353857811e-01
3.577138739782628751e-01
1.658055911605507970e-01
-1.681874846815348545e-01
2.618947625316607464e-02
-1.607698378848173570e-01
-3.076757655968650682e-02
1.535507944895270205e-01
-1.820481087348164162e-01
1.100839382753185519e-01
3.622739807231040166e-01
-2.460636971939541839e-01
-2.593112555797409402e-01
2.734492209387915929e-01
1.136827399483550209e-02
-2.961319240722906643e-02
-2.100223410985362082e-01
-2.871508363374601358e-01
5.261828714424725550e-01
5.499111514194233302e-02
2.867008448334223275e-02
1.960220161250887938e-01
-2.183709900980309038e-01
-7.037991158806734815e-02
4.117393173703003395e-01
-4.257376952171748052e-01
-1.160396167619576063e-01
-2.593070203439745702e-01
-4.223487872460515158e-01
4.510302832224588609e-01
2.438663116660821084e-01
-3.449564254248952966e-01
2.877416040694775745e-01
-2.841309450518795798e-01
2.342626127859050444e-01
-9.779597668948423680e-03
1.490794592800459006e-01
-7.255342435008484137e-02
-5.054519681871924019e-01
3.923899197425714802e-02
-1.299444072031605557e-01
2.055604297339380382e-01
-3.148814814800898199e-01
-6.239142728903204205e-01
3.552979079481211055e-01
-7.377152100398116918e-02
3.619863823881388498e-01
-3.092963317075058116e-01
-7.028954557691313720e-01
1.983639627506209868e-01
1.242383074853427583e-01
7.551763177583246250e-03
1.539784771909870620e-01
6.689773262347471772e-02
2.331526821858815324e-01
2.793471599110443071e-01
9.023629518575423947e-02
3.333943559119041389e-01
-4.713516398220252146e-01
-1.384842708058774963e-01
2.380762989472333668e-01
6.702103037229416305e-02
-1.754870521436881214e-01
-1.200638553192015512e-01
-3.015840695936845561e-01
-6.331087525324831100e-01
2.475990382634672970e-01
2.053550009759348358e-02
-3.363883011577674109e-01
5.557232323617775638e-01
6.240248596015695037e-01
4.308966862194420211e-02
-3.942219674312676392e-01
1.522969395292760320e-01
2.286177329306088302e-01
1.724257010703258985e-01
1.140719525322071437e-01
1.381556526069858959e-01
-1.237492140404902324e-01
4.444189740174812608e-01
2.254197224768919594e-01
4.984752055832154527e-01
-5.897688685968140686e-03
-1.472216509658818562e-01
-5.776521328993920387e-03
1.601453009605052769e-01
4.368226694622843742e-01
-4.688185299500037262e-01
-3.566506109347130637e-01
1.333438644564923503e-01
5.281798951051491775e-01
5.403988127738189318e-02
4.431131010823954330e-01
-3.949323777702261340e-02
1.307302410128946268e-01
-1.221316565296987067e-02
-3.538697003280081854e-01
3.850018841956400206e-01
6.496719559284629408e-01
-3.431942040219017054e-01
3.151221229091325515e-01
-2.581752608278782557e-02
4.150308363391370936e-02
4.231674312429715146e-01
4.711729959629722964e-01
-1.615282881400184611e-01
4.819316446309019897e-01
-4.867799826374245094e-04
-6.912451478564692886e-01
-1.688491921493022740e-01
1.059256891883648133e-01
-1.166995155912188553e-01
2.996111098424092400e-01
-6.122660300728857141e-01
5.524608148038957500e-01
1.495147400850410091e-01
1.371362310123127592e-01
-2.192275145064511710e-01
1.684311897167323768e-01
7.226439774609333400e-02
3.575880379794458830e-01
6.580493796465926026e-01
7.274313833354012493e-02
1.181340933163936291e-01
3.669328654413418489e-01
-3.717344344902977216e-02
6.326560530911724545e-01
1.284154589844935246e-01
-4.882989266866072375e-02
1.896280819647540132e-03
-5.277160757849015393e-01
-1.211897608280291111e-01
1.822967719535284747e-01
1.630008544104955340e-02
-2.776772197483242666e-01
2.657378679383458620e-01
-5.210023137181407638e-01
-1.843196984589040022e-01
2.967509582413086489e-01
3.270418700766515863e-01
-4.527054913824147264e-01
-5.926585607810595790e-02
9.352134238132510380e-02
-4.992895447149294785e-01
-1.960528235991784163e-01
9.245584251121764796e-02
-4.985239715536501914e-01
2.432276311214806030e-01
5.591707518731784399e-01
-3.872373644302820050e-01
5.071513160843317269e-01
1.703968802898701562e-01
1.201686993884789334e-01
-9.269015066430065508e-02
-3.241863604696456624e-01
2.928262099265078744e-01
5.099102663012056169e-01
-1.223226099570113301e-01
2.767325801465092550e-02
2.181225404357780007e-01
-1.275067051200132751e-01
-7.361651619171469818e-01
-2.371235729534957315e-01
1.610070241187528395e-01
3.949616212161221052e-01
3.339545263121538876e-01
-6.185843170954988812e-01
-2.349592077652435523e-02
5.765997586539706177e-01
-1.572351488786080942e-01
1.148848163852646265e-01
3.311537408432478902e-01
3.028816718674147146e-01
7.345415976824795634e-02
8.121573287985386913e-02
-1.795340772731888190e-01
6.147432416639835029e-02
-5.720364002970633743e-01
-8.108822376796882558e-01
1.253160557434953581e-01
4.602755372450649807e-01
-6.691597182895735463e-01
3.081318529735177503e-01
-3.336767489875892556e-01
1.912423806540886340e-01
1.890486403056835796e-01
3.811381458302187664e-01
-1.090424629952620877e-02
1.408603102989311739e-01
1.662332503957354990e-01
2.283782670306464535e-01
-1.158269249578292373e-02
-4.483597743463124674e-01
1.052693347740902702e-01
2.347801472006931511e-01
-6.027511262927333080e-01
-1.574975623390724166e-01
-3.885158292544466097e-01
4.558810092180730356e-02
5.985739528315202340e-02
-3.115117681903142310e-01
-6.832293871392771667e-01
1.292194112981253362e-01
-5.744726655487757128e-02
1.792593989802663060e-02
-3.577809907635776804e-02
-1.660758406739738235e-01
-3.168409222184131457e-01
-1.265110442611605268e-01
2.047352098352206717e-01
4.395728155998857023e-01
-7.091919708941045730e-01
-3.771425564823593923e-01
9.690555047483941087e-02
-1.162530348956800214e-01
2.648134601770960050e-01
1.423070658486905171e-01
2.919418580683817432e-01
-1.261981377164133611e-01
-2.963103106752387750e-01
3.854095409143037942e-01
5.728679369056180470e-02
-7.081807123800751835e-01
-5.581764740266114549e-02
-2.643018626503652602e-01
-2.833519900729489227e-01
9.683291986331701851e-02
-6.775376322215824754e-01
5.893943912876743463e-01
-5.108398191058199922e-01
2.243502455934719975e-01
4.244527455812988626e-01
-1.367638644744899323e-01
6.133215742696378481e-01
-6.763084757412369807e-01
1.467670266192716566e-01
-2.710092503327280467e-01
1.155030907468571066e-01
-2.716689884717540804e-01
5.584972434700734567e-01
-7.201395950413274072e-01
-1.399731581758757448e-01
3.418737259497490188e-01
-2.066546335858849004e-01
1.405236984419332424e-01
-3.402625135329841455e-01
3.559892093756925613e-01
3.157469221470175502e-01
-5.223386398811513676e-01
6.997155692938170080e-02
9.861536781840885002e-02
-3.783641954657545048e-01
7.060952246680599065e-02
-3.398335169695124863e-02
-2.868834479544724592e-01
3.167200376718433130e-01
1.945301871494798177e-02
2.488911344188958208e-01
1.245390057908534465e-01
-5.144747149383198381e-02
4.029221543902953423e-02
5.219525066363437382e-01
1.965614957246762384e-01
-1.310823078737796132e-01
1.240753704461996509e-01
-2.620071609496398279e-01
-1.074900031056610361e-01
-3.085043226023955754e-01
-9.826885968680920680e-02
2.609919060217441578e-01
-7.119052284789202378e-01
6.638364815910711980e-02
-2.518918399213213588e-01
-2.741026454383452826e-01
7.205385745310676215e-01
-2.246350033059639206e-01
4.676078640194107350e-01
-3.467974783159200047e-01
-1.070304140488470002e-01
-5.630017499877314480e-01
-2.115407431944394887e-02
-5.041275389250586825e-01
3.627103449403983881e-01
1.160527549313930262e-01
-2.182489529198324008e-02
2.117086360798597910e-01
1.452168556193567626e-02
4.771913754999070889e-01
-7.643296537694971304e-02
-3.265301750386736535e-01
-8.404990349752211598e-02
1.071195975650106741e-01
-4.067116968239284924e-01
6.122751160286038496e-01
2.304180378261453874e-02
-2.891287541814970830e-01
-8.874014286213058322e-02
3.923015692773170748e-01
2.078688717194874247e-01
-3.810890221098269248e-01
-1.090417578991472736e-01
-4.784708726338380430e-02
3.801291305606924187e-01
1.118727534647600934e-02
-6.684830627331145303e-02
-8.454515341323722011e-02
-5.231316978589872768e-01
-3.404893343390913429e-01
7.432293644478835289e-03
3.792399608715507631e-01
-1.879096798759914005e-02
-2.995422055032418429e-01
-3.807638957478092223e-01
-5.766463034089732709e-01
-1.147720486608798107e-01
1.760361107102230982e-01
3.441252757600732903e-01
-1.655982949404165572e-01
1.185434535404950029e-01
-2.311866440113986565e-01
3.294530491397511945e-02
-1.117563413616857841e-02
3.399155384283829573e-01
-3.580270425180490101e-01
-1.888458684827221679e-01
-4.527934744348202090e-01
5.627975873770822979e-01
-3.429083372351307002e-01
3.828281513911812040e-01
3.439251660878617223e-02
-6.617789345283555669e-01
3.125903486840366230e-01
-1.382584433051974038e-01
-1.088850004348291961e-01
6.217877255847308327e-01
-7.461324337592608602e-01
6.626045372655022803e-01
-2.385436452272390317e-01
1.908060275847269227e-01
-4.044241807650629239e-01
2.888703927005922267e-01
2.722123802135654191e-01
-3.091091787068655367e-02
-9.562809860932183423e-03
-1.642646353714229401e-01
4.610700153378205490e-02
1.355373950274120151e-02
-5.694390007287671862e-01
-1.544895516398112623e-01
-2.917747820279908422e-01
4.269464586007689633e-01
2.654388987179986947e-01
-3.563600804769081476e-01
1.713520732754675868e-01
-4.441953157491539961e-01
3.351754013245930031e-01
2.778346161090738398e-01
2.940642047000925352e-01
1.398701784518311952e-01
5.466333175648429021e-01
-1.579505232450418295e-01
-5.300448283475502897e-01
2.783065034338184640e-01
-1.305660567400522276e-01
-6.838940066194319767e-02
-1.689644861869502301e-01
-3.259967277405351194e-01
-1.509062149671265562e-01
-2.772350215130265361e-01
-2.677550503164162210e-01
1.077433677659803968e-01
2.408348120174156615e-01
2.864496566347038975e-01
-1.214126664492192198e-01
5.843266937753694573e-02
9.136318455036507302e-02
-4.232124287124450768e-01
-3.677149714152865706e-02
2.517604978162011342e-01
3.663046944922611070e-01
3.799031288948425678e-01
2.985938373360731979e-01
-1.877817060276843475e-01
-5.013786000335219706e-01
1.819247718201857378e-01
3.722018865971283286e-01
1.488742924852647365e-01
1.196452321147262743e-01
2.223949087780392464e-01
1.917230350116780335e-01
-3.170869312994771816e-01
1.157579921601472883e-01
-4.012627543437529698e-01
2.995827373039225971e-01
3.452135170065115388e-01
3.570265311726158325e-02
1.477105123649144203e-01
-2.338446554804146094e-01
-5.604715423297909060e-01
2.158164989633244157e-01
-2.941702957694275478e-01
-1.303266243124977797e-01
-5.003217924568211794e-01
-1.293606831723625450e-01
6.244275140409671909e-01
2.479183990510646640e-01
-1.105557890682159761e-01
-2.753325545579318745e-01
-1.672613266071551197e-01
1.275901132621295175e-01
4.944452612362112975e-01
-2.288371893403807755e-01
2.698723703137313468e-01
-9.128148344400860426e-02
4.401813518756578780e-01
3.914328489229366714e-01
-2.831624845956779990e-01
4.074395329634064034e-01
1.377765858491185602e-01
-4.281078806244433821e-01
-1.632058324770782054e-01
5.647699921095361564e-02
1.243801043042697119e-01
-3.675473113619576182e-01
-3.037368618056413005e-01
-5.195753944325149920e-01
4.564801269862502897e-01
2.095312200613613507e-01
2.058314403146124516e-01
3.987894808434119254e-01
-2.818843112757545843e-01
3.541739667818508130e-01
3.328142488143949196e-01
2.473847426781048131e-01
-1.751597036130336238e-01
4.798778442379457165e-01
-4.342103623325368478e-01
-2.124685445142438511e-01
-2.064089651474367848e-01
1.012896224968736769e-01
1.749996043543954327e-01
6.180654761439015321e-02
-5.689103375486389419e-02
2.609281496185950067e-01
5.319275173420840996e-01
4.902339093506082879e-01
-2.429096768341948986e-01
-2.441758770466747330e-01
-2.597877833600019115e-01
-3.755926431945285637e-01
-3.180830023449152111e-01
1.911244721626568777e-01
1.800251947639460171e-01
4.030640593000518468e-01
-4.637426588551414319e-01
4.819475990104919449e-01
-2.935281235794203192e-01
2.595569714019487773e-01
-2.252626546383230399e-01
-4.430356980915421961e-01
2.042529436365642104e-01
-2.419818860788999770e-01
-1.830843643907802409e-01
4.176244137362415398e-01
-1.301826405201900183e-01
5.073170356198318798e-01
-4.900021002112687207e-01
1.451761608305848772e-01
-1.096371412349100988e-01
-5.453239356894411527e-01
7.203632982718566335e-02
-4.620743972034333513e-01
3.279082445328746626e-02
1.467373692076535396e-01
-3.775574541925929423e-02
5.707852943570213000e-01
-1.697606196821009883e-01
-1.470959121512694645e-01
-3.002178277472015155e-01
-6.378292232656732619e-01
-3.496138461869650049e-01
-7.094647020251859670e-02
-3.066475278831068407e-01
6.692691610039107619e-01
2.089429584419778552e-01
-3.243486930983791039e-01
-4.640525536833210452e-01
-1.553611795912011873e-01
-2.544351515869753277e-01
1.032360723144764431e-02
-4.585562763220193405e-01
1.568807677056693606e-01
-1.934915483730867969e-01
3.322562919656557034e-01
-1.799060202936320629e-01
9.763684553938591082e-03
-2.354734013813161997e-01
-1.277498499248468367e-01
-4.005023954474188352e-01
2.950682592887901579e-02
-2.286173366459251788e-01
-1.828368074700933432e-01
4.467550728494469880e-01
-1.618602073695267207e-01
2.509049255245573984e-01
1.777783060875412491e-01
-3.172081416581838953e-01
3.432289979095476395e-01
-5.528322659645698023e-01
2.217874164209818200e-01
-8.550726857587034879e-02
-3.960246750476725253e-01
-5.101995694504448675e-01
-6.163113450901681889e-02
-5.332402936412190542e-01
-1.849528199626181424e-01
1.017867918944952710e-01
-7.585657409112513960e-01
-1.750722815334242732e-01
-4.571148033434271341e-01
3.282092220263326254e-01
-6.483029550298344823e-01
2.136522180812819860e-01
4.779319557350701908e-01
-1.447545200708841850e-01
3.926824229311655090e-01
6.865677939621570580e-01
-2.617219104686602238e-01
5.827045086224214021e-01
1.262886516152679772e-01
4.047760087710990939e-01
4.728527115692222615e-01
5.731392175360814356e-01
-1.711387878663179207e-01
7.130225949997619495e-01
7.679355940418731985e-02
1.490111773415047636e-01
-3.558260232260516270e-02
1.830622179347829726e-01
8.041865575180247652e-03
3.410328527885855276e-01
3.434963376589786899e-01
1.048016249835815872e-01
2.460200075991574864e-01
8.901612277982010046e-02
-2.409949599177680646e-01
6.038370431836030949e-01
-5.302643697510249776e-01
6.202060376728345537e-01
4.322504815745581430e-01
-2.378449846114470967e-01
-2.176683613660836125e-02
-6.758985423563703687e-01
-6.619632300137161529e-01
-1.621212491896243391e-01
3.481352253016583020e-01
1.914894476568383408e-01
-5.093728908233689789e-02
9.891410259826220741e-02
-3.027743787997536629e-01
2.890861937316729358e-01
8.840423665622590410e-02
-3.683318788499985730e-01
-1.191676162465739319e-01
-2.206290504552319010e-01
6.211689740017920514e-01
-3.154769511870124110e-01
6.561238477822656234e-01
4.913572049578583956e-01
-3.526490505806420539e-01
5.014518864414708732e-01
2.057661957339185499e-01
-4.403832990959005711e-02
-3.166850101932529582e-01
6.067604442689928934e-01
3.045541479580753386e-01
2.797529297845711138e-01
-7.474762082580560518e-02
-4.949905589788449189e-01
5.073985594032793811e-01
2.300933097830334118e-01
2.859562588982064169e-01
3.417438264498706135e-01
1.560421159929063772e-01
-4.248008030855238149e-01
-7.234361676148351461e-02
-2.949834252762976311e-02
5.554780681479246779e-02
1.002479838355894992e-01
1.382028194584152825e-01
5.131484858124292225e-01
-3.330048370309928174e-01
-8.371902532579934830e-02
-6.808305175109539142e-01
4.583976362113836300e-01
1.922855666871647884e-01
6.442424582757398654e-02
4.356691625434115367e-01
4.356472169235092173e-01
-1.007058583234266280e-01
-6.504237306351401404e-01
-2.209147863850580151e-01
2.655126453137551246e-01
4.199346732006607463e-01
-1.351417558350623827e-01
-2.847664811920372352e-01
-3.468796883266449527e-01
-2.856224203136277784e-01
-2.148743627067545292e-01
1.977408912046537404e-01
-2.875523623354851455e-01
3.420710862407326802e-01
-5.755211932309680645e-01
-2.267806208944453394e-01
-3.114972086390229711e-01
-2.240569234590181202e-02
-1.394667090442774371e-01
2.120598147641116205e-01
-5.162615830234746905e-01
-1.846480385524972290e-01
-3.931234026736445952e-01
2.792867134256018374e-02
-4.487050394868258851e-01
7.765442116337401002e-01
1.865095411110139489e-01
-3.784282485770135152e-01
9.903076475281505364e-02
-5.708449068526192383e-01
1.514263189268949816e-01
7.305167638973703026e-02
3.353281589970991128e-01
-2.200510890488642235e-01
-5.190421525844166606e-01
3.943107440120780516e-01
-3.318607699025633573e-01
3.524292314315448094e-01
-1.165211388905365852e-01
-2.330188183577178995e-01
2.649835679300535096e-01
4.833671663774373461e-02
-2.332595822406169361e-02
-1.022207190983897979e-01
-1.346643188707248584e-01
4.836058111369424817e-02
-1.624731731896526532e-01
-1.680651643249747029e-01
-4.200586101882495815e-01
1.052589827409224632e-01
4.886354119985717448e-01
-5.848541626357703915e-01
-2.954297808583312146e-01
7.830022472747652507e-02
-5.959842824217966850e-01
-1.952564554260237673e-01
-6.211722612830598012e-01
-2.123843351751006359e-02
-3.213734088985607529e-01
-3.740074139241547635e-01
1.806864582410135367e-01
3.482552621243548696e-01
-7.402400155351494815e-02
4.831390108339316813e-01
-4.872633714275161343e-01
4.211888943972340316e-02
4.606673964854649528e-01
5.681725875600547315e-01
-1.698174256086461276e-01
1.412260243533635107e-01
-8.097945965366142307e-01
-2.483399765729434328e-01
-4.256860547761729952e-01
-5.635070372509305425e-01
4.683025355432643422e-01
-3.329706306789432246e-01
3.682778934387830327e-01
3.808379752798802254e-01
2.181903921315541395e-01
-1.886381298798509298e-01
-2.110600497606359427e-01
-5.375317248226118005e-01
-2.721989718023186677e-01
-3.299695118463219501e-01
1.820306638943018640e-01
-4.225839721067583543e-01
-3.642343651663509374e-01
-4.584995086757953087e-01
2.321751727425420131e-01
-1.170975446739294934e-01
-4.825572778583039346e-01
1.988281321807625623e-01
4.397677117534180558e-01
2.961736609706812073e-01
1.701536069539062446e-01
5.754263372305818969e-01
1.060462988182186705e-01
-1.804258971536801814e-01
5.934192531282633798e-01
6.388331660881554908e-02
5.445709847508806156e-02
-5.851587051279895091e-01
4.607215684648420795e-01
1.166582483921872054e-01
2.688017557852861450e-01
1.956923522958473743e-02
3.246923488168705907e-01
3.395883883845081108e-01
8.439439393970790682e-02
3.431256675620039664e-03
-2.266877012177802297e-02
2.210857926702189946e-01
-1.273199548052307284e-01
4.301765080133110875e-01
-5.172944260396148408e-01
3.571377965378654262e-01
-2.596922936494975853e-01
1.958697694690282043e-01
4.410574061004947644e-01
-1.302239547899566863e-01
-4.112005184594978713e-02
-3.335111979512782043e-01
-4.242654466858147844e-01
1.446515090667049031e-01
-8.910909426040929115e-02
2.830915827108026334e-02
-1.298026369678388914e-01
-1.280628790988099786e-01
-2.602884028613670075e-01
-4.090818607854999622e-01
-6.756399366851673083e-02
-4.065277657985840176e-01
2.771614137599931818e-02
5.463180152188853445e-01
1.937909283492425250e-01
5.838441284647981622e-01
1.358608308035475221e-01
3.814584592020617282e-01
5.611410519746173886e-01
8.860668665839327440e-02
5.127847805772380863e-01
-2.975027605772922468e-01
6.012155922356773319e-01
3.555722220001876765e-01
3.609245038514161674e-01
-1.331324777005248212e-02
4.031705874712234738e-01
8.057054661249212629e-03
1.869508513160424157e-01
-3.089704768741066143e-01
-1.793336456063732431e-01
9.691171249677452137e-02
7.574934838983691729e-03
1.194954060234074827e-01
1.330480590400158480e-02
3.482563527219494914e-01
5.154348024333814671e-01
-4.002782371435554820e-01
-2.983164826656297675e-01
2.401728481600436393e-01
1.072447542845581664e-01
-4.201056525030683053e-01
-5.481620931599284763e-01
6.756656832931870471e-02
-3.067295862986144095e-02
-7.741511877823069321e-02
2.322404907904427884e-01
-2.131357578353749171e-01
-4.719616002506397123e-01
-4.009447352508028750e-01
-1.168819370746814329e-01
-2.915201338313896384e-01
-4.625965410184820770e-02
1.837037567745114161e-02
3.306928313818667531e-02
8.715968803998494496e-02
-3.386674128847457221e-01
4.789919451908746795e-01
1.835500297707562123e-01
1.449785854481009661e-01
3.316016607610033917e-01
-3.142301795646599838e-01
-4.431031782679166753e-01
4.900919238198009897e-01
3.392135461782559425e-01
-1.216987847769649411e-01
3.436807919406147938e-01
2.709727431321590774e-01
9.895483900086228524e-02
-2.979211233017198257e-01
4.707597439364865632e-01
3.720419532466017754e-01
2.816596228305006666e-01
-1.610168363643848799e-01
-7.177071362686207601e-03
1.854654663642582302e-01
2.917198782362047660e-01
1.194426058208199748e-01
-3.474247603581873123e-01
-2.389758340788503410e-01
-4.844360127830545926e-01
-1.103648074766925419e-01
-1.722379271540485368e-01
3.567680778500834093e-01
-3.727930495580480397e-01
-4.206792595188847406e-01
-1.273641561900115959e-01
5.417113830857358536e-01
-4.459679371310057601e-03
-6.088551995681542595e-01
-2.424579125613123276e-01
1.013734269056954795e-01
-4.349401630710658107e-01
-6.955992499024600539e-02
4.299405672450092308e-01
7.435041305261321301e-03
3.233960516572762511e-01
-2.735047457613616340e-01
2.020987917222432928e-01
-1.605102151064059790e-01
-3.225070856258892005e-01
-1.255739263224853464e-01
-3.957839788092621935e-01
-1.724610322437808152e-01
4.700302932069309048e-01
-3.519129011703016063e-01
3.888572301584851398e-02
1.107328434707715442e-01
4.876040974390947746e-01
-2.952156973462632394e-01
2.360729613030300086e-02
2.043124129066678507e-01
2.285032030714178874e-01
2.649913476736208695e-01
6.515486100725920160e-01
6.172585333466609203e-01
-5.924061460103755561e-01
-1.810039509174831696e-01
-2.051912131283001317e-01
-3.006142745307498476e-01
-1.929194152097991610e-01
5.233523141287069746e-01
-1.080533312231381354e-01
-1.942368610584150890e-01
2.671702313665986761e-01
5.197409321109008884e-01
-4.479892774535392808e-01
7.737165380350394250e-02
1.642853863144066728e-01
1.145335571407516406e-01
1.072527383579661431e-01
-1.824591158081683151e-01
-9.014824290500363102e-02
-8.573437807763109597e-02
-2.168119617776085029e-01
-3.115789487247721534e-01
-1.856270572130335472e-01
-7.450508006020480078e-02
-1.042531550501246407e-01
-4.144627024592109632e-01
5.692583418832353193e-01
1.465102141124311613e-02
2.102581790989891397e-01
1.703709869313080327e-01
-2.569265585497348958e-01
-2.019331135667050414e-01
1.283673701471129136e-01
-8.427333658897709356e-02
-5.570293976707942768e-02
-1.705236091003355381e-01
1.117617307203786110e-02
-2.916828994329825897e-01
9.106698540428477540e-02
-3.504009135836825273e-01
-8.208927162140925438e-01
2.905014200650359382e-02
-2.627476358172814441e-01
8.396488020657610907e-02
-4.163609456184923507e-01
-3.511402311740902116e-01
4.795141968423214385e-01
8.930838057851473583e-03
3.305316902478055985e-01
-1.779973521107674483e-01
-4.327084642252950752e-01
-5.322462323594281952e-02
-2.591605685393095770e-01
1.688726431167915099e-01
4.528962625399960418e-01
-3.312952504684475441e-01
4.576432642150638497e-01
-5.422639516450341590e-01
4.261790229220151494e-01
-2.677074568432728091e-02
1.967147957408013625e-01
-3.512536656213575692e-01
8.586446841573618094e-02
-2.957880570276829602e-01
3.311859265077328474e-02
5.947362240203935002e-01
-4.053436324610113495e-01
1.342002623979096816e-02
-1.490127692113387969e-01
6.553785757655189448e-02
-5.138235599985320201e-01
1.518126432516000712e-01
1.883670898768690649e-01
9.023026923048216297e-02
2.241025378589091843e-01
3.388430634318893020e-01
-1.672317304525044457e-01
-2.577361070031096157e-01
9.761585179845132243e-02
5.566378885180587321e-01
-7.041770859604133959e-01
2.136097827260628398e-02
-4.808740661277977058e-01
3.236934946086586495e-01
-6.450173706656481265e-01
4.251872637518493425e-01
-3.383448087760210221e-01
-3.150054297676383452e-01
-1.475746425789040139e-01
4.128119652113843574e-01
1.464413873317437775e-01
-1.840910852848039458e-01
-1.870240365285804895e-01
6.125176348678199600e-01
2.124835017106733170e-01
6.000636566627488566e-01
-2.754552219972165039e-01
-4.237652100258717386e-02
-4.415659075806321887e-01
-9.701969313721070520e-02
5.355327759446325969e-02
-4.246737428120603980e-02
-2.626703528986521485e-01
-1.800745444649377858e-01
-4.526432516180692311e-01
-4.953856771695123173e-01
3.243845237124854952e-01
-6.416961004580279404e-02
-4.189551831950602545e-01
-4.353708504820468644e-02
-5.926060159037948027e-01
-1.054253075781598770e-01
-3.245243958417678987e-01
-2.954348029194998199e-02
6.627169612414596234e-01
7.942568119114762348e-02
-2.657245136756926640e-01
-1.217378673581496346e-01
9.143733799685692387e-02
5.769576460840165899e-02
3.269449660052659891e-03
-1.335944294699567547e-01
5.059462513324457233e-02
-2.872431444250553856e-01
-1.527972462672091691e-01
-5.898245243854315367e-01
5.141806899446469403e-01
-1.758633355753354555e-01
4.055324280064897535e-01
-2.386966011890231942e-01
2.445530237009312362e-03
1.271770953002595572e-01
-3.134027090805418525e-01
8.190391924949438213e-03
1.252387884795876268e-02
1.780144022903189516e-01
-1.026030305613519628e-01
-1.055812058835538803e-01
-3.441160680417028050e-01
-1.463389914117451951e-01
9.492969831982816381e-03
-2.199010013772140226e-01
5.470783492432775008e-03
3.261967838109882667e-01
3.811569787177894186e-01
-3.205047081361953043e-01
-2.570937010952676349e-01
-1.756374640600720238e-01
-3.096785720248352303e-01
2.906309845984536566e-01
-1.506794242472345446e-01
-1.146627562810378642e-01
5.022701481753999442e-01
1.684970958531336604e-01
-2.139850461706576668e-01
-1.498487352088257452e-01
2.043221423740933587e-02
1.651513731842047528e-01
-4.842338199899110657e-02
2.058350871800736503e-01
-1.065786627225865507e-01
-2.563845402320385491e-01
-4.627545846135611707e-01
-3.714847125762776314e-01
-3.081185271618329669e-01
5.735509916820814569e-01
8.992578143785170822e-04
-1.841709848405047589e-01
-6.118245597819078618e-01
-1.599050356308745480e-01
4.178993198441657148e-02
-2.241892147242266486e-01
-6.723172533802168616e-02
-3.475933080120893193e-01
4.069738633491049029e-02
5.330004076217914610e-01
2.754883531222728221e-01
-3.212445946593497914e-01
-3.056767997299955075e-01
4.175185895808227188e-01
1.388855580891708574e-01
2.034221096643213378e-01
-1.408300113708848000e-01
6.859898684572203476e-02
5.638116832755706020e-02
6.872070576077997373e-02
-1.601266281401451108e-01
-5.351543098505306267e-02
5.194669152378258437e-01
-6.082874628432987096e-01
-2.651047700303732491e-01
5.158661206579517877e-01
-2.806821194366550531e-01
-2.709430904948754160e-01
-2.083658858416720661e-01
1.655142756694588102e-01
-1.987086623154584175e-01
-3.667844037577562277e-01
-3.811795577206337216e-01
4.767543208349497852e-01
5.133549209820746917e-01
-1.165968158365264344e-02
-1.916263639901654436e-01
-2.373976314270550836e-01
2.789367388612564724e-01
1.633029256311844812e-01
2.837306451980798339e-01
-2.323019940131981209e-01
5.493100640246147137e-02
-4.730138596537770135e-01
2.939819735158553660e-01
-4.958815398280291831e-01
6.284103511993395230e-01
-8.550210931144529292e-02
1.285095807832397907e-01
-5.212307680016450284e-01
-1.564808365753190406e-02
-1.686590143008080966e-01
3.008726243827769542e-01
-2.585164862516421413e-01
-4.136723285814449813e-01
6.341298912976243984e-02
-4.960845409871032091e-02
4.286801819100374278e-01
1.268199952222036353e-01
-1.848733385018892228e-01
-3.230971590162445284e-01
2.779256149009292631e-01
-2.397856914495678504e-01
4.366239437402619217e-01
-8.487896475905981619e-02
-2.743264332181339915e-01
2.181272448724388135e-01
-2.873275395740303439e-01
5.308273242357992860e-02
-3.944461837517720948e-01
1.474822312504213140e-01
1.731295389210668056e-01
3.965501113422998380e-01
5.357118642987503954e-01
-3.868630463445880685e-01
2.940472004744759324e-02
1.317822391495055145e-01
-4.959655309703622783e-02
-6.215137802775907994e-02
2.752576362237493801e-01
-2.459554938083647335e-01
1.373772476077652904e-01
2.419048782576577183e-01
-1.778224627525195611e-01
2.496715082889048865e-01
5.766559471101093681e-01
-4.486911580008059452e-01
1.434745520285606590e-01
4.128407963604647235e-01
6.490912659525284803e-03
3.817275070900172373e-01
4.098939721440525430e-01
6.648579235198812665e-01
-1.549564861274072280e-01
-4.436836549744458402e-01
-8.370180240744612421e-01
1.097766750787358553e-01
1.970215752233305528e-01
-4.998788632815647226e-01
2.103803824341628492e-01
-5.074970429390670557e-01
-4.662669963049240751e-01
-1.494614315079168532e-01
2.190533647671089046e-01
6.383502638519569228e-01
5.830291623375170873e-02
5.198540974776078016e-02
5.378386571244648806e-01
-8.600152510946898476e-02
1.254764757084811111e-01
-1.160823521021765725e-01
-2.739830663108432374e-01
2.337404869127752138e-01
5.760021133338306676e-01
-7.271203030529933831e-02
4.650053175588196863e-01
-6.916743860085955431e-01
3.480253612749419773e-02
3.710410294320492519e-01
7.367405217101634374e-02
5.610489604776500716e-01
3.122693530233120462e-01
3.850912750404542617e-01
3.730731471348753270e-01
-5.820012214664416206e-01
1.102946887124302416e-01
-3.292315641721435537e-01
-6.611498869622913777e-01
1.312694930675389893e-01
3.339842039373669413e-01
1.566953446201949096e-01
-2.014371698729401639e-01
-7.564323656957773478e-02
4.798695376469338525e-01
-5.023442789336566294e-01
-2.070761771296109610e-01
2.003045599505014207e-02
-3.781070075166128447e-02
1.893550777138584273e-01
3.853200246249083305e-01
-2.823332847678505526e-03
4.827621744659297831e-01
3.468977111523371404e-01
-7.016539006714178628e-01
-5.227517180444692935e-01
1.197213157206642592e-01
-1.562959291273720019e-01
-3.763426521323656737e-02
-4.029769229627050420e-01
-5.548206958624823937e-01
-1.542513451119075993e-02
-3.416307710861639091e-01
6.094656116601239459e-02
-4.815040701907048470e-01
5.905790815288404216e-01
-2.376200149874813095e-01
5.119814885603111154e-01
4.249732663797640142e-01
-7.559493604072428652e-02
-2.298977368510201139e-02
-3.327277188121730012e-01
-2.361860565758610309e-01
1.611062378758741087e-01
-5.252962224209510589e-02
4.840297645730659570e-02
3.867874908657512045e-02
-2.543384583502611429e-01
-1.691918100345827514e-01
6.054366401864408331e-01
-1.533258358820840661e-01
-7.927830743870748712e-04
-1.753346558078866801e-01
-8.325293432295448673e-03
4.159142181221172629e-01
-4.216969260256584473e-01
8.527772988309773039e-02
2.392679572008740707e-02
-4.024223545250574796e-01
-1.689384790458894059e-01
-6.857736575080221053e-01
2.870110079897150168e-01
2.875912605485698471e-03
2.806886302419103196e-01
-1.479936268900913787e-01
-4.855130458395500170e-01
2.736324039715557488e-01
-2.169208559083544152e-01
2.363684721051071691e-01
5.802470937766425196e-01
3.452142246361307176e-01
-5.457026201039750363e-02
-5.500761189147203301e-02
-7.642819164703198442e-01
2.409293560368060416e-01
-2.668818108368240516e-01
2.956894100062294750e-02
-2.992822264077318883e-01
2.721885083523799542e-01
-1.052178896471436254e-01
5.776847685063020155e-01
8.346057465864344105e-02
5.688587153212160130e-01
1.893985605391414473e-01
-8.927752264575867791e-01
-1.956114999297831059e-01
-2.348735054783231968e-01
5.664507059070535838e-03
4.400301597655761898e-02
3.392383469400662710e-01
1.034437196868912834e-01
-5.938719859871928186e-01
-1.326609784844898776e-01
-3.347116880998237676e-01
5.546352749454204201e-01
4.492911043361444423e-02
-3.099325926930658892e-01
-1.325418355774168611e-01
1.624198808588720733e-01
1.713085334887078925e-01
-6.220862586153355078e-01
1.110974531931253548e-02
2.784725732365623263e-01
3.229999120739675544e-01
-6.713562689427376995e-02
5.432401157419538412e-02
2.801657429605691196e-01
1.060706652341240619e-01
7.469028158951487306e-01
4.792908744520430475e-01
-3.993849320073451503e-01
2.673267415964503124e-01
-3.145138953840434515e-01
-5.097838026517136356e-01
6.228846458909099715e-01
-1.244676215020046189e-01
5.733096104108984653e-02
5.129754737111082152e-02
5.369336711202883361e-01
-2.792700822743369171e-01
-5.066164860744118981e-01
-3.137161136347815793e-02
-4.146139764913325809e-01
-7.984564643942225481e-03
-6.368752061878002468e-02
6.302621054810699786e-01
-3.344547588123514270e-02
-3.236651505504042348e-01
4.753175231731088801e-01
-2.849777798200540113e-01
-2.588678205285590006e-01
-5.345795971770370691e-01
5.388442881222690189e-02
-1.917853500947805656e-01
3.446660792009810237e-01
1.568285386870004183e-01
-1.286347147506959887e-01
-3.270733546611112597e-02
4.184225422039221653e-01
-1.900934858671900207e-01
-3.159892211968825526e-01
2.190101311404285822e-01
2.671057877927075497e-01
-9.416129625367310185e-02
4.066852073258147571e-01
5.065272578600138464e-01
-1.600511214306816754e-01
-2.857292118461283725e-01
6.481550418368664523e-02
-2.564446949164559397e-01
6.694340926983439743e-01
4.309282688962602359e-01
-6.102381542793531288e-01
-1.405148999694104117e-01
2.697613675659468191e-01
-6.749053553842712661e-02
1.527200252591789376e-01
1.714884642508979207e-01
-8.969828222159410835e-02
-3.335415132169361474e-01
-3.375157585791161430e-01
2.520984856446180644e-01
-5.549239381759974582e-02
4.800636848555444036e-01
7.119267624372703496e-02
-4.078416700523018190e-01
-1.119169957690426681e-01
2.732647794031806687e-01
-1.697311060163938234e-01
3.662724982039420318e-01
1.251791739070705900e-01
-3.596618453127152781e-01
-3.789841808854766958e-01
6.812082701469708290e-01
-2.623258331005715038e-01
2.966726378489322261e-02
-2.792827729325064179e-01
5.078921007984262687e-02
1.523545874841438497e-01
-6.575020591273659371e-03
4.015188936208757831e-01
2.395381008973007098e-01
-5.866678473956169620e-02
1.579042822659933454e-01
-1.409039867296101867e-01
-2.314139547479172609e-01
-7.346028500866255695e-02
-2.320465737065209588e-01
2.013552695145442994e-01
-6.266087023219342189e-01
-1.873421360892140244e-02
-8.265025817434810962e-02
2.325308897451416890e-03
3.228790293620407703e-01
1.011214492270796073e-01
9.473574805166976032e-02
-3.272497312396350777e-01
-3.688387748341950267e-01
-7.721040055639839805e-02
5.299825280607549649e-01
-2.995033034861518395e-01
3.395265135393556455e-01
-1.706207503492523578e-02
-1.980991038557964878e-01
4.039649364753192251e-01
-4.338595602809430241e-01
5.983403071167268938e-02
-3.935736321317047093e-01
1.401796649505461789e-01
6.078697699849544556e-01
-6.782952717923449448e-01
-1.223436802073942509e-01
-9.150728728028340031e-02
-1.727161243598196727e-01
-3.428285206231167503e-01
4.330292579640495632e-01
5.814008592728935748e-02
3.439868441040697666e-01
-4.355551584123956710e-01
3.895631381196425491e-01
-3.744342696095544487e-01
9.022042446928997539e-02
-1.560202243217483908e-01
-7.883638033843237691e-02
2.645537982472923044e-01
-6.982736002438544309e-02
-9.878777373314573396e-02
-5.354465442541316011e-02
2.441124449826340137e-01
-2.528623100663077161e-01
-1.507631010095593083e-01
-1.280259925337377536e-01
1.455792427736029848e-01
4.938923701222383000e-01
6.361765982791708907e-02
3.140840873626734031e-01
4.372059865373618959e-02
3.394113223863863826e-01
5.338539947783576406e-02
-5.224850821142750235e-01
-2.271776261708042255e-01
-4.376266316314281202e-01
-3.854124234316757408e-02
2.527357089819492336e-02
1.185665921990286115e-01
2.701053530116602763e-01
7.863656129312572574e-02
1.155664460163277063e-01
-2.704744932391955348e-01
-4.460113939953177509e-01
-2.513858678629678819e-03
-1.104931988518629768e-02
3.887199437745148534e-01
-6.099978262534815343e-01
-3.151345832522753354e-01
3.492233593478505926e-01
1.840337821320456313e-02
-1.038800211966023901e-01
-3.480594763487373511e-01
-1.414859444933009858e-01
3.757604953209219278e-01
1.507365223001552734e-01
-2.877315315056223621e-01
-2.712583823383766246e-01
5.844992622939245708e-01
-1.150377824841558455e-01
-1.486925417550316597e-01
-3.907904546881471597e-01
-2.698451157755604179e-01
2.198708601521706663e-01
-3.164479055257455320e-01
-3.909663993860788000e-01
-2.515927914405410859e-01
2.808689316905919053e-01
9.519447772804261187e-02
-2.241511292801868227e-01
3.271350423043045685e-01
-3.587471188901949493e-01
4.050614537502206236e-01
2.457886357291767798e-01
-1.467213149064026390e-01
-1.841275600815681091e-01
2.268085474263626944e-01
1.014887665572545006e-01
-2.115039644355869164e-02
3.518023975303439244e-01
-4.292196631450366506e-02
3.960436784068545324e-02
4.524459331854391309e-02
2.330264425725808997e-01
-1.455990788512971368e-01
1.932615185071749064e-01
1.564054705230948361e-01
2.999252366207455500e-01
-1.072681031938123863e-01
-2.863358378873559484e-01
-5.915474545502771853e-02
5.985351237856001427e-01
4.384269269849564582e-02
2.638490649066919103e-01
-4.855047382543821455e-02
-3.586620249953467177e-01
-2.716842234167775594e-01
-1.400052658038543341e-01
3.484678633230505751e-01
1.410633824343697842e-02
3.972051507897264577e-01
1.549756502830748894e-01
1.006547239897129936e-01
-3.338033335161607051e-01
-3.831700194332823273e-01
-9.312451369022561876e-02
9.905540147601762935e-02
-2.019776533610811164e-01
2.606834450924416791e-01
-4.508400326181962736e-01
-4.082919474547869743e-01
-1.857884823950172598e-02
5.080056154797633894e-02
-5.187136098932055850e-01
9.446752571872651938e-02
3.507036245227269644e-01
4.952171644034453202e-01
-2.079228393472378755e-01
1.632499095018275503e-01
-3.616854128160421067e-01
-7.079491060248765955e-02
3.833351566990438331e-01
4.176469831947348110e-01
2.666277608848543479e-01
4.016638714750807304e-02
-2.110631743945236005e-01
1.652366628464905229e-01
1.098798200271343117e-01
-1.847368620195765643e-01
-5.496433237716848996e-01
4.188541518123664043e-01
-5.154021548522341734e-01
-7.246124356008587508e-02
-2.164104958129390299e-01
9.677009632979093057e-02
3.006430389159638894e-01
9.212485684102152128e-02
-2.151087153663950036e-01
-4.073478193073912235e-01
-2.243930897081496123e-02
-5.756434804124576088e-01
4.122691601203814366e-02
3.946171487650990128e-01
1.986668324482489534e-01
1.355716432051987386e-01
-3.865591767321047700e-01
1.833076592410450567e-01
2.713093419457030531e-01
6.678554254426330439e-02
1.486065095485865351e-01
-3.485620437068940453e-02
5.103588749560532961e-02
-5.977011450694320882e-02
3.918402752078649076e-01
-4.540994344721650117e-03
1.600132865097960155e-01
-1.531352238490584772e-01
-5.902528971442490974e-02
5.631170021824559724e-01
-2.903887629718301389e-01
-2.879642711437164770e-01
9.265192105191377703e-02
-1.835449496442450590e-01
-1.562253606255901150e-01
-7.671897280339168290e-02
1.818009229099284418e-01
-1.174166038436928877e-01
-4.046740014306035582e-02
-1.219253263387357344e-01
1.081655871840350447e-01
-4.213960960155058166e-01
6.780441803234761589e-02
2.898268724804074770e-02
-6.932125173516846817e-02
-4.042860245715551026e-01
-3.758931697114447634e-01
-2.689408407145024715e-01
-1.128128938664528236e-01
1.632297025154462178e-01
-1.541337474465540591e-01
-2.854606397894259295e-01
-3.804832429264852767e-01
9.666224975662282559e-02
-1.279527156735588145e-01
-3.962494708696694956e-01
8.596327954877414079e-02
-2.676605338604507445e-01
-2.169903707023082828e-01
-2.595353548582100545e-01
2.701111192652447812e-01
-8.780970525317000064e-01
5.785573498076005405e-01
1.413733231466033635e-01
1.372133941508739130e-01
1.670759966007591135e-01
3.011308896764781640e-01
1.498607463039323962e-01
1.384779910240532264e-01
-7.767436331371523929e-03
3.638270543951075964e-01
-2.237538869300465805e-01
7.958130653581864389e-02
2.095309866169839663e-01
2.836335259590439528e-01
-3.611419912781146935e-01
6.979982083432924034e-01
-2.350253929409631126e-01
9.045716716161325555e-02
1.925001823490768427e-01
2.789926143775515732e-01
5.803582705508539274e-02
-4.832741200272971938e-02
-3.770161134079338394e-01
4.530880784751433188e-01
5.390247435137196508e-01
5.948646418568905858e-01
-5.519206376978245260e-02
-1.495007714671057752e-01
-1.635166473754708083e-01
-3.061812473365108644e-01
-3.602360958857649953e-01
-5.373967006248243639e-01
-2.685517985412493869e-01
1.406480601809700082e-01
3.543544866266774562e-01
-3.719267734052416619e-01
-2.934077251943659204e-01
8.190612425539151031e-02
3.507528673164499455e-01
3.400405565962989485e-01
-5.979042839057805564e-02
-1.538952626829491466e-01
-3.009767611459037706e-01
1.095149795083251859e-01
-3.285882225419056724e-01
3.490677204735986305e-01
-4.826821428141262471e-01
3.452577851835029743e-01
-2.472746364292447985e-01
2.246684128732813202e-01
1.536976078913536159e-01
5.631585987117452285e-01
1.894573143622801242e-02
-2.276281477030823175e-01
-7.769313182916737226e-02
8.294773423756847397e-02
-1.426780466355195842e-01
-4.575715657584623619e-01
-3.185910472475821931e-01
-2.691187546808470055e-01
-8.931717508389072635e-02
-3.561691591805327822e-02
-4.352234565819143031e-01
1.908603734229103455e-01
-7.487747721217538274e-03
-3.340294429967572976e-01
-1.980633541337990799e-02
3.284915068470978250e-01
4.369924775282128526e-01
-1.104977966823130105e-02
-9.521994472728462222e-02
1.064450540181595684e-01
4.721850281775130664e-01
3.527902368001981648e-01
3.833993750810243267e-02
4.379391412996712085e-01
-4.399115232339446679e-01
-1.047425277149840739e-01
-1.035717220638457947e-01
-9.993859533447954635e-02
1.174895427462156750e-01
3.459991817493344168e-01
-4.147777025964334841e-01
-3.897028017927800514e-02
-6.198220901893015250e-02
-2.566544225526217193e-01
-8.326853640307423088e-02
1.628060088840159458e-01
3.406341412846100036e-01
-1.496195991450855189e-01
6.300808687509794614e-01
3.290223325108577179e-01
2.308911894142488264e-01
-9.451424310990298727e-02
-6.652794635705867599e-01
1.281356367282924791e-01
2.335299550474637664e-01
-6.362421898364889472e-02
-3.168035403867591193e-01
-5.646233955754735856e-01
-2.871701028582618886e-01
-1.421987476802723249e-01
-8.479886589199245317e-02
2.268414096036716621e-01
-2.607487002227643069e-01
-5.701698646694051131e-01
-4.652588276009725909e-01
-5.297378989046566122e-01
-3.285086233034364978e-01
-2.038607798168720064e-01
-3.856568982719532634e-01
3.544134388335068442e-01
-4.379980034784731746e-01
6.311319167803509655e-01
-5.184789214708660499e-01
-1.793577665039822883e-02
1.729416617697414060e-01
3.611228660582543881e-01
-2.709332678039425013e-01
6.656707805697775759e-02
-1.453514848283682659e-01
1.253505228677804229e-01
2.989586006270280039e-01
7.688617219364728139e-02
2.392734765541545405e-01
-2.024902018361272003e-03
-2.775721088058998309e-01
1.606957248105810032e-01
1.557846030936291815e-01
-3.851439333857935021e-01
-1.476074400223014171e-01
-2.633633807254168735e-01
4.415226731663912663e-02
-4.369006724596321001e-01
-2.452478658267689959e-01
1.292113104889890951e-01
5.358001261922658021e-01
-3.274696269914161295e-01
-4.954309805143879974e-01
-3.436293087567857119e-01
4.777936173602451153e-01
3.303164600934442585e-02
2.325296329675852203e-01
3.318631521878631085e-01
2.197302293060582890e-01
1.466194949343309697e-02
-1.314463460061445210e-01
-4.618535997701005424e-01
3.876109430667528111e-01
-2.796177613785421068e-01
3.095779000559825134e-01
5.574719457677719536e-02
4.515173203247923595e-01
-2.717415863368385920e-01
-2.373046047229940281e-01
-3.581418820552451643e-01
5.223425570397691731e-01
-2.932611688615604506e-01
4.767451862816290409e-01
9.558120191095390017e-02
-1.489106318502980975e-01
1.779348010842430943e-03
6.230825824384830791e-02
-3.875214199705616647e-01
2.536153987444517699e-01
1.720418875251432111e-01
-1.043551489896332035e-01
-1.424985524755555399e-01
-1.956534177372753203e-01
-4.896623650832043206e-01
9.389253338962515183e-02
-2.200271205461836188e-01
1.378368556938403822e-01
3.209327837072218914e-01
-4.344465933713467232e-01
1.028806083959037387e-01
-2.009675568286760083e-01
-6.211752347672714336e-01
-5.182609160799630521e-01
4.867426281560999213e-01
2.238436763867195367e-01
2.587298788278988293e-01
-3.928125016869884467e-01
4.851610351551537414e-01
-5.715822628267991368e-01
-8.592284548564906033e-02
-7.063484472235335154e-01
3.036103533396053988e-01
-1.445461171132709222e-01
1.800670807179972077e-01
2.791705993041313505e-01
-2.105415922332472545e-01
-6.146536431035949377e-01
-5.135617830933081329e-01
1.059413378087570162e-01
-3.404351966703007548e-01
7.135269748542075186e-02
4.819493541767480016e-01
-2.288237229247409577e-01
1.872620354733098014e-01
2.515218193410814207e-01
-4.207170296970846879e-01
5.755960115140013045e-01
1.396111342776271136e-01
-1.680525652886838694e-01
-1.285904164990334456e-02
3.648977513203799927e-01
2.511715005000105250e-01
-1.662932224053677022e-01
-7.920909840172303540e-02
-4.551374837134669615e-01
2.909360580186164946e-01
4.487084787252803436e-02
-5.593385236991014198e-01
4.082071153332723634e-01
4.936140363461707925e-02
2.608833732271650385e-01
1.363787375861435502e-01
2.248588429216393791e-01
-4.752401240044791253e-01
6.494676877104085255e-01
-1.897323857031768535e-01
2.064029423037470612e-01
-2.582443713286519671e-01
-4.028632563593217419e-01
-4.255006468771717065e-01
5.293663910507990719e-03
2.097133893435013940e-01
1.793179879859063686e-01
-3.739225674307505853e-01
-1.799509874140153287e-01
-7.556413273961568033e-02
4.857766180047191212e-02
-5.361090780935955369e-01
-2.257313949030658740e-01
7.776088854021223629e-02
-5.017803951670842810e-01
4.302649451389999324e-01
-5.754611701263521173e-01
-1.229802494332959267e-01
-1.865172740074638180e-01
4.638608008387198889e-01
-6.091895581314522579e-01
-2.166068829948251673e-01
8.976991956734034495e-02
-1.644775079020171019e-02
1.999093348035200779e-01
-1.945245484017213977e-01
2.913848785413106213e-02
7.290574247935710517e-02
-4.567381435968973502e-01
5.680214085376579236e-01
-9.821557811555149328e-03
-4.808180319967886307e-01
-4.324392540033039634e-01
-1.746297689120455687e-01
-2.212545680752102117e-01
-1.195712077824700875e-01
5.157099983408894861e-01
-6.960068724881280922e-01
3.380133140941110614e-01
-2.860431920954133456e-01
-1.079270533431482826e-01
3.395082786130783070e-01
-3.540498741904633817e-02
-7.159470404221815465e-02
2.731905711525829325e-02
8.231440539943075951e-02
9.641702692909860650e-02
-3.634657369456870679e-01
2.276952754574176618e-01
-1.419798915693104291e-01
4.235194827667491113e-01
8.143778679340740734e-02
3.387110474893247347e-01
-4.292095825247698171e-01
7.312218932919958836e-02
-1.407668970204433226e-02
1.395890643062101255e-01
-3.232688618326171048e-01
2.562598758199983728e-01
2.008514900214570242e-01
4.643216929019162720e-01
-1.177573478708741905e-02
5.839313846926556806e-02
3.917449202302109024e-01
2.428419819543030100e-01
-5.822993252482600024e-01
-1.780146784635525808e-02
1.803147806687532273e-01
-6.650075411441201678e-02
8.349430924967663481e-01
-3.414933071797606745e-01
-5.078892681197053616e-01
3.880590386746977094e-01
7.668085853372234861e-02
-4.230724775808747395e-01
-5.485037261577909717e-01
4.681156866705271646e-01
-1.914026684011502222e-01
1.614769643275995037e-01
-3.059631932354571204e-01
1.043989166199904006e-01
-1.654251790856534343e-01
4.881212469198306647e-02
-3.182016793867978866e-01
9.136042047301756730e-02
3.375090563731801274e-01
-5.800672459966427219e-01
2.436064225897266455e-01
3.488113965463106592e-01
1.161920526437903826e-02
-7.767254842444026863e-02
-5.646850509301853949e-02
-4.466099844102741079e-01
3.416989891998447604e-01
-6.268501523478114956e-02
-3.050632089190409221e-02
-1.539520128816345701e-01
6.580962505130076856e-01
5.847573234819981175e-02
-2.878233232751779003e-01
-1.007052094953401616e-01
-1.679978391017915296e-01
4.201725181214295279e-01
-5.294410814988635972e-01
-4.520347774675514962e-01
1.672228749262654190e-01
5.999819794299709325e-02
5.284503776105951012e-01
4.319509979047828074e-02
1.422156546432086846e-02
-1.549622791150858381e-01
3.746382951577267306e-01
-1.802497302235678235e-03
-4.538124697212732039e-01
-1.587025520609972873e-01
-2.255349117710742091e-01
4.444527422377670955e-01
-2.303383757776961138e-02
-3.286891524112638407e-01
-4.357037339545857813e-02
2.044010401851147352e-01
-6.410380813735279126e-01
4.113719705774613877e-01
-8.382524858280869795e-01
3.405608095992035400e-01
-2.477619711602695174e-02
1.388272127142687606e-01
-3.757896012819829656e-01
-2.775144611046411192e-01
3.049903645036818323e-01
-1.525686606307020132e-01
-1.678535250786661881e-01
3.446497848373226702e-01
-2.417927580811344845e-01
6.742377391710666079e-02
2.144702653022093064e-01
4.410423174828499993e-01
7.022621628078913603e-02
2.934385651258328287e-01
-1.004245755719213040e-02
7.311623702822277193e-02
5.733657780215093425e-01
6.514316389001422181e-01
1.385701287243714663e-01
-2.209750275845402401e-01
3.881463936990990626e-02
7.182098346034515579e-01
-1.116032262951076048e-01
2.291605460180766718e-01
1.258193718045834131e-01
3.298049240763218926e-01
-8.669076376583698118e-02
2.236526006872814332e-01
2.641791766677452635e-01
3.235836162400963500e-01
2.298962840641567973e-01
1.131944836705056356e-01
3.098913968878823089e-01
2.189790049697044050e-01
-2.619456262375080557e-01
2.099506587297297541e-02
-7.316898061557015609e-01
-3.744014206737317219e-02
-1.073110170921949824e-01
3.098314115271888491e-01
1.330297294671668185e-01
4.242814398084289174e-01
-4.858824622094789492e-01
-5.333764403688603939e-02
-2.276644717088601721e-01
3.229589361771827150e-02
-4.313043599669553196e-01
-1.670299515411437508e-01
2.155779077841717961e-01
7.530442635450085298e-02
-1.739741248236071902e-01
-3.265495893439067654e-01
1.757341863646108282e-01
3.186521488536206981e-01
-9.278707986371852179e-02
-1.430255211065299681e-02
-2.159710540727011463e-01
-1.215453358271238460e-01
6.502916533592575932e-02
-4.780674472060281177e-02
6.097154742468222643e-01
-4.353134213318508028e-01
6.215448146285740272e-01
1.573212474907059732e-01
1.337934344822112320e-01
2.073840843994100291e-01
1.422790070753955083e-01
1.019542350006180098e-01
1.510642144799118902e-01
1.202738085588117289e-01
5.803362905129874072e-01
1.572313412537817146e-01
2.945059310019567111e-01
2.212249924518513711e-01
-5.322956139585958979e-02
-1.778385816344900672e-01
1.492241590974109633e-01
1.587004024179518580e-01
1.420418658322859795e-01
-1.342296394059215928e-02
2.613860706308966386e-01
1.026455967381443984e-01
3.345997596862615442e-01
-1.003344701722982124e-01
-4.881168321234043983e-01
-4.373166799312960262e-01
6.883834465437808914e-02
4.966113441521897987e-02
-4.343848592028388689e-01
-3.718842607500203457e-01
2.203923379616665179e-01
-5.474788691066655860e-02
-2.906089900791121727e-01
-1.701892674944657791e-01
2.272490881652168282e-01
6.568222389073322121e-02
-2.762798342946888308e-01
3.372412406903943505e-01
2.369480481841659270e-01
-3.248412117683876499e-01
-2.969426401293226436e-01
-3.600975164041265719e-01
-3.748455567699386370e-01
1.206875612650534640e-01
2.507659566414665031e-01
6.062927378866902473e-01
-2.978839938551021138e-01
-1.784452199196921995e-01
1.485655817951336000e-01
3.545696659839207010e-01
-2.416852372938791960e-01
-4.556780390483258225e-01
2.982390072759265598e-01
-1.073984557676278817e-02
6.255327657683246168e-01
1.424088596750108238e-01
2.193279211404546847e-01
2.397567460420083063e-01
-7.918774743642764680e-02
-3.171819796015902249e-01
7.517636089180819436e-02
-1.772072460692967200e-01
1.330123020900205733e-01
-4.526512360121590639e-01
3.900459187080047851e-02
-4.182638700179582836e-01
-2.131451502495826933e-01
-2.715941492630220555e-01
2.713532988904061027e-01
4.247152901026005622e-01
-2.003897973160654461e-02
-6.194849581441915776e-01
4.080345583243277785e-01
4.172426929118583372e-01
-5.000089238991376472e-01
2.592406204888884069e-01
-3.984797911132351711e-01
1.768479756486128207e-01
-1.712888306700097174e-01
3.542259324386587416e-01
-1.523125017551647531e-01
6.423376340086514036e-01
-4.304428469447422745e-01
-6.902134489551141616e-01
-4.727664037243716200e-01
1.571492994358097695e-01
-1.405691610415522319e-01
3.359434050298948371e-01
3.479197296435523334e-01
1.552704965071306786e-01
5.397076788032351136e-01
3.743765884557420098e-01
2.640230461936174944e-01
-7.544513631327122438e-02
-3.905698283462827325e-01
5.237894682665392848e-03
-1.310246061193051093e-01
2.207105149291146429e-01
5.816447281006473929e-02
-6.241958700419825146e-01
-4.039709290846366652e-01
2.039085631387211606e-01
8.672670169042448821e-03
1.395622988302515077e-01
1.522563144474758379e-01
-7.937973545680221399e-02
2.428294402454809764e-01
-6.226091834371084710e-01
1.575149820444153859e-01
5.873190335250866312e-01
-5.125736684307598962e-03
2.593575888230854887e-02
-2.793570612822948163e-01
-1.825171836054342578e-01
6.569356113937967478e-01
5.654991159274546098e-01
-5.123424532557512290e-01
4.988447550123883967e-02
8.519286959903876744e-02
6.962631103688786405e-02
-3.786287367349453481e-01
-2.870973538299084193e-01
1.077814370902676309e-02
-3.990552328274786786e-01
-4.709075184373623379e-01
-5.905745917425700986e-01
4.610361627052139144e-01
-4.218431592769533722e-01
6.615953026224616340e-02
8.354677755998125843e-02
6.794995969558168536e-01
1.782293602472463101e-01
-5.927077831668063901e-01
-8.359201913057923150e-02
8.356606608324398944e-02
1.156378634352418500e-01
3.310946854771306125e-01
1.874071185085320890e-01
-1.704377217225864494e-01
-1.997178107932738311e-01
-6.998139495335111704e-01
4.136325610206439962e-01
-2.839546245229394583e-01
-2.074741928762245946e-01
-2.887434826822280476e-01
-4.489847690440579298e-01
-4.574140801343339890e-01
5.629177819181693243e-01
-1.845277867342053624e-01
-5.354897787052584346e-02
-2.037247717113642165e-01
-9.144677669168080336e-02
3.587715530535722647e-02
-1.752028140827284752e-01
2.948113996968043313e-02
4.370563024615136127e-01
-1.309416379223140858e-01
-1.743079170560616065e-01
-3.844472758330433892e-01
