-3.638669261436739966e-01
9.583177031083740804e-02
8.145487675658466542e-02
-1.666162289907443528e-01
7.661209861948414801e-02
-4.371335107697120748e-01
2.498606246787311302e-01
-3.519779048324657711e-01
3.502934280931908617e-01
-6.066131793825133567e-01
2.626282149093098761e-01
-1.175536019199078019e+00
-5.179832544840219377e-01
4.720214119019544574e-01
-7.613307206665829163e-01
1.584894563370488618e-01
4.078796689658270025e-01
8.351101476371595167e-01
1.142400407142777491e-02
-9.055203449155752038e-03
-2.127372816241229481e-01
7.694174176118160347e-01
5.035504222107776151e-01
-5.474391075676395824e-01
-1.605736690163215852e-01
-4.141776801056007429e-01
2.307316110525994834e-02
8.847962027463127654e-01
-3.590136374153885535e-01
3.085641472328346513e-01
-1.122060160827372116e-01
-1.752508385002096158e-01
1.028110339495475811e+00
-5.380635407616365939e-03
-3.390662455391817431e-01
-4.144699127197196686e-01
-2.704280359808824974e-03
7.390243654953840280e-02
-9.165792074912608722e-01
2.410845372237805373e-01
7.051042167077370415e-02
6.077365420773952476e-01
4.523004014238199977e-01
-6.857215062270495542e-02
3.997598740613646506e-01
-4.230755990673097933e-01
2.196949231906480393e-01
6.514025264832985496e-01
-1.818775013968306209e-01
3.313724934801567934e-01
5.550319790067278491e-01
2.814305771127570965e-01
-1.423829869972018380e-01
-5.161368860646080581e-01
4.125978532505631957e-01
-2.341037173014590134e-01
-4.281782566150927338e-01
3.335757929551029788e-01
-1.400297701170492293e-01
-1.475886966481574358e-01
1.683740969921872221e-01
5.649029807771682732e-01
-5.513631888141621307e-01
6.547095903415388329e-02
-5.578099821350546161e-01
-1.161307409891518122e-01
5.427304394628954531e-01
1.429398257777359238e-01
-4.447804383310347554e-01
-2.439570651472124929e-01
4.404126952950282448e-01
3.907638173500206369e-01
-8.041649307707570138e-01
-7.274791376029074441e-02
-4.496938002314355698e-01
-6.699115798179013925e-01
8.847892310651589431e-02
2.468412784020546924e-01
-3.550052388082586274e-01
3.754418817385874463e-01
1.458562322290714308e-01
-1.709357311165344562e-01
4.049642918156124427e-01
-1.528639065552976073e-01
9.231077336041286496e-02
-7.344572173407688531e-01
-8.873272752163111621e-01
4.638676414319370389e-02
-2.231476074161275192e-01
3.750999403814985200e-01
-3.676305608319174745e-01
3.229527152743763563e-01
-5.085538833675657955e-01
6.102320846267868248e-02
-2.772717659577496330e-02
-3.547502257309823603e-01
-6.628426010339054653e-01
-2.313972771331810341e-01
-3.878438284341380604e-01
-4.912255293494726116e-01
2.430442681761206813e-01
-8.432437538448689374e-01
2.229081204753269319e-02
-6.641069666197696453e-01
-4.931937393132690417e-01
8.699267088785871405e-01
-1.310371910467243439e-01
3.839720735727257805e-01
9.222700966303268300e-02
9.330086832782976680e-01
-5.201830777071899670e-01
9.922704780300106719e-02
-6.513370544534224926e-01
1.042497691382447744e+00
-4.173731878852402488e-01
1.025692609016301882e+00
3.862939560588966592e-01
-2.295646957810530409e-01
1.212137771139664810e+00
-1.454625209623452986e-02
2.647405962203184804e-01
3.239044118649022641e-01
-6.378205776990917286e-01
-2.060823673555822744e-01
-1.803525844628122154e-01
-3.410431235746484990e-01
-9.826268851017131434e-01
-6.036718022261700067e-01
-1.133425277169759271e+00
-2.305906526331525513e-02
-4.875552006022022822e-02
4.725929589283285881e-01
3.443809622331278630e-01
2.638236215047362054e-01
3.681170686480819687e-01
-1.721419023414683114e-01
-8.877352117098462614e-01
1.858333138243312699e-01
-6.686006497303614848e-01
-3.456858213607550412e-01
6.933486233490104844e-01
1.346334297447447703e+00
-6.554475819742555665e-02
1.313149173735348452e-01
2.275549832775977943e-01
-8.528983749173614237e-01
1.371598333044962426e-01
6.226813555756249841e-01
5.959552739776672325e-01
3.375527425738220066e-02
-1.926472418751845606e-01
-5.763019070886330475e-01
1.203708383052065178e+00
-4.049362843351371755e-01
-9.728766315326595193e-02
5.684733795094802922e-01
7.862411973639207297e-01
1.960653716154471260e-01
-2.726357435349582858e-01
-1.096802542086307009e+00
1.308371624012075740e-01
-7.095758186859041361e-01
3.109042980336286788e-01
-5.899001422017140506e-01
1.234185298162532585e-01
-4.081984721698260765e-01
3.587688936805703555e-01
-4.127499902475463278e-01
2.615242943884358295e-01
-1.611568702118029717e-01
1.495803888324775122e-01
-6.038707316619480459e-01
-1.332511403302170105e-01
-6.097213045965568096e-02
4.229446587526606294e-01
-5.406174229140728871e-01
-4.861080164214534038e-01
3.279741121876479926e-01
-1.104210281068051192e+00
-1.157240192714185323e+00
-1.499762189225000153e-01
4.005052487803506533e-02
4.234103169980146797e-01
5.908579559720006369e-01
3.111200995945518910e-01
-8.957325270058030808e-01
-8.219008512962053814e-01
-7.074899086692107986e-01
-4.103683615388945549e-01
7.357003436252958217e-03
-2.240660789078367798e-01
-2.034676888059216426e-01
-1.187131601362760996e-01
-4.212936413720986262e-01
-5.520918086487425214e-02
-5.006040499516523079e-01
-1.999396502101880579e-01
2.657421775822453869e-01
-2.325715440144230373e-01
4.567983812211437455e-01
-1.161815682934855820e+00
1.770505591769178932e-01
5.342701185856459922e-01
2.440183342949578948e-01
6.740205496538479446e-01
8.886431003730694833e-01
3.760575433477006957e-01
5.067285723221137683e-01
1.717676655186656520e-01
1.045565543559759281e+00
-1.867298851077225097e-01
4.406054076570811162e-01
3.950840569220288034e-01
-8.521199961673746603e-01
3.343043976156898633e-01
-3.017599464138266407e-01
-8.382675800195910076e-02
8.175501880656672604e-01
-8.213873907818773634e-02
2.616199392549417024e-01
-9.517648950125204843e-01
4.620512657655023725e-01
-7.936340580125256228e-01
8.113316184958090371e-01
4.247360682842832302e-01
1.987874970316147183e-01
-4.587817939482511931e-01
2.471532807417334832e-01
-7.205362116855359433e-01
4.202104383568740498e-01
-8.409518178408673661e-01
-1.161918914520496449e+00
6.907620278198700614e-01
-8.306570383387849033e-01
1.345796451459408738e+00
2.228710349719724426e-01
-5.803141170421054484e-01
3.323550923451715211e-01
-3.372470996007619071e-02
-3.474001949218061824e-01
6.255182832239053470e-01
3.087212515940397917e-01
-2.454945620876986534e-01
3.850069109391328070e-01
-1.710773706933534921e-01
5.814845765508530606e-03
-1.408650479332610728e-01
-4.842302477402363192e-01
-2.920220798171025978e-01
-1.223073541103709694e-01
-6.306062792254887861e-03
-8.717917626534250897e-02
-6.774368257788325742e-01
2.430819361627328257e-01
5.717977054923105706e-01
2.181863870783969928e-01
1.077880049490553827e-02
8.445378773706714581e-02
-2.606977962010033623e-01
-3.463325452100118884e-01
-9.032964757007764245e-01
-9.007544125494640341e-02
-6.058654962040945779e-01
-1.140720139069589134e+00
1.949764724700687457e-01
8.912881786796700290e-01
2.126797340922426394e-01
1.927933571237318566e-01
-1.774398874486688982e-01
2.761373764728224378e-01
2.637907315787718088e-01
-9.493531990797190456e-01
9.515326111620868721e-01
-1.084058347776471337e-01
3.204259891611166422e-01
-2.436275922027103247e-01
-5.639215765598301067e-01
-1.486320410398118963e-02
-6.747034243291082367e-01
-9.043167069216517806e-01
1.998035599146943397e-01
-5.190710069486810241e-01
1.123446790590561850e+00
-2.977869349593036397e-01
7.219447015457833849e-01
-4.993015680034176285e-01
-3.512544118980952534e-01
-2.236615890218117964e-01
1.912425824382195660e-01
2.400214722995006877e-01
3.384653374170270568e-01
-6.682897803369682865e-01
-1.271933517298263205e-01
3.551718831755572570e-01
-9.952995356851359610e-01
8.114162851488943007e-03
-5.079156786031219228e-01
-4.842834433352298518e-02
-8.293375232107200734e-01
-6.999966110876768566e-01
-1.205477946254654764e+00
8.203659853102209798e-01
6.954596609492050274e-02
-4.036086236414412887e-01
-4.805373183362315337e-01
4.756921812088251572e-03
5.052162308819295733e-01
2.551323220427440530e-01
-1.252709774305315049e+00
-9.853716630408290156e-01
1.705092727545784448e-02
3.051904808458195673e-01
-4.130733842238384357e-01
3.219315430355158547e-01
-7.052531054013132517e-01
3.962375442443648033e-01
-3.360869210352896430e-01
-5.496272841227194117e-02
6.480249633341639282e-01
3.518324930653484728e-01
6.322178093391770393e-01
-5.005236220068264297e-01
7.862438632020994633e-02
-6.573403089020729562e-01
-6.967205269175660298e-01
5.701938095707753673e-01
2.256939992309250353e-01
-5.842751526669915929e-01
-1.804344747344914235e-01
1.117263819323197765e-01
3.212867949474731422e-01
-6.957574019058403170e-02
-4.034376352718388459e-01
-1.736159518587004347e-01
1.299364955668355637e-01
-5.519160377520381244e-01
3.365558174328655006e-01
6.703101662324667531e-01
3.336056971052769882e-04
3.066612200128296384e-01
-2.095237106057751264e-01
-7.342045547763630386e-01
8.404396126384590104e-01
-9.417684218826338771e-01
-9.512574820286695543e-01
1.016000694564854062e-01
-4.859398814857693316e-01
1.497293472636126999e-01
-1.191084066718348100e-01
-3.732811524960175098e-01
-4.932692419927094396e-01
-1.780674317474182922e-01
1.169307974257226546e-01
-1.318752070189439241e-01
-7.709941079264254205e-01
1.048898998739219990e-02
-3.933167226446619980e-01
2.256543105311554775e-01
-2.307028378778619992e-01
-8.138373265235393506e-01
1.758151746063921217e-01
-1.476650336347653802e-01
5.521427706451758066e-01
4.319098217712727950e-01
4.601646488274545588e-01
-4.536620502048942932e-02
-1.158904032553469410e+00
-3.043547847501397730e-01
-3.482819662822471130e-01
-5.455147538913263094e-01
-5.970519981911114049e-02
2.401027643132307987e-01
1.713096217297122581e-01
-2.010101118628050409e-01
-6.452533038636991680e-01
1.862891871164164270e-01
7.387381159261003916e-01
-5.858517912882416079e-02
9.265323976951478357e-01
-1.339539275779558225e-02
-8.808738584447511899e-02
-3.027491764021186249e-01
4.352590209478365835e-01
-4.800108049361718754e-01
1.049109724651615894e+00
2.773113245008035355e-03
-1.114515487918267045e+00
5.365472561977553401e-01
2.421813770713210912e-01
-3.558458324477004053e-01
-5.827233608604828197e-01
8.923339790403680971e-02
1.151065717065612448e+00
-5.064150948635960381e-01
-2.970589419267372633e-01
-2.508884456269591667e-01
6.074402313411071397e-01
7.659669298813688576e-02
-7.097794843460430991e-03
4.014014906905192248e-01
1.256392909897537657e-01
-1.322838831791895098e+00
-1.447847894877356989e+00
-3.500147708419217296e-01
-4.234204835195973793e-01
2.068369883796703224e-01
6.383397393827895394e-01
1.360344513803227740e-01
-5.634728223498148836e-01
3.366599900950464908e-01
9.865955428349172662e-02
1.453819970664965044e+00
5.758421763281129646e-01
-2.356896313741325688e-01
1.198524379669581030e-01
9.507253332543983415e-01
-4.849238010837316204e-01
-1.136383967730119293e+00
3.288869850631326863e-01
2.038888123130256358e-01
-3.414398064721148041e-01
2.738844726764493864e-01
-4.185981887148171321e-01
-1.624295851380228028e-01
-1.972203150393317117e-01
-1.865579935078648388e-01
8.126679557892105277e-02
8.564680686713040947e-01
-1.413442317613145538e-01
1.025313755293025819e+00
2.885387448303559088e-01
5.389793925211882053e-01
8.553973470386896372e-01
-3.655717055841257723e-01
-3.251316312389861962e-01
-1.269576401360431595e-01
1.187094324018140717e-01
5.143663974264240935e-01
4.440193185646312823e-03
-9.925819991737776515e-01
-2.155784227254071983e-01
7.714814033770444057e-01
-1.282163823471429154e-01
1.006477251549482282e-01
-3.219609406797552253e-01
5.269387698254320851e-01
8.518367410100232684e-01
-1.243292923479523804e+00
-4.124672644571501512e-01
-5.656189470617785098e-01
-2.410431056175335596e-01
4.833971718942213780e-01
1.777339091611232491e-01
-2.891988514228228946e-02
3.692640867363361501e-01
7.955035945820552179e-01
-4.082743652446397808e-01
1.969997580660770298e-01
-3.483082583684941613e-01
2.178766409900270706e-01
-2.400714255602402480e-01
-6.177473701765670011e-01
-3.230686571348985181e-01
-4.604629572824783246e-01
-2.850809736917997439e-02
-6.958817047933871236e-02
2.913667017861878428e-01
6.940161200911240114e-01
3.992644931354991655e-01
1.004765207373331942e-01
-2.446952326600664029e-01
-2.756942717371435592e-01
5.029003664244040550e-01
6.586299346867996451e-01
2.403383753418921742e-01
2.100296083870997199e-01
4.534227281743247184e-01
-4.977562134622947609e-01
-3.032359099128388302e-01
5.883875951643076085e-01
6.030870454198392072e-02
8.911334715763136183e-02
-5.075925143822459518e-01
-8.177633403627324604e-01
-2.965914452852668748e-01
3.966826820841564682e-01
-5.280504164915510446e-01
4.429059703325533559e-01
3.481327440433175102e-01
-1.500758619816034700e-01
-2.713739378658885926e-01
7.265493548025785397e-01
-4.486757443483779806e-01
3.964565827108537666e-03
7.043057204168804430e-01
-2.608501053839524797e-01
-5.726327798052961437e-01
-1.585427098522334821e-01
-4.709597689974087675e-01
1.194797713811487916e-01
2.566118698925319852e-01
-4.771738814188278277e-02
-8.658682498175102049e-01
3.792104189137269210e-01
3.105419260089862243e-01
-8.081004196631071945e-01
-2.943361382367958301e-01
-7.099505883880335988e-03
-8.661650703760579439e-01
-5.864138107662371091e-01
1.051975553139364195e+00
2.262083953291161853e-01
4.071727318540889762e-01
-6.085528733434996118e-01
-6.991704033462686763e-01
-2.593210322039314342e-01
-6.197095682120893345e-01
2.556543075152245548e-02
-3.095720277919234431e-01
2.643851969144553893e-01
-3.221339328523121215e-01
-1.840482421577135930e-01
-1.128098699793266269e-01
-1.580087869966215197e-01
-1.236884272059958878e+00
1.666484732770946442e-01
3.571382510748201677e-01
3.076496149277344050e-02
1.336434077700080492e-01
6.160160225465480255e-02
-3.212705803066965293e-01
-4.001599116822423530e-01
-4.192391095849461458e-01
-2.029425288895548851e-01
2.935159798428309541e-01
-1.979397734405372589e-01
2.039544574043134495e-01
3.442342372113750271e-01
-6.089282263410841223e-01
8.912876650070197249e-01
-2.642946495984881961e-01
-1.516353751172190567e-02
1.256919195051479227e-02
3.412721088535879826e-02
-4.388310388865797607e-01
-4.553730364048819146e-01
9.456102954916681957e-01
-2.115524539588848341e-01
-6.414551569864983538e-01
-8.459704751272514311e-01
-5.666618932689471144e-01
-3.547861940956574256e-01
-3.552305560975117515e-01
9.506996246347181045e-02
7.291813023594591048e-01
3.094519058289658675e-01
-5.991154474013152265e-02
-8.709042829861053658e-02
6.464278434577418464e-01
4.574119074784300243e-01
-3.032692855849538627e-01
-2.974479807301799728e-01
2.382982655932346094e-02
4.421161860491065743e-02
3.805470488901943615e-01
4.094065926872471062e-01
1.973717811151118329e-02
1.856104474166946072e-01
5.823861952314025592e-01
7.193740883244797990e-01
6.481531168328547032e-02
-1.856488793480526034e-01
3.553396708007161564e-01
-4.028209227730280562e-01
-7.321161944892071172e-02
-4.035514149138837436e-01
4.756614544487234308e-01
-3.608075706746433631e-01
-2.584767468045946481e-01
-2.433695899365264648e-01
-2.869807263777944262e-01
-2.021315513272078646e-01
-3.328026837846136954e-01
2.456461724483804676e-01
5.954623580122315740e-01
-9.605893268513305827e-01
-3.496378171365482901e-01
-2.851692396663458862e-01
-3.129670125921080182e-01
2.321673133220122642e-01
1.659910626267173117e-01
-7.919848718904929363e-01
-8.282225931769872374e-02
-2.606134380993017641e-01
-5.348012831961557190e-01
-3.513378678811998057e-01
-2.083578366715514996e-01
-1.491765260422135420e-01
-6.557529413530548412e-01
-9.688904704417702352e-01
-5.401565311341233189e-01
-9.485985864637151987e-01
-1.441935351081637118e-01
1.859278430454684161e-01
1.186180735777817435e-01
-7.966992670524971620e-01
-4.685887838185369692e-01
-8.694301621825294424e-01
4.725696565152411321e-01
-4.041429411782245795e-01
6.278900541658729573e-01
5.892094688902699273e-01
-9.204206550565038891e-02
-1.537377595302248101e-01
5.501232291393949314e-01
8.915798948217770747e-02
3.456817722070394949e-01
4.943196417332381687e-01
-3.976944464396036105e-01
-3.870381142051324552e-01
6.314221666657071630e-01
6.911872874542213108e-01
5.349892316650346480e-01
3.343717170409957751e-01
5.336433706476726435e-01
-6.298804635605794733e-01
6.150234061720112611e-03
-4.415828304428697781e-01
6.307459635371553963e-01
-7.357517391060292011e-02
3.220449565641238243e-02
9.568879391616428309e-01
-5.601256377729867397e-01
2.672890473307975578e-01
6.841007144586208621e-01
-4.816052124527938072e-01
5.989402135072676714e-01
1.342181771656786315e-01
-3.469098188704273777e-01
6.080276325740322507e-01
1.894784177887210985e-01
-3.051198359049925868e-01
-5.462462682648949741e-01
-3.643385191441900761e-01
2.968869859234555264e-01
9.781993283125839378e-02
-8.699913954998863552e-01
-3.294015831715962905e-01
-5.410562075358466005e-01
5.556216791340538030e-01
5.022579329935840109e-01
-1.017570306945154157e-01
-4.202305754223326639e-01
4.328337130763941498e-02
-7.414435168466420034e-01
6.303731291874312692e-01
7.353166167108529105e-01
2.689728510209392354e-02
5.715320818291291793e-01
-8.121022717467039076e-01
-1.770864104131168459e-01
-1.519325165284841350e-01
8.326292715879870521e-01
2.243434808053002272e-01
-1.695669149890261518e-01
3.873487081960647060e-01
-3.761892614318808614e-01
4.735580279249020363e-01
1.293752221772418443e+00
-1.601329803334892166e-01
-4.441903386850181157e-01
-1.044492048519596872e-01
7.534504156265222630e-01
3.154336218653605028e-01
-8.231411468754934457e-01
1.034476641386101958e+00
7.508846346849551434e-02
1.584686375690571303e-01
-2.712351242898791703e-02
-5.204681143539778843e-01
-1.258026296702470237e-01
6.340530538830464469e-01
6.508096085261418084e-02
-8.890503052007564522e-02
2.699815753350774672e-02
2.874625791024544297e-01
5.066905765092998004e-02
-4.961068572014011857e-01
3.833841104464662253e-02
5.670132065594315485e-01
2.575015302440486487e-01
-4.002974160437819395e-01
-5.740101791743803528e-01
-4.153823160032394379e-01
-7.604681754644215808e-01
1.875903436912202960e-01
-2.092262646284285266e-01
-1.309746615631000866e-02
3.029366861263974586e-01
-3.128679184071821995e-01
-3.935052787006087516e-01
4.824385155687537230e-01
4.902086137690356837e-01
1.175385385209098965e-02
-3.546416950389168488e-01
-8.936595514444267696e-02
-2.303392082591976531e-01
2.464841390206804622e-02
3.773079851947793162e-01
-8.633624123292126251e-01
-4.107752435212743691e-01
-1.482882100470578890e-01
1.504340039593646261e-01
9.348891157810826913e-01
-2.590477907983360639e-01
9.269757084992225060e-02
6.856940413304279947e-01
-6.183003214215467003e-02
-5.923138283176407892e-01
6.866344972311408390e-02
-8.170109103037781484e-01
1.921563401298657381e-01
-2.320001921387947197e-01
2.966851447326457336e-01
-1.620373382753508840e-01
-7.116306893544001033e-01
2.353546782660000669e-01
1.626112964098200275e-01
-1.885387037711995784e-01
-6.663593450351373848e-02
-4.793996277146067575e-01
7.593259128049467677e-01
-4.702112400711528362e-01
-1.118467177454934625e+00
-5.750189673236161259e-01
1.439283805883756262e+00
1.104428618085273872e-01
4.413106747548207198e-01
-1.958754272924727036e-01
-8.969831814126494329e-02
1.154954009073139443e-01
-6.068523571941810690e-01
-8.058268541689795894e-01
2.093817506957703078e-01
3.830035620967140453e-01
-9.467618222586950960e-01
6.746098994412751404e-01
-2.917665005150053004e-01
-3.881340525945869979e-01
3.282301910265366662e-01
-3.533582974762717877e-01
6.061852989559712857e-02
2.405361126539244387e-01
4.243936416336230311e-02
-3.920075794919374301e-01
-1.039669247839302146e-01
-3.213487596466590435e-01
3.817935170394817224e-01
2.162630691957317386e-01
-4.886990002474429495e-01
-3.119096866239789989e-03
2.222506349438725937e-01
-2.896745873006142391e-01
-6.099973912906458962e-02
5.215015111667228309e-01
-2.712532989077213741e-01
4.614389438671485655e-01
5.036070091430365769e-01
-7.255545921381682806e-02
1.647124493515002563e-01
-2.010078304043204367e-01
5.220367486029783288e-01
-8.029597412321445304e-01
2.594800165636306222e-01
-1.276241125346150751e+00
-6.421780288049214191e-02
-2.075424261696955930e-01
2.524970459825934266e-01
-3.226958811043360575e-01
1.946192184969519345e-01
5.563879922465183592e-01
-3.338175836447803690e-01
1.784989295308983814e-01
1.180268859413574900e-01
3.139828238696300011e-01
-5.337915180020568195e-01
-2.775455337870403327e-01
5.238444033733844485e-01
-9.913550983453012222e-01
-4.126250528908098625e-01
2.431198618202916051e-01
9.917985176342685172e-01
-4.700006432235383502e-01
-2.532337152534097635e-01
2.617653636409139062e-01
2.513036067289171616e-01
8.878040200500477569e-03
3.756436153054363847e-01
4.717831070322492382e-01
2.902201204709315974e-01
-7.651227237887575638e-01
-3.394622886615092372e-02
9.190279334243213194e-01
-4.294602903553574880e-01
-1.355905984729950386e-01
-4.351051968542025694e-01
1.920387369868756244e-01
-7.237267433035849962e-01
-1.574762964069707505e-01
1.058273270747206729e-01
7.349333485525278986e-01
1.878189034858098461e-01
-8.349991145129506687e-02
3.788607886993217710e-01
-3.808093894636148669e-01
-1.287586048299899921e-01
5.811621021880433169e-01
3.291819579368845949e-02
3.887022732616501886e-01
-3.548864207536012727e-01
1.244549438618031578e+00
8.730125820913232637e-01
-1.193087970328790437e+00
-1.858490616114628902e-01
5.738862438984847492e-01
3.977079117602709823e-01
-1.336108406782311464e-01
-1.726077255684103084e-01
-8.084451850999672118e-01
2.712783111481343323e-01
2.843706592247735032e-01
-3.213287537010525163e-01
-4.329197750745681916e-01
-6.598072852290230994e-01
-2.394081480797325412e-01
-6.953064895534682988e-03
1.221008944078385700e-01
-2.557284199300551286e-01
-3.978050750006295599e-02
5.508043716809863932e-01
-7.357661591051625760e-02
-2.734498124707475664e-01
5.062936162488157477e-02
1.619430592399741797e-01
-1.721929224713143192e-01
4.123214470009168853e-01
-6.403986709259524845e-01
9.911523514543506552e-01
3.367542992568908766e-01
-7.627717831511277025e-01
-5.229459092475561288e-01
-5.174964524182839032e-01
-1.479096252489955909e-01
-3.767848716003587839e-01
-9.014798689749666805e-01
1.687245229270843139e-01
-6.933440647466713180e-01
-1.869756649424317574e-01
-4.641109468648422220e-01
-2.648600320523621376e-01
2.437144924622721143e-01
-5.683433742322880899e-01
1.107418473551087468e+00
4.849142927991780816e-01
-3.490832184894132606e-02
3.403277685097005900e-01
1.125529285004047031e+00
-7.269947882056082555e-02
6.924063322316330316e-02
9.189403341136406222e-01
-2.038456117664667888e-01
-1.510740482949327057e-01
1.047639942064935825e+00
-1.505918684687443942e-01
8.468051114143509972e-01
-3.516856759517408282e-01
3.024206985903942213e-01
8.532962419651564379e-02
-1.310169494311808736e+00
-1.587023167566891102e-01
1.759662655596418990e-01
6.582568105510024914e-01
-7.093544109266063380e-01
2.936366729488382177e-03
-4.937244324254848049e-01
-7.571753057084162908e-01
-2.133817388127784986e-01
-7.435146338427249812e-01
-2.876289168923815143e-01
-3.377076846392934595e-01
-9.438859419011758067e-01
-6.982746037753216894e-01
6.294343799743317147e-01
-3.777030722325139256e-01
3.004301574174301770e-01
4.113731359116825081e-01
-6.206720496516426877e-01
7.049843124981833298e-02
1.780964790991265978e-01
5.325824033475904384e-01
1.149997368583102059e-01
2.633556371006286201e-02
5.043198827937038498e-02
1.062469271000465315e-01
1.997209782231057495e-01
-1.935512299903974498e-01
4.708484912405609402e-01
-3.535075471937093594e-01
5.195591355435158487e-01
1.175717134340700520e-01
-1.366958482443151879e-01
2.937456224545185735e-01
7.368874193515266846e-01
4.573754015873041090e-01
9.562337857706156852e-01
2.483984004457160666e-01
-6.557453061128776239e-01
-4.921536001555900652e-01
-1.774564546032361134e-01
1.150046850365073620e-01
-3.658886355132422996e-01
-7.083757488388364720e-01
4.835992738740444441e-01
-5.258157867412576181e-01
3.062790880354254730e-01
5.959212401942359794e-02
1.079854986355073709e+00
-2.665546261471418155e-01
4.763839478724201104e-01
-1.789220501932022311e-01
-5.415611903458397158e-01
2.599960540791146357e-01
-7.167189648626913490e-03
-3.636013580077878116e-01
-7.024473229850758393e-01
-1.629111341057432050e+00
-6.673798979498787309e-01
-4.505830762168859249e-01
8.441343406941329564e-01
-6.389931931510296481e-01
-4.672875896823497910e-01
-9.016916547633188617e-02
-2.795386234456354035e-02
-1.077241469165113985e+00
1.443274892476408000e-01
-5.540066178424176563e-02
1.175941804754673692e+00
-8.794807788363076528e-02
8.223767247877641351e-01
-1.255619772309108484e+00
4.297777775792030464e-01
-9.140808806186757618e-01
-8.553889117541417786e-01
-5.116267144601955863e-01
-3.067333824545900312e-01
2.992560568791418074e-01
-1.478486602861783794e-01
-1.651251948619984478e-01
-2.188968134049725789e-01
-5.840702921265226166e-01
3.094972290180286745e-01
9.048248401539717156e-02
-5.252724918865049331e-01
-3.548991008417856086e-01
-6.246464485242932962e-01
1.814804848831856054e-01
4.457762386271811872e-01
7.800145997677891962e-01
-3.237739805122322734e-01
-2.733655751368588988e-02
9.085597901110008534e-01
8.082607779998943753e-01
1.530875655202200980e-01
-3.211764127405226099e-01
9.650850100028036949e-02
9.459794650101934765e-01
4.961620113237807939e-02
-2.824095071279803526e-01
-1.044005273057264205e+00
-4.715130000323040638e-01
1.966431477030594899e-01
-1.368100685311315901e-01
3.861594004329548246e-01
3.229363254346618861e-01
2.042077672487966344e-01
-1.803232692933105508e-01
3.421350382873747376e-01
2.695067813421588854e-01
7.842711398686036395e-01
-2.167005787180948939e-01
2.035977667045617973e-02
1.524884456354184126e-01
2.009608166230164028e-01
-1.076681573245890783e-01
3.058506953321532551e-02
-1.924037093430344125e-01
-3.936346266377689362e-01
6.256268985852626585e-01
3.028353664975254322e-02
8.287861324922332629e-03
2.494692005001997170e-01
1.785405392030244287e-01
-8.469449784091128697e-01
-1.783994521767537922e-01
-8.767960450445827503e-01
8.591169008796364914e-02
-4.279781646814895257e-01
-6.254614681347328564e-02
3.848020689318504273e-01
-1.703625432365752923e-01
-4.095541001736370534e-02
-3.285005754815890078e-01
2.636082075369838851e-01
2.077277163428103979e-01
3.608023646655194039e-01
6.307935650408993400e-01
3.325087078621062897e-01
-7.443964695362731421e-01
2.873880228219344302e-01
6.430010195252811034e-02
-2.728678132980886240e-01
-3.154728651203092538e-01
5.036825340600838974e-01
2.611327288754192177e-02
-5.922220673171062211e-02
2.678465256148413465e-01
5.687679582156175001e-02
-1.548685043945887130e-01
-8.558870068375562523e-01
3.732223932850473047e-01
1.245636529063384734e-02
5.331834616126333026e-01
2.072623081027311076e-01
-4.162614185498822450e-01
1.809238795631503138e-01
-5.229590262184306004e-01
4.425631349200370712e-01
6.524445376476489811e-02
2.733622898001876189e-01
-3.617132405875785883e-01
-6.447246046487113968e-01
-3.020550707850402916e-01
-3.339807998623813279e-01
1.076915435525105103e-01
-4.249565350891879589e-01
4.477569057770170585e-02
2.286778067401842168e-02
1.169555849204461762e+00
7.247009341821500916e-01
8.107014019825169449e-01
-4.219621782562328338e-01
-8.139318166183920344e-02
-9.553314037331784858e-01
7.625625764531117623e-01
-3.137571570522858927e-02
2.672785740464664328e-01
6.054437380998941576e-01
-1.250474749373069461e-01
-4.248113909913119324e-01
7.872495621579838065e-01
-1.963694648640440243e-01
-2.484637547668944735e-01
-6.970356017075824973e-01
-2.080034239656310124e-01
-4.759667380289291372e-01
4.455642473245275959e-01
5.927660520065676231e-01
-4.771895432888215716e-01
-3.899742182581999311e-02
2.184774740883485555e-01
-7.714593540069357713e-01
-4.169458323498579366e-01
-7.518554926979172937e-01
1.508182858501090073e-01
-3.770546287730182355e-02
-9.673957937409123631e-02
1.789704273800893919e-01
6.600134355520490548e-01
-6.557811861040634405e-01
1.863190758018344051e-01
2.365431157099307513e-01
3.371792169407941686e-01
3.916696199201951112e-01
8.611711518604029392e-01
-8.009542870422995398e-01
9.749723684344699937e-01
-7.586270829012610184e-01
3.370880721583506268e-01
8.457988302783174817e-01
3.930529221033992049e-01
-1.179428727586989689e-01
-7.681206191402080163e-01
-1.880472307311164548e-01
-4.074487101656050214e-01
5.204780880067193527e-01
-2.798570271609422400e-01
5.168837803175638790e-01
-4.215316977683922217e-02
4.569825653334030902e-02
-3.182795264718096817e-01
-9.098104022036571648e-01
5.969553537299195911e-01
7.867579982555245044e-01
5.325530117029647625e-01
-3.391217344696946245e-01
-4.205189677239247747e-01
5.264181972037209611e-01
-7.362747084392842756e-03
-5.436358176176592227e-01
5.857059824788949376e-01
-6.396706134868457294e-01
-3.821430121790224677e-01
6.398290721343176113e-01
4.966313239211536668e-01
5.503431225442327879e-01
2.502985937729817478e-01
-1.076028991472342822e-01
-4.497586552942447330e-02
-3.014847577518771707e-02
8.966952706945541252e-02
-1.240246517983061292e-01
3.605265261572060398e-01
1.126706132786866599e+00
-1.695194469126650727e-01
1.027663353170647165e+00
4.416536037676077608e-01
1.802538991471050456e-01
-3.642766155047467147e-01
-1.160431838921618525e-01
6.196956288920777434e-01
-1.859432810630204380e-02
1.379539934482171271e-01
-2.050325571647678147e-01
-6.270638916591143586e-01
5.110191316270138451e-01
2.023719847748468303e-01
5.043387645829243704e-01
6.467860129577654993e-01
1.566011297599856356e-01
1.066424888506701363e+00
-5.544963949385397495e-01
4.302607996659773004e-01
-8.630382380787399166e-01
7.615641192871055454e-01
-3.771929914557572427e-01
4.129532976419200696e-02
-7.938508044586933821e-02
-1.690684894424690776e-01
-4.206584950724924776e-01
-9.585178970999094217e-01
-6.101423894639286249e-01
-5.049363253260047424e-01
-2.340247700295410849e-01
-1.134958023744547795e-02
-1.012098656898213489e-01
5.469819251281896749e-02
-1.939425069409705937e-01
6.148405265473284587e-01
3.742504316886727800e-01
5.624624871431788131e-01
-2.928509469970585477e-01
-1.055660974324344747e-01
4.902922661981599095e-01
2.815877049950391009e-01
3.149701866006581197e-01
-9.672164179524266325e-01
-1.081349444566904960e+00
-5.797979867341934712e-01
9.268249919460587183e-01
6.183343972574064651e-01
8.821628806817808366e-01
5.215289400236670925e-02
5.966505416281527724e-02
-4.044556197448135881e-01
3.638666152329891879e-02
-5.394590073475235004e-01
2.902741912448616457e-01
9.279095997675989027e-01
3.080148313847022035e-01
1.038701965963262364e-01
2.637659526476742178e-01
3.449147153013332745e-01
-2.998621155377665382e-01
-1.170489756480254384e-02
6.171811215167848363e-01
-1.990089152784353110e-01
3.776100605105325303e-01
3.251516054336438533e-01
-2.550421063307720115e-01
8.143597420639440143e-01
5.204973760585691611e-01
3.630111958680385387e-01
-4.161842844693591781e-01
2.873258020614081198e-01
5.928943942476054829e-01
-4.287595679661866388e-01
-4.630908972910966481e-01
-2.758462608314015685e-01
4.042074239002481084e-01
-1.650501827652697817e-01
-7.287529721582444164e-01
-1.928687783685864021e-01
4.169644208137955887e-01
6.117546029742131353e-01
1.994111126793969291e-01
-4.539686326077273237e-02
9.383170765235382405e-01
-3.461652095476910884e-01
2.257053823504845957e-01
5.070400964462816740e-01
4.555420242979342782e-01
4.293890831936973684e-02
-5.845808881630089049e-01
1.049634568630118114e-01
-4.766528652455296333e-01
-7.170671539042128284e-01
-2.392871407877936729e-01
1.601672748341231300e-01
-6.686513737466133200e-01
4.520711791510510502e-01
-2.251846064710475714e-01
-3.337888151303718964e-01
7.473511929311588142e-01
-2.670186225649958667e-01
-1.784065458479457522e+00
-1.790717025997521916e-01
1.774369530199833567e-01
-1.010777285400326075e+00
-2.169592400835737289e-01
-5.831253415308363941e-01
-2.057819496350986321e-01
-2.639005295624471947e-01
-2.013277188552042851e-01
2.805417511071794379e-01
8.997897432859597311e-02
-2.901971062848784366e-01
-1.044254649426509474e+00
-3.100927806798904340e-01
-2.609638469372030922e-01
6.797094533335265032e-01
-3.673984374274971154e-01
3.359557095367792234e-01
3.038307019872567571e-01
-1.484066817841974140e-01
-3.083201814279940556e-01
8.957490964260563793e-01
2.991778365655508587e-01
2.301035986569222591e-01
-3.942458425493747254e-01
-4.093358131428673774e-01
1.126899615219828066e+00
-3.354367205581300637e-01
-1.542421399220472167e-01
2.259921345978009866e-01
-7.082255675367309378e-01
6.928291688692425621e-02
4.704077291034324815e-01
6.777120982088613577e-01
2.257044196040823292e-01
2.965066030337543124e-01
7.173354038498838126e-01
2.035787752898123026e-03
5.562915525497263980e-02
5.379192290900254303e-01
7.044944821765224408e-01
4.513515631758947544e-01
-1.221434856742449893e-01
-2.288705678932833817e-02
-1.738899525239676336e-01
7.090359676256722254e-01
-4.806418612648931110e-01
2.457337478540813636e-01
1.618601516641818283e-01
-3.620505853321573375e-01
-3.199952649306812141e-02
-5.825635486955306197e-01
2.966214527560432357e-01
-7.167436777446858365e-01
3.221848901797926823e-01
-2.055889391012924727e-01
-6.082913205588766914e-01
3.793592031074419779e-01
-3.908026835362581400e-03
4.265136274635615565e-02
-5.605165531698266257e-01
-3.340901130275468756e-01
3.427161153636948399e-03
-4.528324365872773982e-01
6.626368395218804608e-01
-4.440044260658966291e-01
-7.038511804610843026e-01
-1.523480393972012348e-01
9.357841181494950256e-01
-2.434939938052741448e-01
-8.302352968843517145e-01
-4.223051933232230271e-02
-5.868221476264831593e-02
5.093961499854379182e-01
4.715344775584413006e-01
5.236946398418065307e-01
3.494554428710398009e-01
-3.841115710246735815e-01
6.286190842827856784e-01
-3.321102578652767590e-01
4.394366481632493160e-02
-8.964848411574889431e-01
3.444737152094478061e-01
-8.722021700430460101e-03
-3.244380953952230584e-01
-3.534714927478140312e-01
-4.222857406508743194e-01
6.201441531339328961e-01
-3.452550871091317197e-01
1.541713347110135746e-01
6.268968551494318309e-01
1.189714414805405296e+00
9.530379267258712317e-02
-4.698276949024224325e-01
6.243183809198318279e-01
2.614673261611760169e-01
-1.383722109320680571e-01
2.680189704095213843e-01
-3.179779097679254485e-01
-2.544223450616270310e-01
-2.895639317299580906e-01
-2.346002496359804734e-01
-1.103768982975931040e-01
5.939264576816714047e-01
-6.327391084079565520e-01
-3.461995385468470965e-01
-1.387045222945084422e-01
2.173659623529063389e-01
-6.799892680889962904e-02
1.599885793515533339e-01
-1.032381251118013876e-01
3.165760257011600576e-01
6.846877450852306701e-02
-4.145021631489889669e-02
-5.852269122907364229e-01
-1.102971288205236294e-01
-1.302163624784104856e+00
-2.686732931867077956e-01
-5.703357986439010485e-01
-5.196304017710349221e-01
-1.746483054690915471e-01
-1.000869780377943163e-01
7.890364886821349399e-01
2.998650410811363187e-01
8.631729095204923041e-01
6.078259165658457253e-01
1.121903719416278422e+00
2.945571191482458939e-01
1.438848095156108620e-01
1.119396222922297568e-02
4.843497055207798274e-01
3.373116775602215123e-01
-6.770398704674733814e-01
-4.441606586642141696e-01
-1.521570132989155111e-01
1.499002325491312626e-01
5.930394558748694478e-02
4.502365296161601194e-01
-1.063040762524241734e+00
-5.397944963792958850e-01
3.820445364041914066e-02
-4.139094675472124729e-01
1.160184462013050949e-01
3.267363050480868725e-01
3.686050527232730967e-01
3.565075977360796511e-01
-2.577589018226453255e-01
-6.882923144611061139e-02
-1.163930811457278419e-01
6.735959312126770238e-01
-7.811940150369286462e-01
-8.705707499379433667e-01
7.421428062815101923e-01
-5.292115953938707484e-01
-1.613377460482636194e-01
2.475879197926113828e-01
2.278807932509554213e-01
-2.275965316245824877e-01
7.359485579751161577e-01
-3.288682035503748824e-01
-1.198238773409804891e-01
3.533471662578278605e-01
3.164856748176325674e-02
-6.459364599659382922e-01
-9.795077516559731468e-01
-1.915538796463787385e-01
-5.553888436252797378e-01
2.553622246843689214e-01
-5.282639510634090652e-01
-5.196608788274230672e-01
3.102336769614539858e-01
6.307973776167170588e-01
-4.539267035004838635e-01
-1.475217868923701658e-01
-3.268211763960523486e-01
6.595696792802294706e-01
-6.050090515075837727e-01
7.682673645278024210e-01
5.315149837536461419e-01
-5.613121139366236134e-01
1.558745682040600378e-01
-3.892522283373982261e-02
-8.577728547485397037e-01
-2.896892821493680659e-01
-4.775909933474233315e-01
6.218494835533912024e-01
7.129700677788066709e-01
3.066307097228761908e-02
-1.177520727289363300e+00
9.762843851405983431e-02
2.744266369960833840e-01
-5.464835421132047122e-01
4.598713438785657637e-01
2.317495723920963702e-01
-2.541711677089778521e-01
9.790524433818863503e-01
-4.237321817922267697e-01
5.627658735895488817e-01
-8.388460698325715670e-02
-8.628365279733458681e-01
3.921704883410066511e-01
-2.042025951878855827e-01
-3.752759591909140546e-01
5.677637699796577175e-01
2.220812994025664344e-01
5.574969477987904432e-01
-2.490900023589669998e-01
5.572115819964527095e-01
-7.287882297402721588e-02
-5.565973650562671127e-01
-6.886981996181329446e-02
-8.519589637504229596e-02
-2.324855525180408722e-01
-1.667959966792332549e-01
1.308282694027537718e-03
7.908260376498920108e-01
3.560556128127945752e-01
-4.826657498798811452e-01
-6.685671011536524766e-01
2.951492971005549859e-01
6.355535082467276276e-01
-4.857965708349258893e-01
2.338558985273868629e-01
-3.676464477127057706e-01
1.025239024397232690e+00
1.200502249777322339e+00
4.086415820780244235e-01
3.817403802625916054e-01
-8.952009654962838070e-01
-1.565903160403896988e-01
8.618170635003420677e-02
-1.258771947785878309e-01
5.668358301885494388e-01
1.252256278798282441e-01
-2.273333351848898509e-01
-1.009786242710092319e-02
3.754591165817949827e-01
2.543633783912362389e-01
-4.186608203175510301e-01
1.030696884336254615e-01
-5.082656269893168766e-01
2.505398100569871112e-01
9.469679645460571393e-01
8.678946632682372764e-01
2.035727210787522667e-01
-9.002630438900455223e-01
1.309548786259907338e+00
-6.609772375257656485e-01
3.394053661278103595e-01
-3.319311451414505010e-01
-6.330011240689945029e-02
4.449014083149134824e-01
7.598116241786696534e-01
1.879628232391043485e-01
4.274554107786864010e-02
5.539368981609247289e-01
1.490885607457116679e-01
-2.889352605589767808e-01
-2.253248889078250661e-01
5.505433784681353082e-02
1.003677072768304646e+00
-8.150779814475526130e-01
-3.944210071455640509e-01
-5.571932673765386257e-01
-6.786439365291728754e-01
-6.987394848460737329e-01
1.970572773867455552e-01
6.170134176459268760e-01
2.491825332711506205e-02
-6.087782487228144968e-01
-2.239618114876601451e-01
-1.081752699103687848e-01
-5.155082169026240502e-01
-3.430985560319968486e-02
2.105169983356193764e-01
-7.766481155502235056e-01
2.059411943371695641e-01
-6.407633887958735786e-02
4.820355580353465896e-01
8.824137932147559094e-02
-9.694031466149041765e-02
-8.474694545219292330e-01
1.755856911294523537e-01
3.240788770159438448e-01
-3.609326775419849920e-01
6.605339712423303755e-01
4.318980766464512455e-01
4.076182223836466445e-02
9.875580762141937807e-01
3.252914592109318326e-01
3.802715817214905036e-01
-4.108004427682814264e-01
1.091420023457532640e+00
5.848031120861318932e-01
-3.437519444901321886e-01
5.439062667770271364e-01
1.096532973890873564e-02
7.874463942243796755e-01
-2.632212081530380665e-01
9.126693852989201106e-02
-1.134299195691491402e+00
4.673846198112801553e-01
3.940529923931532230e-01
1.274016878021115851e-01
-9.187689628163654421e-01
7.575186401407544290e-01
-8.055495518024327062e-01
-4.519847673224974827e-01
-4.924231339679174257e-01
-5.878538759430181893e-01
4.123987631753004979e-01
1.784889831856147913e-01
2.887511625659020670e-02
8.191507718277891703e-01
5.772898811561457677e-01
1.367346729449438802e+00
3.757983802907197135e-01
3.785316545268604393e-01
1.509293172496699587e+00
-4.659118925727171456e-01
4.609063828755599612e-01
-1.652901326571988294e-01
7.381685715578916174e-01
-2.687281333122943927e-01
-5.779613596848552914e-01
-5.209731873614855679e-01
-3.199157271376198430e-01
-5.334690420165317803e-01
-6.735265590968280147e-01
-5.386743837120695488e-01
1.040789201065621450e+00
1.064169871832224001e-02
-1.888351969600502167e-01
-3.320882398952632042e-01
2.000628607015734195e-01
7.959868673440098630e-02
6.556192655349591947e-01
-4.852620791439777453e-02
4.874238457117553436e-01
8.950671700440598899e-01
-6.527041929340382520e-01
2.059159386971187444e-01
8.485818157264671813e-01
9.282010460882140768e-01
-1.115030060262534040e-02
2.274652932937273331e-01
-1.196646082191819005e-01
-9.171067017466696947e-02
-2.857477353471261639e-01
-3.872447784767551471e-01
-3.906234801306779914e-01
1.360647816188703951e-01
8.017781062027934391e-01
4.926373888872289664e-01
-1.770450457008089229e-01
-1.149312974164109907e-01
-5.752410887943202322e-01
6.803484159424665334e-01
1.882783308748262607e-01
3.859727014652407640e-01
3.482355379573722765e-01
4.728940208269568068e-01
-8.870134980183108642e-01
3.187687074272386178e-01
1.122260374600312138e+00
-5.564273670486916124e-02
7.676918200893217969e-02
-2.384168386772287374e-01
1.437292445194525425e-01
-2.682673732960519919e-01
1.034889094775813589e+00
1.567598788342643157e-01
3.483790057527594852e-01
-1.198300554847622212e-01
1.901821934874798337e-01
-3.753803330886613665e-01
-7.041305106800750668e-02
-1.219094607261958646e-01
-1.526935575370518550e-01
-1.335488503053032794e-01
4.707932871044109846e-02
2.838186043584005058e-01
3.327652979670574218e-03
-4.718875769326495995e-01
5.212778426462768566e-01
-1.525149357525946436e-01
-1.043329517085860303e-01
5.162511361462693849e-01
8.618844356933801076e-02
5.756573515336205205e-01
7.005378502165318100e-01
-2.424257935792179242e-01
-4.325999058250037943e-01
-9.689067336201135916e-01
2.180513557769987454e-01
5.018344178594246197e-01
8.164153645433056550e-01
-4.255505681082062952e-01
-7.520097120145390057e-02
2.644746505486246790e-01
1.558879807760861491e-01
-1.706643934961526166e-01
-5.962848776667924872e-02
4.721620333749010356e-01
-1.106142615009971242e-01
9.334477656298970083e-02
-6.493943908793380348e-01
7.977132779758714376e-01
4.831363407774421637e-01
-8.450544387704502780e-01
-8.044708142944501095e-02
6.958107767340745431e-01
-2.022905305251513908e-01
-1.105162880510778267e+00
-9.541928348334278720e-01
1.646959365449641721e-01
-3.930970364637071390e-01
5.544994663313613792e-01
2.010925465730467598e-01
1.803292122145775389e-01
7.102015494970350673e-01
3.650587484253201564e-01
2.419701825245071380e-01
1.692374693637342942e-01
1.079396633472850531e-01
-1.781979481130194221e-02
-1.465402303193865385e-01
4.492685052715861826e-01
3.547207361189862462e-01
-2.494382871868041363e-01
-2.311463849777700696e-01
7.509556097697491772e-01
-6.778041889378474405e-01
1.058864059515561978e-01
-9.478108168484180585e-01
1.279416581353072235e-01
-1.418867498629808654e+00
-2.031534267443814712e-01
4.029465916508565004e-01
-4.135204397614940519e-01
2.345215296128595195e-01
-4.506902951683896541e-01
-2.963516526747499436e-01
-2.014094835866640232e-01
-2.333824369823966904e-02
4.120297321838476967e-01
6.079600717947433175e-01
-4.861647882968531675e-01
-1.239360470691468624e-01
-2.184728957910682112e-01
2.551576085963691565e-01
4.934824798416619918e-01
2.452491189061383747e-01
-7.070805557738486513e-01
8.088713153760846986e-01
4.719579816593456045e-01
-2.387438181022339956e-01
-3.118092773081196922e-01
1.375089582084945972e-01
-5.094290430718446672e-01
5.667812510049391461e-01
6.386802990225734500e-02
4.992389292915452859e-01
4.055541413115950067e-01
-5.211373858813981297e-01
2.131688261360948911e-01
-1.693587792966189942e-01
2.356685918950577469e-02
5.033434925480627653e-01
-3.889228068496743407e-01
-6.805401333647526085e-02
-5.239902351738053854e-01
1.128409970615629476e-01
5.857271269262376290e-02
-5.023663686710563847e-02
4.570968262772676649e-01
-6.922785880151345328e-01
2.867222723540018281e-01
1.797139194780458804e-01
3.899471749704815082e-02
1.050538095624393153e-01
-7.771814222727664312e-01
-3.122285681479968211e-01
1.867966649878461116e-01
6.584362830531801380e-01
5.133983194269616662e-02
-6.933817672635615992e-01
2.065293868738918293e-01
3.239681782045484848e-01
-3.753087774719871539e-01
-4.626549950714228254e-01
2.012540706835736493e-01
4.868368013022245089e-01
-1.957290486583124767e-01
4.259351647661904217e-01
6.255938926882986806e-01
-2.099496802003454621e-01
-5.373723377312868976e-01
-5.249442219704610890e-01
-1.674820618478833900e-01
-3.208912989918191738e-01
-3.021574073300178354e-01
-4.177143622940554524e-01
-1.425591249973973129e+00
-1.546572199517093349e-01
6.853146699919820950e-02
1.227099763288002077e+00
4.228661676988525464e-01
8.573004963744232931e-01
5.308352312724483602e-01
1.046725357969670034e+00
5.366658199995971712e-01
-5.488012004582693004e-01
6.638828343226599316e-02
-3.983100104952478349e-01
1.082086569122026942e+00
6.513871306326963762e-01
1.044715912272551117e+00
-2.204246760804791927e-01
3.216163446706506168e-02
-2.442041778225081117e-01
-2.945988420408973685e-01
4.717970706641393397e-01
1.750752538652352031e-01
2.842817505956581337e-01
-2.354586159144845536e-01
2.706466678375928081e-02
-6.420134606878088457e-01
3.550624104258108260e-01
-6.785740204416175203e-01
-4.866872968694915813e-01
2.329227708268751806e-01
-4.923497367975012140e-01
-6.594971872546820935e-01
-2.158967633458064028e-01
-2.440333895161233557e-01
1.080056987474697916e-01
3.387494715367769249e-01
7.321974936488956365e-01
1.541047188740111290e-02
4.422721044694602477e-02
-3.271772385769028402e-01
-4.316380307413195672e-01
5.709906832126153686e-01
2.376052099150104679e-01
-8.116611305049765690e-01
-2.951018174244940395e-02
-7.156193987492300845e-01
-3.085545501251967804e-01
-7.960537238936765680e-01
-1.059449598615378740e-01
-4.282935936612019545e-01
3.217682496957600113e-01
-2.446988132138669947e-01
4.195023493573732942e-01
-7.136533370328612680e-01
7.182513676349501219e-01
1.165299347054601919e-03
-8.055228454992380271e-01
-2.794398306807566179e-01
3.174689488186920872e-01
-8.447523602063926329e-02
8.139655539986858160e-03
9.426849141054280401e-03
-2.642884093995475636e-01
5.745450913116186692e-02
-3.028129194053884032e-01
-8.340727378386413315e-01
6.894575637615965036e-01
-9.626042818502463794e-01
1.335671913884457718e+00
1.576799251748519926e-01
1.850634387609066400e-01
2.973768118473252287e-01
-1.939633636077603140e-01
1.091204795383157178e+00
1.133888535327653102e+00
6.965356562246647343e-01
8.658744344527348202e-01
-5.504378821258614218e-01
2.468702857833512954e-01
-2.239170060063926104e-01
-1.167101559700007285e-01
-1.434106882107161751e-01
-4.937503328098581390e-01
2.713064289464378054e-01
-4.771389988062229581e-01
-4.939692248084512349e-02
2.117368355451360040e-01
7.139554894846579514e-02
5.165448139819424078e-01
1.197307958952368523e+00
9.602159353412570431e-02
-7.411516374978051047e-01
-1.966154195728961329e-02
-2.316140076640880452e-01
-2.283767173107380533e-01
-9.795029497869479629e-01
-1.138573155327870623e+00
-6.172737463805711977e-01
3.556672943640788453e-01
2.766944086186182705e-01
2.958956779226454281e-01
3.069019066444117483e-01
-4.667715825379848416e-01
1.924325475798786544e-01
-1.529429753495847588e-01
-2.178111755962097440e-01
-1.208610020775380711e+00
6.052798321560062811e-02
-4.042883761305435253e-01
-6.039730124311920578e-01
-6.977321057541236993e-01
-7.815515170811233592e-01
1.233826700430456391e+00
-2.483162570795403035e-01
9.936754075881758241e-02
-6.913969844292103262e-02
-5.079656934545350166e-01
1.096250030745701265e-01
2.623687107950402053e-01
5.734239297006691327e-01
2.244529816359668029e-01
2.296870191500010039e-01
6.250225417220353075e-01
9.822922601476633542e-01
8.551140038542620614e-01
6.385621879807694412e-02
-2.510618731634386425e-01
6.547908679512677299e-01
-8.665744775648591691e-01
-2.944287989448768905e-01
1.243529258200101184e-01
2.474914423926332374e-01
-5.856906521710555369e-01
-8.315510429667749559e-02
4.178096399965813834e-01
-2.315641266984033164e-01
-4.402615877426013791e-01
5.214256820005638282e-01
-4.374690509338065025e-01
-3.554035713844675981e-01
-6.396969965081877874e-01
-5.243783182743371185e-01
-8.070451472150229344e-02
3.241814307936991546e-01
-6.825342856520418833e-01
-1.038540163861537691e-01
1.142352911064240251e-01
4.154915025166233677e-01
1.002039673117097518e+00
-2.229461571179190416e-01
8.110514183001360511e-01
1.722380161495769835e-01
4.363500710745912836e-01
-6.817255932163999166e-01
9.226727785441457552e-01
-9.388298517555571099e-01
-7.181708656252154543e-02
3.827822165715799585e-01
6.217786825058156941e-01
-4.045638190705558301e-01
-2.607440107963734932e-01
3.261941202922338801e-01
3.087017727414172186e-02
1.899284397988058315e-01
6.654669976236655682e-01
5.236454201884622739e-01
8.149041215474146505e-01
-4.574861491047148010e-01
-6.672095531144182079e-01
-1.005623778346425995e-01
1.476383058054119846e-01
-5.526370917524037890e-02
3.363144059472704117e-01
1.886174111172556067e-02
2.371476365049057511e-01
-4.632904103898209391e-01
-7.035173747114424891e-01
-5.787563307721586003e-01
-3.294606846279696799e-01
-3.096598392312152059e-01
5.070037337905547448e-01
5.043430720198737172e-01
-6.921352225664336721e-01
-5.117764573834292507e-01
8.470922525964365013e-01
9.389099464496527547e-01
5.191014040875664426e-01
-3.390119113665511219e-01
-4.920455144499363276e-01
-5.319191991754784743e-02
2.069091136624751082e-01
4.016648311691188300e-01
1.186103318850949107e+00
8.614367490270559147e-01
-1.472881592317409338e-01
2.162843415899098065e-01
4.683640190868519348e-01
4.462857943855740861e-01
5.478118722736150525e-01
-3.291895973116731877e-01
-8.030507886919641125e-03
2.820975754816410497e-01
4.738777949041136361e-01
1.868491449396090798e-01
1.783081012837538226e-01
8.445278237679121336e-01
7.005338939438481294e-01
8.553025690554882932e-01
-1.357336161931720908e-01
5.195511379450566958e-01
2.505072686134038884e-01
9.336248523228111995e-03
-3.717238308645378631e-01
1.866406203223673621e-01
-8.317767163248238615e-01
-7.150553746520382781e-01
2.305519556845742057e-01
-5.084535041976083747e-01
-8.437215201725991598e-01
-3.673361312902846953e-01
1.319125632758099687e-01
-3.750032517056042236e-01
-2.419305775738012088e-01
-7.781164550057799723e-01
-2.788525260638134995e-01
-6.147619384526833430e-01
-2.646112446288297892e-01
5.280579859826584066e-01
6.553412351511559431e-01
-4.476265732996440039e-02
4.356042930817314307e-01
1.276241915294840656e-01
5.011453973231574932e-02
-2.937459227711094467e-01
5.922081693599547947e-01
3.071348394576028928e-01
9.230425214167403691e-01
1.281876953180693113e-01
-6.431549808344934061e-01
-5.526120402792932262e-01
-2.420730686214671579e-01
-2.927665066643930780e-01
2.754676818671812910e-01
1.632349864734782274e-01
-7.537460737438679281e-01
-1.624808209072836906e-01
3.194375925400560479e-01
7.964500492756740879e-01
6.064116456638821151e-02
-3.417909757585831376e-01
-2.690571298171556269e-01
-5.580582425062401430e-01
7.909578185276030515e-01
9.675358776116178561e-01
1.902889391164905575e-01
-5.241246387183747801e-01
-8.205402831952342269e-02
3.087630924557165923e-01
-3.596823683967265706e-01
-2.137397496240000250e-01
-9.612003658082708679e-02
2.051685755861439031e-01
1.759604142403034810e-01
-4.860270195314142505e-01
-4.907307173343609108e-01
-4.449352963576370112e-01
-5.511039001554568495e-01
-3.143114477615691627e-01
1.413790413309357619e-01
1.642555185928206152e-01
-4.144266846310440400e-01
2.037710458474322195e-01
1.298561027834494175e-01
3.775957405299288361e-01
-9.791795975017864029e-02
4.670400338538218676e-01
6.902653014413974164e-01
2.049319069063240684e-01
-1.168731607332203604e+00
-9.481442581182453200e-02
2.391935643728962391e-01
3.264907509179996170e-01
-6.089032906278858404e-01
4.038177196883993569e-02
9.541415985276956446e-01
-2.154860394664225298e-01
-6.086358525268731334e-01
-4.694580540128179269e-01
-7.857007129466420103e-01
-7.382867937434478556e-03
-6.772483123918843217e-01
-2.758673978546845040e-01
-8.375930408694647333e-01
-4.626195491240365776e-01
7.451205972043905001e-01
7.164975096316979208e-02
5.386035034470806337e-01
-1.196808615128851505e-01
-4.303530650953973913e-01
-5.220816850603832854e-02
-6.584902314640215248e-01
8.203434089730821110e-01
4.819815477705967632e-01
-1.781284139658009524e-01
-8.251610299214263700e-01
-1.069893452887357155e+00
-5.229106013371825901e-01
7.763931743908656369e-01
3.150888516733640898e-01
-3.733074262623979900e-01
4.642399840054279303e-01
3.517709956367302826e-02
9.783034278908151471e-01
3.141853816878919514e-01
5.735025302473436559e-01
-3.035268435220681016e-01
-6.232054293329508665e-01
-2.953453885693270164e-01
6.223192526074048381e-01
8.503820741504612979e-01
-3.797166070652666786e-02
-1.935601783775819651e-01
-6.715426413400090722e-01
-1.273049671811599115e-01
2.914771569415320340e-01
-3.810573946676003576e-01
9.864063764099180176e-01
9.210987651879541660e-02
4.081589843227685366e-01
-4.031209662417876982e-02
9.227245159502102112e-01
-4.263012690337003585e-02
5.281627538004224354e-01
3.329125091033720563e-01
3.105225936008912946e-01
-9.122065844105695653e-01
-1.248894391841544604e-01
4.531695921744239852e-01
1.462966147185343069e-01
2.372644293806481786e-01
4.816680006574311501e-01
-6.079002578573660109e-01
-1.671119602615452615e-01
-1.605344899271242964e-01
3.476642623564377699e-01
3.172743572589243888e-01
-8.542180664415035540e-01
1.536331685328638508e-01
-4.626443807441286138e-01
-7.660238582279275121e-01
-2.698469307785977822e-01
3.381301919219742991e-01
-2.647612394606054798e-01
-6.394863568575809287e-02
1.887865639393102590e-01
2.444617398234774641e-01
-6.978489566821519663e-01
-8.524338072442604330e-01
1.319932289250058156e-02
3.769244894279663582e-02
-3.189667900819943003e-01
4.626816281517298624e-01
-6.018779705057389906e-01
-3.023475550007620472e-01
-2.826287117646412717e-01
-1.007334636007659379e+00
-1.515298080330889363e-01
-2.998776204171713644e-01
-1.120843657170223495e-01
4.601211442081136194e-01
5.978295607755251817e-01
1.733782690664971704e-01
-6.481500277895365647e-01
6.666218100586993600e-01
3.572384886104602031e-01
-1.476395976365886042e+00
-6.695422954247365332e-02
-6.800073213821178353e-02
-2.413886890438579347e-01
5.113213584026736758e-01
3.284809558780348859e-01
-2.793311535663990930e-01
-4.119103730145675102e-01
1.460306287984946272e-01
-7.615092322890379406e-02
-7.473323238292421677e-02
-5.624005537294857193e-01
-1.094344186428807930e+00
-8.824957388574922179e-02
8.598494304941833866e-01
-1.065992446625840806e+00
5.876837951326485676e-02
9.979582506126857822e-02
4.337116995683156784e-01
8.724545441328170892e-01
8.671913632693216412e-02
-2.845937353227876998e-01
8.285689668571711852e-01
2.729342022944278856e-01
7.294897961894712957e-01
4.361130158280105418e-01
6.400634993446461252e-01
-4.811509837885412644e-01
-7.660361337055339170e-01
-2.305687332251949162e-01
3.037662702732466524e-01
-2.509260636774178210e-01
-1.787236445225608428e-01
2.265256258219877084e-01
-6.926215926020521385e-01
-1.401001576659535036e-02
-7.451189515488807480e-01
-6.878936241507297433e-01
3.317288295868258685e-01
-2.025459907525326564e-01
2.562055488817467364e-01
3.486768271163423472e-01
5.686404625320608253e-02
-1.730830575371900687e-02
-9.348958250764413114e-01
1.291684084813136679e-01
-6.829196311287681898e-01
2.823784341750902316e-01
-5.489812930394207813e-01
-3.638572110662058878e-01
7.926897131218507697e-02
-9.149611183372678980e-01
-2.739678581729755313e-01
3.597811837212788744e-02
1.060149602321318052e-01
7.692811153560927817e-01
-7.880390895336305546e-01
2.520445690591212318e-03
7.258677799712512924e-01
7.814821444335999789e-01
4.689974750849995599e-01
2.284973356008293266e-01
-8.756035968114458390e-01
-3.460314825464934629e-01
-2.401375523052892424e-01
-5.017419677602532602e-01
-3.071666151030831293e-01
-3.532122622521295663e-02
-4.573370454377431171e-01
-1.847037940833368141e-02
6.714754131433313677e-01
-2.519142122203782974e-01
-1.553700260685851875e-01
-2.120911116994931289e-01
4.971392789658283795e-01
-2.985428632304962804e-01
-8.348170994349374263e-01
8.499873724687870280e-03
-2.896928189553469313e-01
3.152908212406494437e-01
1.872703796041284008e-01
2.818687427222625330e-01
1.948290560114025738e-02
-1.949109413905077415e-01
-1.325748100117969674e-01
-3.103452736222218622e-01
5.323438394719728350e-01
5.833920785726758734e-02
-7.061453257450261978e-02
5.734721961973896498e-01
-1.543648228610066342e+00
3.454450653386916259e-01
8.520728836702299303e-01
-1.020233327584449123e-01
-1.676430444861793378e-01
-4.413313157804735209e-01
1.776794195769112461e-01
-8.064918643299601175e-01
-1.242062713889107439e-01
-4.581822766887334586e-01
1.227656201636875555e-01
1.130998317910082845e-01
3.540105709388792765e-01
-2.760471738600897562e-01
5.274243432907662621e-01
8.084001641402521754e-01
-1.824099802573983242e-01
-1.922818212655674763e-01
8.112277897014459338e-01
7.266906680563118837e-01
-4.723140917790253357e-01
-2.033393202938727495e-01
8.930315813523308499e-01
-3.760610904715834535e-02
7.433955155772129508e-01
-2.204862327964634827e-01
6.552120360203764760e-01
-3.160355317991254687e-01
1.114160571403077782e+00
9.925336976101322151e-01
1.687447292504679341e-01
-3.247396313213354313e-01
-3.246178340984653410e-01
2.159736105761036751e-01
-1.506145701160184758e-01
2.424231098937004170e-01
2.169338955171860595e-01
4.268850470041143375e-01
5.297554531744148587e-01
6.041394189488723254e-02
-8.608162223327293638e-01
-1.411072191605597104e-01
2.149122462972123393e-01
-5.350684762621276125e-01
4.919841784318549904e-01
1.102927437522539800e-01
-2.955969007424058548e-01
1.517808440991861296e-01
-9.908184200961609456e-01
-4.027066006582195601e-01
1.117778714001648632e+00
4.417666469932488016e-01
-3.331643945024219122e-01
-1.449761267252607511e-01
6.247715738475064784e-01
-2.380881412698780397e-01
-5.792453252710221268e-01
-1.964414782121712277e-01
-2.273058212522204302e-01
-4.504263895617515168e-01
-2.300454046591500490e-01
-7.249689418732324642e-02
1.004707782860017051e+00
2.816301731813183884e-01
1.785978982062653431e-01
-2.172474142588450841e-01
-8.358789976555636159e-02
7.043564577924423808e-01
5.453118036537918378e-01
1.919684354944393712e-01
5.866926022140833002e-02
-1.095516022116406862e+00
2.990328294707313983e-01
-6.281656355293885330e-01
-3.100763526233534240e-01
8.414096896334685161e-01
-3.513142757432350938e-01
-1.788550646274711942e-01
-5.219332536791242427e-01
-3.426446946065384025e-01
-7.756397521161044750e-01
8.649952587111520153e-01
-9.104100431297178497e-01
2.473287056168879949e-01
-8.706349353839983873e-01
5.978743175794404285e-01
-6.089613672436698932e-01
4.949626566194560012e-02
-2.569434285689483621e-01
-3.101302103287628675e-03
9.017019074603784823e-01
-5.246609982189449212e-02
6.009615541771523572e-01
2.824106125135506518e-01
-1.528095370369929595e+00
2.060524201016940005e-01
2.217876441618485961e-01
-3.510429808598646284e-01
4.044371157233284664e-01
9.852077835908424897e-01
3.805464064570236032e-02
2.785607027794935187e-01
-2.535032235691464519e-01
7.069762300438253710e-01
-4.493908942049840705e-01
3.518162819765819904e-01
5.999764825193224516e-01
-1.869832253309668069e+00
1.045467562621522184e+00
-8.155697013274122442e-01
-4.932317874597404450e-01
5.044158032117979779e-02
-3.776227934734194269e-01
-9.133805176463204445e-01
1.229967932465647174e+00
6.441123357070397404e-01
-3.189674394115059597e-01
-9.037425929479778186e-02
-2.119129116949470815e-01
6.207784039812117571e-01
-1.236768004936723148e-01
1.889667877605848839e-02
-7.974959253495775280e-02
-1.939486301589207207e-01
1.556303471795563720e-01
-6.915784083452161668e-02
-3.505349970015835814e-01
5.087063296496243670e-01
-7.077904338021647757e-01
4.810780083079357339e-01
2.372598343116709141e-01
-2.140690095720723662e-02
-4.680866221056988463e-01
-6.321872371441317195e-02
-1.467332929759866678e-01
6.348957791499187930e-01
4.097406441185003079e-04
-1.935138096046870038e-01
-2.370841891863606499e-01
-4.020867288387058314e-01
2.308296057461216647e-02
-7.391262218562442143e-01
-8.126663038807241390e-01
4.524227532707176813e-01
-5.532985921043892530e-01
-5.654642572611490170e-01
-8.942859700463223760e-02
7.186322997419478109e-02
-1.005882312026609604e+00
4.319582126497211183e-01
2.607751259684444323e-01
-1.087033842536377026e+00
-4.405483759222389439e-02
-3.341983348707404655e-01
5.727181808845956956e-01
2.546248238056549873e-01
2.422918235807583476e-02
1.522501768594982097e-01
-5.647036070414108710e-01
5.526059870000927798e-01
-3.040968850890081732e-01
2.569273681667745834e-01
1.047782771901643928e+00
7.086572165514354316e-01
-8.480977965898071069e-01
-1.977115945253681006e-02
2.681817760493311886e-01
2.780340647135386423e-01
-5.369839728045607830e-01
3.388508540214238973e-01
-1.692540294402898604e-02
-2.720727822108960359e-01
8.514161554026680734e-02
4.915757874213732004e-01
3.851943146576242150e-01
-1.262291125861891183e+00
6.997792558908583205e-01
-9.173309700082975526e-01
-8.875381719800961022e-01
1.369997782516631513e-01
6.492833393496363348e-01
-5.633293694568963783e-01
-2.701135972302531330e-01
-6.942371900067469959e-01
1.130804031256471553e-02
2.679072877454747315e-01
4.796138149947972579e-02
8.090403214817994959e-01
5.326549648561058614e-01
-3.284277675780449685e-02
1.173875554111570158e-01
5.656463531966315905e-01
9.203597857738415877e-03
1.290315673614194081e-01
-4.083043357745734792e-01
-4.908350493471788090e-01
1.427261171921565264e-01
-5.373503227023968681e-02
1.332710800179233157e-01
-6.114251977999363152e-02
-8.744355186451910344e-02
1.359494420618503341e-01
3.203247787285087300e-01
6.588786181984876977e-01
-6.912297799405210386e-01
2.162892259138723128e-01
3.219901440770274181e-01
-4.355700916110448739e-01
1.067447455154830971e+00
-8.239801135445469216e-01
1.082042972360650473e-01
2.957208534581364789e-01
4.475506490259840708e-01
1.058516979720028450e+00
7.753451594653388845e-01
-6.334392073933378109e-01
9.103377627899794655e-02
-3.746992497572246839e-01
-2.000099327162219165e-01
7.654029787745690872e-01
-7.979111965889268410e-03
-1.040897718893819546e+00
8.995516248773196555e-01
-2.147467519641789446e-01
1.119177148756656859e+00
-3.384478773976097310e-01
-5.697369710092863720e-03
2.133153556417073382e-01
1.187674455137111978e-01
-1.307473226161899038e-01
3.684662426502304661e-02
-2.113073038871676745e-01
5.103083929855732892e-01
-9.052633787161300516e-01
-2.632902726879951527e-02
3.376397531558015253e-01
2.718401109778709190e-01
8.103675853128952111e-01
2.367458548768480997e-01
4.172855128530547075e-01
-4.639622550185630856e-01
2.601486018337283990e-01
7.940322968059809750e-01
7.173273714327052519e-02
-4.365163268599245305e-02
-5.668585461849332541e-01
2.442343832677083826e-01
-2.385525961827362484e-01
-4.656587043636329359e-01
-4.006837212379221747e-01
-7.000481000688999478e-01
3.615740370038007800e-02
-1.320905927949107828e-02
8.296438517232498366e-01
-1.344929271394668668e-01
7.084746653360772806e-01
7.768389002545595945e-01
5.267438788924485582e-01
-6.304267566182728544e-01
2.985788630160906010e-01
-3.892004934580129416e-01
4.117629178013750835e-01
8.196697020792949040e-01
-2.868614422200347902e-01
7.374202593687010365e-01
2.174638651991415983e-01
-1.080590751204792421e-01
-3.220816419442285583e-01
-7.456500171667725940e-01
5.376094887763118724e-01
-1.758209255593828624e-01
-5.588598658184159573e-01
-2.180834456624848039e-01
1.612025335426824774e-02
-4.571021932146707711e-01
8.879155818287383373e-02
1.116371119109173388e-01
3.961594202751843041e-01
-9.804589095227543849e-01
-6.246933720294234327e-02
-3.426746310590440547e-01
-4.117794819768330616e-01
-4.104286580798288675e-01
5.884339146351671435e-01
5.667976453701857598e-02
5.568600351086077094e-01
9.132271738011499274e-01
-1.221968424344645365e+00
3.364573091664926907e-01
-3.020950122155466322e-01
-3.370008208855614917e-01
6.058965307424997171e-01
1.099604050828947716e-01
3.641428211293641637e-02
7.027489387089882467e-01
-8.809724371102536367e-01
-2.981161735898728571e-01
4.226582241184769773e-01
5.887028992224914159e-01
4.711743469754793856e-01
-7.922231752922528347e-01
1.327898106001984324e+00
6.788965788340750596e-01
2.864127445200158606e-01
5.921884180305860834e-01
2.459603794798476128e-02
2.501190668302007425e-01
-1.102958541805425519e-01
1.944717410661130630e-01
3.527047276333992176e-01
-7.026013628262332000e-01
-4.725145196093689659e-01
-8.114261411102163812e-01
-1.884588308749340080e-01
1.289995696409169668e+00
1.457173185142945360e-01
1.274253437296491709e-01
5.822856338154213107e-01
1.296244804720327659e+00
-2.985276349474976221e-01
1.076792796998211760e-01
6.230007435260146442e-01
5.580205953061974089e-01
-3.208781188341243429e-02
-5.426654479615511395e-01
-1.764560490562168404e-02
-8.102985706165898305e-01
-5.571091594005879166e-01
9.878714523768405975e-01
-2.910698579310635470e-01
5.962991710713576587e-01
4.049526122513451287e-02
1.157132183528095104e-02
3.793201934572296707e-01
-2.931679406539782762e-01
-4.325001871285237831e-01
8.587435002946576246e-01
4.161580114492298144e-01
1.138399745397570273e-01
-5.568870767733852256e-01
1.218302650529907272e+00
6.731738609893872516e-03
3.649685368859323931e-01
2.866459936439423872e-01
7.485129626557099902e-01
8.926232172083813365e-01
7.437133542833160860e-01
1.255324306575839599e-01
-2.177754919460440364e-01
1.845734514612077382e-01
-1.057105547223776698e-01
-9.894629398488410943e-02
4.651144348144888863e-01
-2.404909787380853092e-01
-1.592473819639709243e-01
2.056671829926773887e-01
2.795596614166658833e-01
-6.934435417998972007e-01
-3.494981349052517783e-01
1.751552542179433125e-01
3.366196746859226874e-01
-6.264650995671925404e-01
-4.471941846584768787e-01
-6.840220366902105553e-01
3.774511963060859787e-01
3.951684049804776722e-01
6.073098742534435157e-01
-1.227152394866941609e-01
-2.259857808238623367e-01
-3.925456644042450427e-01
-5.249195002197041271e-01
-4.090473665097185130e-01
1.414009752940194597e-01
-3.293854688728184432e-02
5.427312680568286557e-02
5.899679554289267991e-02
3.734234934983509113e-01
2.343957624136035756e-01
-5.022752730975228452e-01
-8.057902759157483663e-01
-1.105331458528202582e-03
-3.207669325299485341e-01
-1.453108174284547971e+00
2.101225356700917313e-01
-1.819652435979552951e-01
3.554400437289718662e-01
3.159809777162643218e-01
5.892303964738454525e-01
2.888441416365661318e-01
4.789094832054602846e-01
9.645207204506235366e-01
3.143518262721844425e-01
-2.661588842806540955e-01
3.487788297524977987e-01
1.637622810181066813e+00
3.748552815385199355e-01
7.039472740961119079e-01
8.052031665399194127e-01
-4.595325120348506820e-01
-1.065823646526020546e-01
-1.128113184572189509e-01
-2.813829557879933274e-01
-5.406994225378334296e-01
-1.115029828939988032e+00
-6.052472289024765084e-01
-1.218978224523144860e+00
-2.200295466321718074e-01
-2.737937486649989483e-01
-4.177324119510415767e-02
1.042767800016101698e-01
2.822268656907560014e-01
1.071285276854514190e-01
8.286497645994487238e-01
-3.561435630121993490e-01
