1.140695038197374889e-01
4.357612624630390341e-01
6.554098160716381738e-02
6.795553991700087337e-02
-1.143072641406778778e-01
-4.599706754680950027e-01
-1.823419354310878981e-02
2.360761424085670857e-01
-6.818015215291328701e-01
2.862598392766909083e-01
1.519180037397964977e-01
4.701124003135150331e-01
3.554106253996057729e-01
6.180963281509794377e-02
-3.352406510202420309e-01
-2.138535527834774241e-01
3.240517003752585445e-01
5.281692645910179840e-01
4.802022337665174945e-01
-9.591018896259216886e-01
6.873884366509280808e-01
-3.033050713860094838e-01
-5.634404788691227406e-01
-7.853076975292297979e-01
-1.221716380626593379e+00
-1.134643196029734569e-01
-8.096051542874241336e-02
-9.596764040078203939e-02
-2.997959708739597051e-01
-1.475396613689607395e-01
-1.474741693367322082e+00
-1.137691857276314833e+00
1.263386569671748338e-02
-3.472045523405468126e-01
-3.970211723599462172e-01
6.275178124839321525e-02
8.113336429780302339e-01
1.816200482465365751e-01
-8.815288638441589608e-01
-1.226053644633235129e-01
2.788808808165091913e-01
-7.118315296236289447e-01
1.763911219803432906e-01
-1.445886446858236918e-01
-8.384899894138270193e-02
-3.339688542514893665e-01
-3.061529334554762838e-01
-5.563618740899403114e-01
-3.139514722762566934e-01
-8.379691926176256744e-02
-4.298553555276994620e-03
2.468060374736937290e-01
-3.982963839958399421e-01
-4.378927904609479782e-01
-1.428778104038187946e+00
-2.554219784289536999e-01
7.170762582037972788e-01
-4.102888523395209486e-02
7.226391845112222212e-01
-3.356705214487336608e-01
2.120383694478092940e-01
-3.940678377424607914e-01
-3.482500169693653058e-01
2.888386716338120497e-01
-8.964213137788951125e-01
1.957403009143756159e-02
2.781945315157980936e-01
-5.662067350254533782e-01
-6.358390064131144714e-02
-6.479734804837522510e-02
-6.348441655482076618e-01
5.193391004994396543e-01
4.233388064341221391e-01
-6.455796645892728503e-01
1.273137423163654081e+00
2.472406785473340307e-01
-2.526990968283640004e-01
-9.689711536198823971e-01
-3.575839745136728531e-01
-2.679485886801221128e-01
-4.046828987169087677e-02
-1.833848927851937094e-01
4.291531764316620090e-01
-7.060610809122359610e-01
-1.541805237215670144e-01
2.482119537094693573e-01
-1.247766468541629425e+00
1.451018388604444730e-02
-4.789797622529601284e-01
-3.147126104060348761e-01
-7.377842013334191540e-01
-4.575630961815868591e-02
-6.988897806508880262e-01
-2.635530959745961965e-01
-6.986968019906858451e-01
-2.977393537973660465e-01
3.190294161376346083e-02
-3.170075074084608424e-01
2.555973683450776246e-01
-9.218001378534382284e-02
-2.991842295266749496e-01
3.755394050189661548e-02
8.754013741492641110e-01
1.448705648621249731e+00
9.064159871260841772e-01
-6.292135431064599382e-02
1.020508744414285740e-01
1.650047747142980858e-01
-2.013428668150560319e-02
4.571231569206322121e-01
8.121539025985596849e-02
2.058148531383676982e-01
5.023104307228338783e-01
-5.198625180938263313e-01
3.115727315088190341e-01
1.079595938149095602e+00
1.014336723053506500e-01
-1.846813025124341145e-01
-8.959293176497462596e-02
5.840161923957524204e-01
-6.149447766624331901e-01
5.772689879477999053e-02
4.809465472273883879e-01
-3.247720121535637161e-01
-3.871430922581877709e-01
3.126419958147264033e-02
2.898754269272124096e-01
-3.857159690113814987e-01
5.383033900212191858e-01
2.899352240050955265e-01
-2.513854308880558719e-01
2.867996434600961382e-03
1.082385100969633696e+00
2.325848165449305727e-01
2.968236457436913001e-01
-6.503607209657397137e-03
-4.741649590392392755e-01
-6.442032215383511895e-01
1.220305293088949750e+00
-4.199605399964390640e-01
1.819254898372605345e-01
-1.183756205178850412e-01
5.815959981807941048e-01
-1.266564682207398651e-01
-4.095650947980672418e-01
-2.330438904144417345e-01
3.404637801702331545e-06
1.900711367167035315e-01
-7.891266708603994484e-02
-2.972539443844978702e-01
-5.866751049895625458e-01
-1.043595568000106333e+00
-3.455194368186390030e-01
-4.048646307971179858e-01
-2.826826430939086143e-01
-6.687889131125558384e-01
-4.486324737332668677e-01
-1.778404008869440833e-01
-3.644657112846102359e-02
3.090501438090498265e-01
-9.072495316906527274e-02
-2.013262428758005318e-01
1.934411891026503738e-01
-7.009059638495737099e-01
-1.097913511807632608e-01
-2.783672290570134988e-01
4.175905395192136549e-02
3.011731506300864836e-01
-6.053790667100801270e-01
3.069351290900617646e-01
-3.654630592893304275e-01
-6.268250791133770372e-01
2.700559146681031919e-01
-1.062850921258696180e-01
7.271925408810629710e-02
-3.547404320311434156e-01
-6.448000282915897774e-01
1.848217038522043110e-02
5.304068201017636541e-01
-9.873879521637203283e-01
-4.450967962597597305e-01
3.258371220427177528e-01
2.246537836794646470e-01
1.197287959403371960e-01
-3.715252701340379105e-01
4.243558143996345455e-01
-1.709532821628267918e-01
8.399366687800512432e-01
-4.048031382892919305e-01
5.004779582028743290e-01
4.402461532661600119e-01
-5.960986197348958626e-01
-5.631876668267534608e-02
2.662635156896233646e-01
1.006446595373051145e-01
3.771490035368715854e-01
-3.117160740363911220e-01
-6.169225349937978997e-01
6.488805674429678483e-01
1.610439156900528024e-01
-1.125363724670070731e+00
5.490904498223280195e-01
4.591507865521364806e-01
-4.415211015371020564e-01
5.709190523082783297e-01
-9.857325075248821733e-01
-3.814915050041616240e-01
3.159548009761000142e-01
6.039688230162354454e-01
3.166916161140184149e-01
2.258260534215240922e-01
-4.413385431877208109e-01
-2.752221007290878152e-02
-6.272886200164624615e-01
4.498775510042855030e-01
-8.263024961778867583e-01
1.010906288170628775e+00
-2.389554761757531620e-01
-1.753584301487096098e-01
-9.901018334614989369e-01
3.755201941487626427e-01
2.349354994535249319e-01
-1.408612604669302604e-01
2.973298619958939515e-01
-1.157862159361212756e-01
3.276400549088133163e-01
-1.803031211661808020e-01
3.264800680902249508e-02
-3.073261537987705405e-01
2.494085081249954317e-01
-3.684843390484148218e-01
1.161183685091368822e+00
-4.222705056449698596e-02
7.910993351943834684e-02
5.902082573196090198e-01
6.747314248865848851e-01
-1.250034463442422916e-01
1.874123631710535864e-01
9.870908073145226447e-02
-8.129266212734773678e-01
3.173429602598559773e-03
-2.261680318662905309e-01
1.608421823187170530e-01
-1.514133609554455251e-01
6.429588060645019532e-01
-1.327495576685673528e+00
2.784818355168743320e-01
-1.331908900447121291e-01
-2.663317273381365924e-01
4.729860926916694686e-01
2.975702848134989531e-01
6.780078744883146769e-01
-5.146555415752339657e-01
4.185112884251009358e-01
-6.530962399329309775e-02
-6.989190599106266388e-01
1.255689289152298327e-01
-9.365064764759760685e-01
-5.847791856075900130e-01
-2.315335449329415374e-01
-4.783185674371114304e-01
2.040235713449861654e-02
3.264245036326119953e-01
-7.716097458875933457e-01
-6.329321233695993643e-01
-5.404679310773394252e-02
-4.486978411636858427e-02
-9.525360784417574722e-01
-6.075214516588944846e-01
-9.144293213209448989e-01
-3.039875002013616156e-01
-6.677363470379968913e-01
3.981533364319708723e-01
9.506423494308806343e-02
6.312454118327379682e-01
-5.810906535461306532e-01
-5.783905548157697307e-01
-2.325647897822923915e-01
6.857214364575275889e-01
7.754314959417523134e-01
1.888021860177517275e-01
-3.347466688615998720e-01
-7.932598563636078515e-01
-9.332724583757512349e-02
1.911443154648078124e-01
-4.000915731927441321e-01
6.952878269667968070e-01
1.489362011484279602e+00
1.781465041602954269e-01
-1.364789276418589270e-01
9.505130353348252292e-01
8.302210256651957332e-01
4.008455100773817281e-01
-3.195725141993375207e-01
-1.485024466651853059e-01
-2.107746713223329071e-01
-7.666393616317490611e-01
3.912033387801443218e-02
5.399584066391579507e-01
4.358811942706615761e-01
3.665038361579860127e-02
-1.023111706868966353e+00
-4.059693988951688648e-01
7.711737591701057770e-01
-1.224482485645449925e+00
-1.051598238292241305e+00
2.397617324119184212e-01
6.283140922726164757e-01
4.447498549914218335e-01
-1.470776492264199709e-01
-3.608178776657878783e-01
-2.044401867211929347e-01
3.141554827249782300e-01
2.363147733106495951e-01
7.735959409100174877e-01
-2.933627526806783514e-01
4.871162855041657469e-01
3.168369245557597358e-01
6.545870612634145935e-01
2.116712800649583892e-01
-4.919824209188224939e-01
-6.163484130570512365e-01
1.489027901895195960e+00
-8.570333542322448039e-01
4.609151148979817592e-01
3.111698676605503255e-01
7.747814574504252594e-01
-2.807742966891876302e-01
5.429539573551247500e-01
6.648641855608226070e-01
2.214233720097928404e-01
-2.692854754456975863e-01
1.367894230230740638e-01
-9.711566354264551393e-01
1.754528345003142364e-01
2.348742404987059773e-01
-3.553081946084346576e-01
3.823026945165721724e-01
-4.057925937538902628e-01
5.113228388556504411e-01
5.661912637719418440e-02
-5.413807718286168802e-01
-3.967886972603827389e-01
-5.238806855677457380e-02
-4.436306422111325753e-01
-3.702031177687378077e-02
3.553687168348407810e-01
4.120909067165910988e-01
-8.205524088746574130e-01
-5.132600588654164797e-01
-8.644293195894918735e-01
6.433443242468176448e-01
3.425599990211425361e-02
9.147206011872480724e-01
-5.822375414392294557e-01
-8.626711110174982711e-01
6.060403651447773266e-01
-1.654181944835105278e-01
-3.802018295103225254e-02
3.438077321689184118e-01
-3.517047061722667900e-01
-2.355984461617854353e-01
-4.463697938216638628e-01
4.820939690745679740e-01
-7.469889096506775461e-01
2.822708989468971641e-01
-3.193528969976300314e-01
-5.207821385545352566e-01
-2.645348149049341346e-01
4.795737245247594371e-03
-1.221866736514738844e-01
1.135558044490033169e-01
-4.566931765705825041e-01
-8.516202102906624827e-01
-1.602405778778050460e-01
-7.273961148905043750e-01
8.946905289779777393e-01
1.459569943377000412e-01
3.014007693104452379e-01
6.836188560968814443e-01
2.667884199638557718e-01
2.062112228468639952e-01
-1.056394985480686888e+00
-1.151039669918680897e-01
4.712186698329187684e-02
7.043062810651262717e-01
8.553283633672224828e-02
7.781005865764157869e-01
6.929977853273467936e-01
-1.103362409547279155e+00
6.181246211399529789e-02
-2.237175704709292168e-01
3.757464412996845970e-01
-8.516696540459928189e-01
-7.899231474831327482e-01
-3.039989317049391904e-01
-3.256349645381146907e-01
-7.656241307995907963e-01
-6.794686734715829068e-01
1.181854453328776478e+00
3.426830732779277966e-01
-9.398673967175974475e-03
-1.292258301156020917e+00
-1.094239256157074625e-01
3.469814789961117585e-01
3.718973542626897721e-01
-1.763988107420878526e-01
-9.982741968084777318e-01
-1.408641348053939479e-01
-3.264755102496316730e-01
7.917603915603177445e-02
7.730171105144006960e-02
-5.763700599495374249e-02
-6.589633674605468450e-01
4.617280828557762673e-02
1.740766706549368714e-01
1.469449785992509305e-01
-8.255486692832031403e-01
-3.646210946032644729e-01
-2.942804273548205174e-03
7.104371707480822140e-02
2.212186326251431856e-01
3.807532860011969555e-01
-3.828007077745833597e-01
2.014198829117399003e-01
5.011193829941917866e-01
5.859416425862599143e-01
9.516109354768256812e-02
-4.418809921036953026e-01
-5.076112141766139785e-02
2.554818132223590776e-01
-1.174650964558360822e-01
2.635574873275738361e-01
-1.008150931727528565e+00
-6.450608739673573400e-01
-5.694788930555723105e-01
4.553909840556173982e-01
7.405542981796148228e-01
2.014957825998709984e-01
-4.000315506942538901e-01
2.248357499224625800e-01
8.755772826949634879e-01
4.253545373303402322e-01
-4.192831509074086971e-01
1.087989206486646765e+00
2.274588375086429859e-01
-7.417034586854869271e-01
3.104133075466378733e-01
1.461680010035201205e-01
1.873323375607808816e-01
5.858565279951775118e-01
-7.616369811884751706e-02
-1.317089320964926591e+00
1.138491240896957857e+00
-3.354789269633057236e-01
8.610848851163769302e-01
-1.541062313050098054e-01
-3.425532371204606519e-01
4.082448249763793724e-01
-2.124364325551290067e-01
6.788044519594141901e-01
-4.745691169747568439e-01
-5.020180326902137224e-01
-1.577446571683801813e-01
-2.120436083931525884e-01
2.872382105329350788e-01
-1.537678073480727159e-01
6.612003299983804094e-01
4.450749084213708739e-01
4.918088078229192472e-01
-4.826216953156947653e-01
-5.003491043659794579e-01
2.023354768325713593e-03
-1.678560228508246266e-01
1.877713350919287816e-01
-3.723633321122444828e-01
-1.292388545504543351e-01
4.471581529372061214e-01
7.126138275072572137e-01
2.176917767798737524e-02
4.877362379488308503e-02
-8.787995800686004833e-02
-4.804440010755429702e-01
-2.346877006938367372e-01
3.097379995692190469e-01
-6.776830383130227897e-01
2.203340126331010396e-02
-6.553178807092704394e-01
6.652516524337140913e-01
-3.002557557785200393e-01
-8.412117873294668868e-01
-4.357061457026745188e-01
-7.210609272725208019e-01
-4.252205441527544538e-01
-1.126166044045489589e-01
-6.030182500770892018e-01
9.850879568767911820e-02
-5.912691722331598898e-01
-2.430928756819560888e-01
2.255505223996308595e-01
-2.181655794863446296e-02
-1.163994347434628374e+00
-5.713417457112565656e-02
1.031567272037456462e+00
-6.189626315485654562e-01
-6.149746757741358927e-02
-3.487547515587443026e-01
-4.459387163647282604e-01
-5.568825376227406476e-01
1.479961522951824537e-01
-9.484759332420794609e-02
6.241122800366876167e-01
7.117555465764479061e-01
2.480618684639908644e-01
9.423422484144051980e-02
-1.334475610319764416e-01
7.361425957744465176e-01
4.110355557428094775e-01
4.859594549551352061e-01
-3.472171922512727327e-01
3.211928401577393011e-01
5.431633930824664169e-01
-5.297756773487773962e-01
9.571905019548871962e-01
-1.852539145952400990e-01
-4.024808175357302842e-01
1.963090079794929110e-01
-2.513211121387681213e-01
6.366674760572232916e-01
-7.899443932023242354e-03
6.063033815209852850e-01
3.655543225244027861e-01
8.354422440252959881e-01
1.192386936940037778e-01
-9.016026972543323970e-01
6.944718649721435266e-01
5.241115216220913059e-02
1.052779791664316122e-01
5.351859065579264163e-01
6.478255389733990066e-01
-5.172137423230114273e-01
-2.413406601079284841e-02
1.273695955965031823e-01
-8.463599568703725762e-01
4.156242819755779916e-01
-2.043101213159380924e-01
4.542980348759408926e-01
3.528608379927798966e-01
-7.958122921108470305e-01
1.267510869513615246e+00
-5.855588283587135345e-01
6.834192033833277335e-01
1.588006789882749625e-01
-2.280452887403854600e-01
-1.330985581054931477e-01
-7.393981439760620722e-01
-1.054377115155391009e-01
-2.511444375948411745e-01
6.361943449066241596e-02
9.111813201641627558e-02
-1.342605517212519528e-01
-3.109687725033006278e-01
4.682320524133292139e-01
-1.388300326056727263e-01
5.611325308074266438e-02
4.500308377752365030e-01
-8.751110904066443652e-01
-7.308533402255091849e-01
-7.333182598327301349e-01
7.917599815700041566e-01
5.794733996657283059e-01
-3.659616301009716577e-01
9.819256756776945094e-02
1.693900434695285950e+00
4.405975746052851472e-01
-6.601196752513744936e-01
-5.922956566117121291e-01
2.980146870799767478e-01
-6.663913886739263326e-01
-4.164458893909023240e-01
-1.375912710937358785e+00
6.113815220893130675e-01
-2.858244254108104343e-01
2.690229162877945390e-02
5.037022434782478797e-02
-4.472240088721906037e-01
5.410047374488948790e-01
1.947851699558993677e-01
1.157139400503326143e-01
-1.503126988761251503e+00
4.512937763614393027e-01
8.840429962904645667e-01
1.183840997574141241e-01
1.087106914388989154e-01
4.215755844221686366e-01
5.197932893505367025e-01
5.386713088083160406e-01
-5.078155123454693998e-01
-2.835976753991605384e-02
-5.141622299023679288e-03
-4.741885301471948089e-01
1.263224508989909456e+00
1.849419082279365467e-01
4.815072029551991095e-01
-7.207888018468482372e-01
-2.887072300704601746e-01
-1.970848703622438691e-01
-3.018335810326898128e-01
-1.971660080815572647e-01
-9.245189367087152110e-01
2.187012442014334701e-01
-2.664362612975675892e-01
-7.079444309789189038e-01
-7.843594059310374789e-01
-4.558200135736582004e-01
4.167796903630046623e-01
7.933655818751503275e-02
-1.410425644689218827e-01
-4.179170999841686496e-01
1.029924715369153088e+00
3.785558137671703460e-01
-2.559232616386378223e-01
-1.623768835395329457e-01
-2.087118215979887892e-01
6.753073540311796963e-01
-6.824755343600610313e-01
1.611638627782875366e-01
-2.071068021695866790e+00
6.572968586171991090e-01
9.312026958797920972e-01
3.585642712103446345e-02
-4.784494903829106249e-02
-3.049349219228435492e-01
1.450702798292954898e-01
-9.905157764018555078e-01
3.582837711290572935e-01
-3.488659550142953480e-01
1.981586627865890016e-01
2.709397648750514476e-01
8.646670583926018283e-01
-6.622525067559099643e-01
-4.631609739758607569e-02
5.783722250796102804e-01
7.641282758235408146e-01
1.245931280581388106e-01
6.370914905977101417e-02
5.322794004942934531e-01
-6.506863622264472680e-01
1.455977071952401780e-01
1.369886724079894869e+00
-1.104168789946279539e+00
1.531706877057599225e-01
9.294142829414447915e-01
-3.024358333567702672e-01
-2.941701764866487545e-03
4.383339751351753022e-01
6.951099717414502832e-01
-8.244812752564051328e-01
2.012537473182434700e-01
7.933962291632394859e-01
8.060998863143615800e-01
6.038384543513917180e-01
2.541807771541290117e-01
-6.482830228661768945e-01
1.886487225729543971e-01
2.467635981607033957e-01
-7.371080152796738449e-01
2.469276240398370625e-01
1.381825103977626590e+00
-1.594078905484988262e-01
1.709660093973581207e-01
1.061393621172611601e+00
6.536413888055416788e-01
-1.607516247911096041e-01
-7.717467215303417394e-01
-2.568019781022708448e-01
-8.307819502810865897e-01
1.379499128764088423e-01
1.653878872305658831e-01
1.272336419637347948e-01
-4.153973760923083125e-01
4.355435191628365676e-01
-9.848900005331450158e-01
7.229381967581481883e-01
-8.521113352438908217e-03
-1.061530727925462880e+00
9.136738401104863572e-01
2.652060053413197172e-01
-7.069816285374621589e-01
4.255007278184536057e-01
-1.046565045738606425e+00
-1.957357273181393742e-01
1.302754048565627709e+00
-8.572440116544661759e-01
-8.372084302715733228e-01
-1.758072940858828870e-01
-5.823865909070149449e-01
3.636952896472855912e-01
1.397028055923447698e-01
-3.802144495257953061e-04
5.433913173485797055e-01
-2.940839369925380420e-01
-1.492053670829403544e-01
1.550783452242733840e-01
-1.496642441539403068e-02
-3.137476822926214548e-01
1.849794792727372794e-01
-3.769602644592685570e-01
3.767097600064979179e-01
2.695942629222544684e-02
5.524732141847620293e-01
-9.292248712872100413e-02
4.538154071500696274e-01
-2.380218501043218360e-01
4.337460248522054806e-01
7.312125015099520120e-02
8.891789762736677927e-02
4.298507241159815750e-01
5.155849502046949695e-01
-3.936649811432635926e-01
-2.325956054170246756e-01
-9.071957916956009393e-01
-3.096975355544145936e-01
-6.932357303979623797e-01
3.899831083838614099e-01
4.002442174626199001e-01
3.005947566833205853e-02
2.542071229836992408e-01
-5.093353037071466360e-01
-1.069234957380755802e+00
6.471765979770623123e-02
5.062337543571441278e-01
6.698618265152722628e-01
1.229236363256984432e-01
5.309937732169557334e-01
-5.608252044182202578e-01
3.331063104024683530e-01
-5.007164029733994770e-01
-8.793701017148675136e-02
7.796363757755784274e-01
-4.217731236174485088e-02
6.402871860677969429e-02
-6.238273739263743289e-01
2.137702953858216237e-01
-7.916658122049746726e-02
-5.447499071931963810e-01
2.028556096085275262e-01
2.311431854870376890e-01
-2.097100172120291151e-01
3.279338123088417212e-01
2.790623505436785612e-01
3.789574120813516411e-01
3.082259765050603395e-01
-2.226485872100157637e-01
2.313483880575304963e-01
-1.434390992606705550e-01
-1.378952605872918180e-01
-2.378656949867785364e-01
9.636956983064172144e-01
9.736005099255049533e-01
-6.681185155362340256e-02
-5.300178755766135064e-01
-6.073501549161594015e-01
1.153633109375898913e-01
3.209841090141086761e-01
4.813127683620904707e-01
-1.629277364042132636e-01
-3.323762042410671746e-01
2.282664837869052832e-02
-7.620463746629694279e-01
-4.209764244160479341e-01
-1.559861889335459884e-01
3.969977244426602381e-01
2.034102645618313943e-01
6.592719378298508848e-02
3.716858613656300880e-01
3.045689604476107260e-01
-7.313760570637548586e-01
1.697178956970781805e-01
3.491012736329600630e-01
-1.142761621441733544e-01
-7.708176107375035446e-01
-5.419849819587861661e-02
-1.715312885756179462e-01
-3.093354889942943609e-01
-8.413756740098732312e-01
2.330612997644787576e-01
2.772651547295885144e-01
2.265088220969336263e-01
9.503026337042579375e-01
-4.001102441179344993e-01
-3.397063439155033615e-01
1.040952729893757644e-01
-5.337735482994765412e-01
-5.939314721814729081e-01
4.419271703472560375e-02
-6.223307321727054031e-01
6.482548389711270120e-01
-2.564646314560184992e-01
3.758129941298938848e-01
-8.014088723624990251e-01
-3.858030835253484225e-01
6.065628318190208201e-01
-3.682455537901762610e-01
1.991206471225741015e-01
9.683370013811196664e-01
-4.208523016202012079e-01
7.148347542060866644e-01
4.386976930820466469e-01
2.614096468230545645e-01
2.776404587360589704e-01
9.455374701151809669e-01
-8.058244952225188107e-02
8.223075109231056112e-01
-5.388965842941453310e-01
5.171011982588405442e-02
6.690342875586723359e-01
-5.874565171994565738e-01
-9.467328880253416123e-01
-4.327344343040996355e-01
-2.040136363978549694e-01
-1.043599087823751548e+00
-8.394743568740559159e-02
-5.521239124020111966e-01
6.104945444265044152e-01
-7.206556747692178799e-01
-5.447611341678473273e-01
5.626679456686058955e-01
1.751685924583943066e-01
-1.954601313734413148e-01
4.380741263494238313e-01
7.943996657181092713e-01
3.543709404910732053e-01
-2.860548793988686445e-01
-8.407729388964340078e-01
-4.072182023217157387e-01
8.614189755154401107e-01
2.879496765918885814e-01
7.508680769130380295e-01
-4.298089615741785274e-01
-1.025960905037561544e+00
2.833999740230184194e-01
8.372289194375157617e-01
1.292324856493309859e-01
-3.840330383412563497e-01
5.711369630540589215e-01
-3.090857236472774328e-01
-8.065132266855408183e-01
-2.831308552561246916e-01
-2.302756883851906355e-01
2.319078501267083370e-01
2.899399046293766880e-01
7.760012855446141167e-03
-8.577365059620726262e-01
-1.661896540304652337e-01
7.626117454262773543e-02
1.059463199706009551e+00
-7.181995329166823705e-02
6.875675885703125267e-01
-2.147037404705138819e-01
-5.602976033487659935e-01
-3.880527651237202988e-04
-1.145357469669349149e+00
-6.328512857176157858e-02
-3.585918025881973392e-02
4.189206197840986690e-01
-4.141435517020328749e-01
-7.454091687322326187e-01
-2.940410966527051140e-01
7.289406806909501935e-01
-8.253254025705266672e-01
-6.570478225627920388e-01
9.827991362816895782e-02
5.068204252393793130e-02
3.043742917671976578e-01
2.733131543888844273e-01
-1.514632723013867199e+00
-1.452868080885973967e-01
4.964502096744149995e-01
-1.125705804036280844e+00
6.387339457497308304e-02
2.836910007032779069e-01
-5.524855847064452652e-02
-4.482848954910069184e-01
-9.201438893454193524e-01
6.882321448374116857e-01
2.197605826456358047e-01
-7.440851756969097952e-01
-2.865906387722091386e-01
1.054033046714368593e+00
7.746858447633364619e-01
-9.530502464667693907e-01
-7.220348809897286779e-01
4.907944631751236519e-01
-7.552748260926650525e-01
-5.078846911827420429e-01
-1.086173369913455561e-01
5.901138345614569403e-01
-3.793911117744062644e-01
1.984604657726654620e-01
4.049747397941975136e-01
-8.880242414186965139e-01
-8.201126707106592972e-02
-5.136629288479860334e-01
-7.097412590446009473e-01
3.435109344331429004e-01
1.066782828692254270e+00
-1.399278095560266277e-01
1.110454001406072644e-01
-1.643736529392766654e-01
-4.977936690900442995e-01
-3.048376839922295467e-02
4.401410657354009603e-01
6.378835527503565195e-02
-5.360248246429399899e-01
-2.477040034488297016e-01
-4.023465268839881426e-01
1.618223326284573549e+00
-4.767451396313990841e-01
7.061403531335658235e-01
-3.292374208462016671e-01
-1.214543256320572917e+00
2.890156619505586111e-01
1.084670418426944005e-01
7.321446394131275737e-01
1.633367669505137343e+00
1.613472068977914176e-02
-3.231153255850934269e-01
5.837404875197732546e-01
3.750281327378381935e-01
-2.665094870155587659e-01
-8.845400264996750028e-03
-1.547017459876577572e+00
-1.091719549893294339e+00
-1.308520448510422929e-01
4.045111966283702065e-01
1.840871045333192235e-01
-2.197079987811943469e-01
8.943636596354492818e-02
-4.541775807017938149e-01
5.860667048065547613e-01
1.194971038644733863e+00
-3.634782235334016454e-01
2.671103231372434217e-01
-7.531324423754265363e-01
-4.800232086622577832e-01
-6.226435007635811036e-02
-6.589266948238492461e-01
-8.813717125396633434e-02
-1.051508165702766506e+00
-3.115180455774477219e-01
9.456689658633238293e-02
5.134340186893323610e-01
-1.933803064328533661e-01
1.358413865753140271e-01
1.989595292603638932e-01
9.786928141905175682e-01
5.636891512759470979e-01
-1.896261217229908980e-01
-1.082399926811002278e+00
-9.046743514048015689e-01
-1.447389389533731752e+00
6.343592637307607918e-01
-9.928155445608897178e-01
1.719199293474126256e-01
-2.841633395583503252e-01
-1.418906589124356299e-01
3.264487070281626435e-01
-8.239846399940924382e-01
-5.854730725757477661e-01
-8.535306715197470417e-01
4.431657638906685848e-01
3.030566251064772954e-01
-3.900508965230968239e-01
-1.151234298733898320e-01
-4.324775873826209316e-01
8.283349065891900675e-01
-2.288033864488763780e-01
-4.881994033646887554e-01
-5.901733894520366785e-01
7.429721424518059836e-01
-2.294588481664997792e-01
1.706161321929610675e-01
-2.889090659216764223e-01
8.529276650048209785e-01
1.716024889748153925e-01
-1.759398255161991331e-01
4.622740062694132845e-01
-3.000890115414890369e-01
-1.349529475275926260e-01
1.747700825464377494e-01
5.507628312433149320e-01
-3.982038395155778621e-01
4.999897777221666839e-01
3.652763836878751280e-01
-8.608593790855730010e-02
-2.143481797519868892e-01
-8.380793784608850383e-02
6.129170008001527670e-01
1.119173727300862620e+00
2.375629905060684388e-01
9.493343350253878876e-01
7.859346808523845485e-02
4.028601224745197162e-02
4.666979503256250827e-02
6.880421005533271517e-01
-5.809462019315151382e-01
-5.683744057893407309e-01
2.392724795987904995e-01
-6.148125221801438167e-01
4.884164195904713845e-01
3.682870810034084008e-01
-7.756855714451126316e-01
1.358081515259878636e+00
3.796784705424478823e-02
-1.033154168803996215e-01
-8.322164632530892892e-01
-1.505009187016347338e-01
3.969745917868855445e-01
3.473409124641373413e-01
1.616511329070884906e-01
-3.198845557376044924e-01
-1.724806949111963861e-01
8.612408421241071754e-02
6.692892993971290005e-01
3.083768668047684458e-01
-2.331630816129091066e-01
1.537486247390133509e-01
1.184968192730568026e-01
6.431448945354056868e-01
1.282085971761791843e+00
-1.163233296192625499e+00
-9.122767633492872008e-01
5.277110520295881235e-01
6.055243835048557122e-02
-9.375672915062052137e-01
-4.117809754642623998e-01
1.269360755156400344e+00
7.225154464681715627e-02
-7.376314279236072524e-01
-2.531461678831239959e-01
-9.173754499779999128e-01
6.945133496689047670e-01
-1.635412331833538124e-01
-1.521412190230111983e-01
-1.809467492818059575e-01
-2.099109459055741866e-01
-2.654027269618456364e-01
-5.302841654010091998e-01
-3.454396984333752418e-01
-2.924199333168239767e-01
3.109525233645953901e-01
-6.163767519529214090e-01
2.531343210458877335e-01
-4.814356514787865304e-02
-2.863196170812641606e-02
-3.087273679222243272e-01
-3.236902518182074306e-01
-1.197343636737834949e+00
-1.416985517581024756e-01
4.880279828924032337e-01
-2.555013955528651071e-03
4.152815746723103052e-01
-1.306189338471682726e-01
1.115943607966923823e+00
7.131839406654459645e-02
1.172691035764372725e-02
-1.045197899196954161e+00
4.520637252624158386e-01
7.164503352256635926e-01
3.107952517492201250e-01
-2.496357731947377034e-01
-2.457505575965494016e-01
3.186172945858729566e-01
-2.219802584416378510e-01
-3.021836326021244967e-01
2.268110214553097637e-01
-1.622477954619098162e-01
-2.500395595691047856e-01
8.444996161333565565e-01
-8.783557282940916977e-01
-1.007732447278125165e-01
-2.302150379073129582e-01
4.076613330137242586e-01
7.944842620479959372e-01
1.761264059016503791e-01
3.772646583501199080e-01
1.872917937881924538e-02
-1.995017462930074315e-01
2.163019234900052934e-01
9.106281485258729269e-01
-3.814384868209939050e-01
-2.154363093034393495e-01
1.930757048661349840e-01
-3.032254013757851308e-01
-7.286100669849894240e-01
1.147729141197670888e+00
-7.062500207146571451e-01
-8.725402749895633248e-01
1.715529708396029140e-01
-6.749204464230327272e-01
-8.817665510267233553e-02
1.075596978822270788e+00
-2.254542752248165360e-01
-1.200974935576276659e-03
-2.659457538195315607e-01
8.969454287597016240e-01
-1.381264042913749934e+00
5.695496928880861010e-01
-1.402224046048790029e-01
9.364889168762384475e-02
-8.252417363970621089e-02
-4.159590257603926755e-01
3.523260015155725289e-01
-2.145067325502300615e-01
3.607025345167608199e-01
1.393912363021798106e-01
8.993924519864671119e-01
-1.334778033289866495e-01
2.129029274663224225e+00
-1.046907153864251733e-01
-1.823947528013271979e+00
-1.180705388613005058e-01
-1.643460661845653759e-01
-9.418310111889810488e-02
-4.767682478592382145e-01
-6.573732123727251686e-01
7.718228380312053272e-01
-4.962122187023428888e-01
8.005380690485659478e-01
-5.304171927102805384e-01
3.373337229501505163e-03
-9.248710968048505787e-01
1.392865360649359618e-01
2.100571140903739198e-01
-1.191000183551471636e-01
2.796194576368418727e-01
-4.769818577739924903e-01
-1.829520860443134556e-03
5.601470292777610549e-01
3.460498609383443891e-01
-5.276656423803249840e-01
-5.445125704745528150e-01
6.434105798788866126e-01
3.665373371659936819e-01
-2.240219971056759130e-01
-4.244622889923262976e-01
1.147964376058741021e-02
-4.076398062551038204e-01
3.696661651976518304e-04
1.088875208168620656e-01
4.512203609382661740e-03
8.938029307827901615e-01
7.616911384899596182e-01
-6.765292775168139094e-01
-5.073475883318506741e-02
6.173146435754378603e-02
1.423528440253861715e-01
-4.309707195533284407e-01
2.294440510086219187e-01
-1.072164606998985276e-01
3.740192422132858630e-01
8.614415364973881939e-02
4.290439713361201557e-01
-1.605708766360356976e-01
-3.736406537875935907e-01
4.309608421181549964e-01
2.872488288770648490e-02
3.317867985286730992e-01
-6.373296628057303348e-01
1.153083614317894495e-01
-7.271449189443313088e-01
9.740621016880157690e-01
-7.806207864130050300e-01
-3.027470209453353434e-01
3.911353878327635814e-01
-2.158786756168440124e-01
-5.079675807089147066e-02
1.687569216921399051e-01
-5.939690618680515399e-01
1.021522495704784372e+00
-3.477413914553854069e-01
-4.742103874030557664e-01
-1.238579473012570709e-01
-6.096245821738732751e-03
-5.896750359498990068e-01
3.734057702230916265e-01
3.511908570946270514e-03
4.070627470051916830e-01
2.670749250590779278e-01
4.348751595993573527e-01
-4.514899668715371961e-01
-2.977607223697936734e-01
4.522461108210272807e-01
-1.806613003952430851e-01
5.044500245231324786e-01
-4.570615836996871906e-02
8.002755585807633798e-01
-2.230878829407065278e-01
-4.229846364319163055e-01
-8.604141224975874191e-01
-2.415689584780770782e-01
4.477513756892740893e-01
7.911969963935420180e-01
5.477513563360556503e-01
4.014319452457841275e-01
5.109339133606274341e-01
5.346682264708189081e-01
-2.925253396127676098e-01
9.743867121643752238e-01
1.295103018518904414e-01
-2.223475448438105850e-02
2.242661995668212560e-01
6.690125353658670226e-01
-1.161019786387391672e+00
7.720610952334792110e-01
2.035904490942312406e-01
2.254043666207542762e-01
1.273079550477402289e-01
6.630069271946421594e-01
4.767279945760831139e-01
2.813615836051432950e-01
-3.257448847592092633e-02
-5.004821176413679074e-02
1.241456665485105859e-01
1.712623478791143405e+00
-1.943435466831896496e-01
-3.233096996149338875e-01
1.648270532727574844e-02
-7.808011705871845121e-02
-2.098443345361669932e-01
-4.486188505346300204e-01
3.426282918911653930e-01
-1.063460724922780376e-01
-2.407186150476020858e-01
-3.826392801262069598e-01
2.769416782223701468e-01
1.824228877949749805e-01
-2.588918789257123043e-01
-6.315365759504957266e-01
-6.542429183656490732e-01
-5.599142760312597611e-01
-1.831196319342224266e-01
-1.180346607475271647e-01
5.800985672977856389e-01
1.839614593685640065e-01
-3.052852988119243438e-01
-5.058476528765105673e-01
-1.554437281631282086e-01
3.332410123420622705e-01
-7.487002699626645053e-02
-7.955621718581445956e-02
-1.237469504159380396e+00
4.016625938131662132e-01
-4.600946506722617402e-01
-6.800729789441994910e-01
1.260976341332104705e-02
-6.681810234568372198e-02
8.629220876527088357e-01
6.467094453153984235e-01
-3.048549869428245351e-01
1.487561823401132299e-01
-3.945601859190883687e-01
2.600415047637051891e-01
1.290855640857412889e-01
-1.290868270902614023e+00
-9.696526070652489171e-02
-2.370933369479888420e-02
7.343700030591867600e-01
-2.452474035589071177e-01
-4.248570632773499001e-02
1.227229373563897274e-01
-3.325024235620616109e-02
-2.886166391429473288e-02
-5.149056411321024651e-01
-3.190083939056100326e-01
-7.773624312364115774e-01
5.670819563183499001e-01
3.547612943860938284e-01
-8.190801572362287342e-01
-3.193234691934893066e-01
-2.357180679239004040e-01
2.211859772713768435e-01
5.094560953240744317e-01
1.936727329366684791e-01
-1.279551658400397696e-01
-8.479569525252795836e-01
-8.462401967198829311e-03
-5.736966376164841508e-01
-1.322200216144992613e+00
4.701367736084296478e-01
2.087869721698768777e-01
-1.444716667946928101e-01
-3.865153169140313483e-01
-2.066025296977378745e-01
1.129384070141788099e+00
1.927888349043001270e-01
3.357994221827282910e-01
-4.964604740801681348e-01
3.458938449328505249e-01
-3.292291197093985544e-02
-9.619983009900931470e-02
-7.519869324380404896e-01
7.927840635157223925e-01
6.047561205755759284e-01
-1.502695887309657974e-01
-6.082843850558867782e-01
9.005642304436978218e-02
1.107358701769403375e-01
-5.238413500419128455e-02
7.104224798063211166e-01
-5.706188841823219837e-01
-2.422460008938050191e-01
-4.828157304706405251e-01
1.584620511631207318e-01
1.828498964641609714e-01
-2.721248803228544788e-01
-5.233215166861884260e-01
2.620742719251074049e-01
-5.897740784308779238e-01
-5.020571261808359775e-01
2.473532273587825958e-01
-2.403362887280224847e-01
1.881404404439355194e-01
-3.735375166290323956e-01
1.617734100577947476e-01
-7.853437322089605876e-01
3.560354923223909562e-01
-9.819236911999035256e-01
-6.550758678568031623e-01
1.243474330539686257e+00
7.423454119323122935e-01
-1.034015436307726743e+00
-1.278710365189860143e-01
1.432424485105143197e-01
9.579887282321973563e-02
8.531886423294338107e-01
-3.248092995917253312e-01
9.034036531577660512e-02
2.833497293522243554e-01
4.115200283347912602e-02
-4.491214651946288106e-01
-1.100446533788099757e-01
3.934631825750279366e-01
-6.423665775964608748e-01
-3.744276644346090643e-01
-1.297326141242950703e-01
3.473779697421750523e-01
-4.971076148258957161e-02
9.797757356832355047e-01
2.781433265889465822e-01
8.471033746887866034e-01
1.563715577604561369e-01
-2.734610178992362695e-01
1.775352303174088930e-01
8.537811608868219881e-01
4.814560769819475339e-01
-3.658616432948983976e-01
-2.787869740190340728e-01
5.545686789616157686e-01
5.465706086093072291e-02
3.281816879342737137e-01
-3.140224214153520821e-01
-2.696936578129869866e-01
2.048732552092487336e-01
-6.229228443120730097e-01
-9.018421014319610851e-01
-3.032546831673331722e-01
-6.200487318169372042e-01
-1.167729040892221681e-01
-1.261801961178699027e-03
5.411901527070617224e-01
5.589204220786049282e-01
3.156910664931456001e-02
4.116506347887728401e-01
3.291435687459955961e-01
-8.595822659779848163e-01
-2.675803888019720467e-01
-3.857821881432228761e-02
-6.761337763381478627e-01
-4.932013295100440287e-01
5.363057625820426277e-02
-7.723865762423601233e-02
6.141032208183454522e-01
-4.028831665339953627e-01
-5.503630803088466195e-01
-4.128247962806753657e-01
5.522970570376350974e-01
1.203782639052801251e+00
-1.659195416350393026e-01
3.315126945736495134e-01
-3.858853658289583821e-01
1.309408060479202440e+00
8.404174463938599571e-01
-2.997222371013933961e-01
-1.006502676123055828e-01
1.798545707372855573e-01
2.671658115232279362e-01
-6.171387775410916987e-01
-3.376987923694603488e-02
-2.188404946104751947e-01
-8.901752516813601912e-02
4.488941394358905157e-01
-1.259717815027023291e-01
-6.934569931537933885e-01
6.515138887926695821e-01
-6.422396279081998838e-01
8.138592106111299795e-01
7.355790892331341979e-01
-9.294762317235405469e-02
-5.496359051356773662e-02
-9.940504826712876288e-03
3.790732101934955467e-01
-3.507344448463227682e-01
-6.521950428859660254e-02
1.126858405389057488e-01
9.998160413887333675e-01
-5.434408804114123637e-01
-6.188469156201786836e-01
2.048565999383429315e-01
3.515229699845981992e-01
-3.122800721916754174e-01
-8.345108654442338070e-01
1.108734479598956213e+00
-8.683873245311551914e-01
-1.350937640522038130e+00
1.116809074948935665e-01
2.272010762501964209e-01
1.613935433943108899e-01
1.041167842046799574e+00
-3.017928515957948865e-01
-2.267501565523851181e-01
-7.299686442056855240e-01
1.447974489833198097e-01
-2.491949624099014382e-01
-2.660900365300081782e-01
1.655036107253931577e-01
-6.136806053013336149e-01
-3.500242178132798587e-01
-7.363830560948554371e-01
-4.532544236015596528e-01
2.701782829400980468e-01
-4.057394702702358802e-01
8.715517342300594938e-01
-1.122246623065303456e-01
-9.045328405263020066e-02
1.932218355871554993e-01
8.886839517554335766e-01
4.185930837131407456e-01
3.211104121337442496e-01
-3.806058960259684487e-01
-1.111875947430789324e-01
3.100874689095481918e-01
-4.905015311986807292e-02
1.872430269929679092e-01
-2.732256623786465943e-01
2.641940872398221840e-01
-5.735358962050929321e-02
6.100520042172813406e-01
7.326072649090102917e-01
-4.124225498958593583e-01
-8.476348301208047609e-01
5.086975103950727162e-01
-5.596024034142487169e-01
4.917566920713955514e-01
-3.462700275649946424e-02
1.594354758130254457e-01
6.781518276153820635e-01
-3.421529869561683035e-01
-1.258335314126987292e+00
4.559447092573781779e-02
3.546201951598826341e-01
-2.845888634049942301e-01
-5.359865466954141233e-01
1.213265504469331901e-01
-4.303231885484330443e-01
-4.222676868465131683e-01
6.628989655568582329e-01
-5.658676819474010022e-01
1.409504096672429263e-01
2.474920423995794483e-01
5.565732079467039517e-01
2.247947537168540899e-01
-7.202281366622914627e-02
-4.959803495755839009e-01
5.282834729695340403e-02
-5.630865056765692600e-01
-2.549993479960757647e-01
-5.850722822778033905e-01
3.163525925954709939e-01
1.770386610664563820e-01
-2.785567889338645964e-01
-1.938684334493811778e-01
3.174556398414014047e-01
-5.329675514185437946e-01
2.125518988483343641e-04
-2.218566667598770303e-02
-1.257873420184514757e+00
-6.262419007856401265e-02
-1.304976512385078447e-01
-4.021174617915445615e-01
6.570803798636368764e-01
3.379107200978679337e-01
-1.303734612288567352e-01
-3.443660655599330989e-01
5.692429466302343366e-01
4.264132663296950065e-01
6.699981998793773652e-01
-1.413585624783322559e-01
5.604206356792269528e-01
6.242811317102774371e-01
6.938800124326102159e-01
-3.405398705820397165e-01
-1.072674962431261481e-01
-2.338242055314367907e-01
8.822273634726358615e-01
5.362400957992616846e-01
1.710055424911112731e-01
9.725307998679442179e-01
9.821691585839809058e-01
-1.109062356864300547e+00
3.410264345553817855e-01
3.325528888005744310e-01
2.560555984475943458e-01
8.130708856511309479e-01
-2.335830864999549339e-01
4.709467658943167212e-02
2.898572759461864878e-02
-4.416447814260340832e-02
2.807175567457795839e-01
4.948036611347202129e-02
7.232673996662156157e-02
3.651289271945570847e-02
9.251053553021820752e-02
-3.442866319390050500e-01
-8.602115365621704202e-02
6.311591161772045488e-02
-4.949539241275022206e-02
-4.812896085257753476e-01
-2.178252489465425656e-01
-2.523875888764516295e-01
4.754419918659493760e-01
7.253935542000989889e-01
2.551958198283487689e-01
4.836491440763288074e-01
-6.518412726782653044e-01
-6.660343398588502994e-01
-1.599122681457794404e-01
2.557115754886477577e-01
2.036081732728362709e-03
2.529139573220932219e-02
1.027767423020173321e-01
3.709752186067882262e-01
1.683747062008077444e-01
3.778113121880466441e-01
5.599469452443591733e-01
7.734576522729301740e-01
1.419885642886049015e-01
3.118956091501727812e-01
6.730018755658562224e-01
9.699264875587843004e-02
-2.886856846192489279e-01
4.702283650514248459e-01
-1.896986756612295544e-01
3.926892596810980796e-01
1.880635726684800613e-01
-6.012664417593323041e-01
-9.139859149074209821e-01
-1.391446906303461795e-01
1.153106119716410666e-02
-1.641528965273819640e-02
2.088290881189993065e-01
6.778044806060758987e-01
-4.653152692591083772e-01
2.588090383940143679e-01
-6.691572149887776710e-01
-8.137293064215404825e-02
-1.362319672247132241e+00
-9.203310802982637151e-01
-3.157239624833323433e-01
-6.560920703516799346e-01
-5.775013759505284172e-01
3.162900259425075467e-01
8.903255466858508993e-02
5.325636834544802412e-01
8.340584254203656789e-01
2.255341811340291491e-01
-9.710231198731919533e-02
6.934176399556021830e-02
2.007364249772529419e-01
-3.062241335889833160e-01
-8.285156907063086218e-02
2.785254569800362234e-01
-1.300240873827530896e-01
2.343352614568016690e-01
1.003308351635963380e-01
-4.772385263774721609e-01
6.410321871704974805e-01
-2.846504279014910321e-01
-1.459638856038942167e+00
5.888395416424935247e-01
2.290310227160024248e-01
2.988559899559581901e-01
2.558523288760784498e-01
-2.057888108320766740e-01
2.484616876712375522e-02
5.323940650438774291e-02
4.066711106911985452e-01
6.504528658481574244e-01
-1.280692045810937207e-01
-7.056611718299825309e-02
4.194657959516310264e-01
-1.221248669000122078e+00
-4.144503733120077360e-01
5.092857339513293669e-01
-2.486003760182926015e-01
-4.874437589346347632e-01
-3.360884558291858948e-01
-3.324365060007460904e-01
-3.215281608020331694e-01
-3.178864914311472223e-01
3.666805909226621418e-01
-4.061624902295526418e-01
9.789643895033495191e-02
1.706824463174875239e-01
2.767807863206281360e-02
1.477855673571834283e-01
2.067070975555459766e-01
-6.031195958589159467e-01
5.464219247183608186e-01
-4.478727822558156713e-02
2.020703437453472140e-01
1.237986106994586749e-01
1.328866133910550751e+00
-3.556242004762624198e-01
3.564155075077707902e-01
-4.114705675470509139e-01
-6.537469666189110740e-01
2.624635516348045039e-02
-3.715698306802420747e-01
4.983347361781648721e-01
-5.481854676216565969e-02
6.118458882858363035e-02
-6.162507485388936113e-01
-4.625992969583710979e-01
-1.632008802057938468e-01
3.875805405881453947e-01
1.902915943048547054e-02
3.693299348409207483e-01
2.485392120780575420e-01
5.314044109021397455e-01
-6.907469627530393730e-01
3.392454682990910797e-01
-1.484396017853362726e-01
-5.311749173561639559e-01
1.952256183396556821e-01
9.456235505076744374e-01
-8.545336042953970423e-01
1.369954581996535026e-01
3.593509402866150726e-01
7.286515897657419583e-01
-9.906183667139167870e-01
-1.860354898415583491e-01
4.146838998130129017e-01
-3.705213563220047801e-01
7.366902357237994359e-01
8.563069931788178657e-01
2.406107366622313726e-01
-8.576856717513934303e-01
1.008591459955521241e-03
1.669398295116516495e-01
-1.755693981068030818e-01
-2.357914170454551428e-01
8.784657975955317832e-01
-2.279907666273781608e-01
2.038605968960748305e-01
-1.027357508448330403e+00
-1.248579291620694892e-01
2.236852362113837533e-01
4.090253872573708094e-01
6.268402585390815407e-01
7.009728121035099235e-01
1.500859245542531251e-01
-2.221073966460549720e-01
-2.298863427141802918e-01
1.422512140118170620e-01
-2.520203617728454804e-01
-6.229487260448591801e-01
-3.564325764415701703e-01
-3.063837555476908170e-01
4.929908879216857720e-01
-5.626995914165758839e-01
-1.013337679279781689e+00
5.705311995001625114e-01
5.700964614453718493e-01
2.283090433432801575e-02
-2.599119612761591203e-02
-2.573076459521078663e-02
-2.821243968838688110e-02
8.246581394652241492e-01
4.412807428131705345e-01
3.285734788097162129e-01
8.557192501618636760e-01
-7.287508548514481932e-03
8.357005121724234709e-01
-1.328149207475048943e+00
-2.571472796074528167e-01
1.328795941245179746e+00
1.311734725738539220e-01
-9.389588667876009875e-01
3.788748324184763872e-02
-5.491773889632439731e-02
2.491901100388048129e-01
4.825095399612012170e-01
7.764869446445310519e-02
-2.531351682708983808e-01
7.597640058148736886e-01
2.316391848022597566e-01
-5.110868845099114655e-02
-1.309935368309479431e-01
-2.045086658034646343e-01
-9.606246191476668084e-02
9.366647092883138848e-02
7.226963191481969861e-01
-2.508287252347785601e-01
-7.571717218009736960e-01
3.489630616480703384e-01
-9.414633012806772339e-01
-2.297209715474423097e-01
-1.929565934931063431e-01
-4.110482346983316271e-01
-1.345372627945767841e-02
-2.641544391633709465e-01
4.902124725262516081e-01
-7.708897630493130038e-01
7.232543311692799515e-01
-4.461402150981714221e-01
2.669870144863310535e-01
-5.186390585137426457e-02
2.061543524896126689e-01
8.695106480344306776e-01
3.068032907313413826e-01
2.661167745252461247e-01
6.626659179676688272e-01
6.231115220151840495e-01
-2.001977703266033526e-02
-9.490836459558099625e-02
-3.262972773256230807e-01
6.533934987839400133e-02
-2.966537051116406865e-01
4.538362671910047275e-01
-1.843448292756594276e-01
6.236349033500561134e-01
7.816224092456508510e-01
4.328669541401834464e-01
1.398607358816467139e-01
5.682987661373534172e-01
2.533005843028501292e-01
2.030135461340431546e-01
6.181804776457173745e-01
-4.209698497684427054e-01
1.424399992390039671e-01
2.512580766635244545e-01
7.671353397028344290e-01
-1.781131334617954698e-01
-7.191680187118310030e-02
7.338614667612699538e-01
1.399841346792372043e-01
-3.031561022555658291e-01
4.261508834871373663e-01
-1.347692941001736866e+00
6.632319715084827871e-01
4.310825573347186745e-01
-9.312016187670530964e-01
-6.487035521189967735e-01
-3.484618945116297883e-01
-7.365593608427398742e-01
7.233175113163581305e-01
-3.763113882796230159e-01
-9.492302607501317269e-01
6.678927968953617400e-01
1.144269221917209478e+00
6.663726552870830044e-01
3.002386967789638095e-01
-2.180198364800086663e-01
-1.161467066548043547e+00
-1.108448696083011775e+00
8.149981113249036291e-01
5.368346477403589390e-01
6.869294266975450869e-02
7.950468497335794194e-02
1.081679510792714349e-02
4.114617160662834561e-01
6.551619275115952989e-01
9.061199896571253687e-01
-7.052628344849906639e-02
-2.417604813010179599e-02
-5.076127573935338422e-01
6.044559974791906543e-01
4.071349943638744029e-01
3.202465504877554103e-01
-5.822756469462104789e-01
7.547309534270130182e-02
3.064221558353853458e-01
-3.585834207183117295e-01
-3.758567516698957389e-02
-1.120691021704065760e+00
4.139127044581751846e-01
-9.342627503816961498e-01
1.119107684893755117e+00
-4.809405972485464864e-01
-4.103061923313449516e-02
2.630839725525978556e-01
6.191814488756585133e-01
-7.276010020256875599e-01
-7.039260994286836715e-01
-5.467518609576765831e-02
-7.067525659796425330e-02
7.258559969278181034e-01
4.831932940146568822e-01
2.045478677366289189e-01
4.213649774428756545e-01
-4.325942924822505087e-01
-4.593108218316336866e-01
-7.296683367204539472e-01
-4.362933023030826085e-01
-3.401083024123900955e-01
3.935542353136283755e-01
-4.081377674597948535e-01
1.705881674011708038e-01
2.287660932651214007e-01
7.928038073344210179e-01
-1.003683859546786739e-01
-3.120703851642013804e-01
1.684980392932589055e-01
-4.511457884404325436e-02
-1.100256981563651759e-01
-8.306089411025705527e-01
-3.993845309421657497e-01
-4.644853690403915603e-01
3.284781794451220871e-01
8.427518826801387863e-01
-2.876609741313876367e-01
-3.992786876334786239e-02
-2.723633931464738422e-01
5.480711333137109342e-01
-8.581016333927714568e-01
1.176853913053935274e+00
3.075008406814613848e-03
2.385550970564820072e-01
5.323641485477736968e-01
-3.255267332292732241e-01
2.275613822557871202e-01
8.873311680861356576e-02
1.800236765818316043e-01
7.225978513811975867e-01
-3.264553411755435341e-01
-2.152133556843555950e-01
-2.509542059532143266e-01
2.166538543185992094e-01
-4.838223725527375230e-01
3.096767220559751843e-01
3.319127035027885086e-01
6.489258346364267238e-01
1.305230282138269415e-01
-3.424811063904792396e-01
6.040668559562983875e-01
-1.428356700151325043e-01
-5.686838420945861117e-03
3.987240151919889675e-01
8.449002860793496383e-01
-3.810946031760338859e-01
-1.417699222488600919e-01
4.965497596668080882e-01
-2.915003318825031831e-01
-5.588753560544377219e-01
2.736207218561244048e-01
-9.051837402717541337e-02
-5.939070579960068486e-01
-5.735805946898389074e-01
-1.736136684363720484e-02
-7.823723512342721786e-01
-9.338738578502599197e-02
1.491551510923170287e-01
1.546719660036970923e-01
3.094279626719061982e-01
-2.113635822346346393e-01
7.218361020613146550e-01
-8.108681921036697826e-01
-5.578062842733868543e-01
4.762852494023520622e-01
-2.535323168474523103e-01
-1.112956878698954322e+00
2.011882174650644894e-01
2.417977387069125683e-02
5.757109560069615384e-01
-2.412036663534493364e-01
-2.247866483854824293e-01
-6.026833250775517348e-01
-4.838779115204000503e-01
6.507448291554263076e-01
1.964054935223010223e-01
2.180625168921691004e-01
1.262804534217010888e+00
-6.560912854085687584e-02
-4.053110349387711864e-01
6.139776032367293412e-01
-6.959521035145332934e-01
4.836504160516302830e-01
2.500592556288823709e-01
-2.117635418687166815e-01
2.076793777860302392e-01
-1.601257847879759555e-01
1.378786590332334860e-01
-4.159808796061761904e-01
1.762545319981697056e-01
-6.701268168249655544e-01
1.094736184033033632e+00
-5.526337227104637373e-01
4.654882894828481915e-02
4.760559801623784892e-01
-8.513318684437229944e-01
-6.331506915627117538e-01
7.582258860696110547e-01
7.018029332523214592e-01
1.615067948882002447e-01
3.529933587821821872e-01
1.129441166475367186e+00
2.442997425837750980e-01
1.744285290216475992e-01
5.042550237810590197e-01
-1.403359364037438661e+00
1.530434589319809302e-01
-1.481749006684640046e-01
6.836194269868945961e-01
7.981725825993319923e-01
-6.818780630550751454e-01
2.463825417976561183e-01
-1.956383271408447255e-01
-2.918891895773204070e-01
-2.256342243724080432e-01
-1.058517364448172682e+00
3.115151569410063992e-01
-7.661127612739573323e-01
-3.594315145842194026e-01
-3.490076533822653038e-01
-3.322321309120535027e-01
2.237154517076708204e-01
-2.573094356807703043e-01
-2.379145624369438106e-01
-3.296326199304466242e-01
-3.285618265670351978e-01
-7.018124008007420311e-02
6.255924572462152611e-01
-4.491211431877031313e-01
-8.833029016001295308e-02
1.540929183294424132e-01
2.522814603854390825e-01
-1.142854792219710980e+00
-8.716522362811769398e-01
1.816131871451837076e-02
-1.098802407406758580e-01
-1.294121627055423718e-01
5.060472135114341130e-01
3.428665196026240980e-01
5.459150947479394222e-01
6.537918552821988527e-01
9.626736072955471846e-02
-9.527164490227909774e-03
3.148446000050666438e-01
-8.718852585181680048e-03
1.788192153902183890e-01
-8.784262373540342450e-01
-1.693278072495783271e-01
-1.523770535494902989e-01
3.259077660663794451e-01
3.628190319814034170e-01
1.615264044210898975e-01
3.835538238535957101e-01
1.146952557074223666e-01
9.309860659088903256e-01
1.820382462489378295e-02
3.909136835353366202e-02
1.254316865466822417e-01
1.241446565806893609e+00
-2.641879023649671421e-01
-2.745515860477623082e-01
-6.185619175893001254e-01
8.297009743960942485e-02
-4.021000307295291565e-02
-5.720600955130172860e-01
-5.891238591553151771e-01
-4.254446731334279863e-01
6.882585184944879364e-01
-3.595921955142452053e-01
4.041598512201650673e-01
-3.925544603785601772e-01
2.956060155821788049e-02
-8.487621037025009363e-01
-1.786016146149901895e-02
-3.080829215991581216e-01
-1.095633783661991378e+00
-2.688903572851710777e-01
1.659537659377190444e-01
5.618233094700872954e-01
6.656789451737910035e-02
-1.757538000184502569e-01
3.009554247173267250e-01
5.678860825441972571e-02
2.127762776541905210e-01
-2.124978842784944200e-01
6.715525448541459497e-01
-2.404614534514792901e-03
-3.108428140810360896e-01
6.957864295392410803e-01
5.020171610739521117e-02
3.444749776890473209e-02
1.726295119296790137e-01
1.050163210889399623e-01
-3.276813601043046531e-01
-5.370126784687985211e-01
-8.058176187887998443e-02
1.703802039915317812e-01
2.689761125060328162e-01
-1.555602144004973320e-01
4.545099982344879413e-02
-2.810101198857520299e-01
-2.321870517928680266e-01
-7.130219128034931408e-02
2.676916156798753166e-01
1.781921365110645250e-01
2.791285229303731574e-01
1.191038955976384400e-01
2.285786051548244213e-01
-4.078528280346287449e-01
8.944954078443018153e-01
-4.183195881018191287e-01
5.169025283579167240e-01
-5.448878194712707401e-01
5.427665805585560888e-01
-3.475692305440695185e-01
5.577013642041886432e-02
1.051816294660319118e+00
5.646109582753254807e-01
-5.986932209005132455e-01
-1.908443699600447796e-01
-1.410531624355349400e+00
-1.417269129891850055e+00
-5.202902599823111540e-01
3.016789277457339047e-01
-4.479208067203595545e-01
8.961014186058477438e-02
4.288755218291706028e-01
2.272784116236104546e-01
-5.206947620585864467e-01
-4.843655490494759297e-01
-7.544154669643949873e-01
5.602642132699964250e-01
-4.378590137686789729e-01
-1.547236505648573179e-01
-3.872986207372242640e-01
-2.703031156667373147e-01
-2.972330032442268011e-01
6.027182560201287398e-01
5.251855493698683874e-01
7.765696665529664422e-02
6.403255499775785120e-01
2.678789798338852002e-01
-4.780422157499893965e-01
-1.021656771429044985e+00
2.434832861696599182e-01
2.408226192677224153e-01
7.599673621717339955e-02
2.716838764726866584e-01
3.101856310368777403e-01
-3.123351902755084897e-01
-9.687953492911220710e-02
-1.000813228851736181e+00
4.697728886807900350e-02
6.353414136516946087e-01
1.862328785410982124e-01
3.151187918672096466e-02
1.826501714226350659e-01
4.005183925897329300e-01
-1.132356489189944998e-01
9.916260774810445877e-01
-3.523147676716540944e-01
-4.802808801880827927e-01
4.782069542175210186e-01
1.392007659772131589e+00
2.049090876626158964e-01
-2.844558630995179804e-01
3.379275822706516164e-01
1.529293939455857121e+00
-8.242452091907612188e-02
-3.992801187932505380e-01
4.195409600594870447e-01
1.600143344178971416e-01
3.009014512852210554e-01
5.549083055298057454e-01
5.516865368047750851e-01
8.336710177466059857e-02
3.927352218844812892e-01
-5.015048840509837014e-01
4.866783896630395567e-01
-3.442505275956162514e-01
-6.707422632878798918e-01
2.927890337623266781e-01
-3.293264380219986798e-01
-1.842037904056415543e-01
3.797119433262656218e-01
-6.015121409471473335e-01
4.787201067839193247e-02
5.559973631265657801e-01
-4.147489053696116756e-01
-1.784061522737380445e-01
2.848722451933193844e-01
-9.137136536210885840e-01
-2.376799206270440445e-01
7.185559979063840252e-01
7.075176885433540619e-01
4.808194106744519136e-02
5.978178109820370123e-02
1.707605950025364194e+00
2.578553511410442978e-01
4.321417144252175380e-01
-1.319466175830292798e-01
-2.639314769781113124e-01
-3.974482849662301365e-01
-3.694684967129301945e-01
6.293111394713228890e-01
-1.451943661365788563e+00
-3.494120981008563831e-01
-2.389526802829294583e-01
1.596278824609151936e-01
1.120770660306198985e-01
-9.364750798053432801e-01
-2.557479986989322218e-02
-4.002519009716730691e-01
-6.390334136222273198e-01
1.197922088451023603e-01
-2.227493107931088345e-01
3.328913424773388696e-01
4.822711077034817495e-01
-1.590160660121635594e-01
5.806885361585081284e-01
-7.114195349770624510e-01
3.311556239320605499e-01
4.689526290428407962e-01
3.758208161364858801e-01
2.251737152550377652e-01
-1.424681541706557253e-01
-7.327790883003659772e-02
-3.983311579735454577e-02
-4.544815437242661488e-02
2.451966453068487872e-01
-5.664701034576393734e-01
-4.290418859258978146e-01
4.828142829410103642e-02
-3.328330234120276121e-02
-6.708485128819462462e-01
-3.210200191531127900e-01
-6.228756602593459313e-01
1.990621473378108575e-01
2.718945548783321398e-01
-8.114673016770520553e-01
4.641163578629284303e-02
8.455849087086028115e-01
-2.725520316101791574e-01
-6.584407347682159628e-01
-2.369511106252371602e-01
8.975302277101444570e-01
5.169666596473304621e-01
9.376331356531943939e-01
-4.331296974340794192e-01
8.141171243041350758e-01
3.330802388523814717e-01
-3.328101659412723845e-01
-5.185955343786032845e-01
-4.699579451683962850e-01
-1.973032493900341300e-01
1.754106039261241479e-01
-4.257265609484762181e-01
-8.026349195777275625e-02
-1.132247745180955112e-01
-3.058194203716156634e-02
-1.333202259917927734e-01
-3.853403216229758232e-01
3.788564477181662338e-01
-1.886247282510543632e-01
1.516085914046551297e-01
-5.201353658207890085e-01
-6.752710116375758576e-01
-3.961935161498453262e-02
-5.239703347944252299e-01
1.592645452855201982e-01
5.154081985373520913e-01
-5.347542883399765135e-01
-5.231938106309494962e-01
7.562795274278895086e-01
-1.605412749342420009e-01
-1.080047418739635168e+00
-5.409948053577839922e-01
3.993723013928114352e-01
3.898704479474975337e-01
-1.172092950513101028e+00
7.000172384722069818e-02
-6.596024035383117878e-01
2.700519606766577096e-01
-2.838370334706693532e-01
1.323963583017919943e+00
-6.702162823706804273e-01
-3.019925692296836911e-02
-3.175080533074908784e-01
-4.464229378458250963e-03
-9.838680844746264809e-01
1.170108069420864733e-01
-1.369308599080698130e+00
1.045570874951162743e-01
2.917134398570580545e-01
-3.257401041204715519e-01
5.391116455634656912e-01
7.529750023381426294e-02
1.351787488030393725e-01
2.702205916230671079e-01
2.790918246854973694e-01
-9.809090194852998490e-01
-2.423593639158315161e-01
-7.773525594060215482e-02
-3.779216477032859567e-01
-7.376939840002256776e-01
-3.272326722147961831e-01
-1.456509540102380318e-01
3.007760391557703361e-01
4.356902988743702743e-01
-5.118042430728916292e-01
8.024616296592874676e-01
2.791549921492736397e-01
-6.929059526226724053e-01
3.624602241390192936e-02
-3.642245875862626381e-02
1.607588222385792354e-01
2.860898564721267023e-01
5.275292229354053841e-01
-3.155257766431955324e-01
1.919987814407806415e-01
-1.201080576990290472e-02
1.891410547418238830e-01
-3.702433834138895152e-01
8.290188133995640696e-02
6.854502896841021542e-01
-4.768658479796620830e-01
6.760717735509952364e-01
-1.603724989125688394e+00
3.741420131499642032e-01
-2.544716904808920765e-01
-5.861335268265233100e-01
-7.707102499739182377e-01
3.097140172590156504e-01
-4.281915688399927089e-01
7.281431208028071866e-01
-7.905686647832074199e-01
4.024657203247142823e-01
-4.813892716082722179e-01
9.871282355214454629e-01
-1.124943542412061848e-01
5.419182817746526215e-02
-5.609288887325576400e-01
8.286508239447277768e-01
2.086919492179316604e-01
-4.776683953345747247e-01
2.698326361502950133e-01
1.113554381983111186e-01
-2.833487142642485135e-01
-6.198233183712200667e-01
-6.510457180343666439e-02
1.030432259375697157e+00
-2.025086173277508839e-01
-4.354047039021252674e-02
-3.465421319693198776e-01
-4.023455679674028396e-01
9.440770582196944538e-02
1.000081259228095654e+00
2.746987739313284660e-01
7.668817194915084068e-01
2.932795072657543023e-01
-1.003501829512844362e-01
-9.482566536991461348e-01
8.130384448708880551e-01
-9.220375704672613415e-02
-4.527681000781242360e-01
1.669118365946313243e-01
2.332907469777650844e-01
-5.014225736901305464e-01
3.966615902268546545e-01
-9.398504904761975087e-01
-6.058854229162468075e-01
4.017140416094635569e-01
2.195963021241805480e-01
-1.475147969981555340e-01
8.161968866064885919e-01
2.222494994253627620e-01
2.581602045252320288e-01
8.610785371850175896e-01
-1.097736201276203749e-01
-2.773253617833030260e-01
9.336310505300557394e-02
6.417358833233390847e-01
-1.060514243627164177e-01
2.400887720185426455e-01
-5.947212957008750633e-01
1.898731542878293321e-01
7.464210109965811746e-02
-5.364482778531226570e-01
1.005518004472707450e+00
4.035823311519931567e-01
-1.543409684586857011e+00
-1.942761767790621152e-01
4.635991201199383127e-01
-5.713820797927865458e-01
-8.744889086310627668e-01
-9.095794702415425093e-01
1.982556043589748240e-01
-1.979141240975737515e-01
-4.228678110228750175e-01
-4.331875291192819333e-01
-4.720142224436395528e-01
5.779843953813297297e-01
3.880904828339413748e-01
1.981069475129690893e-01
9.912250565095180599e-02
1.387218836146399958e+00
6.354816135457426463e-02
1.280155145326405675e-01
-1.729772088490640625e-01
-4.821563882263040224e-01
-6.742825138561127363e-02
-9.846885883405549489e-01
-2.008774982966753109e-01
2.630373948917973381e-01
-1.028761680724855188e+00
8.690651034350169724e-01
1.004798387068765592e-01
4.950024007140448878e-01
1.044839938899731813e+00
3.503078948492792666e-01
-2.027209753052409136e-01
4.061783978657801386e-01
-5.788737347842988212e-01
-2.325634655204061041e-01
-5.220357887752089532e-01
-1.099580129539407869e+00
-3.666195061179000625e-02
-2.427047423963824002e-03
1.767585475111491389e-01
-2.646462625288256709e-01
-5.832089454350325441e-02
3.453741837417177440e-01
-1.953827305343904808e-01
-8.705887757834313012e-01
1.106692866896280131e-01
-3.034195372465906537e-01
-3.605586945887496730e-01
-1.226589312559671352e-01
2.633926008839482802e-01
-1.057591197358413171e-01
5.535717835347752080e-01
-9.916218250805813872e-01
5.412878705615948860e-01
-6.052586276195197623e-01
8.895374105438078050e-02
-1.591457498744007770e-01
-1.153518426474477332e+00
1.086661714362954889e+00
-1.228367217191855126e-01
8.095627386286823324e-01
4.804339724326612826e-01
-4.508814160984389030e-01
2.851567927789635526e-01
-4.980563992809342033e-03
1.033738753115854836e+00
7.864883042808963332e-01
2.527799858834926111e-02
9.291655813572612388e-01
2.022587450361792993e-01
5.846451484198120774e-01
2.650775972637122169e-01
-5.596338339984539001e-01
6.517876664839402645e-01
-3.768641246137216516e-01
5.016984510787317886e-01
-6.263485901951193480e-01
6.872106940786695262e-01
-6.015840638422602638e-01
-3.132641726328051490e-01
7.749368601022189607e-01
9.749173897219870488e-02
3.388148672672739448e-01
-4.478170535161092869e-01
6.427667393523389672e-01
-1.456131674250095431e-01
3.003004248947081511e-01
-3.169403527701797341e-01
-1.770583945002851323e+00
2.650417550576598669e-01
9.031985284546181214e-01
1.486909886842708861e+00
-1.592410393784072786e-01
2.079848429149825373e-01
3.502311676387380723e-01
2.207022976449871388e-01
-3.046019524775671616e-01
-7.451759445280302652e-01
-3.330872628704238392e-01
2.196542073602076872e-01
-6.625588373665599606e-01
-6.874326936484826955e-01
-2.581880497938039976e-01
8.213612993831793663e-01
6.031976554875015939e-01
8.174016203354690369e-01
-9.654953629690343764e-02
8.790199931387440713e-02
-3.302875843917908449e-01
-2.475970397939899759e-01
1.683426965580159251e-01
-6.847457908092594581e-01
4.702472947955800842e-01
-7.850780998480985096e-01
4.783274188302578112e-01
-5.842186394124160298e-01
3.373941470356389694e-01
1.864031308748782811e-01
6.512593637468029328e-01
5.693807651015403426e-02
3.252517484571109674e-01
-1.112952593883936636e+00
9.664970290696678346e-01
-6.281829541313954657e-01
5.051449374882203136e-01
1.217244742525250611e+00
1.055788201607770205e+00
7.582471960492901397e-01
8.663515895405108358e-01
-3.108845812400362618e-01
8.136709908266391844e-01
2.040226377350461973e-01
-2.822965346650121304e-02
1.615900280828890923e+00
-4.812630886409900999e-01
-7.870888575189469716e-01
-2.520143014582557628e-01
1.158900725754378636e+00
3.319515893964422037e-01
-2.820425190057666009e-01
1.448480345869245789e-01
3.014513976053465050e-01
1.153259640816573839e+00
-1.754951925837600069e-02
5.804131666851517490e-01
6.975600518269510220e-01
-3.047084634971886086e-01
1.584256171228253518e-01
-4.922509807620159550e-01
3.158321602295860453e-02
1.041571778444886354e-01
6.493689627274126797e-02
5.360679840590982792e-01
5.906203206857468802e-01
4.754519200941583756e-01
3.117521372987114847e-01
-1.874173620452605493e-01
1.072591199914615379e+00
3.276980925487222862e-01
-2.659196814020792221e-01
1.130080882015264132e-01
-2.798785167482312763e-01
-2.116660375431959062e-01
-6.209350745324482279e-01
4.163529869096431746e-01
2.595671209010164127e-02
-7.152575709158834893e-01
-3.558076903774995969e-01
6.357497947420058804e-01
5.510284033294686745e-01
-1.471985422634619622e-02
-4.714918803652699830e-02
2.650939820589223728e-01
3.814341137926791081e-01
5.063333682861660690e-02
2.882967276626968167e-01
-4.817346841909733168e-01
-2.563388312020423720e-01
-1.161620881404950428e-01
-6.872648484934598678e-02
3.335898575246243336e-03
3.190119712733914259e-01
-3.479138745649200670e-01
4.572568155771040699e-01
-4.112296899333625633e-01
2.216621039724196440e-01
2.067852741471932487e-01
2.290550287582221456e-02
7.402816722233974689e-01
2.415128285814099329e-01
2.087720708377343859e-01
-5.615599974426145613e-02
-2.431040645933336131e-01
-5.967445621680178558e-01
4.275096871520506214e-01
3.779221505234746648e-01
-1.564113725204642480e-02
1.992336077891361523e-01
-3.121398541272084604e-01
-3.412386962931651113e-01
9.961192208813687277e-01
-5.687005749224496309e-01
-6.902578326704298384e-01
1.282059708318046276e-01
1.056291954268117728e+00
-2.865190395176915872e-01
-5.450192966433569097e-01
-2.422979962060061443e-01
4.478222693553746137e-03
1.565818330693246885e-01
-1.841381985301510649e-01
6.049007758301386817e-01
7.398965179130412295e-02
1.239049547938523010e-01
4.579994355761028979e-01
9.344195565371088419e-02
1.359078673173705010e+00
6.210084597045015808e-01
-4.378708890678729704e-01
-1.779931793527924078e-01
1.681918677191621136e-01
6.020582270737894204e-01
-3.355795991942047141e-01
2.412879078642768127e-01
-6.119683085307875414e-01
-2.812435500917075948e-01
1.122988568292132561e-02
-4.972173619660295030e-01
4.396223967825457213e-01
2.811386732439735692e-02
-2.614129179317160045e-01
3.386096555339224157e-02
-6.962768873631284272e-01
2.440108140731193365e-01
1.572621637737681155e+00
-9.652612472647016384e-01
3.615144205512472175e-01
2.163269176989371656e-01
-9.897353543974701795e-02
-5.201151340257105238e-01
-7.262785065067890455e-01
1.114909482272802843e-01
4.851427301826353733e-01
7.355334465249038223e-01
-2.181434517924678018e-01
1.157202807616924067e+00
3.068911163314320123e-01
-4.520519802024447475e-01
1.424049319189237273e-01
2.870929758120460695e-02
2.803844700673911450e-01
5.936518583868398702e-01
-3.055492857583216315e-01
5.072057099292956450e-02
6.954357545311984357e-01
-1.582193491119838202e-01
-1.539120751403291187e+00
2.489737833807686984e-01
-1.733674118623627358e-01
7.141495499876253650e-01
3.477059391328991000e-01
3.886661333817061914e-01
4.819071490074022246e-01
2.157846238048743426e-01
1.466445611219409084e-01
2.653880609431775728e-01
2.755781208374705193e-01
3.675429688195394062e-01
1.045632999485146764e+00
-1.601412357170201695e+00
-1.055051411491118252e+00
5.029067963303917033e-01
5.019108476664626561e-01
-8.346028738850957973e-03
-1.651201315031400885e-01
7.656893348999755933e-01
9.043952091081472466e-02
-5.086571856981066952e-01
4.041582461667053705e-01
1.590583958338692150e-01
4.084867712478876811e-01
-4.313610312595476948e-02
4.836705127091399659e-01
7.595020395957988724e-01
-4.923900147769611491e-01
-9.701548277685358990e-01
4.940132456348824697e-01
-4.523659521306467868e-01
1.018883903080203490e+00
5.695192176702960074e-01
