4.608755507595235779e-01
6.585363670923944923e-01
-3.783427276493811497e-02
4.325455529368098934e-02
5.034346411268976196e-01
3.463122910169214030e-01
-7.371289395270930189e-02
9.521013239774964720e-01
-5.264066517473688922e-01
-4.644083223619482892e-02
4.054252110000411413e-01
7.723008984960912926e-01
5.853924503147971414e-01
6.995494649823996713e-01
-2.330583256923099422e-01
-7.351173665565104987e-01
1.449119666099711323e-01
2.309361269852055198e-01
-2.364957068166534115e-01
8.194873932976241004e-01
2.095140425577085297e-01
2.035802764174732826e-01
-4.738898909440489859e-01
6.356491522867900867e-01
6.135505599712111346e-02
5.515573474484238847e-01
-5.154453955300809520e-01
-5.976915810912637739e-02
2.048411839452865535e-01
-4.420658715608862810e-01
-4.350970123493706487e-01
-2.439572904827621014e-01
-4.538068303524840363e-01
-1.663325288621351761e-01
2.406997359132705475e-02
6.549082342356842279e-01
1.890503256876604199e-01
-5.339377676392849104e-01
5.532845272908040180e-01
8.295243523222243232e-01
-2.913309108793837518e-02
-5.200607705426707472e-01
3.420643184595867359e-01
5.411355309735330632e-01
-3.999171047992416961e-02
2.081275875370534878e-01
6.900675529107415107e-01
-2.466350159369011807e-01
-2.059800922457198646e-01
-6.319666255358952212e-02
6.273308183234603819e-01
9.448233176577132131e-01
-1.094884546079628596e-01
1.349138848447516137e-01
1.960366542337957929e-01
-8.374012517322362292e-01
7.187127128207015936e-01
5.638888064468217109e-02
3.242358777181623131e-01
6.935074445188461612e-01
-2.973069823169542381e-01
-3.044132790433025648e-01
6.710509363724496135e-01
9.138835858213696373e-01
3.455478348101632680e-01
5.525749327738418426e-01
4.954395283601241706e-01
1.907489347015316472e-01
-6.569057754653896408e-01
6.723327083009587035e-01
7.623500436199003305e-01
3.655019879408377692e-02
1.095693081858014478e-01
-5.379021129923156064e-01
3.684594748291678545e-01
-3.468381053052077001e-01
3.175516069946345693e-02
9.431524571861732431e-01
-5.174707262123527940e-01
-4.899431929024679333e-02
-4.441974142056192010e-01
-5.125647770916829521e-02
6.388377566138137009e-01
-1.403458793041684749e-01
3.585138055913396626e-01
-5.184048506408037715e-01
1.516802668692725231e-01
-3.456588572058311715e-01
2.516025863918704419e-01
5.919585333513170955e-01
6.150575717862473146e-01
-4.819311826941118926e-01
4.380862852376271044e-01
1.332514258048960731e-01
-3.275575468275713220e-01
-3.646421856609337042e-01
-9.965669648262728830e-02
-5.329449503042301695e-01
5.988827278532888876e-01
4.863383820770362798e-01
-6.939694511423259993e-01
5.194706367296795246e-01
6.185839395450141165e-01
8.207221407426477100e-01
5.271001292131574645e-02
7.849649755456831191e-01
-6.495223735801554099e-01
7.077377375910531843e-02
-6.448635141364369439e-01
-2.996471691592701991e-01
3.818021307717695545e-01
-5.879715196371068098e-01
-2.091057002207851734e-01
-5.497512907908348456e-01
5.588624256089445019e-01
8.689772145339857978e-01
-3.492458839624322242e-01
6.684504809116789126e-01
-9.256413407026776730e-01
-4.217487603589514800e-02
-6.682770518433893692e-01
1.916821895911894336e-01
6.644223755939018261e-01
2.162223359048702775e-01
-9.179162453434270841e-01
-3.661144260483809587e-01
7.927787597058801872e-01
6.340997157029710785e-01
-5.865490294026813878e-01
-4.038646905181549895e-01
7.595052201893865984e-01
1.424929907442327170e-01
6.331114033123868001e-01
-5.904443267360320879e-01
1.821809812002248286e-01
1.389879435345376391e-01
-7.156726462841811465e-01
-8.270190286616761755e-02
2.541903277068646161e-01
1.172359144029141154e-01
-3.922198921487099477e-01
3.896883357565775197e-01
-2.539304298380156144e-01
1.347112803003980841e-01
-9.776855752488329554e-02
5.721288011843913557e-01
8.096151100383384147e-01
9.838852500056557981e-02
2.852300766035721358e-01
2.052144162896861745e-01
6.189058812354530925e-01
-7.694811832774340887e-01
6.405613119212636430e-01
3.838951480279527151e-01
-5.705088544121873495e-01
8.158609124437907756e-01
5.859294520093784042e-01
4.130715828916895482e-01
-7.548417282851127563e-01
-1.999766240597436184e-01
3.423976833688273103e-01
-1.045263371875264913e-01
3.123762041763484820e-01
6.122108947996121042e-01
-7.738088825691843420e-01
-9.262091714064430992e-01
6.370757225920026245e-01
-5.199275812283215004e-01
5.625207354360537426e-01
5.407878171537790213e-02
-7.919350864184020455e-01
-3.968537941188889917e-01
-4.658538338999553829e-01
-2.222493581742775171e-01
-8.321114409750040436e-03
4.696507254275724685e-01
-2.504039040050027448e-02
-5.399608153350452522e-01
6.559815985289882967e-01
3.676592709121431213e-01
-4.640910489531632210e-01
4.364735282941188954e-01
3.732038233342512279e-01
-1.639189591194115114e-02
-6.303392565251737523e-01
6.987093580663394921e-01
-3.236218107619882045e-01
-2.962740458716478509e-01
5.528853446506366565e-01
4.957171894312710769e-01
9.940266729809675572e-02
6.286410648025475556e-02
2.708411050625352812e-01
1.668726844191434355e-01
-3.776456577611955745e-01
-9.948456607590430711e-02
-8.703512716803230020e-01
-4.449521656756969534e-01
-4.359841376808860636e-01
3.569448991595380871e-01
-7.032181668951313913e-01
-7.849626640132085775e-01
8.872417762481175085e-01
-2.033315127924642529e-01
4.840675676701693408e-01
-3.991732415195511363e-01
-2.474425961566179277e-01
-3.977553104716854415e-01
1.123772474673497695e-01
-4.791384164704710902e-02
6.304656674421577067e-01
-8.502475318134695981e-02
-4.102166960630715398e-02
-7.639398629731265489e-01
-2.499422675037316632e-01
8.647169296659309445e-01
-8.026597223190367059e-01
7.165567277693207782e-01
-1.334244476452406125e-01
1.398982453265727455e-01
3.936112787328389095e-01
-8.574116427160998199e-01
2.538729722654690102e-01
-8.525097151188497646e-01
-3.134531667622670881e-01
1.304170066544595163e-01
-2.250795437627901296e-01
3.694944348745655138e-01
6.083174353588081118e-01
5.768597857652661975e-01
-7.878364778173578553e-02
5.813226007371461446e-01
5.026946665901184386e-02
5.197661880049289085e-01
1.768891737404242603e-01
4.174634377391109874e-01
1.007462414637137899e-01
-1.247943328307670324e-01
-5.745922876962572534e-01
5.166838139068000713e-01
6.062405312755301257e-01
1.499857488740486203e-02
1.419282552534015251e-02
-1.606632298386772295e-01
3.903281910801640886e-01
3.167246343542305942e-01
4.628970149120832378e-01
-5.124799377006714618e-01
4.637244980238412750e-02
-7.447434283558594936e-01
7.742596405981774788e-02
4.700460904450015631e-02
-5.114240092752895261e-01
-3.828380163569704564e-01
4.057571144140535990e-01
-6.130480258064698873e-01
-3.312474375854967956e-01
1.522714257283624695e-01
8.220950331429386360e-01
4.662231589967330558e-01
-2.010646525629670167e-01
5.743704366562709662e-01
-1.689695594910820692e-02
5.413787174236112110e-01
1.193837412022751149e-01
6.232853429102271914e-01
8.615236632007381434e-01
4.374107593255364135e-01
3.911342215016914148e-01
-5.249325636653804361e-01
1.161081772476673935e-01
2.738853632453167597e-01
-6.944188794791579245e-01
7.163779703296834223e-01
2.668819771013918318e-01
5.909847324580104200e-01
8.520527327584703770e-01
5.297931266468439704e-01
-4.842409736320042457e-01
3.741722292727258092e-01
4.905874291229336270e-01
-1.770037112454870831e-01
-5.149523484983822286e-01
-7.131455265382283804e-01
4.703589314087873174e-01
-2.777341570098333379e-01
4.761771693339947320e-01
-1.823464695889900344e-01
-6.359764712403835896e-01
5.611011855850206453e-02
3.808508614254491054e-01
8.856250336076474383e-01
6.593832646455249913e-02
-1.998935729402069039e-01
-2.508184789305706319e-01
3.447241879883433668e-01
5.918551959125553097e-01
-5.369200330776091601e-01
6.764361114886986714e-02
2.360152163978438411e-01
-7.296955551512058769e-01
2.392128330287538185e-01
7.101194769848915289e-01
-5.909054115470931956e-01
3.144600914023146232e-01
-5.325962097757415137e-01
4.766269789342352237e-01
6.193101622500283288e-01
4.387783152442508161e-01
-4.598886917755584669e-01
3.481353508862201629e-01
4.595828109944622986e-01
-2.069885543881102782e-02
1.352866247408638922e-01
6.719613935512018799e-01
3.109887376734798980e-01
2.357044524727801571e-01
1.111713900813315614e-01
-2.160216372600971546e-01
8.458465126651143473e-02
6.835399630676020077e-01
-1.489763910180413875e-01
-1.019360958359104563e-01
-5.566039548053743902e-01
5.009875588531561563e-01
-3.375958376022918372e-01
7.008834102094357865e-01
-3.097025285588493881e-01
3.843977279015465820e-01
-1.681850400458127504e-01
-2.366303863721386236e-01
4.438303573599082230e-01
-7.355110741860571011e-02
-1.379051289388494861e-01
-2.540596433138359034e-01
-5.165182796683879252e-01
-2.551664274515940134e-01
-7.736080600349984904e-01
-5.163193433296716650e-01
-4.942713350365700586e-01
-6.379350378903714258e-02
8.409706830516133769e-01
-6.639098128457006087e-01
2.284663461491235337e-01
-5.051242525905826897e-01
-1.599017628508565547e-01
5.228983943714099469e-01
4.781729537150631870e-01
5.491124591793414972e-02
7.082095257999938553e-01
2.385129395794610141e-01
5.429862768943815032e-01
-8.352849860948967364e-02
6.390236309594968245e-02
8.926042344667739492e-01
7.850379525326008079e-02
1.297919989503210081e-02
-8.201859289711618817e-02
8.739285669650652677e-01
4.590511595503512510e-01
-5.009939875007486665e-02
-3.327608618197455681e-01
5.043824322926495629e-01
3.412248772990149059e-01
-3.514360869709405311e-01
1.358283194130310845e-01
-7.273213213848231939e-01
1.789572094456336193e-01
-4.491316022512141237e-01
6.822012733656809269e-01
-2.081791488227985321e-01
-4.422793989064089382e-01
8.691375101821184612e-03
5.096566086841209427e-04
7.717908241594102770e-02
3.113114520118749340e-01
-1.735584239723620970e-01
-7.272031818394262270e-01
9.937019635552090113e-01
-8.761921702489373631e-01
5.667176339649580008e-01
-1.264658042122877302e-01
-1.614634572042995542e-01
5.711309806519648813e-02
-2.544505577787790906e-02
1.763791646941187397e-01
-4.382019578898047746e-02
-4.552226455973654717e-01
-6.369415955873214408e-01
1.271429518873029574e-01
-2.857527985091704581e-01
4.249188753816330322e-01
-1.292441067113023201e-01
-9.166646885002439904e-02
-4.635728587434885251e-01
1.218987701686316261e-01
-3.918500469402266817e-01
1.428169404986961988e-01
4.180241636314741549e-01
-7.594181156541375266e-01
-3.994340259061004983e-01
-3.407705261782940087e-01
1.179160618061162735e-01
-8.729416162611135233e-02
-2.014735983587440660e-01
3.319933747155828785e-01
4.221390328551970494e-01
-1.839451172032082749e-01
7.894489798287938065e-01
-5.543371693055196836e-01
-4.140930233180670217e-01
4.270687002102042107e-01
-6.328855675436804162e-01
9.369027542438674860e-01
-1.892282452760161160e-01
-5.036135849842576784e-01
9.152675365841700383e-01
5.284932278186743604e-01
5.052445543043295739e-01
-1.415687154948689908e-01
6.851257360374631844e-01
-5.276843560502729735e-01
3.657259227926059064e-01
2.984495731098390503e-01
6.836958632654768220e-01
-5.952957787206126783e-01
-8.284155174927289034e-01
2.355390283511454297e-01
7.517763803180548265e-01
-1.484903650632428129e-01
-2.727564734546883418e-01
4.361443141369132914e-01
-4.275451086345566365e-01
7.937506907666114220e-01
4.561833702792561507e-01
-1.201362514441651208e-01
-5.847674360871892851e-01
-5.353736289463822962e-01
-1.549114677443302612e-01
-1.454147859528567843e-02
2.502341096674529086e-01
4.396987489944109151e-01
-5.541893429176609764e-01
-9.347533710729852841e-01
4.711744730483771737e-01
-7.733639366212936850e-02
-3.588735054363785260e-01
2.062319093982724338e-01
-3.067528637743660025e-01
-7.552521951311256254e-01
-4.981655211956397267e-01
4.172750268807055019e-01
1.789854197470143737e-01
2.517793168853171282e-01
2.390387478140542088e-01
5.004340807718229422e-01
-4.109944001711130501e-01
-8.434063214171161338e-01
-4.975976119457710400e-02
-3.890334481896605689e-01
-1.677841446825614757e-01
3.191202862492963366e-01
-6.550277826815342763e-02
3.965725898220949230e-01
4.359254017641571721e-01
-3.394745800783333656e-01
-3.695450093559505267e-01
-7.084538878743767976e-02
5.605951754781075547e-01
3.947287660150428090e-01
6.354766087785479467e-01
-3.098654069214598628e-01
-6.996827716965754451e-01
-6.300014007226449886e-01
2.625989529099298503e-01
-4.334830483692296843e-01
6.213321227253419954e-01
-4.926762534565364282e-01
-4.916319003254769893e-01
2.338276040649707455e-02
-4.741933838023691949e-01
-3.451265818590843470e-01
6.603851825187191382e-01
-7.933469884715411702e-01
-4.630349189658190534e-01
-4.657677249273964870e-01
3.591703781762231595e-01
4.762530260890319722e-01
8.421361246204316087e-02
7.757471192599268983e-01
-6.664130646108632483e-01
6.508889703165496310e-02
-4.341924241164330511e-01
9.083283359257773304e-01
-7.690183081827620670e-01
-8.338876875679210876e-01
-1.861265635417621855e-01
-7.722333216096081143e-01
-1.285678498865029107e-01
2.201918815260040518e-01
-4.532691224058725821e-01
1.023316734504835096e-01
4.653582806935323557e-01
-7.036184301502206306e-01
9.326858550912625612e-01
1.949250771076069533e-01
4.010535647961361860e-01
2.426989237423013424e-01
6.480202575318330660e-02
1.870672599948513815e-01
5.424411648729882129e-01
3.803487567371650613e-01
-1.750765106820301453e-01
-9.083070640016962516e-01
-2.166960628503989406e-01
-9.392010754566237907e-01
5.952593408865698432e-01
-6.478291769362268804e-01
-1.273744662087051005e-01
1.485567744150345093e-01
-8.569494496891857382e-01
-2.875678634957815616e-01
2.362427666710237573e-01
-2.845745528299887736e-02
3.325760395346468168e-01
7.286699596958432501e-01
1.658611413432194842e-02
3.167666598537804967e-02
2.145817813667259544e-01
-7.396227216619191136e-01
1.589954333559829569e-01
1.343839798608674752e-01
-7.163451602115291639e-01
3.293687386753379326e-02
-7.035673448035273392e-01
5.148948571899920612e-01
3.895148792533912330e-01
9.183096822683490959e-04
2.525325189686832283e-01
-6.572917905819151141e-01
7.661795239632864796e-01
2.411752916842695993e-01
1.552673238798709110e-01
-6.774044988033492976e-01
1.217881310669589531e-02
-5.261004278529413103e-01
6.507006878160784824e-01
4.789359803819174255e-01
-5.700203495508842089e-01
-3.042982235071442498e-01
3.861143182268612639e-01
8.252689917906649852e-02
-5.576470640434617182e-02
-2.380900659737304192e-01
9.568369295079945380e-02
1.653018636035979705e-01
-8.950480808763104923e-01
-5.687059802096257055e-01
7.533025762312518525e-01
6.121650402152343240e-01
-2.550245475586023630e-02
5.675323238702343343e-01
-8.633835562636459418e-03
-7.858223175926999371e-01
3.706048399377106506e-01
-1.541058438945674403e-01
-8.611779089549185251e-01
-4.494821446999299752e-01
4.110273253208253097e-01
-3.010254173727417992e-01
4.533248097283016920e-01
-4.722431091721860930e-01
6.104384260458537437e-01
2.699580231052695622e-01
3.858004582578773434e-01
-2.844389235031508645e-01
6.034688217228530160e-02
-3.860485264857961285e-01
-3.625873538646774419e-01
6.221285087776675660e-01
6.236140041463423406e-02
5.657054003142935050e-01
3.975594769977013332e-01
8.005953239708427649e-01
-6.373725890154225970e-01
-2.398002393379510336e-02
-5.721555030342704296e-01
6.657701860692079032e-01
4.884536362412164046e-01
4.415677706187130097e-02
4.996045411019403581e-01
-7.288952759209382792e-01
-3.749626007921507131e-01
1.479485993721487702e-01
1.521138668524729502e-02
-2.561706154498048504e-01
-9.733164772859774772e-01
6.628062537649555275e-02
2.485922863904833358e-01
-4.016485374668415931e-01
-8.745683467113170018e-01
-2.153551953260749996e-01
-5.285353818694700223e-01
-3.347562990793291338e-01
-3.695216078858162834e-01
4.791901819229118509e-01
1.317254429314864139e-01
3.475615519959288635e-01
4.519474482137796345e-01
-2.423176909056841410e-01
-6.045094034846538733e-01
-5.985899871642146319e-01
-8.405821731619833592e-01
-3.661961649881090297e-01
1.824871640866650990e-01
-2.082707987599619337e-01
-1.359761866851746659e-01
-2.561839035802693232e-01
5.541378337191462666e-01
-3.920038332605243481e-01
7.494954081355605924e-01
6.989770166056425982e-01
3.862774220912426060e-01
-4.846468228744568729e-01
2.317788124216711987e-01
3.646771617709447522e-02
-3.594259637473427582e-01
7.055793888149510806e-01
-2.424012531548342952e-01
-8.849448990951877536e-02
-5.378765567487939214e-02
-1.362487182411833420e-01
3.918325382229742582e-01
5.487192031038969908e-01
6.251388534653657958e-01
8.193286122350134093e-01
-6.951717339474373647e-01
2.919269510783290000e-01
-7.061298492101797386e-02
4.752496984327065910e-01
-4.155808936492729200e-01
7.112539195595500852e-01
-4.019521547350615176e-01
-2.500040133722598590e-01
-2.777439197730775522e-01
-3.993423394421630190e-01
1.846773784400270735e-01
-8.388529750759630144e-01
3.059019291747618885e-01
-9.612032566958414459e-02
5.593982160866812769e-01
-8.276069053004763143e-01
-2.124529603298781488e-01
5.142819238669252835e-01
-4.578812105841993940e-01
3.089771567067239322e-01
-6.740325791056163141e-01
3.316446067742556125e-01
-6.279123005506821453e-01
7.968437224600755098e-02
1.529670186803069321e-01
-4.720354210082566282e-01
1.399288600532378260e-02
-6.019105448269950198e-01
-3.663821170470313859e-01
4.814147667520410900e-01
-1.500042867923979950e-01
1.592316917704906520e-01
-5.265101758697685597e-01
5.139860708756772700e-01
1.068095513675662717e-01
4.684597071747305663e-01
1.181417791844824039e-01
5.768017308960010636e-01
3.772968852928845762e-01
-3.748629315940182893e-01
-2.664164391044636648e-01
8.249233040717163234e-02
3.353842035282960099e-01
1.240824821736257605e-02
4.905390417303985284e-01
6.514191319190799911e-02
4.548949991855800318e-02
-4.037491215925271271e-01
-3.101225533657793187e-01
8.188639525113521334e-01
-2.758020312513014272e-01
-6.059683372668996926e-01
-1.907240022779706778e-01
4.464559796069944575e-01
6.077279036252376115e-02
5.565017651974116797e-01
-3.278327883796647857e-01
5.764052594289503784e-01
-3.577265369844323528e-01
5.245829182104699839e-01
4.250198826109917727e-01
4.146678349938777708e-01
-2.571484618738004713e-01
8.086600609603973311e-01
-5.138292380955676759e-03
1.002270507446867270e-01
8.787728651065132568e-02
-5.325699434877738669e-01
-3.754077166164505042e-01
7.469036893313487635e-01
2.500955161282671368e-01
5.695097268492064213e-01
-4.918148852488805067e-01
-2.017600414024492417e-02
3.795942421709154191e-01
3.469493655956052414e-01
-3.020346395896938430e-01
-2.245932804071942013e-01
-7.106555504132970880e-01
6.778390421464051130e-01
-4.921465646120668502e-01
1.006528843975286469e-01
1.908247352691115339e-01
-1.953178406777357212e-01
7.536418617704496725e-01
8.935657469337279224e-01
-1.339965893953196652e-01
7.605760324727086630e-01
-3.112648813491684652e-01
-2.939310472085656656e-01
-1.083488528142412810e-01
4.113077826534770054e-01
8.458940228241399462e-01
3.657553655933920012e-01
-8.833764846198867426e-02
-7.344321654010943501e-01
-9.614216312104822970e-02
-6.464575288088394434e-01
9.590724107832891698e-02
-5.461332048164228015e-01
-2.222150012325164736e-01
-2.977533486810269858e-01
2.984980958953251662e-01
3.089545222716525985e-01
7.389424020305499496e-01
-7.275581637258581313e-01
8.547239428395294603e-01
9.877350350808242196e-02
2.644070831454475301e-01
3.566605283938071302e-01
-1.876758438240246352e-01
4.160959358749202197e-01
1.163272638350630189e-01
4.764488289738897375e-01
7.033484386357673479e-01
4.676487343765453608e-01
1.368034436949933652e-01
-4.561333620398095312e-01
7.937646960637116944e-01
7.507192905012730622e-01
4.127298677258983695e-01
-5.252863958568079195e-01
-7.376476963632171424e-01
-8.251008033093222283e-01
-2.113641670060989741e-01
9.018306507211268364e-02
1.914538064098943726e-01
6.542263347783134897e-01
6.210000236842463384e-01
2.341111287365087862e-02
-7.176586934238164961e-01
3.813016489837587342e-01
-9.334363002064641202e-02
4.754743287172988886e-01
8.091748798482656380e-01
-1.260275517601935624e-01
6.730561400995952459e-01
2.457032583766843026e-01
-4.163476597759208087e-01
-3.470538600785136873e-01
-4.093110458324951129e-01
-5.315063816654115314e-01
-3.274803761336249619e-01
-1.589284880267710920e-01
3.474271880467191820e-01
4.773112405564721716e-01
-2.361888028744233980e-01
-3.206440009614755504e-01
-4.768563461202294240e-01
3.958386608696324305e-01
2.406441105325070051e-01
2.789051278506596843e-01
4.447337034429046376e-01
2.231283856696866796e-01
2.063348786628559361e-01
-9.676833334723200508e-02
-8.563931835019159000e-02
5.479129795040660333e-01
-3.284182733684326561e-01
1.464699487533796529e-02
-2.495843537499142784e-01
5.780328056344753440e-01
6.088507603296337001e-01
7.484239545782352954e-01
-5.221484154585905868e-01
4.981525785236924908e-01
-2.430515698469198627e-01
2.636938946082695301e-01
3.680572047501438071e-01
-5.883113166334275057e-01
-6.252113264029081074e-01
8.390171115703781712e-01
2.611915882734150429e-02
-4.948939931044825657e-01
1.533462226956166900e-02
2.695547352081408832e-01
-1.186956330942438437e-01
3.379130316469042827e-01
-2.354937985581432441e-02
-7.183865373744378058e-01
1.409330044366180479e-01
6.519352389595015618e-01
5.229231075095006620e-01
7.355707319549693590e-01
-3.932738869082069155e-01
-1.316012978151040458e-01
-1.238061544094149202e-01
-9.117479930549550193e-01
1.636413870954471494e-01
-5.247772335787492803e-01
-3.597558337423618635e-01
-5.687315132686643349e-01
2.212949866712265734e-01
-2.492602497502281744e-01
8.504748486420938836e-01
-7.783240028959412804e-01
7.116242145457249979e-01
-3.755135657862120890e-01
-4.665826582211652918e-01
5.401149652167646503e-02
1.590527995311759590e-01
9.292491798449138418e-01
4.795877402388039612e-01
-8.099974374399252497e-01
7.332752981002614578e-02
5.822151299747310715e-02
-1.850519287016113845e-01
-6.483614782438135507e-03
4.316415895298406635e-01
-4.683615235366183072e-01
4.704727201878080578e-01
-1.195678875235343386e-01
5.352546816352770492e-02
6.797610919898676440e-02
3.488786548795515530e-01
9.903746246403491438e-02
-1.605200901174974257e-02
-1.118736649118493715e-02
5.554362549637195112e-01
-2.389942736003108359e-01
-3.119218384265524113e-01
6.912563451791331470e-01
-4.265253424927378245e-01
-4.759680407076428699e-01
-5.779151803349319438e-01
-7.188526843138722811e-01
-3.853414798384730000e-01
3.553113997986007688e-01
2.662629315057380985e-01
7.765885384687343240e-01
7.369451429855802260e-01
3.738657713659219312e-02
3.996358233013488359e-01
6.085294835886178033e-01
-2.093343038415420576e-01
8.060033187732715959e-03
3.726497199140845762e-01
7.733007114205445731e-01
5.474546150207073580e-01
-2.391474856417877826e-01
-6.490664301602984132e-01
-1.142528333436260979e-01
4.647380136096211922e-01
3.780940182712276276e-01
-1.710746491056352181e-01
-4.594874234809727120e-01
-1.864831869038192369e-01
-3.207245913838600582e-01
5.647348724236480599e-01
-3.667075579379968156e-03
5.015055293752990195e-01
-5.467342610179889428e-01
-3.587421651641377052e-01
-2.144558269209332346e-01
2.966484624255824598e-01
-4.280432585862821160e-01
-3.494018709637587983e-01
-3.374290644552723206e-01
4.748221735537087040e-01
5.212685737422163568e-01
7.413597957589937448e-02
-8.834757853197013899e-01
5.904993088444283611e-01
-9.603836024791462256e-02
8.825951603887883801e-01
-3.114127737871724699e-01
7.378508478165132223e-01
7.192458391713666410e-01
6.631076627857694916e-01
-1.516117898933309616e-01
-1.399096197233483940e-01
1.903934475250528557e-01
4.420835695013863864e-01
7.235289745432192943e-01
-4.011962303636374960e-01
-7.939658882942099427e-02
1.265318945683320262e-01
7.844692143682203689e-01
6.736924911230075530e-01
5.460969886848651145e-01
-2.832791549652108887e-01
-4.425548768404769517e-01
2.427107094209106086e-01
-4.517272345673226108e-02
-7.754571858460616862e-02
2.955312249782678924e-01
-4.643795519642450742e-01
1.998879286705326080e-02
2.200888371604480809e-01
-8.426263211141572507e-01
2.962576494418099893e-01
-3.093880573655312105e-01
4.220504665679408185e-01
-9.749204364514076071e-02
4.806086932668252598e-01
5.991944366819010881e-01
-3.741691071255382472e-01
1.279171438048355980e-01
4.759595743146762259e-01
1.101539176980775997e-01
-5.939157877265005547e-01
5.189075209837754610e-01
-2.930853688202139096e-01
-8.359879517142143612e-01
5.400880814752858639e-01
-5.264742183229407235e-01
-6.544698741831793676e-01
-6.942041649083301458e-01
-4.591239337975590307e-02
2.539665608688082554e-01
5.375775159383100466e-01
-6.190130239172400017e-01
1.143848416786847205e-01
7.350116257767249639e-01
1.887382142614131841e-01
2.940953672564004528e-01
-6.033049113956631126e-01
7.379971308499267968e-01
3.343108476587073330e-01
7.823128468688369530e-01
-5.903705080801197047e-02
-2.166340399265588579e-01
-6.916265782721477962e-01
-8.557523863642588768e-01
6.628111416489828045e-01
-3.523008106325730138e-01
3.782299786981274115e-01
5.854490493431777631e-01
2.350292171084798765e-02
-3.504087430966216221e-01
3.746196568166101915e-01
-5.225320126452220881e-01
-3.210768786801098118e-01
4.221484785470298040e-01
-5.511293900643012833e-01
3.438952283658887055e-01
1.269324985744964551e-01
-1.929796147718318422e-01
-3.947824409523795208e-01
8.499149450894435964e-02
-2.156316932434174105e-01
-2.934156981776243622e-01
-4.251335359471586361e-01
-3.373126706360747851e-01
1.661102812157305708e-01
-1.441819069932357700e-01
-3.085530681874039116e-01
7.134039014797026734e-01
3.498052886247016852e-02
5.589987383501698881e-01
-6.596357553119343020e-01
6.219362106890066189e-01
-7.335921026449923055e-01
3.506674195768181845e-01
3.673070525583984614e-01
3.919688335055050016e-02
-6.313341684871387471e-01
-2.599619949364649352e-01
2.961187909472365876e-01
-2.544136937400766629e-01
6.382544780987876865e-02
2.407097265718466939e-01
-3.601767069217053363e-01
3.336726613020936094e-01
2.926597892478774998e-01
5.168318787356325217e-01
2.850577337782163601e-01
-1.714288993126697747e-01
-3.822067674024427486e-01
8.591609386978507068e-01
-2.300726180981522706e-01
-1.229624945696674090e-02
-2.178563903534404267e-01
1.923214479134327526e-01
3.536063341827115347e-01
2.805863860801769295e-04
1.248049585387513427e-01
8.161564198434625439e-01
1.664824814941470721e-01
-2.604323009584682547e-01
7.074128171874027871e-01
5.659933849963347807e-01
-8.809157730136764342e-02
7.194259012726685887e-01
-1.934309590877820451e-01
7.630232240681128486e-02
6.154321096688902815e-01
2.597631145162146438e-02
-6.097605168590611857e-01
-3.245684888843707316e-01
2.438816618155114080e-01
-6.623523359595860915e-01
5.012032984893715071e-01
1.365760618924602154e-01
5.565148057832406403e-01
-6.764284796734296723e-01
-9.757323234624530883e-01
-4.793026639384938004e-01
-2.915352814409347126e-01
-7.949624429151442850e-01
1.527507936048210779e-01
-3.358303699393720976e-01
2.486234557162316783e-01
5.952678462459193298e-02
1.842627863212346062e-01
1.213264852808378369e-01
1.697039377854490938e-02
8.263405172689629596e-01
-2.981811213673450922e-01
-1.127219184188838208e-01
7.546911245533369228e-02
-1.406533285031321412e-01
-5.891450367939792265e-01
-8.077749072993291035e-01
7.697832042640898598e-01
-1.268468221891023463e-02
2.871352761456688052e-01
3.778440825587194296e-01
-1.217824155997028757e-01
-5.542475756894502670e-01
-2.540624048708475247e-01
-3.223420315638229616e-01
1.039432193912651764e-01
-2.869975402155074129e-02
-5.046672803266419871e-01
-2.319926457232102390e-01
-9.357384889231332714e-01
-1.566398324822200483e-01
6.230650336067229400e-01
-7.168061591083967343e-01
-1.599928520464761472e-01
-6.232530036357628589e-01
-8.608614825856497621e-01
-3.945760708184367083e-01
1.995753477498216355e-01
4.868047866965407033e-01
5.190060951036843395e-01
1.249957225418600777e-02
-5.876068657933171124e-01
-2.244370974775765915e-01
-4.801453510285677573e-01
-5.482574625219347464e-01
4.758244674373119931e-01
-6.510400113906936181e-02
5.006380725036333468e-01
-2.373483917590941683e-01
-3.351518987467443367e-01
-4.184015556469042885e-01
3.030763205722344367e-01
-2.422664143535225856e-01
-1.485475173511141556e-01
5.750658810782734165e-02
-5.555566587348687024e-01
-1.263585759884210472e-02
-5.331879960067971158e-01
4.590233170513124440e-03
5.547089867526405760e-01
8.392182859316055232e-01
2.227950526313837165e-01
8.842274477489792117e-01
8.218311079002929009e-01
1.993145197847242533e-01
3.955706391648632914e-01
1.566982854472500075e-01
-4.466446790036890935e-01
7.672189506433528816e-01
-3.998403910526939220e-01
4.019535322531910815e-01
-7.282856847004496315e-01
6.541581371238837095e-01
4.209129697258471303e-01
1.356628827695466055e-01
1.145921232671851114e-01
4.600617378607183561e-01
3.809494734946665684e-01
7.248026078522227245e-01
2.824302998221508640e-02
8.445283478035916502e-01
-6.611890251492680282e-01
-2.286812725808223534e-01
7.616044002708809157e-02
-4.337640837993986254e-02
-3.485863089832830775e-01
-6.709583110326589050e-01
-1.235127961222249049e-01
6.278954002011727376e-01
-5.323465280735817373e-01
-8.133225995319149915e-01
6.571436490994557733e-01
-8.394751763293658575e-01
4.920410179074590773e-01
-5.662531568950672778e-01
-2.392062875946635858e-01
-2.770740951194554658e-01
-4.148317505217313794e-01
3.369841150607693625e-01
-5.833214114451990701e-02
4.755394915938299105e-01
8.875028885790195998e-01
-4.571769316743163336e-01
-4.226669392009348991e-01
-7.026822494327451540e-01
-3.303045227208317725e-01
-4.821346940929465141e-01
-8.242175091238029827e-01
-1.514918065204712283e-01
-6.522056920014902559e-01
-2.810920722672189953e-01
3.277407425442380173e-01
-1.206948708638135720e-02
5.612620239376470144e-01
-6.831262394706487662e-01
-7.446747949014240753e-01
-2.806140099761177398e-01
-4.126145843300442206e-01
5.948503373227755076e-03
3.215174959539185418e-01
-2.948673515159094816e-01
7.572408290318364266e-01
5.895431321233293165e-01
3.077352516780835767e-01
-9.094969647313215777e-01
1.729426084399831587e-01
-4.259432081969347639e-01
8.887840100593900061e-01
8.742099791113069340e-01
2.048473390789956050e-01
-8.755588902981989996e-01
-6.741902795593138764e-01
3.513639216928215459e-01
1.358264801883885542e-01
-4.448318116565335711e-01
2.711037975237203801e-01
-6.938499469705505796e-01
1.085564762581285175e-01
-4.744959369833191831e-02
8.245902952030793598e-01
5.198589004069040787e-01
-8.140056719868609125e-01
-1.211203113182840740e-01
-8.552018173037680138e-02
5.899634754919815816e-01
-3.890777635607324536e-02
1.187820194710527411e-01
-3.705976392750795489e-01
3.392821496414384908e-01
-6.620762229810087662e-01
-5.505604735644407111e-01
-4.716335228735535345e-01
4.823868270247463896e-01
6.718697475988968382e-01
2.866687295055351803e-01
9.597516457644562383e-04
-7.555192508218989689e-01
-5.686326235081524683e-01
4.117153380679534069e-01
4.627855838734643568e-01
1.417601584791901292e-01
1.818819998603347921e-01
6.157827301283578247e-01
7.457526417364790383e-01
4.550825014643227751e-01
4.771519162883038068e-02
-6.999373171146706651e-01
2.317509305451811129e-03
5.985160902194632815e-01
4.443317889616178740e-02
-4.364143059804437286e-02
7.249616478025222577e-01
-6.159025136071164530e-01
4.282106854003188690e-01
-6.910282407750357736e-01
-2.531804884074403406e-01
4.522105258223921842e-01
6.623782933280593088e-01
-6.596064729239855540e-01
-5.226723070500383095e-01
-1.541770577700642408e-01
5.093649380093012713e-01
1.608485776573627124e-01
-3.890710959974129080e-01
-1.283878993109869582e-01
8.065416655382307010e-01
-4.617968113213779535e-01
-1.906539528483336410e-02
1.420185116241020618e-01
-5.468609743060444117e-01
-4.889907458962010622e-01
-5.514682183906667590e-02
-6.935022203862242773e-02
-1.043575254236850658e-01
2.822765627667668531e-02
4.285988170052520974e-01
-6.365094365298837875e-01
6.597006043770095030e-01
1.023433366438252223e-01
-7.128306861214006585e-01
3.279109019041002160e-01
8.713371419295621312e-01
6.548505696481953242e-01
-3.389373648243201309e-01
7.156043387380048859e-01
-6.354399855198404889e-01
3.620591102479442380e-01
3.477978069904756886e-01
7.068864474089729677e-02
3.747450785775882087e-01
-7.107479076207471325e-01
-2.646457827006515884e-01
7.644230015301444192e-01
-3.280306298693773104e-01
-2.283030953085006531e-01
4.713674700160043196e-01
3.143138359018834427e-01
1.709693996469655031e-01
-8.944498188546866624e-01
2.514342021615060263e-01
-4.421145119312840932e-01
-6.986047904975611900e-01
3.753360078999122273e-01
-3.540114510368917999e-01
-9.060338181326570428e-01
4.132803620346060525e-01
1.540533021590957119e-01
-4.447730868862957432e-01
1.975650447308229529e-01
-3.895827280032270190e-01
-2.513189172793949266e-01
7.238293235085333510e-01
8.951165260653322353e-02
-2.957006750246010673e-01
-5.662205623868318272e-01
-1.065631960356040464e-01
-3.172495967287713436e-01
1.674357055197650546e-01
8.267050545167939357e-02
4.614830516281631656e-01
1.594048048426848496e-01
8.405282738192323411e-01
9.593758334676287525e-02
-6.043899307382163966e-02
-2.975338244338929794e-01
6.408092751124867537e-01
3.636737953758006209e-02
-6.186069031850324196e-01
4.975770493390699878e-01
2.492625696760638054e-01
-4.787233516771834396e-01
2.909530186320825607e-01
-6.878752165750302572e-01
-6.494850763340732636e-01
2.483165522105718614e-01
-7.716143813193512280e-01
6.210111130445992167e-01
1.209727454783171216e-02
3.364102013834970317e-01
-6.131897780857089586e-01
3.754070856146581731e-02
-3.727565144962527444e-01
1.236814021020234827e-02
3.194301776070828658e-01
2.154708966617053800e-01
2.052006468749201229e-01
5.778706461325611166e-01
-3.976311016378268892e-01
-1.034150908062557994e-01
-4.016413428366017446e-01
4.281258142831197988e-01
1.808561302241165972e-02
3.814355748686618780e-02
2.186793556349513334e-01
2.727505967169175927e-01
-1.756355058405988101e-01
2.179527237872548318e-01
-1.028625508945226058e-01
-2.401726983861798004e-01
-2.407430316631992695e-01
4.988278608530072877e-01
-2.751836016098121451e-01
1.124984982015276719e-01
-1.524303662399601467e-01
-6.155858657036182846e-01
2.032566921021273509e-01
5.123328706674756816e-01
-3.394205475382587323e-01
-3.218205922588598944e-01
1.756094417043132516e-01
-2.847878224656783530e-01
-3.242042158073947800e-01
-5.124511785452817714e-01
7.609417023929456736e-01
8.233134463320498364e-01
7.699127910307841383e-01
7.796385811650770326e-02
-4.575061382171594082e-01
6.246594774238429792e-01
-3.062597059412756617e-01
-1.585245602494249895e-01
-1.149437576324117694e-01
-1.936578559504571750e-01
3.645244723277811238e-01
-9.125475575486120539e-01
5.884993833456426682e-01
4.867580790520460721e-02
-5.984653067630409939e-01
-6.007690036570186853e-01
1.297408419861254547e-01
-4.589908061727359101e-01
6.371756550757070592e-01
-8.501269986156637648e-01
-6.153636982680616985e-01
2.369523639959301708e-01
-5.355927013725748642e-01
1.186586219498102779e-01
2.126917029299294493e-01
3.440191197278333890e-01
-2.148791756701131650e-01
-1.718135498232231662e-01
3.931340807360906298e-01
-3.550007561078178941e-01
6.125116332518967255e-01
5.595034060893300937e-02
2.516246495647795345e-01
-5.863437737157871643e-01
-1.277293296238280751e-01
-3.476428866678801244e-01
7.365818957517722421e-01
6.748111571979257262e-01
-1.237249777939023326e-01
-1.914664344186426115e-01
4.047063142188714324e-02
-3.741075031200271628e-01
-7.481696156414309185e-01
2.689676586926130208e-01
-6.787560611360469835e-03
-4.867139498317465951e-01
2.624378002913150820e-01
8.020814273592185017e-01
6.441631858412408262e-02
-4.774828372959794009e-01
2.077953858471240367e-01
-1.990644352907697812e-01
2.844051690729330617e-01
-2.384629331596870294e-01
-3.872870374607249866e-02
-8.806076335007785305e-01
2.257895268327881066e-01
-1.276418958154388883e-01
-8.409923698310575180e-01
2.429193480272087979e-01
4.912289860677966913e-01
6.863951429922098280e-01
5.491278123890312030e-02
-1.286344501509608940e-01
-4.942527299662069495e-01
1.822202549513145531e-01
-9.205572684535092698e-01
-7.256546024227019664e-01
4.240100104059463804e-01
5.267094506440943569e-01
-6.919491727994532271e-01
3.351976347788585553e-01
-7.692171755894314789e-01
4.889576783817373151e-01
5.473905451869360839e-01
1.197555396517458737e-01
1.919394969384639604e-01
2.882018522590182874e-01
-5.619509146129557375e-02
1.262074996096752000e-01
-7.707085616205184841e-01
1.827992869835038392e-01
7.447592116266547047e-01
9.464527148709606097e-02
4.845434519961074882e-01
-2.225465488715399620e-01
2.819396508194418893e-01
2.396046959093962037e-01
6.057141129272929081e-02
-5.978790072185290461e-01
-4.504227679015805341e-01
-5.246153037196999991e-01
8.261767892717344908e-02
-2.669121912599796698e-01
-8.495099951640369684e-02
-5.443463809749933269e-01
-4.196404586353983390e-01
1.292362351489607930e-01
1.922275610019283931e-01
3.654394978742379063e-01
-5.880689335652531380e-01
9.065987741367153019e-01
1.560976906801689323e-02
-4.306210588775810644e-01
2.131248822220176420e-01
-5.933640531317093680e-01
3.701964362677942488e-01
-6.432881741575419143e-01
-1.066792272851088963e-01
1.355816386014451758e-01
1.060160862200994342e-01
-5.022506256179404271e-01
-5.670789726636976669e-01
6.215284593603572771e-01
-3.362261874699668529e-01
-1.558642536224176811e-01
-1.463085710897242264e-01
7.860029587649142169e-01
5.248366559655218144e-02
3.452782864078831615e-01
-1.106421426256068152e-01
-7.388101116713178262e-01
-6.083379788490004270e-01
-5.903944623246730750e-01
-8.066112030657605070e-01
1.772511402160019123e-01
-1.329100854368789331e-01
8.484300054733493468e-01
-1.538737874656253557e-01
6.363307184363334867e-01
1.148467205038201377e-01
-6.077887961848567056e-01
-6.509411905874711302e-01
4.098075598700310351e-01
6.285832018760796613e-02
7.700307872663085806e-01
-4.246765103039502609e-01
3.474373615085231404e-02
9.649425573335225215e-01
4.424180754391198178e-01
1.717328038399483781e-01
1.414206866213105762e-01
-3.025552742686666852e-01
5.014814346107478865e-02
3.973632378517288899e-01
7.616737992145835578e-01
4.255395822186723853e-01
5.264230972226623395e-01
3.422332236265418492e-01
6.035986198135183389e-02
-3.182473346966586680e-01
3.230219039740154230e-01
4.852397221005546463e-02
3.267525779734787861e-01
-3.043546066101543990e-01
4.329654130679749802e-01
-3.518269646058028721e-01
-8.325891522262419686e-01
5.336784887072695271e-01
1.213724190625402599e-01
-5.185972028324226102e-01
-3.164892027664774621e-01
-5.193986202000168140e-01
-3.265694539961335185e-01
-1.219995416484227213e-01
2.223560904548869694e-03
6.692443030348345090e-01
-6.624494184780203021e-01
3.458428909763440195e-01
8.392066603665643276e-02
-4.239264372729232844e-01
-4.317887262342302579e-01
-6.165536696055698984e-01
2.715668285248661884e-01
1.735182333234098762e-01
6.939533183764641233e-01
4.346350350952681851e-01
-1.861335639575874001e-01
2.885762916819126223e-02
-7.403947537908500687e-01
1.227068468010312219e-01
2.136515420898697504e-01
-1.177892568538928958e-01
2.007046419554482097e-01
-4.209759341404241406e-02
6.036621967646532694e-01
-5.778805747055101860e-02
9.337756257168139395e-01
-3.978214475158012298e-01
3.858828225140223944e-01
-8.809088158936096979e-01
-5.643887954018522723e-01
4.471150374427700358e-01
8.872534934415237107e-01
2.240345127785964841e-01
-4.471208479831098037e-01
5.661145721353270099e-01
-6.590644909995231338e-01
-2.234415768733275798e-01
1.397284941022333971e-01
-2.022760588620514943e-01
5.845131585030149957e-01
-2.216075923213326471e-01
-1.579940915287665060e-01
-6.928910802187284723e-01
5.335218521483345855e-01
-6.922829017967573328e-01
-3.141090492362672015e-01
4.233685362945349695e-01
-1.270655827365395896e-01
1.772351171987490703e-01
-5.779115502591574138e-01
-1.811341570437682569e-01
-3.316345041431743024e-01
-8.391752960971754494e-01
-5.939376179828633751e-01
-3.681211578860403844e-01
4.324816517117252013e-01
-4.581724012821655756e-01
4.687034214803341703e-01
-2.700470549668441689e-01
3.595438560227183777e-01
-7.095504743985899809e-01
-8.081613997964393059e-01
1.112705991667501393e-01
8.474548292180755782e-01
-5.106494709156150780e-01
1.852421224563091384e-01
-4.483623743456189858e-01
-2.940497201827602103e-01
2.526267622560385284e-01
-9.637016399556829205e-01
-1.038684515951658338e-01
-4.060240650875404644e-01
1.417114037522572145e-01
-8.857761136982754153e-04
-7.789489264626551224e-01
2.284254210080888595e-02
2.289211723265364706e-01
-1.469349947401105416e-01
-3.360658380196063222e-01
-1.966191100287074112e-01
5.016832151000352180e-01
2.664297416693625631e-01
-4.052113980677005678e-01
-1.504267695913836522e-01
3.046344879629241942e-01
6.222528710887839654e-02
-4.019043044983321433e-01
1.572706553234291260e-01
-8.900868015855162296e-02
2.715194320749774737e-01
2.331379268484043699e-01
-2.680143153323168437e-01
8.816541067696592737e-02
2.353139960337619352e-01
-7.497263296269937038e-01
8.594720240299134062e-01
1.142672174537888857e-01
-6.628623800534534372e-01
-8.847274184794660934e-02
-1.375359323272530854e-01
-3.964212759460420399e-01
2.567252327895749864e-01
8.142028004211980807e-01
3.801182178589356808e-01
3.315480683207598367e-01
-1.595565605061836367e-01
1.326374092410792863e-02
-5.456996510997871308e-01
-7.481005400858273813e-01
-3.053187638444567753e-01
4.352472280859802367e-02
-2.953350165572529162e-01
1.920447963302694683e-02
-7.546355992651139211e-01
5.935005539622941750e-01
1.853086892094752691e-01
-7.285257492434609183e-01
-4.230182900843369453e-01
-3.158195069084017703e-01
6.565519787081891545e-02
-3.346088282745667830e-01
1.152581513345738856e-01
-3.659707513702293857e-01
2.826389650090571637e-01
-2.285024447183313379e-01
4.628658636878780763e-01
4.992563193644082298e-01
-6.654967246486478416e-01
8.557417770346276154e-02
-2.320763281921895960e-01
-6.689619025851685219e-01
-8.268184662000879759e-02
9.460385273462237898e-02
-4.149069449130599607e-01
-1.634679684445517200e-01
6.703954256307926851e-01
-4.459883787469419159e-01
5.184307888662548214e-01
1.443450768120581040e-01
4.981169944521759430e-01
1.406402109172152637e-01
-3.327597946759655034e-01
5.373563511398476988e-01
-5.092412530886567534e-01
-4.028900337287627531e-01
-5.890352601525816745e-01
2.739853914414503988e-01
6.076496740878850611e-02
-3.799339210489574015e-01
7.553916916692491323e-01
-7.678887838793827525e-01
-5.978446769062186750e-01
-4.696098561185184095e-01
-4.830557940587678067e-01
-3.775450963475395771e-01
5.380573588265324947e-01
-4.978930588303090432e-01
-3.973061618582129362e-01
1.206966699783611624e-01
8.343417696983382315e-02
-1.412546594432595448e-01
-2.720384719986903566e-01
4.506018610383882295e-01
-5.700960235738838922e-01
-6.526798400369911990e-01
-3.854169175922801394e-01
1.807916159978569248e-01
5.606608035212701235e-01
-1.393085706976056326e-01
6.127862896539558735e-01
-4.358136233668900017e-01
8.110924641489752895e-01
-3.856124609556498828e-01
-5.946546057449031419e-01
3.669807747052272195e-01
-7.932383746192045448e-01
-5.514857582929341140e-01
3.832318853844354223e-01
2.965298998204715653e-01
-7.131177953549103776e-01
-7.679991671082335714e-01
-2.254485757370786742e-02
-2.823090738538797662e-01
2.165534777957342227e-01
1.049666494599324484e-01
-3.638606626859506310e-01
5.305940853420734182e-01
6.532316051454916117e-01
8.321476236198070975e-01
3.075765296724551345e-01
3.209235312628074821e-01
2.231312896153317404e-01
-2.490198083681204877e-01
1.537867091977105360e-01
7.706844050812655667e-01
2.652193180325554955e-01
-8.568290427767291106e-01
-1.494856870998817824e-02
6.276799073466320378e-01
6.357736809364824548e-01
8.029881564333301025e-01
-1.695622525948398684e-01
2.695365792667616112e-01
1.547253239428840188e-01
-2.420330703251622473e-01
-1.588927907694159258e-01
-3.965983833690682747e-01
-2.369493143351383835e-01
5.546099537722372352e-02
-6.737371827358022980e-01
-4.755631179471286329e-01
-6.013384957703487022e-01
-3.646624406190691059e-01
-7.880093881757734842e-01
-2.843664185069644801e-01
-4.956616973313397734e-02
5.975363610558952904e-02
-5.340777048060826315e-01
4.360772654301346973e-01
-1.322647900162186030e-01
5.316074286945157157e-01
-6.534842649539943094e-02
-5.729292654866131596e-01
3.358655271057695568e-01
1.502252571199670927e-01
-6.044981414623725735e-01
-3.279089890603085200e-01
-6.026260843040425197e-01
-8.558789774505533299e-02
3.841361825069187219e-01
-1.954118847660148706e-01
3.795571582843028646e-01
-6.178698597938281356e-01
1.656934468114922843e-01
-2.998085795978771562e-01
-7.338561985277365363e-01
-5.119449527311162873e-01
4.510640816637510042e-01
5.044525837608003771e-01
-6.505307898081483416e-03
3.313339145500778793e-01
3.289980042774566238e-01
5.567043258415124152e-01
1.112124231731791424e-01
-1.952303497834068646e-01
-8.395110978313125027e-01
6.348326181249948075e-01
1.682179696704192429e-01
2.796094485325135715e-01
1.800783759917167770e-01
-1.864022331870236748e-01
-1.841374221950970724e-01
-4.460660515000305359e-01
-7.261308277540003964e-01
-5.322140573859897028e-01
-5.596595487013673598e-01
-1.152443337527302991e-01
5.626397680863889361e-01
-3.732479932176438475e-01
-5.569895682989870478e-01
6.030736186927936338e-01
4.913571684036031062e-01
-4.683884496214079651e-01
8.429483355919324961e-01
-4.189279028871172872e-01
-3.618103515594783826e-01
8.171691839025789772e-01
2.566067170977579526e-01
-3.325982083740079975e-01
-5.292234142222095039e-02
1.440726619305877920e-01
-4.300075865245002182e-01
4.544918203582896110e-01
-6.461227834003082648e-01
-4.242846053905534043e-01
4.306552164704140484e-01
4.714897592058718279e-01
-9.125004244766913297e-01
-4.363601878557997471e-02
-8.317606413951386113e-01
2.305201658307056423e-01
-4.574538411752395173e-01
5.452832104352585141e-01
4.572624596062744295e-01
-6.491998707501100974e-01
6.721521559812737578e-01
1.574311311459442309e-01
5.293091432622899495e-01
2.242626954939394845e-01
-3.802165852824926917e-01
-3.009669899804513493e-01
8.204477915856747683e-02
-4.809640654049682773e-01
-8.923701005302049349e-01
-4.227548776003865472e-01
-1.741863098407302746e-01
-4.944156061566867266e-01
-7.672718666591533676e-01
4.157281553538229035e-01
4.383077272232962507e-01
-6.864752853877841288e-01
-3.028193253069165203e-01
5.477538347644923533e-01
-8.833889020477924126e-01
3.140070576716614825e-01
-3.112811658545369675e-01
4.232674406845843285e-01
3.670320815244196844e-01
-6.438441309507465515e-01
1.383800246075242713e-01
-2.948523406350864740e-01
8.219210055910710633e-01
-1.374555297757703576e-01
-1.927510479518734221e-01
-7.320633737111316153e-01
3.721983052669126102e-01
-2.646741128956903721e-01
5.569827445475880046e-01
-6.448516292391734961e-01
-7.594296111805532989e-01
-3.528477340313869171e-01
1.250577472526437639e-01
6.000904396751075565e-01
-3.165599112623748157e-01
3.428935015966967370e-01
7.723611478471202885e-01
-7.329962520980858320e-01
-2.001504978646872768e-01
-1.118689059323325213e-01
2.451785223155291127e-01
-4.465741238948091052e-01
1.592613625717219095e-01
1.514896615081061104e-01
1.622360784460847027e-01
-4.705817031973933418e-01
5.266875405441616698e-01
-8.866283978537892185e-02
1.846751574053827061e-01
2.983706634794198176e-01
1.090541738669902616e-01
-8.032386681670471429e-01
8.121718894225318230e-01
-5.988094634690956930e-01
-4.364230798057588956e-01
5.610940076073552829e-01
-3.873948665900245336e-01
-7.614646319732049085e-01
4.857497892643218851e-01
4.645862883815010669e-01
8.248129378717212745e-01
3.474326266820287890e-01
3.872475768650316952e-01
5.765093608407830805e-01
-3.860101623552660843e-01
2.629439808333435824e-01
-6.871462475471314946e-01
-7.177786476605255706e-01
4.287009402216723775e-02
8.206931724510547754e-01
6.219027405966216782e-02
2.616763479199901155e-01
3.244899180258680182e-01
1.418463199905906080e-02
3.288686231544035721e-02
3.939472752607433015e-01
-5.335347324133179470e-01
-6.341596421597679445e-01
-3.391345481609261969e-02
1.589154697769628588e-01
-5.477614054234112295e-01
-6.501956451688635230e-01
-5.159830870831788596e-01
-2.094947097953520354e-01
5.780339889504038098e-01
3.432532071466223300e-01
3.025815534000754203e-01
-7.534257965230960474e-01
1.141338652290826289e-01
8.028018331289116238e-01
3.145325684943075517e-01
-9.384077052755401827e-02
-5.194770005495258358e-01
6.053897805254648823e-01
-1.374828683307704191e-01
6.042082597756033291e-01
1.127975211312750997e-01
5.157707523796355442e-01
1.802562410483045385e-01
-8.825319931928393702e-02
-6.563926612165971175e-01
2.480425101141329469e-01
5.888365207130650258e-01
-7.974380925220532212e-01
9.653610085942374019e-02
6.011557124995964285e-02
-7.581258970420086118e-01
-4.386916838359843362e-01
-2.785897968670243419e-01
-5.287389525980963345e-01
1.796209322908801087e-01
-1.478686069035838879e-01
4.832334038961405009e-01
-5.520280943473663271e-01
4.878863965148216852e-02
-6.241783396234014125e-01
-2.596466313541286874e-01
-6.825299078871220892e-01
-7.225490520077660905e-01
8.680827456513613427e-01
5.064432540338648092e-01
1.083767015699165642e-01
-6.582350574632233053e-01
-4.794306514457574719e-01
-1.101808196165689618e-01
2.718523576670239250e-01
9.010199959740049502e-01
6.735076002384206006e-01
6.458029603398949270e-01
-5.227974900070624376e-01
-6.479938805006071334e-01
2.874277484153491269e-01
4.180788945234261700e-01
-5.853463041239613807e-01
-5.368083859003490721e-01
-5.950798732345941033e-02
3.505292463224395361e-01
3.817575535872900216e-01
-3.465492985435362772e-01
-1.496558849270326064e-01
-4.308143146684998426e-01
6.627604158124666967e-01
2.346481952007816174e-01
-2.875756270466267028e-01
7.613538491059173782e-03
-3.577153675103439401e-01
-1.161076327229777216e-01
4.990443549244354404e-01
1.246711590823285920e-01
1.337470823453775215e-01
-3.652120471899314436e-01
4.083231467398462100e-01
-1.609137602403938883e-01
-1.645952491604079637e-01
2.186066646488927512e-01
-7.271014856750949162e-01
2.681421130744585657e-01
4.696922773987787791e-01
-5.183998703441671241e-01
1.139913819403581829e-01
-6.655185169321075067e-01
-2.107476018093916090e-02
4.720869274988001574e-01
4.706517427546334613e-03
-9.769590295616024933e-02
-2.599487044829230653e-01
-1.592567576447750655e-01
-6.087541259492904033e-02
8.528501158951502514e-01
-5.219339944742177329e-01
3.981201727919643774e-01
4.480268701399132691e-01
-2.951501665775210226e-01
1.105854953808227542e-01
3.119597398117307518e-01
6.682509711039904543e-01
2.210957280024901106e-01
2.333189029326938058e-01
3.021983632360373921e-03
3.117684328148676021e-01
-4.421576661232246019e-01
3.383394198821356169e-01
-2.876247330194684482e-01
-2.092966409283373574e-01
-2.597049711095013036e-01
3.723563155685960264e-03
-2.176925991959531015e-01
-6.683879501681517787e-01
-2.203303448617928151e-01
2.426349069518735913e-01
3.101116856527768584e-01
-6.050010222227772960e-01
1.242633677301826084e-01
-4.510516844565594652e-01
-1.084690736268306144e-01
6.836665223019602333e-01
5.570483624696798142e-01
6.649225385695365365e-01
2.825112302458289149e-01
3.893845913214689647e-01
3.004431572891374524e-01
6.040802496103603314e-01
-7.519375416480246210e-01
-1.678679506460655502e-01
-8.035255278512501986e-01
-4.969310349056751397e-01
5.501850799232448352e-01
-5.813625009724066039e-01
5.384504815620058116e-01
7.036048284780190842e-01
-8.869277130779767981e-01
2.857985043138079329e-01
3.674988298671234555e-01
4.582297582951689874e-01
3.905304464801801489e-01
-3.068962324252457741e-01
5.134573202560454019e-01
1.335110151862067551e-01
-6.799956736364012322e-01
5.244155535047044792e-01
-2.771611134349052374e-01
-5.223604076079545466e-01
-8.182380473318483505e-01
-1.635503754419482259e-01
4.015888749358534904e-01
2.331735400342946074e-01
-2.680186983626884345e-01
8.802134228462066279e-02
4.603124657888325588e-01
-4.492783324933895539e-01
3.238658639979999920e-01
-9.364417524637125290e-01
3.345640902630274693e-01
1.997056763388347644e-01
5.884719209325215417e-01
-9.251217246829956942e-01
-4.201168607100116414e-01
6.926922234017048041e-02
6.480479636278378974e-01
5.176751593769396420e-01
-8.670120457424388416e-01
-4.644765402832956580e-01
-2.668212844136449435e-01
1.288737794302679263e-01
-1.801509960972044744e-01
-2.147753325689767401e-01
-4.892842032059569468e-01
-7.458092598258879713e-01
1.190608834535683280e-01
4.782716973345676470e-01
-8.076588270346778398e-01
-6.086889793555549932e-01
-1.764762137667949815e-01
5.469214247040311561e-01
1.183665070669163155e-01
-3.337886409997317116e-01
-7.083224782674750752e-01
-7.422772919690970861e-01
-9.204944992607141385e-01
-6.872297717046457199e-01
7.362003149762319509e-01
-4.946255697217951108e-01
6.058463730948233650e-01
8.991673641215581769e-01
-6.371479125203437510e-01
-8.392558125917759515e-01
5.692020775759746437e-02
3.340185018718064280e-01
-6.146876203035546160e-01
-1.576141397573753711e-01
-2.495093347662279970e-01
-3.502996161033569700e-01
-4.043090190314861387e-01
7.214851943038551596e-01
6.973178304307583453e-01
1.886687794146576364e-02
-5.679170096135800067e-02
8.126797897987447783e-01
-8.080300530548715221e-01
2.500025113666456966e-01
-5.342554033572656236e-01
-2.215682933675403726e-02
-2.516074979390950928e-01
-5.803347292931366752e-01
2.563070893619546209e-01
-6.880267005168759775e-01
-3.283193109076854022e-01
2.977550034417328906e-01
-6.792452635762586954e-01
-3.845209766280299202e-01
-1.387710680995712098e-01
-7.375071511204795982e-01
3.160230277306474989e-01
-3.480352710065382493e-01
-9.271672432512410023e-01
-4.507852891620334201e-01
2.091310766226786577e-02
-5.896114315014552298e-01
-1.320078708387462108e-03
-3.458778434186673412e-01
1.866476703550313532e-01
-2.546644160962697745e-01
4.605634009088130365e-02
3.617468897226407964e-01
-9.797647243618754498e-01
2.011083959048612368e-02
-7.104661480818629249e-01
2.769064983330514762e-01
8.929699440401467347e-01
-5.513261692646963946e-02
6.372632685424302057e-01
-2.844879006254980580e-01
-9.187333986476338143e-01
5.299146998011448895e-02
-8.298885259105762136e-02
-8.571112905015654260e-01
6.133656705024628231e-01
-4.639019805577576649e-02
5.775317454563420883e-02
5.858784670242991321e-01
-6.692426040886184646e-01
2.222555730398422802e-01
-3.156987698056999414e-01
-7.140403280012495024e-01
-4.520014430474341705e-01
-4.342839014375990958e-01
7.391581649967856604e-01
8.593517475637774128e-01
-5.392084822484503187e-02
-2.894346939998776458e-01
-5.539550664561343485e-01
3.255542021207189496e-01
5.656894503980045563e-01
-5.726240777019040440e-01
-5.999417216030281802e-02
-4.928691145059795886e-01
2.003928769594156556e-01
-7.633866840542243848e-01
-8.595845328449098766e-01
-4.405518548076157170e-01
-5.953217047317177490e-01
4.960219696648486831e-01
-2.200257569732322060e-01
-2.658163846983442880e-01
-6.139804115415530283e-01
3.315557647405240060e-01
-3.600040194297968177e-02
-5.689871832076766056e-01
-1.249767410633050857e-01
-5.577184801580556961e-01
-5.225207171403050133e-01
-1.865330393753602545e-01
-2.966261488634433507e-01
3.276817972923902200e-01
1.340765580493221976e-01
3.228301626925954571e-01
-4.482247872450348392e-01
-1.672115346395302016e-01
-4.807286754042845722e-02
9.323691055462100807e-02
-2.047072705809709348e-01
-1.076862469334684824e-01
-1.483010679276674515e-01
7.670524804943155139e-01
4.563541198170500413e-01
4.949267139673245164e-01
-9.250901856774594867e-01
-3.241808274206774421e-01
3.284790128420118638e-01
-3.211837074630338740e-02
-7.223339552151492038e-01
-2.892171843368197479e-02
-3.130159319786746108e-01
2.096394149166400378e-01
-1.536467465637475771e-01
-3.885896930678146011e-01
2.191802325429680065e-01
-8.298045101391080536e-01
5.554697782034403453e-01
-9.284438631206234360e-01
2.700940258532250615e-01
-8.380106039192949385e-01
4.892189502747523733e-01
6.472310252562859523e-01
-4.750284952249611559e-01
-3.593274395431075297e-01
8.005965095775693374e-01
-3.025550572967767859e-01
-7.684273244104278255e-01
-1.568103918228227773e-03
-3.520924888757708260e-01
-3.225239540245839476e-01
-5.077690201770711509e-01
7.054613303080899955e-01
-3.673978391808370159e-01
-4.165241212953142702e-02
8.730407046225170387e-01
5.998938319380169026e-02
-1.144649524750195047e-01
-1.238393038605803687e-01
5.556613755986199443e-01
-1.302192608781135297e-01
8.326044508184630155e-01
3.593598373743530083e-01
-1.305851334455233048e-01
-3.396958010167154263e-01
-9.468968527349785891e-01
7.042650388195343947e-01
-2.050392870690910807e-01
1.399213254904205506e-01
-7.522648893507625223e-01
-1.475286218267477245e-01
-6.940296115657089704e-01
5.012644067392672126e-02
-6.180956859061404601e-02
-3.077279018709884184e-01
7.958835123110066245e-01
4.941770749189115797e-02
-5.050920625601267311e-01
6.636252631106061284e-02
1.265062530937923480e-01
-8.108770192008638578e-01
6.560457443300728997e-01
-3.690075802576845421e-01
-3.186417998125383733e-01
-1.382877477106768394e-01
-4.767423912714963130e-01
5.487253368627983408e-01
1.113017541400884193e-02
7.152684477962314991e-02
-1.149717721166435558e-01
-1.197363018316211780e-01
-2.059356995260802625e-01
-6.776389214331911548e-01
8.535085557147115143e-01
7.882345980181730827e-01
5.530461705442951681e-01
5.299604718973124351e-01
-8.923056850656991834e-01
-1.243432781580425806e-01
-7.797287841716485368e-02
3.493555440326924222e-01
5.738256569811158725e-01
2.380379313155257248e-01
3.522550925501254926e-01
-1.400774901753600310e-01
4.952648135067405089e-01
1.392451130620569501e-02
5.270901272706789431e-01
7.441320354890086364e-01
1.048403679234257146e-01
3.277532231647136036e-03
-5.213129064840761606e-02
-4.620730949990953795e-01
-7.290263222307641344e-01
-3.613923164993364523e-01
-1.980364483261044806e-01
-6.548694565893173891e-01
-8.115753172466377841e-01
-6.638956428146258748e-01
-4.376753223472744647e-01
-3.272944205361796310e-01
-1.296061890442684432e-02
-4.224498545441980335e-01
2.675038721289717536e-01
-4.297163488092302641e-01
-6.914931031582735033e-01
4.299795403545622063e-01
-2.695109531442295772e-02
-4.804486278315787118e-01
4.838064578917278258e-02
-7.261933703562848397e-01
3.708436729757055850e-01
-4.177541362914667378e-01
9.640263897355830780e-01
3.927656233593858071e-01
3.883003690968837591e-04
-2.527798232002296808e-01
1.654748300500493985e-01
3.536113645449358578e-01
5.668681507615799253e-01
-6.902568823368530060e-01
-5.360557773824656813e-01
3.158550695023220611e-01
-1.315895793816490023e-01
-2.176033339493335383e-01
4.414214402348499711e-01
-6.931976762399674197e-01
-5.354794125976811703e-01
-3.393859471865183774e-01
6.430326097288249221e-01
4.004144250627642565e-01
2.886290959735245965e-01
7.474071670420099345e-01
-4.067441738530249151e-01
7.116687624750605429e-03
6.093695216376916468e-01
-5.523311365706997655e-01
4.719250865649881055e-01
-1.343533111876933916e-01
1.392555082597055349e-01
-6.115084450260691584e-01
4.579088604682181041e-01
-1.428195968172295549e-01
1.350068172155950881e-02
3.026996156261359538e-01
4.884658618674452835e-01
2.641488372792217820e-01
-1.408539259291646528e-01
-2.783400570706096588e-01
6.099956147198353218e-01
-5.954995350234772999e-01
-5.406373382453235621e-01
-8.806994200685421825e-01
-2.056982088587567814e-01
7.483254861735215702e-01
6.388273820955991944e-01
-4.672798503783910928e-01
-6.918698679950289199e-01
-3.087869682033412833e-01
-4.809878264177352980e-01
-6.697587080859918052e-01
5.148719363285073625e-01
-5.823742251124766067e-01
-7.187025467116395783e-01
-7.743481384007004920e-01
-7.664464061071250001e-01
-8.131738742604037729e-01
-3.072819771102069941e-01
6.953184328026376648e-02
5.879436122348764560e-01
6.784968420698278546e-01
2.220410558091039377e-01
2.475083920872294396e-01
-9.121525274530503102e-01
5.570373140577271620e-01
-5.817339273971697811e-01
-2.686687240217542905e-01
3.879339375636601250e-01
1.187068414226536833e-01
-6.704034218567267445e-01
7.211131221801139191e-01
-9.045312314148363370e-03
2.832990874156949834e-01
-4.430866412304927393e-01
-7.601657246954276470e-01
4.104477005134498091e-01
2.728462706669243509e-01
-3.866984517952682943e-01
2.997365422314695119e-02
1.737885314779051282e-01
2.413432807404517211e-01
7.307731120433078598e-01
-2.002679243143718479e-01
-3.438070160444600121e-01
4.979328047023450776e-01
5.747073360002000753e-01
2.017696244530154392e-01
-9.541824100959515886e-02
-4.081510782969184348e-01
-3.939432937533324797e-01
8.615833283203196968e-01
6.994258081656848924e-01
-4.387041018359233435e-01
-3.807832864488355229e-01
-4.484467299456547096e-01
-3.688784005092922147e-01
-6.326043594043226914e-01
7.718463358941441976e-01
-2.414752841676273687e-01
6.326761841357568528e-02
-2.006333916254407213e-01
-1.020025044819907051e-01
5.975485482595157549e-01
6.262458656932547996e-01
2.884433567921448338e-01
3.236040257847214857e-02
5.087431291065538375e-01
5.726216850774820122e-01
1.598887900816377827e-01
-2.057377188162483050e-01
-6.753891689746019944e-01
-3.212192195603080780e-01
4.515202624993061020e-01
-3.202654708711556442e-01
7.656457760308876814e-01
-1.500373725179698359e-01
-3.995287160750166655e-01
-8.741269762471355342e-01
-3.498211054949791447e-03
7.278804519142431095e-01
-4.350350633420525526e-01
6.011221904765585711e-01
2.714310913218067611e-01
-1.154471355339192762e-01
-6.558077001730726607e-01
-2.999753509233064608e-01
5.597996229042714322e-01
-6.038602917438627982e-01
-5.784963680555849086e-01
7.061057571891499185e-01
-7.469329717046793160e-01
9.299543978628491692e-01
-1.245808539177285651e-01
-2.068533998014651654e-01
3.993528553882639276e-01
5.416800206132551532e-01
-5.162202811080893738e-01
1.241810641943087712e-01
-4.985823604269716547e-02
3.118738810027628650e-01
-4.209373838076854168e-01
-9.178269582473295995e-02
2.339297558215497341e-01
1.470765658923228469e-01
4.768483030832308400e-01
-4.323801524794378404e-01
-1.953517005774901005e-01
1.501800448266466248e-01
5.538568862255832670e-01
5.598238548597729292e-01
6.500969048971976250e-01
-1.119548151282224735e-01
-4.980176924170493652e-02
3.234474251074094253e-01
2.769722129452206194e-01
3.896932367575704492e-01
-9.183979014974024135e-01
-6.565367079142737650e-01
-1.736872419000895784e-01
-2.246931849587028851e-01
-4.972609594109265174e-01
6.244002177234412310e-01
6.693741043116424594e-01
7.545567262391279506e-01
8.545993348530613876e-01
-4.601121688465138748e-02
7.452469622085896583e-01
4.885995663738826877e-01
4.482478415710228203e-01
-1.012933310068354353e-01
1.433573746119252978e-01
5.537519630960167083e-01
-8.384412392576148787e-02
-9.564512780440857787e-02
9.323232308347866315e-01
-4.924147688700687975e-01
-8.457587625027110367e-02
-1.623795751219953565e-01
-1.344136269897306668e-01
-3.518904142489290843e-01
-7.428783918540738940e-01
-7.052439652312656460e-01
-5.856855370697912067e-01
6.435178784583387435e-01
-2.724046858622631850e-01
-3.824613478266215005e-01
5.519047389963225303e-01
4.808053541366340555e-01
4.875951688352054281e-01
1.668463628867772885e-01
2.610924483117603723e-01
-6.113370081464880590e-01
-3.897859438510461322e-02
1.878558328323446658e-01
-5.340511021549912973e-01
4.585498248536308552e-02
6.144957847348105906e-01
-7.118293225344515252e-01
3.816452008852723177e-01
3.151823316451748958e-01
-9.107038322940037567e-01
2.450344305813093870e-01
-7.533002971110670520e-01
2.235467543890362618e-01
-4.896317608278032418e-01
-1.035812440551485553e-01
-3.313630637760837105e-01
5.387739682562655424e-02
4.841967229974684095e-01
2.700870074480074545e-01
-4.325818290546725176e-01
-3.250492355400759759e-01
4.276863674378583169e-01
5.983044363789939979e-01
9.583514688673936410e-01
-3.345213415138187374e-02
3.432604675989379267e-02
5.544130704213412475e-01
4.625781271287431329e-01
2.570254110117167201e-01
1.935751584464354136e-01
5.566307060647308624e-01
1.619661820317583323e-01
7.414304972394091253e-01
-1.259062091279968508e-02
7.921011127706685251e-01
-7.269753019405308381e-01
5.340455673422874749e-01
-9.059801163375255095e-01
1.497747183410267236e-03
-4.641611553585500149e-01
-6.467590452656819533e-01
7.333022590720882361e-01
-1.843469566277764204e-01
2.427772639333893590e-01
6.379408619490460897e-01
6.395821203678154765e-01
1.222354844965869436e-01
-4.837081821483522059e-01
5.509149558740431551e-01
-7.534607128486674466e-01
4.114446024842591254e-02
7.173017299064807784e-01
6.736123246823690902e-01
8.816792598228645472e-02
-4.678988781059070790e-01
6.953189802639071493e-01
-1.557922557667442698e-01
-2.064091148383517260e-01
-6.718624216146054096e-01
-5.522285966440086957e-01
-4.686731873462247067e-01
-7.696481102407030095e-01
2.227960694413553266e-01
-4.054100675174958646e-01
2.798910380861671099e-01
6.865451638677760697e-03
-1.113995919244558097e-01
-4.289721392121322863e-01
-8.695321718888218143e-01
-2.378831144981545798e-01
-7.416459658225434126e-02
7.899611995707080947e-01
-5.066849668800090800e-01
-4.130613239107729928e-01
-2.269885890183230281e-01
-1.722981720735786149e-01
-5.061632875146089283e-01
3.455212722102386502e-01
5.487434868207836935e-02
8.628431523307109607e-01
-2.719027960418881618e-01
4.788112682581722179e-01
-8.326038128953391348e-01
4.881068528461950384e-01
2.428274810041569920e-01
4.267922755153795711e-01
5.196499625969159819e-01
4.196407854220717826e-01
6.932028439042150492e-01
-1.188854691239100425e-01
1.166695634619364791e-01
5.071299817011546418e-01
-1.358281609713091753e-01
4.367373484334765021e-01
-1.749510977452994331e-01
-3.515969392124455584e-01
3.818912224543006273e-01
-5.020026718513916908e-01
-1.312638048372084809e-01
7.371863246715311124e-01
5.767160038021497126e-01
7.763113461726155462e-01
8.747399855821413883e-01
1.416470387370151185e-01
4.278126173576737301e-01
-6.942998677774030181e-03
-2.558383924497618089e-01
4.890967697194920083e-01
-8.620291380111605450e-01
2.027673309056145234e-01
-7.499781151303710480e-01
-3.474889158009896728e-01
6.190813445710696694e-02
4.676764404489126004e-01
-2.021235660592421712e-01
2.976850880392822307e-01
-6.139004846266509219e-01
1.448635385683930132e-01
7.208026791042344561e-01
3.620148778075338858e-01
1.174835430905542127e-01
-1.479060468470864281e-02
-6.157241271404128025e-01
3.136493329128517416e-02
2.273876787908663821e-01
6.053450085434011196e-01
-4.545346551268215629e-01
1.032894406402312532e-01
-1.498462445790733344e-01
-6.792378014741572156e-02
7.390386778739489460e-01
6.388478929142613616e-01
6.348211764797121459e-01
-9.860607680611524484e-02
2.110548825393722128e-01
6.179085141912216139e-01
-8.275817662892469284e-02
-5.766559920988658661e-01
6.799798241955072875e-01
3.304888003316563960e-01
-2.903244657669669659e-01
2.527943880514049377e-02
-2.408278235244718790e-01
-2.577459700407859211e-01
-9.868328673690307529e-02
6.026531282017459912e-01
-2.953138961410535224e-01
-1.909453437587696201e-01
8.582420778264310268e-01
-3.981478118382799636e-01
-8.906410198169207870e-01
4.450977343168044387e-01
-7.821817339268868352e-01
6.613065196546819013e-01
-8.519304607852535849e-01
-8.698351620646879168e-01
-4.069919301382920324e-02
-2.507467187323905722e-02
5.127341799454250282e-01
-6.443455078337938513e-01
-5.763081390661283221e-01
6.369243606228776056e-01
2.689318701942182699e-01
1.422634448390986961e-01
-4.989470443235664854e-02
1.551653147706517077e-01
