-5.599405889520178148e-01
1.115563559133107285e-01
-2.421405386667518922e-01
4.001181003599394992e-01
-4.337659325793764009e-01
-1.873018735845071725e-01
2.530796887691293962e-01
-3.136318266604777583e-02
1.173155270509174120e-01
2.143665889017006276e-01
-3.644134835416835694e-01
3.019970415909497552e-01
-5.900053622106998796e-01
2.438884346871839637e-01
2.485495362139713005e-01
3.558936241105873921e-01
-3.255962350015619844e-01
-5.130069737487775727e-01
-2.691819462567103804e-01
4.036711379757446094e-01
-4.331895434074172768e-01
-1.792279753725476432e-01
3.916721979519639796e-02
2.231535623810119162e-01
5.053547094290549158e-01
1.569842934314398253e-01
1.132052586670518474e-01
6.607431371712004786e-01
3.697732714930160869e-01
5.804408192991165061e-01
4.465912210191879672e-01
-6.942802504487587123e-02
3.400469044738678170e-01
-2.328447593139387484e-01
2.754149249369204286e-02
7.572154075920821681e-01
4.384809349237179243e-01
-1.896331048896443272e-01
-1.622281995959331535e-01
-3.096723530184949946e-01
-1.106545039584241746e-01
3.731180468190056221e-01
-1.153182148022510595e-01
-3.593421509085248933e-01
4.682138062197643280e-01
5.540587427874561488e-01
2.739250275227591569e-01
4.775642401106260371e-01
-5.140350660386333592e-01
3.860253107486235624e-01
5.250605926115639588e-02
2.452746365946002205e-01
7.597694070696321411e-01
-6.130009132960356766e-01
-6.266529213799351128e-01
4.537736358514934953e-01
7.561911459536760360e-02
-8.468779426219816275e-02
-7.554118515651864207e-02
-5.073936384685726608e-01
5.583480146539229194e-01
4.410351455279055283e-02
1.254667165930803407e-01
4.529892620068496911e-01
1.453187806444512786e-01
3.974886872036599295e-01
-2.776316477614096390e-01
4.068084331722806035e-01
-1.082978312150845723e-01
3.793119282378442647e-01
-1.521845368673618859e-01
1.405130106737826901e-01
1.529374509188488607e-01
1.000141632395472879e-01
-6.141400618787501431e-01
1.921206615570528464e-01
5.160813061477796948e-01
4.982353185670604367e-01
-8.770366135748647318e-02
4.481836268803287560e-01
2.251835741174542938e-01
-1.299226097381786238e-01
-1.293112509478944461e-01
5.945978362133582523e-02
-6.797218742582697426e-02
2.167114967287600835e-01
5.334416348603271407e-01
-6.973752968715940526e-01
3.637401063655737454e-01
2.093262922657060932e-01
-4.105900644467803257e-02
1.928011458171995096e-01
2.803156512658553368e-01
-1.215220508837978886e-01
-2.510863316586324778e-01
1.587136160964378734e-02
-3.120334287157934261e-01
3.272667963228937937e-01
-2.427155376895141492e-01
2.024599118297060463e-01
-2.682897781600461218e-01
5.312139851280502784e-02
7.493576043295555045e-02
1.468777987305709687e-01
-1.514558787838478915e-01
1.491108866085606444e-01
6.669231427687687397e-01
-7.670371509061671422e-02
6.975473347718756933e-01
-1.693362714542160086e-01
-5.385504111075568590e-01
-1.855352241020709336e-02
5.567457000662132671e-01
5.074584704364900611e-01
-2.019193363854520917e-01
5.266542648866000542e-01
3.583823457847333804e-01
-3.231408905959744504e-01
-5.734898414303573055e-01
-6.464438730266037769e-01
-1.753842628459143238e-01
1.707863930379976969e-01
1.762571864713691483e-01
1.796436768599427303e-01
-2.886192401466088908e-01
3.771363896640160807e-01
-3.998403130982074449e-01
-5.290256085397595509e-01
-5.716242442628910458e-02
1.278483598612302208e-01
2.913336076301331623e-01
1.784680442976711023e-01
-3.993727249662414325e-01
-6.970403769936468485e-01
-4.413527797476367587e-01
-9.732826127651858505e-02
3.148153045311834902e-03
1.409118217346662094e-01
-5.087889008853703210e-01
-1.675025208782349451e-01
5.459639302271073191e-01
-7.048415060787592834e-01
-3.811509029421938921e-02
-3.371224470395663142e-02
-3.175253049876749500e-01
-1.738425982355847887e-01
-4.204363617427016031e-01
-1.859567044996495999e-01
2.729099224191529616e-01
3.886273841650668692e-01
-3.402986927552956176e-01
-2.967344441721947446e-01
-7.032639726530648394e-01
7.744065623103679741e-01
-2.669077015468792613e-01
1.357278723760685368e-02
-2.953299324534112147e-01
6.198001275601708882e-01
1.442189739695198814e-01
-8.191963432621376939e-02
-6.267304582233724775e-01
-2.571760213935528339e-01
4.340094712111856046e-01
-1.059508295304942560e-01
5.429735140568470175e-01
-3.831614680103067050e-01
4.981254441033582392e-01
-1.213456344102877837e-01
-1.332903843358893003e-01
6.032235684440574452e-01
-2.483449963866286581e-01
1.989162189106714884e-01
-6.226628046058291233e-01
3.320322063453013950e-01
-3.030226701681816570e-02
-4.583583624492839625e-01
-2.054187814743951290e-01
2.076020613038870657e-02
3.164997352199572789e-01
8.022861346513543435e-02
-3.847838027884892959e-02
-1.057659662800038702e-01
-1.723881994800295914e-01
-2.207404038136929428e-03
-9.110668151825768168e-02
-4.639306162758785601e-01
-6.120955167411074038e-02
1.625991439994254883e-01
2.830679734268477521e-01
-3.117420890147808432e-01
-1.250875096294933320e-01
2.473085697718709897e-01
-4.285408425139683453e-01
6.981990400576151834e-02
-8.208663019337707201e-02
7.141055778328861958e-01
3.767858671029921669e-01
7.314472057818892370e-02
-1.660924550016976420e-01
-1.316161440960986750e-01
5.723278665582876013e-01
-2.508109401829964891e-01
4.206254482373423254e-01
1.684237117330340261e-01
2.886149493954831557e-01
-2.015131282576629046e-01
-2.419562828323424952e-01
5.158888607302651863e-01
1.227444340282415197e-01
2.638769770623863309e-01
4.898233425063420743e-01
5.033408607238681887e-01
-6.790660666756111186e-02
-2.896464717396843858e-01
-1.230314149763404342e-02
6.938734881679903266e-01
1.543796440088161109e-02
3.093572616232822536e-01
2.599654929135531978e-01
-2.693842979666594140e-02
-7.029821906505967499e-01
-5.972816064748492915e-01
3.656001085568786335e-01
1.454947030129453422e-01
-9.023436425624395407e-02
-1.489442448936708907e-01
3.143242856514184558e-01
-1.573617893292411640e-01
2.894854067874178538e-01
4.997512214296966904e-01
3.628293608510128193e-02
3.007741766578531095e-01
1.648637238750983239e-02
4.389638242569528503e-01
-2.188846811857308172e-01
-1.717230366990533663e-01
9.570106298386467369e-02
-2.863146712988346929e-02
-6.236656220822764940e-01
-1.666004509806124356e-01
-1.749742437257404901e-02
3.794432831975693143e-01
1.917202124233534644e-01
3.256342018002860716e-01
3.427632141360287266e-01
-4.195180596385523208e-01
-2.499788778329668226e-01
4.378777478641032728e-01
4.488313518967730342e-01
-2.694368715306032502e-01
-1.411183127719235209e-01
-3.803630190727365079e-01
-6.497510630639465878e-01
-4.747985293360183073e-03
5.599664268892349250e-01
9.200294028860069029e-02
-4.035922151745868769e-01
-6.231510820503820547e-01
-1.557104866386826991e-01
-4.152332788673160358e-01
-4.062820254868447778e-01
2.597850206081475100e-01
2.262128096294531709e-01
7.971214128800914178e-01
-4.102670954618684585e-01
-1.454503150958192520e-02
1.121946453452255382e-01
3.387528502241506922e-01
-3.171656545444222486e-01
-1.187102426351559908e-01
-4.442858176346585752e-01
1.685100582392354551e-01
3.442208293326853852e-01
-2.848390056085104427e-01
-2.219488530322463044e-02
4.795814044374860918e-01
-9.648670450463006773e-04
6.096297646313622032e-01
-1.392615860977699516e-01
7.902787780741917789e-01
-6.238157328130212315e-02
-5.899741140317867755e-02
-1.052677598072059850e-01
-3.234329073751101014e-01
-2.322993971597012985e-01
3.581031369323801061e-01
2.898843271188081827e-01
-6.217337057258200961e-01
8.247062662736635019e-01
-5.460180609050828693e-01
-3.141183230865313702e-01
4.475599732641499240e-01
1.554638666825508830e-01
3.031776796219353212e-02
3.253675769664913231e-01
8.800216444737549160e-02
-4.079638473156153022e-01
-1.561753270333811616e-01
2.836661596870507229e-01
-8.079655730399392111e-01
-1.126119589066935101e-01
-8.515184324972306304e-03
-6.176874119561716336e-02
-7.728387978895754351e-01
6.745159508101751522e-02
3.636179879890225064e-02
-1.033944171449091426e-01
1.861126474025733002e-02
4.767799521627545389e-01
-8.634627971854200723e-01
8.169931295475834077e-01
-1.476334916127888253e-01
-9.012210731433382971e-02
3.092637044155763237e-01
3.570090618106335212e-01
-1.679277555729596916e-01
6.164558238949942037e-01
-2.922450452673540644e-01
-2.359115940153564961e-01
3.151936813386523040e-02
-3.138986387263077993e-01
-2.668763929883391506e-01
2.874267184681393861e-01
1.088337910877362202e-01
-5.149787857275882619e-01
-6.102710501616573704e-03
-2.916960897332843694e-01
-5.268054915912778746e-02
-4.343904321925133871e-01
-2.358432697699301694e-01
-1.310114058696137396e-01
-5.346695924862931992e-01
2.246247774392490237e-01
-2.143470689569157428e-02
-6.272939381870751285e-02
-6.679491560596201305e-01
-1.183716969069240066e-01
-5.206089517614818085e-01
3.540684565723131172e-01
7.642074261067756391e-02
2.995949689519202264e-01
-4.299304752315362688e-01
-5.354541994454495857e-01
-1.661642931117625066e-01
-2.476642521661185647e-01
-5.458764923132131131e-01
5.914067393430721964e-01
2.052613651739016443e-01
-4.697139509531437218e-01
1.526358250268622929e-01
3.953754765642578106e-01
6.225137395620640446e-02
-1.977199835581137377e-01
-4.371394195443161768e-01
3.091868934782487921e-01
-2.834327834831409931e-01
-1.687483836916220115e-01
-1.596232787044662427e-01
-7.704753541416174967e-01
1.478611465859476226e-01
4.316534735607004958e-01
-3.632097230465067828e-01
2.040860865130803004e-01
-9.028633532813029605e-02
2.633764216745577147e-01
-7.008780758401059185e-02
-3.955415053658663527e-01
-2.031175669631763991e-01
-4.450314536248504149e-01
-1.069540724705421789e-02
-2.562314609219018546e-01
-2.683791026639932853e-01
-2.920347406817019528e-02
1.552757455694314496e-02
-4.103095776605414913e-01
6.545427453901803139e-02
5.648872241555460416e-01
-2.079431527995626028e-01
2.532206175324351327e-01
-3.323948116467250191e-01
-5.106904545588936140e-01
-2.565768366567865999e-01
4.536268744925553986e-01
2.313685183431047898e-01
5.057648398691692027e-01
2.899692337258596986e-01
2.132168730890826036e-01
5.409345183529044032e-01
1.986301106536389194e-01
-3.786565919452804518e-01
8.336177901845022442e-02
3.390191235030928785e-01
-5.779214038334568038e-02
-3.331264675572603862e-02
-5.165338822852871825e-02
2.701974620161614049e-01
-2.165730206450321160e-01
-2.097724119060059289e-01
-5.403256954404324075e-01
3.200714788986565029e-01
-1.402462612031729339e-01
-1.248533052809594063e-01
-1.995635874849929770e-01
-2.120691374079863856e-01
-1.360548053952096159e-01
-3.792183547452249170e-01
1.008084499867350076e-01
7.995627262410422154e-02
-8.084821207079782857e-03
-2.361822918121029291e-01
3.646414047849726447e-01
2.046167302353484596e-01
-2.177610852952613640e-01
2.516090329378506407e-01
-6.523918995416819189e-02
2.451217277306307618e-01
-3.565271407589783448e-01
-6.005245522945273917e-01
5.112557989302481953e-01
-2.472545075149773508e-01
-2.978926174891556311e-01
7.752467402587180471e-03
9.857327129039164526e-02
1.965958205158074290e-01
-1.975566785244090573e-01
9.564216695140660696e-02
5.641123257286526638e-01
-3.999756449689633175e-01
2.220864808927468514e-01
-2.839052917783125296e-01
-6.465082671489874588e-01
2.850184444029756764e-02
-1.887852607906643776e-01
-1.409526975500833765e-02
2.427069565542825935e-01
-2.950086423182766149e-01
-2.832779146738030329e-01
-5.991865915424218064e-02
5.948225930747302881e-01
1.559622109768865617e-01
2.503620964401283289e-02
-1.323946844709395984e-02
-2.193681270204200229e-01
2.119191888568432991e-01
-4.169673543455260090e-01
-6.218175018882865501e-01
1.660757852451424099e-01
-1.972645225884869791e-01
3.149668259330735687e-01
-7.523441913854858609e-02
4.702588079530024001e-01
3.412587993390440166e-01
1.629741331870662169e-01
2.942763706414083247e-01
-3.183970639110665912e-01
6.785838741148084718e-01
-2.422620567564492955e-01
5.065127160693522895e-02
-3.365470554315744267e-01
2.124026102631761392e-01
-2.346234005067129869e-01
-5.216480623296135821e-01
-1.639572310760522567e-01
8.214183728908854842e-01
6.180212209302715642e-01
-6.043675936257718595e-01
-5.157574934857793725e-01
1.203805809243691793e-01
2.504904134562669915e-01
4.748082763318908217e-01
-3.911725257889435703e-01
-1.433025118901005701e-01
-6.071196328976766754e-01
-6.529690384123211233e-01
5.183928191002484809e-01
1.526335850574364050e-01
1.912037038278248113e-01
-3.594497588097701479e-01
-9.490975262908901700e-02
-3.191569331611855964e-01
-1.432959037652624112e-01
-4.529133864209923810e-01
1.458139008856958463e-01
-4.172392437128531473e-01
7.237785268679532980e-01
-2.902813531753473675e-01
2.718814366888371026e-02
-5.924283777675640739e-01
1.543022370261818987e-01
3.801748783208860338e-01
-1.245225526080502715e-01
1.334562828742250351e-01
1.699287603841441452e-02
-4.249564694989537150e-01
-5.815149273724442569e-01
-1.780216201053492764e-01
-1.783637023942284405e-01
6.354325490710741042e-02
-5.222538389949471505e-01
1.843031648504518324e-02
1.389676459499563366e-01
7.284170654846389148e-02
3.451216588408163588e-01
-2.572668457399655551e-01
1.958734921563223264e-01
1.291061814186627577e-01
5.194490429453135771e-01
5.853555393081019131e-01
1.407263956144625683e-01
4.718513932242036635e-01
-4.855453782179530373e-03
-2.099994609971891357e-01
-2.047689952281926684e-01
2.770687597690022486e-01
7.079533663112975717e-01
-2.919102785153825097e-02
-7.074513625382837789e-01
-3.644665055680703647e-01
-4.569389174012407351e-02
-9.250801784741760625e-02
1.771353126517983545e-01
6.068824299016810642e-01
5.527744658348587858e-01
4.133789026545442447e-01
1.579715909522493578e-01
8.604794195047744954e-02
3.642568652464855394e-01
2.506471232316027087e-01
7.122801509327240099e-01
3.326955824516176774e-01
1.103235845425168810e-01
-4.255237005690126750e-02
-3.716645323230879233e-02
9.793239297907177510e-02
3.590125376896492471e-01
-5.390114177446381216e-01
-7.707005533753770177e-01
-1.062073516206127888e-01
-2.243498833344447774e-01
2.497480510604822290e-01
-6.022260512997914539e-01
-1.238532524425593750e-01
2.467665453723010272e-01
-3.588237070305044796e-01
4.750977932976222506e-01
-3.486173229816742491e-01
2.908168468822505681e-01
-2.643299641356126051e-01
2.494638248447198503e-01
-3.921751960818679050e-01
7.405819025974696990e-01
-7.520148722675267239e-01
-6.957411936367444705e-01
1.923766055758228399e-01
1.651444244108143944e-01
1.396994581070187813e-01
-7.962642629327279509e-02
-3.524184031866929856e-01
6.244325585014716129e-01
2.698069588891577331e-01
-7.266931159590478417e-02
-6.018754292504536751e-01
-2.416558460125116381e-01
-5.145999323296525096e-01
-3.325063556896969419e-01
-3.192832866305347211e-02
4.258803060078580893e-01
-5.576572281519581731e-01
1.246332741058426286e-01
8.014899433033133569e-01
-5.305447902734757859e-01
1.798460724579902525e-01
6.812188288422194038e-01
-1.615553927621035668e-02
2.287615692089744676e-02
-2.232414412732157127e-01
-8.781510793114738478e-02
1.031819945148766821e-01
3.583115135909910043e-01
-3.702557029877119321e-01
-6.322809446166263170e-01
-1.293273822738853773e-01
4.998285386462983371e-02
2.042819449725848391e-01
-3.946907027007942048e-01
-1.660602403791219817e-01
-8.561983904355774389e-02
-3.204365199737018721e-01
-5.503968836217363325e-01
-6.028102687950409599e-01
-2.093081584116581184e-01
-7.313152408225365164e-01
-3.801515168553166180e-01
-2.585740694019739161e-01
7.197251172381025075e-01
-3.866404090997139012e-03
3.043724060796784148e-01
9.923147304184203044e-02
-1.528428478618736042e-01
-3.220416871030508665e-01
-3.919599520927563585e-01
-7.135417267741662739e-01
1.225654720902707578e-01
4.807668292515802078e-01
-7.423046034806133342e-01
4.789208706761767242e-01
-5.757472629187565527e-01
-6.176214453302237839e-01
1.901886007229982856e-01
6.157650372140992950e-02
1.200450508521169884e-01
-1.033946075704981898e-01
4.961984997398909969e-01
-5.137314140990546507e-01
6.295392295088850787e-01
4.011952521439257624e-01
-4.151167830359816513e-01
5.859629948476372530e-01
4.506349317985842151e-01
-6.322879993285568379e-01
-2.760874370660318933e-01
-2.424183333819810438e-01
3.421319448095633819e-01
1.286402953891121748e-01
8.378638451273105747e-02
2.196511097752279762e-01
2.305865476521844482e-01
-8.312413596763898460e-02
7.044638421180371424e-02
4.804006086816619003e-01
-1.483302999761691721e-01
-4.752800993719370481e-01
4.062592097676576142e-01
1.686256368765174374e-01
-4.240425126367107778e-01
2.467476559796204505e-01
-5.682974510173304239e-01
-1.083695973798040092e-02
-6.014003919325600078e-01
3.508122210230840143e-01
-5.295607915146849365e-01
6.113216813410135009e-01
-5.962861157274483848e-01
1.427736970770241698e-01
3.886987550908919120e-01
-2.593396135453333584e-01
4.141062204514074918e-01
-7.334695658790421624e-02
1.671750200036876410e-01
5.049116007326295286e-01
-5.789168789427094897e-01
-9.444890103910530410e-02
-1.345223240500754702e-01
4.675810841444441035e-01
2.281801998705041412e-01
-9.169387747993607007e-02
1.672557207203909102e-01
4.799252650274339893e-01
4.241324962782205832e-01
3.098321680212526852e-01
5.539500964396413263e-01
1.337623426966971507e-01
1.141530494503953524e-01
-1.142877834651782609e-01
-3.319282980014311990e-01
-5.905645990888455099e-01
3.951956617725831955e-01
2.090180985176912087e-01
4.209288768566032402e-01
4.390969683215223407e-02
-2.642792198336700316e-01
4.746541367581185167e-01
-7.961046309428578827e-01
1.619335931262523010e-01
1.671995363717620380e-04
3.375006548325487632e-01
1.045490487081678355e-01
-3.586693625382301187e-01
4.490282312004479359e-01
-2.847043309727747551e-01
6.876955394568614599e-01
1.186797294736678526e-01
-3.391347005242574819e-01
-3.063122647125586795e-01
-1.782772358906884857e-03
9.101075047469683876e-02
7.222916316992281649e-01
-4.432914402197694059e-01
-1.370248302806829910e-01
-3.885998826839452969e-01
-3.421166667995577670e-01
-1.170165378125492817e-01
7.864085869035006282e-02
1.574488147234542612e-01
-3.693344495684611761e-01
2.251638169060074246e-01
3.657614211550667682e-01
-3.470073021766402754e-01
1.416824647615183841e-01
-5.877870590135974016e-01
5.730425309698122111e-03
1.480505097138672399e-01
-4.237591723030229574e-01
-3.305909496744598997e-01
5.575423339747124230e-01
-3.581721168769536612e-01
-1.715523077277668063e-01
5.239373778688495298e-01
3.355954077157862758e-01
2.833715362622996614e-01
3.401020048574625587e-01
-7.603078154370102038e-01
1.418750179641676545e-01
-6.909431843724089806e-02
-3.519283975283385435e-01
4.198972694981656373e-01
-2.213555263679881369e-01
-8.142315180548023723e-02
2.372964939097852444e-01
-1.666205790467122777e-02
-4.054469940668087302e-01
3.026496147364843847e-01
-4.591598831443598205e-02
-1.993514813687295439e-01
3.469912979991412461e-01
-1.275503829368116165e-03
4.907236652916715514e-01
2.677642748033493697e-02
-1.019707472863343317e-01
2.232646665077565595e-01
3.559318326132993038e-01
-2.961543581019037696e-01
6.013115193315053675e-02
2.101924944059258560e-01
-5.325380726939732412e-01
-2.231286500449235211e-01
3.898351500976291600e-02
-1.557938755301389866e-01
3.767835070752010851e-01
1.640928862858107851e-01
1.244934131357447460e-01
8.816491529723535781e-02
8.458027327769453152e-02
-2.801312369725154072e-01
1.267157432338194001e-01
1.428593919406408452e-01
6.119308109730580147e-01
-3.174394085456240244e-01
5.942457038135671166e-01
6.191220837944563793e-02
6.206164961829038068e-02
-3.081210832973975133e-01
-1.594435909236793791e-01
-4.342874902039296492e-01
5.851532414925253445e-02
6.034489022822493443e-01
-2.740412486235727085e-01
4.190907693918313193e-01
-9.152195390176429135e-02
2.363980767418772388e-01
-2.360005184673832912e-02
-4.672307941107549378e-02
1.125734507515246674e-01
9.415029402984032014e-02
5.281137012026304589e-01
-1.050994680045926055e-01
-2.340735251776114301e-01
-1.492910331193256224e-01
-2.663866362453310987e-01
-5.145223589198898440e-01
-2.482108876979679801e-01
1.481683760807535610e-01
5.051136868395555285e-02
-1.037038852648484583e-01
1.172151641222613505e-01
1.402061810374667372e-01
-1.141686885776544425e-01
1.427215721111189661e-01
5.842127529402469932e-01
2.490233968282976329e-01
7.612263401262784335e-01
-5.869747429085920842e-01
5.691439199591838416e-02
5.215707291574156468e-01
-5.789705997487007982e-01
3.395746639150596935e-01
3.964172515275590225e-01
4.633372333616643246e-01
3.815184564221718588e-01
3.639284126943300168e-01
-2.818415423520185831e-03
-4.236745570550439766e-01
-5.697423273576489589e-01
-8.300259049687015722e-03
-4.619942432718552872e-01
4.962696790181545525e-01
1.797564388308967309e-01
1.468663059434139329e-01
-5.768078089475715542e-01
6.495005727375041671e-01
1.498489928684711148e-01
2.209913906226340929e-01
1.182641447958989595e-02
-4.650346846772716175e-02
3.259113246248948603e-02
3.955415983825403270e-01
7.295650597649541158e-01
-8.888325630924923115e-02
5.378997986900940775e-01
4.912774017600736731e-01
-4.344972997261636882e-01
7.976538657901014462e-01
3.604088229336688820e-01
5.016892826780104675e-02
-1.003700214753412701e-01
-3.534708053556758767e-01
7.262047963774873605e-01
3.312344582118789127e-01
2.828198598234783478e-01
5.321013301050377120e-02
1.423797261408486503e-01
-4.096735393656065760e-01
-4.160715866009188080e-01
-8.647721804948574342e-02
-2.992663896401543955e-01
-7.509321661787740632e-02
-3.218818931661172889e-02
4.894956263981696254e-01
-9.372214696424097102e-02
5.823428180828567058e-01
-1.920201118366267057e-01
-2.903609654133838536e-01
3.599918388956371840e-01
1.807969725167618003e-01
-5.834917042569763845e-01
-8.039669030756833035e-01
4.937493080282409075e-01
-4.973275449548466010e-01
-5.324382491482256841e-01
1.046502368820008966e-01
-3.817575778278698428e-01
2.464648410645327581e-01
-3.152619199749551876e-02
4.646886682857541140e-01
-7.594925925950513079e-02
-2.761888937897751806e-01
-5.183215350703886948e-01
2.182208639266887962e-01
5.582638801641061077e-01
2.316377590377826090e-01
9.415725815864481318e-02
-7.039344673211453407e-02
3.497787372569566844e-01
-4.522066856266384605e-01
-8.912456766547627307e-01
6.311193584295425596e-02
4.659828461628025276e-02
-3.212742379420015504e-01
4.319609796723018480e-01
-1.197306667879054209e-01
2.834225205749804077e-01
3.046892437412201393e-01
2.201315589699409936e-01
4.461134287419726840e-01
-6.789859912971994704e-02
9.833050584350259971e-02
-3.092400329325258879e-01
-3.281229248101957124e-02
-9.812837043636743473e-02
-9.733924804906779471e-02
8.203237251691387621e-01
-3.679780032869017781e-01
-4.162134208527634716e-01
-4.581135001941117890e-01
-1.342749962751445536e-01
1.804412975785059103e-01
2.501552484870148141e-01
3.698862103937946566e-01
2.070122580368761733e-01
3.482595172086424551e-01
1.972929553318682194e-01
4.229071516018610005e-02
-1.097094721896945263e-01
-5.477803425723125619e-01
-2.953989405264099144e-01
-2.297109723336106524e-01
5.255726000040217283e-01
3.436145581556853679e-01
-2.326960087256667309e-01
3.159770434518555660e-01
7.067739096976486390e-01
-5.617054857911858434e-01
5.838368302256261577e-01
-3.931259531388515138e-01
1.785938788848788761e-01
9.372181441765201071e-02
5.386015874381134827e-01
4.278058495626161500e-02
-4.376932585152261690e-01
-1.114999165368725786e-01
6.785386171082385953e-01
-7.070696966096274849e-01
2.848048965558235279e-01
1.875892354488204739e-01
2.520296867691089737e-01
1.069790531396253852e-01
2.567601970200251993e-02
5.012488723354896480e-01
2.548008096277851187e-01
2.972243989642683326e-01
-4.406490248445665836e-01
-3.779958411857788358e-01
2.730165453673716880e-01
1.296938057799535415e-01
-1.089137665590468596e-02
3.485038384284038226e-01
8.333468262947060778e-02
-5.348185437228288874e-01
-3.321251715091643741e-01
-3.298396058720560742e-01
1.748509506208845987e-01
4.307138178266280981e-01
-1.242019076071216171e-01
8.337530363039560855e-02
-3.296881311364736056e-01
1.419788127406061869e-02
1.232270841130238548e-01
4.320670815733131803e-02
-2.538605203524723075e-01
-2.381799227443881506e-01
9.031321743509862499e-02
4.923612412029714225e-01
-5.695034225239757608e-02
-6.405168383279535860e-02
-2.869133718055583704e-01
-5.578192955715342016e-01
7.261926976781247767e-01
1.570751276920712980e-01
2.780911556983978183e-01
-1.135346502919420131e-01
4.885294521020980829e-01
1.425831471907795522e-01
1.916459931088264623e-01
1.623378095308183611e-01
-4.496117816604837114e-01
-3.467592176890068375e-03
3.174529764630390494e-02
2.181117286653697085e-01
2.494006465684848184e-01
-3.146328433236302846e-01
1.951042242929616199e-01
-2.245221788786626316e-02
-8.750769999076266070e-02
1.514713773117868922e-01
4.690589210517107643e-01
6.219240915818997628e-01
-1.353330994285594988e-02
-6.148269459585820051e-01
-6.545957924044349951e-01
4.080284119365785306e-02
3.276213007687426293e-01
9.419920199173123510e-02
5.321996640549114810e-01
1.209779988449919547e-02
-1.925921947200078324e-02
-3.503309121183314501e-01
8.433952867217972549e-02
-1.562177099265931735e-01
5.899005232433164325e-01
-3.929576081976531299e-01
-2.680103364386240417e-01
7.738322003471770349e-02
3.976103452434991414e-01
-3.304562217630943044e-01
4.977069350952474935e-01
-6.909660371369972243e-01
3.146937643717631627e-01
1.242510075390127339e-01
3.720051036111691189e-01
-8.707232400252409854e-02
-1.415829029312726528e-01
5.577751945496078889e-01
2.830944308404315102e-01
5.818914911653888522e-02
3.167431674217220383e-01
3.828001322266252338e-01
4.205122229212003848e-01
-4.176189036660395426e-01
-2.104690332207064807e-01
-4.525525515762868038e-03
2.040750782820857090e-01
-1.060166011753334026e-01
-5.449195159023580981e-01
6.308557054312173840e-01
3.964292875493797275e-01
2.645697919067928616e-01
-7.464246498335214142e-01
-5.059927245969423337e-01
5.197570209316069167e-01
3.688115025223143162e-02
-8.751526785260743679e-02
-4.492538517757991845e-01
7.618325688978211385e-02
-6.139128072938897507e-01
1.628484724196229902e-02
-3.354690358810782924e-01
5.480214473903184391e-01
2.629618388846820531e-01
2.292341275022508340e-01
2.090642907022987607e-01
2.845960022771222286e-01
6.349046293491656945e-01
-8.076496073882323545e-02
-9.272946398853867955e-02
-9.755388059020569935e-02
2.599437231880132315e-01
2.558488871401655151e-01
-7.652801120483436748e-01
-6.851457171644887989e-01
2.064964920785085367e-01
-1.127846967008056533e-01
-6.269146447675285616e-01
-6.859262296479352594e-01
8.506327274639799985e-01
1.981427455233259749e-01
2.026727269669718889e-01
-1.691221436005102274e-01
6.345882222146930207e-01
7.293518691487229644e-01
-2.574528298805426885e-01
-3.427798608552118376e-01
3.108375430804302120e-01
-3.730912656385724779e-01
2.743052253429502652e-01
1.083524563283559394e-01
1.634817634113024942e-01
-6.382233735584229295e-02
1.419571332101945138e-01
-1.725832340141801313e-01
-1.445259080287359943e-01
6.354067982414212112e-01
1.035124580273132366e-01
1.415409099298218232e-01
-4.242442131688036744e-01
-2.920432572605856647e-01
-3.405976463827187772e-01
9.025561048015690035e-02
-4.879503387825605554e-01
3.692033833498454265e-01
-1.200025153288874213e-01
2.816458714661977947e-01
-2.979633234503739625e-01
-4.999048849806763672e-01
1.822877481322184717e-02
2.629691466895412999e-01
-3.019949725503947024e-01
-3.591478338407135817e-01
1.176629639093156460e-01
9.358952526584045362e-02
8.679107991716138171e-02
-2.903342249729690683e-01
2.262163416708653021e-02
2.709277362748886975e-01
1.706919910582770372e-01
1.155699172300419381e-01
-1.979896016906021183e-01
4.030755918370590996e-01
7.055537071154154016e-02
1.682618410864931621e-02
4.813829673524503416e-01
2.715566836929830807e-01
2.055391636076419823e-02
-4.031913571433820564e-01
1.101587011155456403e-01
2.626567750145464286e-01
-4.346279265765458089e-01
3.115758067609291082e-01
-4.242127055415134684e-01
6.229162204330456198e-01
1.299218044760128143e-01
-2.471950134203246274e-01
-3.798007959706610759e-01
-3.034493507612845975e-01
5.618309360089992349e-02
-1.939866249822864708e-01
-4.300628029275584963e-01
-4.121495304704879681e-01
-1.715236596666657731e-01
6.208801507317640578e-02
4.836897578714848822e-01
-1.931529330081986628e-01
-1.258440911662060957e-01
-1.189409406552112136e-01
-3.195666332006815713e-01
-5.971699598856190505e-01
5.022322491068522687e-01
-1.745042017599265638e-01
-1.448525922698257196e-01
6.682329480266307499e-03
1.607254749184927611e-01
8.316999942696287063e-01
3.966407398855208155e-02
-1.452987045540530542e-01
-1.684115385083537197e-01
-2.803321882084835667e-02
2.692663586361169203e-01
7.871786543266092728e-01
-8.354452902122297409e-02
1.412551616290311229e-02
6.463885361577521582e-01
-5.030605515679761539e-03
-1.656452252635716160e-01
5.699911859067061659e-01
5.947270685272962876e-01
-6.352536676124043158e-01
-4.627932753531753818e-01
4.066212978753879215e-01
-1.077072251503733008e-01
3.069888747189363776e-01
-3.579317474109974806e-02
-1.798789338871688015e-01
-4.054909586962028301e-01
9.901971393703672131e-02
5.433638340452402737e-02
-5.151399376430345622e-01
3.466534072267759559e-01
-3.315910812283881515e-01
-5.543304943018708686e-01
3.082024566399187426e-01
-6.383875413977619928e-01
2.288704604489741612e-01
2.386379802098985148e-01
5.709873022560206790e-01
2.248953264997046730e-01
-2.553173432416463440e-01
1.984413763330354907e-01
2.068249794926493856e-01
-4.678652795977403800e-01
-4.153722726911057012e-02
-4.434595925902031222e-01
-5.399418623844677301e-01
6.079367602124708947e-01
3.763203543126107942e-01
-2.024926123426356861e-01
-7.574243663339657040e-01
1.311382888429751814e-01
-3.180644699788776758e-02
3.432593474568774172e-01
-9.870354434328583448e-02
2.284063954900149851e-01
-6.329074205454321422e-01
-4.691323201504091767e-01
1.888911272602915858e-01
-7.712330553034962843e-01
-5.684063766321608702e-01
-1.924032126458396497e-01
5.164549506110134303e-01
-4.602241771034412676e-01
5.781181469093897851e-01
3.762064093299048451e-01
-5.501166310433517337e-01
-9.217378857785467686e-03
-4.413603626696392390e-01
4.294926802660790077e-01
5.274674094075231245e-01
4.130704087148318049e-02
-6.034145779251088859e-01
-2.323979827204405435e-01
6.609345053025933447e-02
-2.164136618048921601e-01
5.472254393797569560e-02
-5.602327061757500504e-01
-6.312559176107959136e-01
2.639096178491134870e-01
-4.736422064835746903e-01
1.354545952686269095e-01
-2.406776184379324501e-01
5.347254195416143441e-01
1.264397077854944040e-01
-1.974206884473991841e-01
-2.709415870710047414e-01
1.503058734663902385e-01
-2.076386627648980632e-01
6.657492941790030261e-02
-5.041539216042009164e-01
-6.563563413630673082e-01
-6.032315265267075566e-02
-8.443231010389247448e-03
-8.320670161723714431e-01
1.625257506105968197e-01
-3.177962327004947296e-01
-5.446172759473937725e-02
-9.781563063895917787e-02
4.868901035597655858e-01
6.149996967273978488e-01
2.362640133371335660e-01
4.557542835878167775e-01
5.530265480627984953e-01
1.055840068840864787e-01
3.381300899873517229e-01
-3.639418121609603318e-01
4.728804868657556781e-01
-2.323372930216222043e-01
1.749547604307669091e-01
-5.355261362948754433e-02
-6.857272221818986324e-01
-3.165570276316080622e-02
3.439085591854764701e-01
5.569079454833654463e-02
-1.570482035440425861e-01
-3.028692257324895887e-01
1.599644064503843721e-01
2.033191572183294660e-01
-2.962630239235671259e-01
-5.573414358127221774e-02
1.565010863349453607e-01
-6.366090447246988138e-01
-2.628301649824002495e-01
5.445354388763328224e-01
7.378270349698349273e-01
-6.622949640253781300e-01
7.013127155956460079e-01
1.372168117526383901e-01
-2.877910733748631489e-01
1.498894624000643994e-01
6.001152399791883502e-02
-2.168439728773946251e-01
-5.251873317848823608e-02
-4.541695976085761699e-01
-5.207417453931727502e-01
-4.306423323157060890e-01
-5.045042472278514767e-01
-1.502028882332341886e-01
6.770048902565051208e-02
-4.855973720858034609e-02
-2.651680053908323509e-01
2.802696154562378528e-01
1.820887116661444316e-01
-5.459957509838639922e-01
3.257373853127247532e-02
3.501239906285625453e-02
2.340555142551879464e-01
9.056072270603954255e-02
-1.863308926886337036e-01
1.860861052287753614e-01
-7.143230050064705572e-02
-1.731765700225761442e-02
4.245639690654026133e-01
-4.018904061724905552e-01
-2.485092194025485257e-01
-3.908144015277357775e-01
8.474641224396053940e-02
-5.775566666864374588e-01
2.202930727586443482e-01
-8.840888518400151497e-02
9.758551140478920194e-02
-2.311707506957721425e-01
-6.479529870531295366e-01
2.549053966324832388e-01
7.011294867432976523e-03
4.491591898620203027e-01
-4.151491882784246190e-01
-3.990970711775055912e-01
-3.207005141106754609e-01
-6.109491180431224355e-02
1.971892099192697756e-01
6.573468030163674980e-01
-2.238746849788539883e-01
1.669022127259114363e-01
-6.799645886546717977e-01
-1.428194371931750806e-01
6.778954345137602755e-02
-7.704525156976352318e-02
-3.149816088999585900e-02
-3.524103818096422369e-01
-6.590695792989829105e-01
1.597297224692650341e-01
-1.637312864325619344e-01
2.843853004325793132e-01
-3.166256368570988244e-01
-2.521402165327168432e-01
2.243289070414152264e-01
-1.978249083936781116e-02
-4.633389957887089627e-01
9.993535886298415827e-02
-4.742033395269992235e-01
2.015048511761047267e-01
-1.500005406459025414e-01
-9.080872321535948810e-02
2.579129187758575359e-01
4.199139038896113618e-01
-2.531334314852287659e-01
-3.331964527149998689e-01
5.172148394152924489e-01
-5.294310122601082469e-01
2.296805112474734067e-01
-5.911934870856019875e-02
1.671912286092679667e-01
5.020197735121585403e-01
-1.559132787660718888e-01
3.227616250508193174e-02
5.379653996317530495e-01
6.784442031189673594e-01
-2.301353664106242924e-01
1.326990854654253212e-02
1.054503686699285875e-01
2.159965711505295038e-01
3.616659221936481816e-01
-1.066647484853331662e-01
2.992131447101549213e-01
2.448879540288008069e-02
1.834806489140143326e-01
-3.643681725556695006e-01
3.286073174076523107e-02
-1.148115520017344016e-01
2.371791698297267825e-01
8.109605994094647163e-02
4.182903198873620387e-01
-3.753514595393886988e-01
-9.032784299201981892e-02
5.376515263041378168e-01
-4.378089107356643028e-01
-3.503837840556153771e-01
-6.265073127567972744e-01
-3.687917425674321348e-01
-1.314031317975715429e-02
-4.498745945903430132e-01
1.852716468855009069e-01
2.195200492491525268e-01
-2.224966680039972555e-01
-1.393940074865895606e-01
1.519411244678778583e-01
2.561142650359979900e-01
1.256227705386222526e-01
2.013476213745563903e-01
-2.486873983631206486e-01
4.450760001278899480e-01
3.523548835326757445e-01
2.855120338351310738e-01
-2.978048254129231354e-01
-2.071951966248077731e-02
2.703253321503042844e-02
4.167932997512230342e-01
-1.708174334623560331e-01
1.916681324852052559e-01
-7.687373227653354624e-01
5.240561849990398036e-02
1.297609389341061736e-01
-8.294868897521084916e-02
4.664128207348925380e-03
-1.936165556571096680e-01
-5.290472396788006848e-02
-2.684673904382318677e-01
4.919636066644819117e-01
-2.013244088869007020e-01
-4.161282097679586123e-02
-1.733276018615041714e-01
-1.265385082497080260e-01
-3.844939170041110077e-01
-7.107641372783207734e-01
-2.576922362282078188e-02
3.072882469297751884e-01
5.210220055764575031e-01
5.478886376064038277e-01
-7.751221916613382223e-02
6.255685883951640769e-02
4.088694932182868058e-02
-1.253827108359096588e-02
-6.306854920572753098e-01
5.320102014513700128e-01
2.998113314537084739e-02
-4.754011714770222871e-03
1.060952347405750285e-01
2.944073524654216567e-01
-4.136131188005761627e-01
2.985675367729586638e-01
5.151422689817322098e-01
2.188583260397352903e-01
6.570309109254644786e-02
4.654296670145454673e-01
-5.062619202791243112e-01
-1.067488054875929404e-01
3.257523346970428446e-02
-4.562347695026673922e-01
-4.384348922111629965e-01
-2.539081427071042119e-01
7.703508300789834173e-01
-3.648293527096865274e-01
7.153305845497603954e-01
4.399929242412970454e-01
3.986433574940695945e-01
-3.405859170158548332e-02
-4.453509764239449442e-01
1.810292188078842790e-01
6.089988189986351996e-02
-1.187547887314038542e-01
7.321563045139019010e-01
-2.127406116831311311e-01
3.122130256945467863e-01
-5.119322264153753910e-01
2.373133275865530606e-02
-7.461705857927121432e-02
-3.775586191395918223e-01
-1.218025289947469031e-01
-1.464227340758887108e-01
2.043216467486922983e-01
2.230275203609379253e-01
-1.636013644139396039e-01
2.773152680558803596e-01
-3.158334225148312375e-03
2.978319566246885874e-01
7.303923586235346876e-01
-2.204511168856723435e-01
-7.224105303965983049e-01
-9.626542978990854094e-02
-6.453100547697921963e-01
4.490276740435664160e-01
-3.206540558065887891e-01
-1.459374965347714492e-01
5.300173264629809422e-01
-1.541544691359444108e-01
1.522637622027612492e-01
-3.645476286554479306e-01
-6.980569421190072621e-01
2.409186742149674876e-01
2.172376738426378406e-01
2.294831922713358452e-02
-2.136447616252361570e-01
3.617749482487562229e-01
1.893847142974398046e-01
5.682248632249307096e-01
-1.588445459705056795e-01
8.028504317455303907e-02
5.513252073702021860e-01
7.656623779030878874e-01
-4.116213272772384357e-01
1.944588103059637363e-01
8.457147710165428822e-02
-9.758142838241620765e-02
-4.994303470004077261e-01
-2.543415207283171164e-01
3.612760227530291135e-01
1.129468012180104980e-01
-1.981085078046277217e-02
-1.189941158742268135e-01
-1.867695203912879687e-01
4.353433612264310248e-01
-5.852503720153158229e-01
4.215839420254404724e-01
-1.446661414870530904e-01
-1.238449275968978025e-01
2.719952725362257406e-01
-1.479477367003736998e-01
5.052873084396486414e-01
4.643445389243006094e-01
-7.624301200908432941e-02
4.000183195550206516e-01
4.596456801383544399e-01
3.009099812323616785e-01
-1.532855730661369653e-01
-1.224924868662980310e-01
-1.214307040670901533e-01
2.370182042344269324e-01
5.548557192993694986e-01
-3.349920853105549379e-02
-3.097644114028916817e-01
7.444190992946697616e-01
-1.399710176916922344e-01
1.583873228489583729e-01
3.292955873886641016e-01
9.658758176593795763e-02
-1.714513365571816439e-01
7.461106478454980484e-02
-7.698850677530877026e-03
-1.616453596075482224e-01
-1.085100556485945195e-01
7.084050571766696835e-01
-7.192873007481130898e-01
-7.069922269228573475e-01
5.088028236072894561e-01
-3.234959919968146691e-01
-8.403115551128772023e-03
7.536046964243328650e-02
6.065874254532933607e-01
-2.327204672776768957e-01
3.374019063731461543e-01
4.940485891075671598e-01
-2.055845125000320128e-01
-1.926339954578997204e-01
-8.789370159975531949e-02
-2.574916205389864432e-01
-1.455874913371120183e-01
4.735962101167852101e-01
4.052941112073817770e-02
1.395620168668540162e-01
-1.744787238458127554e-01
2.594840374131798799e-01
-1.023847576758961236e-01
2.498573797266158691e-01
7.803672986547971480e-02
1.596294349467616280e-01
-2.952174318998673219e-01
3.043535711251842968e-01
5.803708511043000895e-01
-1.625637162170552041e-01
-2.971668635983805706e-01
-3.482112504369166972e-02
2.774778515996391137e-01
3.014687321038142520e-01
-2.640581091506222777e-01
-6.649163408962064370e-01
-6.644521072145955776e-01
2.194936476923348700e-01
3.803075330200407222e-01
-3.861052677095561658e-01
1.044143573021455301e-01
-3.247449230318899538e-01
-6.748101519384958058e-02
-3.051007184201996042e-02
-1.752929834624039340e-01
3.949438578066063465e-01
-6.958901005828053155e-01
-2.690064754433325045e-01
3.395999806815028776e-01
-7.709213760114090874e-01
-3.914022204330744881e-01
1.278834111830086662e-01
-1.355605773621170462e-01
-5.375315067438970473e-01
1.523389770660729670e-01
-3.441824461184406214e-01
1.072975094769981243e-03
4.818911930943903243e-01
-4.379682611850825857e-01
-6.125930057783356419e-01
-2.113575169029590362e-01
-7.265259691020613531e-01
5.465067492576798358e-01
4.807537296350072320e-01
-1.925525869244236465e-01
-2.312225549032854155e-01
4.033493369655233862e-01
3.260334340549180809e-01
1.074512347453672467e-01
-3.640147213100900503e-01
-1.484137162796622111e-01
-4.237581921149984332e-01
-1.258246520095054610e-01
1.497635319278380894e-01
-4.835540412343137251e-01
-5.995141348156306504e-01
-2.397220770099596776e-01
3.425792605486647213e-01
1.653874819206679336e-01
-1.562980939050364823e-02
6.120332998077774311e-01
-5.067946643210969881e-01
-4.757456369286484632e-01
5.128109861955767457e-01
-7.443748629831796748e-01
1.037308625084105707e-01
-2.169226538354551703e-01
-5.556247740886272740e-02
7.280087164388590049e-01
-1.470939884908449291e-01
-4.040809100605239346e-01
2.488011167881459262e-01
5.630926819173392994e-01
6.316640716199302119e-01
-2.093608403951043306e-01
-1.032911367288513321e-01
-3.741751048962903559e-01
-5.182253177998809024e-01
-5.073489632304883923e-02
1.107333068479873228e-01
-1.952572528695724063e-01
-4.765797603393035486e-01
-6.317788466828730964e-01
9.168039789730060563e-02
5.004802472659936052e-01
-3.016216090306346811e-02
-3.189142068921662632e-01
-1.647452659821850574e-02
-3.700847639830415758e-01
-5.047063364269278596e-01
4.295517845042323701e-01
6.009134259284736324e-01
3.448095320535133901e-01
1.577774894348684676e-01
-1.151465844409138711e-01
-5.080937363273298202e-02
-7.210413227835231476e-02
-5.668280650691029932e-01
-8.280896131046606712e-01
-4.448165730701261200e-01
1.124909898354415766e-01
3.336008936322428231e-01
5.891373689005073855e-01
-8.653379891127842630e-03
-5.856154217626804437e-01
2.734662882839486442e-02
-6.161500628735868679e-01
-2.611230536554151049e-01
5.247417190762255768e-01
-3.935181654974642500e-03
4.093341918577892979e-01
8.993593550037927778e-03
-4.887614573775142524e-01
-1.874809164980313081e-01
2.835211792704702694e-01
1.724900521159047073e-01
-4.753112305242835900e-01
-5.845574367576762409e-01
-2.815199868729227270e-02
-6.685388127671221259e-01
5.289415637716667895e-01
-2.362817270709343109e-01
2.617055557831813317e-01
4.771926063714805322e-01
5.605037356375851959e-02
-1.280303327272779013e-01
-1.457621071056316824e-02
-3.235589585789893086e-01
-3.284382019480398540e-01
2.436382953871534252e-01
2.054952454889341362e-01
4.786796401096772846e-01
-1.406602854015295279e-01
-2.475589561064689137e-01
5.761302091538210712e-01
-2.737195864247288224e-01
2.611554211133806369e-01
2.848542745857671199e-01
-4.167470638999285493e-01
5.427493499754380002e-01
1.599018722023188288e-01
7.895103735063376815e-01
-4.953204325139204389e-02
5.613021590319847709e-01
-3.058789514822215505e-01
-1.303310465676642826e-01
3.043838924776344212e-01
2.965686731780737412e-02
-2.273639294247614684e-01
5.440042294372159082e-02
1.000284867488457768e-01
-2.186055474920692576e-01
-1.697480798115970912e-01
-7.812945754163817813e-02
3.138708171606131025e-01
-2.035424951670381510e-01
7.201887465453484793e-01
-4.957520521602623575e-02
-6.846216044158690561e-01
2.179776997428127805e-01
3.090003996033011124e-01
1.053873827139292507e-01
-5.756962124953591414e-02
-7.317442973990314625e-01
-4.870549293850660044e-01
4.216628805083163511e-01
8.913921080920155227e-01
-5.778363132360152532e-01
-3.414101208422266609e-01
1.407136914358712299e-01
-3.440607399168186809e-01
-4.900876259389104206e-01
8.729982954614401436e-01
4.106046966837449963e-01
-2.304532571288526732e-01
-6.808925607496049137e-01
3.131962229777965345e-01
2.219513199200349729e-01
2.536593680767899039e-01
5.760333893280624729e-01
-3.687144318715809277e-01
-1.180422813662287615e-02
-7.386158114142764575e-01
-3.031948203701665956e-01
-3.146606275267287978e-01
-3.330318158062215428e-01
2.681549793659566139e-01
-3.940438432336833552e-01
-5.129969181837251008e-02
2.472553961739399064e-01
-2.474349580735679677e-01
9.242679380073903772e-02
4.887033558844267045e-02
7.401916522155392864e-01
2.416456163055188122e-01
-4.825671672324556294e-01
7.612833720406575466e-01
-5.300650773313845265e-01
1.681526102941250933e-01
5.183962198052984860e-01
-2.301832495254722277e-01
-1.352166474539150953e-01
4.997416216220527119e-01
-6.007980946796992461e-01
-3.992941913077411864e-01
-3.611864228090939655e-01
-4.162704190778671737e-02
2.733005069714027901e-01
4.325753223202868925e-01
4.538303872487336466e-01
-5.759104176209082215e-01
-1.894740287674568091e-01
-9.222616584375415566e-03
-3.733062749534433733e-01
-3.300405772467950305e-01
-3.710924781638429981e-01
-1.487850831177366939e-01
1.298388529205719566e-01
-5.283055546381990597e-01
-9.469575887877101916e-02
3.531297830383671732e-01
3.061549788045848652e-01
6.589155279616512595e-02
-1.562149344164538989e-01
5.432592068856632039e-01
2.222132971280572633e-01
5.753146733606689933e-03
2.346307612019782052e-01
4.545271664383534471e-01
5.456562303161958116e-01
3.341644084601042008e-01
-2.711053179632312293e-01
3.386624756149157756e-02
-4.645457884197425752e-02
-5.947090131652322392e-02
5.918725192631832943e-01
5.969496315545315124e-01
1.365905069334465705e-01
-1.265130349745052507e-01
-8.349953402739044295e-01
2.168620564933439188e-01
1.734527127309696826e-01
-2.305042170682728986e-01
-1.684254420027451321e-02
1.179443095189109669e-01
-3.042723985110218909e-01
-5.150181785286263025e-01
-2.586226288572706089e-01
-1.636370214341564266e-01
-5.879951076026392887e-01
6.825305786731873658e-02
3.380759341210842206e-01
1.166845790924018050e-01
1.069121767054432709e-01
1.764514077288211191e-01
-3.077172487538930579e-01
-3.731656567701779892e-01
6.636584564766013772e-01
4.135805030372968205e-01
5.764495898062464985e-01
-2.539565940789632048e-01
2.726596216524062588e-01
-3.355452912183034403e-02
4.488820212508294327e-01
1.342381295919380935e-01
-3.758830596330319240e-01
4.334958662756568382e-01
2.115997591293070079e-01
-2.663907378605362974e-01
2.610874782689480075e-02
2.281611764144850785e-01
-3.525067939318257126e-01
-1.017390808184940876e-01
3.118136910520064031e-02
-5.109373384912582194e-01
5.097360774790017646e-02
4.431073004013711403e-01
-1.591010820617056176e-01
-1.887860036033208178e-01
-7.193878794906398699e-01
3.762000371710062518e-01
-2.613353158043691393e-01
6.488158907795538166e-01
-5.484167988786493586e-01
4.579281466549244284e-01
1.670363334781022613e-01
-2.183069565000611278e-01
6.483370691944485564e-01
-4.100605658288922761e-01
1.577874112647775495e-01
-1.279747801024486153e-01
-5.791449454730330793e-01
5.467016070038437370e-01
4.437005080364819221e-01
-2.159564077717000541e-01
-1.523811523448385941e-01
-1.380470120276049671e-02
-8.358780050076455859e-02
-9.561353227254967835e-02
-3.881384187297037824e-01
-1.270785306672146120e-01
2.100679994072861267e-01
3.953060186521348829e-01
8.882489606608683086e-02
2.670060253554588647e-01
1.424432014606896724e-01
1.226680570777708909e-02
-4.875481794969283023e-01
-5.214712614933693091e-01
-4.697770084288068748e-01
1.127356887412169356e-01
1.517632898287884780e-01
-8.474067650902834536e-01
-2.033782763865027432e-01
-4.079990031117397553e-02
-3.229312124238007398e-01
4.732954546458457284e-02
-2.649757162956002388e-01
-1.468716552208464976e-01
9.098427167569110574e-02
5.058719281354884245e-01
1.986663875693309156e-01
7.848498985208507417e-01
5.562585522764917911e-01
2.710068611216104872e-01
1.632872024597872285e-01
3.814388336630968324e-01
-2.993396934774755769e-01
-2.512725861243709780e-01
1.847577705380470114e-01
3.009321833840977733e-01
-6.028949152524030186e-01
-2.681703471290592389e-01
1.235346857301201084e-01
4.154788215282089747e-01
-5.465674405966448619e-04
-6.260540521257786095e-02
3.051503701776379224e-02
6.283859356893809478e-01
-1.499356445106183877e-01
-4.579185382599335052e-01
3.150484029093024163e-01
1.516799272647573749e-01
3.029533555759485464e-01
-2.326440937618964311e-01
3.780033994829780641e-01
1.883284533337519218e-01
-1.574299042100243962e-01
5.118775062779683527e-01
-5.805207680151892868e-02
7.343013201262723610e-01
4.743585243436393428e-02
-4.587881939585763957e-01
1.014841036277326115e-02
-2.072874943539296522e-01
-3.496841726841578013e-01
-1.754115572372925980e-02
1.765622661150063333e-01
3.168211637173369392e-03
1.320450432103874860e-01
2.232059173317970380e-01
2.741821804233824378e-01
-4.224629391803615963e-01
4.341524148133850125e-01
3.413796398663719311e-01
5.229231132390526060e-01
-1.381821649321847423e-01
-8.139354110416809063e-02
-1.989810185665763856e-02
-4.204431152255577731e-01
7.474310782999006308e-01
2.343376462377538827e-01
-1.355873945005407755e-01
1.032145527061022056e-01
-1.783718040205160560e-01
-4.365966936559895900e-02
-3.464095367653811652e-01
-2.560720493928380151e-02
3.499606346461161532e-01
1.114789589735362824e-01
-1.805635155428608196e-01
4.823001730425439254e-02
-3.011955870079756625e-01
-4.911661324403893136e-02
1.623092511798303050e-01
-4.267248562419269087e-01
5.287313469648975417e-01
-1.598869459620517464e-01
2.700739889234626268e-01
4.243108797703343815e-01
-5.731793880880304420e-02
4.643455340495712957e-01
1.185052218739322469e-02
2.902900025797317540e-01
-6.435070247286271972e-01
3.799683154784562478e-02
-3.255753001185183182e-01
-7.318241926978501510e-01
-1.421584805143282226e-01
8.228708533803039127e-02
-2.292235785053832742e-01
1.349488016973026672e-01
1.868220176677979349e-01
4.442835221161707884e-03
6.977483838676518113e-02
-3.037872050483028108e-01
3.509840030533321609e-01
-5.009432507739589591e-01
-4.028929667770571599e-01
3.445919550538781850e-01
2.770526793848228087e-01
1.295255691054410518e-01
2.872139587955307438e-01
1.497699416707665154e-01
-6.626904211160715708e-01
4.190948685308900634e-01
4.210950015746390829e-01
2.658184848941980705e-01
2.166955357645131697e-01
5.173636643299128757e-01
2.691378009813881755e-01
-7.393861921967553874e-02
-1.025314258542407708e-01
2.255883330076951798e-01
7.810388691583138032e-02
-2.292914131592126148e-01
-5.174280738049369388e-01
-3.776819165195671735e-01
2.580083861815276602e-01
4.992535147756432812e-01
-4.290398760387293953e-01
-2.455145216229189242e-01
6.003775300649447644e-01
5.305741957518488316e-01
6.283462832358867323e-02
-5.718576893999819527e-02
4.549206873085245156e-02
2.150249902578247330e-01
-1.581225867512530900e-02
1.008417181086707082e-01
-5.974521707303792617e-01
-1.721792820596201312e-01
-5.989068993994290935e-01
6.845277077308116187e-01
7.117538794603978092e-02
1.718873347826317122e-01
-2.055866468539229441e-01
4.526507541953784797e-01
-3.507799442632540399e-01
-3.017787400087724170e-01
5.544923561050014715e-01
-3.409451256354058546e-01
-3.204254776286742656e-02
5.393231157807700793e-01
1.444625435586597770e-02
5.299775477029118331e-01
-2.946408049678388985e-01
-1.413647127987828767e-01
1.993865744127226169e-01
1.186826251744875216e-01
-1.045225072249848230e-01
-2.306583908739541222e-01
-6.779747251233919636e-02
-1.310768130302457368e-02
-2.909524762090103245e-01
-2.788039932060492054e-01
-6.727252275648146762e-01
5.936828331283345861e-01
2.209461397531217036e-02
4.900613417478704159e-01
3.953347133910944944e-01
-2.580042682293358716e-02
1.356492725279372369e-01
-6.083168791902557881e-01
6.775326977565907516e-01
-3.932873593404259127e-01
-2.454553968188011026e-01
7.410351093538311562e-02
7.417352661956878868e-02
4.780962738002350054e-01
7.884543187480387294e-01
-4.280736966680982469e-01
4.681919301962194496e-02
2.369292806376834815e-01
3.020313949706590617e-02
2.179781213520506911e-01
3.070938226287450723e-01
8.017847025316564291e-02
-2.222209518128167027e-01
3.302862011595267822e-01
-2.097730458988512348e-01
3.145197972445571977e-01
-3.970510335946697000e-01
2.323742982256669642e-01
1.765487861857226171e-01
5.914169291585649191e-01
8.806658142803649447e-01
-1.866274436795058445e-01
4.332540267109062648e-02
1.810291646324097836e-01
-6.322784946187001154e-01
4.897680239003512903e-01
1.754408493429144011e-01
-3.537154662573371855e-01
-1.178221535323727281e-01
-2.625500348544338447e-01
1.543337152252249878e-01
2.160587021793154427e-01
2.645284411699693194e-01
3.902570287992247478e-01
-3.766746319034187662e-01
-4.212705980598872857e-02
5.140404685260482887e-02
-7.426121788154520509e-01
5.519443226378606404e-01
2.450841897151168625e-01
4.734462423431409078e-02
8.640274816827694937e-02
4.782319377413412065e-01
6.277055867061211991e-01
8.191352512969549693e-01
-3.262405369815543077e-01
8.083783830882506072e-01
3.943547542059024358e-01
-2.100998059428049181e-01
-4.334036730591339648e-02
3.872768472237734377e-02
-2.661432560074977194e-01
1.730371586270711831e-02
-6.042192000272814667e-01
7.425765956679578061e-02
-8.205264257331390532e-02
-2.010050197627857305e-01
-1.359359075480943424e-01
1.204068418643703675e-01
-2.114208259459365142e-04
3.439476082680865687e-01
3.080867376888157816e-01
-4.015518494866798793e-01
6.755168934243810375e-01
-1.812031244190635271e-01
-1.084797183420516536e-01
6.766785784863256215e-01
3.122427621159682420e-01
-1.663661436072967348e-01
-2.577153432992206755e-03
-3.748639943593347068e-01
2.367712108488570499e-01
-2.060489007449321092e-03
-1.889071018365788279e-01
1.978677080543363997e-01
4.468127436130715502e-01
1.668395754711734791e-01
2.274022652059634331e-01
7.202282794296828439e-02
1.827653883256670775e-01
-1.864700685119243806e-01
-3.011000336262895649e-01
-9.900778460193845887e-02
-4.610397276606783001e-01
-1.868797978043070795e-01
1.899523553504546824e-01
4.030370214115386318e-01
-1.532276201597773321e-02
-3.403550594978322352e-01
2.074526458486824348e-02
4.176021284556192814e-01
2.288530937882720662e-01
7.420979878935572982e-01
-2.757347220109481606e-02
-7.448786765868523757e-03
-2.666317974304501792e-01
-3.332662963403887346e-01
2.658698799410383340e-02
3.844935334665391391e-01
1.132494435981361292e-01
2.887566259281654918e-02
-5.255205522679984309e-02
2.365900331356103337e-01
4.136796877602194056e-01
3.907098451680329210e-01
-2.803251396542062457e-01
2.863782794866499559e-01
-1.277264810498208447e-01
2.592809838908126663e-01
-4.632983949128189338e-01
-6.115171331165066837e-01
-3.857444499902612511e-01
-6.343131152245294890e-01
-7.046285942228164290e-01
-5.002545001714768513e-02
8.474970120708794075e-02
-7.209731420957239401e-01
-5.236715206007203083e-01
4.477687265399650229e-01
1.742373580100042008e-01
-2.740188806014753897e-01
-6.547293393022326491e-01
-1.509526167055198487e-01
-2.857005224037273416e-01
1.197422206499703934e-01
-4.609536086526812015e-01
-7.643116802743393778e-02
1.858717848432124842e-01
-4.364237955926257295e-01
-4.925729603334281226e-01
-2.081881158895404482e-02
5.810940058706237643e-01
2.055875564929409427e-01
-1.960085570675895172e-01
1.729198075401833790e-01
2.558795172338984014e-01
4.449121629674851475e-01
1.310082637794038329e-01
7.051125765662623335e-02
-3.117484019378792826e-01
-4.386718369218430835e-01
3.717750806115228679e-01
5.676974260058433724e-02
-4.140497771883710487e-01
-5.482619864538645915e-02
-1.228529548874656291e-01
1.829140494865872865e-02
5.677399635931834609e-01
-4.702836126128273064e-01
-1.125488718388136244e-01
-5.772797417660704422e-01
2.685875703057588257e-02
-5.645901590314942320e-01
-2.546349039586252028e-01
2.522492338834553607e-03
-1.102612622173530510e-01
6.172121340366601983e-01
2.627318950477193216e-01
-6.988642664063462462e-01
3.224171889672221014e-01
3.599330538260085421e-01
4.224151768581423938e-01
2.512139032459476118e-01
1.757979693126041632e-01
-3.814773050963491396e-01
1.985099339962873022e-01
3.603724892619542541e-01
5.166824975247104046e-01
-6.603830780400399281e-01
1.293385221900672788e-01
-1.472095821251006020e-01
-2.233024698403624497e-01
-4.682026065135254655e-01
-7.131192914549978612e-01
-4.494668014645523124e-01
1.766645781171166663e-01
2.871002716563606505e-01
6.555689302115000894e-01
6.808103323283179464e-02
6.127229043915880524e-01
2.004907648872950865e-01
4.957304533554960924e-01
-8.109768551414525684e-02
-5.277298491991992968e-01
3.420831328388113657e-01
-7.567046291570972416e-01
-8.497696032754778472e-02
-2.519089930243834097e-01
-1.287871864541250723e-02
-2.427887979999291679e-01
2.628955195188930061e-01
2.262563894353787353e-01
3.771186183513022816e-01
-6.366117817361715003e-01
5.800466691085274240e-01
-3.468638120391629442e-01
5.918625155999885923e-01
-1.217467581786825098e-01
4.900335885696628924e-01
-1.572013451987375465e-01
7.967106807466342588e-02
6.806592148809206266e-01
5.874977728981291003e-01
-3.313770552611572384e-01
-5.834310429576275991e-01
5.903532599935987918e-02
-4.532432281224738624e-01
-1.364119057541422209e-01
1.436230219140582631e-01
8.896503101675834468e-01
4.720487456358302830e-02
6.232259216274197433e-01
-3.627506526399594811e-01
1.638348702256441913e-01
-1.557105273557767402e-03
-6.955848203269643371e-02
-7.640249263890145359e-01
-2.752984470138595263e-01
3.377114324088619224e-01
-3.395045397939590592e-01
-3.529168331360733185e-02
-1.348981833651327900e-01
7.666349462782481305e-01
-3.732739668185357518e-01
-8.401493866815765155e-02
5.063480575260613792e-01
3.789930603529488851e-01
-6.166881765408022131e-01
1.030033314006849055e-01
9.587333562025932010e-02
-1.605339405235043648e-01
2.745396196200932670e-01
-2.635051456899454303e-01
-1.501327297630751234e-01
7.011021092018295819e-01
4.670622561756143654e-02
-1.470483714460054936e-01
-5.113952365446654547e-01
3.220774669180083150e-01
2.345494341191998178e-01
3.545378995391686855e-02
-7.389210017742102732e-01
2.448559414092232878e-01
-5.721140032376377249e-01
5.591287779127093183e-01
3.677183262875413083e-01
1.618490583361210100e-01
-1.077047616876405101e-01
-1.747186492745191888e-01
2.185463299759474731e-01
1.713047618749986845e-01
-4.950684138677106591e-03
-7.214933502496885254e-01
3.749942319375055289e-01
1.406278775258554825e-01
1.600983384689740885e-01
7.447093446921891902e-01
2.890437735432363139e-02
6.220155138764316138e-01
-3.463456874084869241e-01
-2.399836275118407414e-01
3.786857822630371739e-01
5.208049883745159009e-02
-7.861363384859849923e-02
6.704134577385884031e-02
4.557074714959988282e-01
-4.960504371012896402e-02
1.512351626009544869e-01
1.473943003688523712e-01
7.116932673936788856e-01
4.541446228996302570e-01
-5.576342728897037970e-02
2.821621217939560000e-01
3.013333818204236847e-01
-1.502475087077227711e-02
-7.213008851289022250e-01
-3.409028490507197695e-01
1.369818010716908896e-01
-6.172167489422689807e-02
-1.061576452665144096e-02
1.931508495659653088e-02
8.935114219548251357e-02
-2.201287353917698586e-01
4.646880985732335101e-01
3.261980679900346458e-01
-5.744909363971916205e-01
9.551799273100761156e-02
4.795883395344674449e-01
2.413083672560273618e-01
8.020572134390159535e-02
-1.724379845962720759e-01
-2.198114788204746373e-01
1.066694743007914753e-01
-1.618577451299383352e-01
-2.400425394124295897e-01
-7.469943011927572263e-01
2.239295088130159594e-02
5.156892353454425315e-01
-5.927341571156441447e-01
2.343473594154421857e-01
3.721675369735412131e-01
-6.336062453711578391e-01
-5.794316502027917481e-01
2.665913111434239369e-01
1.938905778273239400e-01
-4.659888079610185335e-02
-6.053155481085391310e-02
-6.097430904784171268e-01
4.772574758423989150e-01
-2.395435259514796800e-01
-7.512365873906062808e-01
-9.824242786099593450e-02
2.187792653118723618e-01
-1.538310649472747760e-01
2.186610984136143632e-01
-4.464485545361214225e-01
9.263598199568714997e-02
4.104317650815851870e-01
3.316521663247479212e-01
-7.225230172701449516e-02
2.382181219426630914e-01
3.565825505231617343e-01
4.358833759075738112e-01
1.598793653194193753e-01
-4.900868716026163252e-02
3.963951898171065302e-01
-5.003487147805867341e-01
2.327439223758934195e-01
2.535207659024686921e-01
2.731550382529803200e-01
-2.474274565869257481e-01
4.563211004531043669e-01
-3.363606627843661601e-01
-2.175322287732006643e-02
-2.904211952390354234e-01
-2.690968856368319839e-01
6.487481588838575064e-01
3.779142295442631805e-01
-1.785019068786420637e-01
-1.314697270321020794e-01
5.219438257927740965e-01
2.462636645415184899e-01
3.152756956992812665e-01
6.421070521409524834e-02
-1.199579324763862670e-01
5.146985340564054212e-01
3.882156272115646484e-02
1.151430668719447686e-01
3.513766190221725427e-01
-1.105080059535122200e-01
5.525599373807357217e-01
1.176070354412615537e-01
7.349596148423288566e-01
-1.206821498118621216e-01
8.784383003382707777e-02
7.741054501006606747e-01
3.172921675170157219e-01
4.508704577472421593e-01
-1.505781065466911539e-01
-9.179978481173764471e-02
-3.985805640908196557e-02
9.103034474053973979e-02
2.696697910306368184e-01
-6.399234249617928860e-01
4.488790189241581574e-02
5.638308740354328052e-02
1.065262436619161257e-01
2.851792624281663246e-01
-6.274627136578302122e-02
-3.278824524694184395e-01
-1.708382649787813512e-01
4.742540831567247928e-01
-6.071044723988113789e-01
-3.920608506512078817e-01
-3.984840171221795679e-01
5.825468648964480245e-01
1.652552566731933514e-01
-3.469623287743245355e-01
-5.708065589717521426e-01
3.891240828878741453e-01
-3.876567267425005126e-01
-2.890981074228286540e-01
-4.100841560080520365e-01
-7.622167716721811592e-02
-2.628183062056142494e-01
-3.052282246358424267e-01
-6.789045035281662255e-01
1.081348805430033810e-01
-7.946003855038465957e-01
-1.771223817492982300e-01
2.633903097945033411e-01
1.405078313659314238e-01
-5.762403716309492108e-01
-5.372511131654656991e-01
5.316938098878758873e-02
-1.318372398664376388e-01
2.095976825351785477e-01
-1.925383534163144783e-01
2.586556972578419877e-01
-4.450693310539012293e-01
-1.537441341736650313e-01
4.170934315658216263e-01
7.699563820417847093e-02
-6.728897701933147513e-01
4.520011197726982455e-01
7.387134395266689579e-02
-3.443015962382174611e-02
-2.285612198756343805e-01
6.126871480086019117e-01
5.376314749848923880e-01
-9.706398262329327120e-02
-2.994331737774872382e-01
-1.702959145367775040e-01
-4.802355366430264838e-01
-4.316819147271067081e-01
-1.346351319252553080e-01
3.554423829319776074e-01
-1.490321855257177239e-02
4.269399552962079847e-01
-3.783869966885443081e-01
3.187869608935215981e-01
-2.566537565705289126e-01
-4.471188735904099154e-01
5.456290177295213262e-01
-1.055241391785734784e-01
4.440938471421350398e-02
-2.455293354336724465e-01
-2.068671168814457118e-01
-4.119185585026167162e-01
-6.090018266646936018e-01
4.950212531780057712e-01
-6.663609375731304185e-01
-2.162360409735270550e-01
2.909990344975606491e-01
-2.630362495496740838e-01
-1.617760032042158125e-01
1.345823189272169484e-01
2.679403630140900217e-01
3.663418864587598689e-01
-3.079660370769000677e-01
-5.501381860826143333e-01
-2.062771212341803495e-01
5.142992999868737369e-01
5.310714186759502020e-01
-1.506732203362962930e-01
1.376879432112504409e-02
-8.594855936421133547e-02
4.751985731424264725e-01
9.000920646384069634e-02
2.493689901055048605e-02
-1.092969279412451533e-01
3.098931540383157227e-02
-2.294980955633066366e-01
2.420408153591942502e-01
5.385139923102619797e-01
-1.699435405727471038e-01
-5.416250599230349599e-02
7.145045476284263009e-01
-5.831374124524164870e-02
3.015636181806188310e-01
3.515336135160879727e-01
6.267733180365965273e-01
6.931727008562635350e-02
-2.758066701372158813e-01
1.928476965227310658e-01
-5.313761224868167599e-01
1.665985480169170085e-01
1.571421674057732476e-01
-5.220439423312361188e-02
-1.198599807408378959e-01
-5.176742918534873450e-01
1.141099860777623765e-01
-8.788464203267902508e-02
-3.217661581433967077e-01
7.916924845849695469e-01
6.025040507145238422e-01
-2.119356197441130685e-01
2.253596241383709620e-01
-3.831579244112945926e-01
1.567005024458397178e-01
4.594735019186009239e-01
-6.093873796066281434e-01
-5.667466059487381580e-01
-1.381106451429958970e-01
-4.860231358910334087e-01
-4.497223386370467479e-01
1.926434760105005251e-01
-8.210358936384978823e-02
6.417390764376316170e-01
2.673032590186677493e-01
2.363712410702113464e-01
-6.224645627910680989e-01
-6.720104229925841777e-01
4.443283439778005772e-01
2.423798651070554755e-01
3.969711062433610438e-02
6.954660707833778543e-01
-2.268477381608769994e-01
-3.633972279266096672e-01
-3.662351326243726279e-01
-8.809276635604114392e-02
-6.237712473412795194e-02
5.008533873551710425e-01
-1.103539942984785860e-01
3.429581326338647651e-01
1.721292738707458359e-01
-9.818809460767165265e-02
5.213017422451482474e-01
-2.205723216749015149e-03
1.500363436012847607e-01
4.000622597987767148e-02
-6.609414474855349608e-01
4.872807065512955171e-01
3.216390631904798569e-01
-2.799843155631862590e-01
-4.752224024135415226e-01
3.557603149320539559e-01
1.097128494451846403e-01
-4.865530009088318841e-02
2.223762343602146974e-01
-1.525936382541374370e-01
-6.826545107767549858e-01
-1.636389147928550836e-01
4.069895528221750824e-01
-5.588705917486214148e-01
-8.363441173849926746e-02
1.702849295556801978e-01
1.107071043858329634e-01
2.376266769953429836e-01
5.388132577815321067e-01
-1.216608751099502173e-01
1.895339160935572420e-01
-5.294552391649811618e-01
4.455325822085011711e-01
-7.883691972711431850e-02
-3.172026426899563489e-01
5.337102718869111279e-02
2.171069273444097281e-01
5.276028185212500166e-01
3.089029007752161493e-02
-4.270082345215681086e-01
8.539392066779157853e-01
7.883251124214971095e-02
-5.886939145279983521e-01
-4.747236302374693295e-01
3.572227299545001067e-01
5.950119908248955453e-02
-1.294747856272508435e-01
4.909724650789958345e-01
8.199568771157894620e-01
-3.147679461433945391e-01
9.651606153515263076e-02
2.876598534385417794e-01
6.316913085564047625e-01
-1.230541497567912423e-01
-5.559215367667957874e-01
1.851347317653148083e-01
6.004521655374355227e-01
7.420072968697309923e-01
-3.580268575533156472e-01
4.333457676424127825e-01
-1.886244999575073522e-01
2.897496663639651665e-02
3.008533418950098959e-01
-9.783345219722602848e-02
-6.031076698042068251e-01
-4.160945266311709689e-01
2.786332561437321331e-01
6.739505403271969231e-01
-3.680655022571970858e-01
9.144814647841373323e-02
6.318361375866201612e-01
-1.751704272842100896e-01
-6.207857179407315629e-01
-9.736089895257069027e-02
-1.491431588541914377e-01
7.099824384583492964e-01
6.080377290433854887e-01
2.808108324788252674e-01
4.395099517125026223e-01
-5.192191580825549213e-01
2.395420189405182421e-01
-2.608735740989311380e-01
1.310867411031302332e-01
5.319764232969693696e-01
-5.707907773797351592e-01
4.645851966813188683e-01
5.782620939461818876e-01
-5.561331498477684043e-01
-4.633107208515483411e-01
3.400197939190863217e-01
5.921292216328706282e-01
4.884772873172898988e-01
7.021845916433451240e-01
-1.439407473936358262e-01
-2.339161600030640609e-01
3.701295346644043610e-02
-1.096252295651267000e-01
-4.619044754212418558e-01
1.513701866561969755e-01
-2.098399809245038439e-01
6.310842396803348908e-01
-3.245134850257153647e-01
1.246029399508297858e-01
-2.495819057311425837e-01
7.650458208114378766e-02
-3.182242370723235014e-01
-5.859662453763565537e-01
-6.728652430409975960e-02
-2.960470075943194557e-01
-3.657989984648993831e-01
1.477418446640562655e-01
-2.124147259006449739e-01
6.469932266636442275e-01
-1.044584300769032387e-01
-7.198980368685076181e-02
-2.670240560710183675e-01
4.529583976789846589e-01
2.327164487724420472e-01
-1.519259226035642452e-01
-2.417280341070430494e-01
2.624589990351900992e-01
9.108975165464428675e-03
2.775700699381258296e-01
-3.591972585063315515e-01
4.143233935588423456e-01
4.587833800909654758e-01
3.085813393885891154e-01
4.938568533754920109e-01
7.881900558968421566e-02
-1.064741882376892407e-01
6.758676510253309733e-01
3.611781947896938183e-01
5.009867090900762543e-01
