7.840898904131490266e-01
1.178557683335762052e+00
1.701192394838365041e-01
6.798776876493696220e-01
-4.490240735111670212e-01
-8.399362295648569177e-01
-4.784398588827877830e-01
-7.986067781622932515e-02
7.245682540291644713e-01
8.361302192529593835e-01
3.790952186909921640e-01
3.432628241067592345e-02
-1.319758270758618068e-01
7.967979880463755826e-01
-7.589982123374336975e-01
-3.360766508779063910e-01
3.653733412622031662e-01
-5.146764697081576134e-01
5.134608344983864203e-01
-2.131931524255499810e-01
-4.663371919069718707e-01
-3.769017152478026933e-02
5.996684825130187413e-01
5.058820811108435955e-02
1.581605677767364271e-02
-9.197312766239428283e-01
-2.074519761168556187e-01
-1.297111196058231553e-02
-4.400045888980645414e-01
4.301300484673938329e-01
6.858887940901231550e-01
6.536561344967030396e-02
1.469615668326269553e-01
4.943053480915097220e-01
6.783192293853229637e-01
-8.426820483943320284e-01
9.938546576732241178e-01
5.918853238632743041e-01
2.894165427720207795e-01
9.065172618919947745e-02
1.780549356751058576e-01
-1.758124977337894301e-01
9.019015396693412789e-01
3.572490672152204283e-01
-1.276122884749713582e-01
-2.770269471167927655e-01
1.528617109286171671e-01
3.046502930922561081e-01
-7.064118278432383047e-01
3.686635662971787797e-01
3.140638387304751089e-01
-3.562375600844875922e-01
1.223987564416929352e+00
2.348219403364814328e-01
6.827265748693558400e-01
1.928784857466692704e-01
1.036922673289161767e-02
-6.769659097365734457e-01
-3.159685591444423292e-01
5.805944672495044756e-01
-8.219513438276130346e-01
8.017446120516427133e-01
6.546202435650101403e-01
-2.019828551395772831e-01
-6.218570179427289624e-01
-1.191682352795890631e+00
1.903364531710997620e-01
-9.218269218394454789e-01
4.411051353195175051e-01
-2.256027068581525075e-01
3.054603120514933767e-01
-6.315520434111000780e-02
-5.035253254913406584e-01
-4.553508186989256856e-01
1.215035647291866638e-01
-5.163504152857576468e-01
1.026136308172307832e+00
-6.090596401695966833e-01
2.392672449513993105e-01
1.294514038687496926e+00
-1.424157149605686623e+00
-8.577900028542637112e-02
5.124712291489085247e-01
8.848694753116717049e-01
5.249023482785875050e-01
5.272037147790481493e-01
8.823210816206523699e-01
-6.776783672556443983e-02
3.519723548957421344e-01
7.775771465259137538e-03
2.134653002632124208e-01
-3.844524899162596876e-01
9.100902754952457929e-01
1.102188645677080470e-01
5.721068984264496837e-01
6.334953919918159260e-01
2.023905279926224710e-02
-6.675095275357187385e-03
-2.629961231190616200e-01
-6.821478106895755289e-01
-6.372941345905023258e-01
-4.700523463988687256e-01
1.077927396327678089e+00
-1.724629022423555258e-01
-1.424391619682819909e-01
2.722564334489376847e-01
1.155492072560914796e+00
1.078088549344268898e+00
1.656122723602699853e-01
-5.596425447164359301e-01
5.064333692230006401e-01
-1.117681536176269752e+00
2.451599264005717149e-01
8.297854307792367212e-01
2.490490886891639222e-01
9.265967785169729742e-01
-7.148442974028403896e-01
4.170290732768087705e-01
-6.659503033207443412e-01
-4.517215747924334113e-01
-5.506230207234853458e-01
1.130929279763123740e-01
3.095971959168326570e-01
-2.803535843727516519e-01
-1.996718100431230936e-01
4.288309270026249287e-01
-2.667265868795266059e-01
-8.101608918159862727e-01
3.032357220684848143e-01
1.256607881137098870e+00
-3.865278655486310555e-01
-9.991513784348525773e-01
4.735541470211026005e-01
-7.048012400035008618e-01
5.572774476198563143e-01
-3.589571453866787221e-01
-7.670117780051760592e-01
-7.834771691114381653e-01
-7.380707336640728311e-01
-3.760347304444221495e-01
-4.210726542966903851e-01
2.268600397603398044e-01
-2.625456659422442662e-01
-2.424996762509299963e-01
1.083302356050891424e+00
-5.218947566121665549e-01
-2.315870004778833868e-01
-5.342892975950729040e-02
1.272665214669360445e+00
2.260751162158442518e-01
8.789557596875721135e-01
-5.656165554829620801e-01
1.545654167506064214e-01
1.694590920923438881e-02
-8.835831026672900101e-01
7.072684008285384794e-02
-6.834383329291177089e-02
3.167589738787276454e-01
-5.399099267702740512e-01
3.610375647750787564e-01
6.790319965344877584e-01
1.777279584801573498e-02
-8.961987932621819919e-01
-2.671264467642023854e-01
5.581247225848384730e-01
1.767636530967791331e-01
1.322885760916496511e-01
-6.347736465722709776e-01
-5.036767873039247334e-01
5.578303302960057053e-01
6.793148222240192879e-01
5.646604515472728458e-01
4.597760194770288411e-01
-7.267629364217029209e-02
-4.854541565909761269e-01
-7.825976516965567065e-01
-2.213846460099413993e-01
5.020096952741387453e-03
-5.177327706530054918e-01
-4.144987353968505595e-01
3.575161623602425842e-01
5.526040547371041667e-01
6.105454946202580890e-01
-1.276114788004414080e-01
-3.367814177364791273e-01
-8.025024287217769059e-03
3.827158505605461614e-02
3.978414317386064214e-02
4.741922887472233561e-01
-9.470114891129598478e-01
-5.427892143252566193e-02
1.488585783036023291e-01
-2.140085279966256748e-01
-2.698212078756360155e-01
-4.084981107538820932e-01
1.418366189244919973e+00
-6.615168931274900688e-02
-4.623776656380003680e-01
-6.524847574876486700e-01
-4.036355891650127842e-02
5.652637999239971123e-01
-6.272582134326025738e-01
-4.306537839175293980e-01
-1.047820674078849823e+00
-7.033468467067405250e-01
6.836567117391760817e-01
6.504486178852935119e-01
-5.313052372415729696e-01
9.611812596834168332e-01
3.526997391285928152e-01
-3.158700831577904711e-01
2.193718693348844784e-01
-2.055330766568365108e-01
8.349105153744346142e-01
-1.473313120535951759e-02
-2.189461230702678118e-01
1.573788545162189412e-01
2.411252818080456550e-01
-2.990667102597374116e-01
6.572501507159264622e-02
1.200075270206126810e-01
1.597669771982613618e+00
-6.623071725977608404e-01
-1.589500163095038943e-01
3.338645016580805702e-01
-2.707197702939440620e-01
4.634699039300452239e-02
-5.914798540327738108e-01
-6.175007463307082833e-01
-1.196346219039893799e-01
1.923573727322461790e-01
1.519049719509754925e-01
-6.530926987151522423e-02
1.402743818458779268e+00
-1.905588910774015099e-01
6.039530037809659468e-01
1.656976952100905232e+00
-2.256754878325833713e-01
6.649159070438599439e-01
6.823319561723352189e-01
5.293213968929175728e-01
-1.512935568076511528e+00
-2.025485218141061527e-01
-5.166203503101594041e-01
5.036506216519816004e-01
-1.045328343275419569e-01
-1.051232691812370446e-02
-6.539857885241951996e-01
-7.051000804124967214e-01
-9.651852009827366352e-01
-8.349227197903051900e-01
3.521764637652479157e-01
4.184951339396637549e-01
3.268244671378511823e-01
-5.893807583491429414e-01
1.370747670950645813e-01
-1.032456894955485316e+00
-5.431358435624484837e-01
6.819858391186259805e-01
3.538540199816038179e-01
-2.260336135625737597e-01
-5.194605146468921353e-01
1.326835480314990434e+00
-4.537188597953313307e-01
5.698784750241667751e-01
-7.380219292323313141e-02
-7.071963778163031789e-01
-5.524138219024941066e-01
5.110663362854573899e-01
1.552396675086690700e-02
-1.357243031195131677e-01
3.196578388631812206e-01
5.690310828635735119e-01
1.011560018187743548e+00
3.895520928890700008e-02
1.722379727354442225e-02
-1.157155063956685659e+00
-1.542354241800301118e-01
-1.584862977978024556e+00
-1.019913204730455991e+00
-9.239225624916169721e-01
5.300781252716087188e-02
6.545064771523017022e-01
1.320370855296252588e-01
-6.160882468413018953e-02
3.798525216501116297e-01
7.580949502842746490e-01
-6.984005269450952458e-01
-3.573054714908959206e-01
7.339116412222810304e-01
-5.853536998632271615e-01
3.504537891072367350e-01
-5.333236749019728551e-01
-9.271409374940610126e-01
1.234786879789714131e+00
-7.125800012422169039e-02
5.160959005186293025e-01
7.102868653117888620e-01
-9.500788055330271487e-01
7.519340070521420838e-01
4.116284949701215501e-01
9.778315759050667522e-01
7.535234174552247755e-01
-7.415087424926938287e-01
-5.082207993645642130e-01
-6.849105847399472591e-01
-5.834967394998953338e-01
-8.048970794851877386e-01
-5.227002303827740781e-02
-6.327681589930596040e-01
-4.714406788331683140e-01
8.129130640584955603e-02
5.932932796011770593e-01
-4.024476147874958554e-01
-4.967935182357781088e-01
-7.971832614888814117e-01
2.062907928958888082e-01
-6.449185779109154470e-01
2.532912034711759519e-01
4.002974939682623079e-01
-7.255406219988036476e-01
1.254006413350551075e+00
5.118261663247928306e-01
4.504463020019566777e-01
-3.886735005803702014e-01
-6.470737398888221081e-02
4.973624555938447322e-01
-6.533698969376426635e-02
-9.313249399938644535e-02
2.860866441243442582e-01
1.378965753271374772e-01
5.742385160160336233e-02
-3.197887239853575148e-01
6.952558609934436085e-01
-1.219058762044655381e-01
-1.512554597403618084e-01
-5.601432876611323053e-01
1.294781885711167924e+00
6.728949430458051051e-01
-2.137019510688012436e-02
4.986720758762120953e-01
1.685383668952291636e-01
-5.814706523429431506e-01
9.334995282615392576e-01
-7.568834141935172344e-01
6.082971176216607212e-01
-2.140991875547869072e-01
4.530779136775705540e-01
3.504153410056261575e-01
8.722592119591996429e-01
-6.007800771242859383e-01
-1.304174911303679352e-01
1.603480283842730336e-01
-4.608475557764243891e-01
3.845093971396040811e-03
2.516086608036383412e-02
2.405974582547198704e-01
-1.549490262972768595e-01
-7.126076257260610669e-01
-3.746006195098023905e-01
-4.091038802952165487e-01
2.469784880721487552e-01
-5.069441499502642667e-01
3.861711448717192185e-01
-1.921466574549033079e-01
3.666213507168523122e-01
-7.121002324906136050e-01
-5.942535040616976350e-01
8.812500671699932120e-01
6.962484863106920274e-01
-2.910734962296116501e-01
6.436044892156286279e-01
4.760554922257648203e-01
2.116584426258060758e-01
-1.182392263930235554e+00
-8.823436876111918625e-01
8.229179959691139690e-01
1.332114810925145720e-01
2.086439189394306282e-01
5.778350443201035747e-02
2.073781644750132269e-01
-3.979150886322548875e-01
-1.351724631433788293e-01
-1.337558601238296507e+00
1.400883383564601736e-01
-1.537552086743040614e-01
-3.090833394825340252e-01
-7.160185952146139177e-02
1.032285718586254841e+00
-1.687919018179094843e-01
-6.705476585577985205e-01
-2.483694259251972292e-01
-6.267733010463324983e-02
-1.051688729485178664e+00
-7.354106248534248991e-01
1.300187978790156684e+00
-2.620304421212883428e-01
-1.384956462030726976e-01
5.979324095178273346e-01
8.885611943825892922e-01
1.476601661551267819e+00
-4.495853355400659668e-01
1.448781192213899338e-01
5.545177530283358358e-01
7.113053224444567668e-01
1.466683208001251515e-01
5.704958233412817936e-01
7.428566778213119282e-02
-1.176188538796651750e+00
5.321436621647475107e-01
1.347016156640272466e-02
-7.782719956534271954e-01
1.013697973596782154e-01
-5.350384300631193524e-01
4.262217024786427721e-01
-8.696504698074815076e-01
9.979236683100141114e-01
-1.042015538118259144e-01
-2.209612554594525824e-01
-5.895654596814747794e-01
-1.473587080379078929e+00
-4.591856019408506184e-01
-9.256340433399223855e-01
1.897603650562985633e-01
-5.353428984084542819e-01
4.723968089087359767e-01
8.313020856482195020e-02
-8.902963803034927293e-02
-7.017634856753375283e-01
-1.084266275088232145e+00
-9.643883891535576236e-02
-3.057771149578137337e-01
9.178295332465120637e-01
3.399192823141710118e-01
6.940978484847355467e-01
-1.240849994426239000e+00
-6.811504139219399789e-01
2.946440935325563282e-01
5.391512041274509892e-01
-4.435729997058796004e-01
-2.443211912815458908e-01
-3.852372947311027973e-03
-8.281758028742085553e-01
1.059359762723291187e-01
7.754632347668777292e-01
-8.069279411481738995e-02
-1.411353463219575666e-01
5.914466480548433713e-01
3.863968684729370828e-01
-1.536628412157192480e+00
-2.882863450136211037e-01
1.434862317620925420e+00
-3.169808734058681687e-01
-7.659020993997025517e-01
3.710840433428491680e-02
-3.216652802727069660e-01
3.003883070259885102e-01
-3.387768609776705686e-01
3.572910050119503800e-01
2.394446155620143513e-01
-1.750342921179193212e-01
1.067202138633572606e+00
4.688615296014639333e-01
1.176582623244395165e-01
-3.193684760968173997e-01
3.263291372297070780e-01
2.573856059742702929e-01
1.700135044951784913e-01
-1.507689654457668171e-03
1.607306695858180534e-01
-1.832007614982248123e-01
1.500919726147048605e-01
1.042926915678527688e+00
-4.099763614494171815e-01
-4.425471099759083482e-01
-1.350871938497432145e-01
-8.205068936884294395e-01
6.452051329012756242e-02
1.459443780294311654e-01
-5.263070826527437296e-01
1.093357532915291586e+00
-1.332389560728641231e-01
-1.419591353132824696e-01
-4.365191710006900427e-01
2.918057404286109602e-01
5.308817123153080492e-02
-1.506011376330628204e-01
-3.523498945598888543e-01
-1.877773091415697593e-01
-9.786394873291277829e-02
3.754875150165918329e-01
-3.379124256491017886e-01
-7.121986826817364169e-02
2.104543661312261171e-01
3.591449256589620553e-01
3.007532433935060645e-01
3.496230960862259929e-01
4.878532125041497025e-01
1.398825297709054283e-01
6.160299736849728092e-02
-1.431231945396992666e-01
-9.281626555104098841e-01
3.063114974380513611e-01
3.660574262096745191e-01
1.581212248868797132e-01
-9.669729681286760581e-01
-1.638670324933926559e-01
-1.866442113350654797e-01
-3.916603089539864024e-01
-4.568514405729834915e-01
-6.094586339504930450e-01
3.812612756841536332e-01
1.171192609205624846e+00
-7.607136608888339646e-01
-4.062361828236210060e-01
-5.906458178104601053e-01
-2.144178372714576342e-01
-1.375795978368087313e+00
5.768995391521654359e-02
7.918551161364921764e-01
8.992633543005470464e-01
-2.233185815634023408e-01
-7.757841587094571612e-02
-8.352785743671777008e-02
-2.127261732272531236e-01
9.521517302581957720e-01
-5.864818178878792310e-01
-9.294988169895562757e-02
9.775905276919677478e-01
1.275388040176332005e+00
-5.576506452988251317e-01
4.653725498606045008e-01
1.233957164869295520e+00
-1.235922454572430801e-01
1.419279773148574841e-01
-2.715418251841147379e-01
-1.480179622238929626e-01
4.406989749589073496e-02
-4.396037313843652039e-01
-3.979140235860900709e-02
-2.856058957935276865e-01
7.230238511484228248e-01
2.296445488625976084e-01
1.125913198129455534e-01
-7.294333994571149393e-01
5.876484334159659539e-03
-1.392406115278469469e-01
-3.048318055726464415e-01
1.243998256746456921e-01
-1.828181499137603860e-01
-1.247525321682195987e+00
2.980089009703952296e-01
-1.356307382503009751e-01
-4.738334492572937040e-01
5.495852878565090638e-01
5.971746989350981694e-02
6.931723195387398673e-02
-3.808664224293957234e-01
5.279931392619719999e-01
4.345883146976844413e-01
-5.741033686553442816e-01
8.891287090271660087e-01
7.239093050853225852e-01
3.319993857475441734e-01
7.360662787256527784e-01
-1.202919405294903231e-02
-3.080253498533342960e-01
5.613204292934925732e-01
4.862458542139345696e-01
-6.502308950384729780e-01
5.361224464048330862e-02
-9.145882857950382583e-02
-9.042230778689333004e-01
7.367472728629800294e-01
4.705325829425798800e-01
4.351375462050591225e-02
-5.243927585587004891e-01
5.647639559922392610e-02
-6.434952896139961576e-01
-7.679283701574155518e-01
-1.793639829944025377e-01
9.233832588605772607e-01
6.040727630175470875e-01
4.902761720381705324e-01
2.995035795489123243e-01
3.693889885520192928e-01
-9.608113468450822925e-01
-9.653189216986155508e-01
-1.351618038118295173e-01
-4.657474497314120776e-01
3.254957475081081686e-01
-8.460881737590528751e-01
9.029852374744259391e-01
6.902343912017739891e-01
3.262849329936423626e-01
6.473922968111253118e-01
-7.693440256857148052e-01
7.387162688858848192e-01
-1.352180688988006418e-01
-5.420375232661291953e-01
4.260075299441857255e-01
2.462244697413047412e-01
3.372207485589362452e-03
1.563166817482112836e-01
1.417227512582561744e-01
6.192429896717689397e-01
-1.819001658055471315e-01
8.437867904168316890e-02
-2.818200006862116580e-01
3.300597916598594361e-01
-7.581975127022491656e-02
4.175455058781811779e-01
-1.496034573104298437e-01
7.738048211151622446e-01
-9.336355487476716286e-01
-2.207759324666971890e-01
9.962225033760005455e-02
-1.313164140812413117e-01
-3.351181230424867818e-01
-5.825757826763141578e-01
9.945716519627208207e-02
1.651086189580013575e-01
8.393628431715554061e-01
-1.349741909104557880e-01
2.510467166867715871e-01
5.789716470590844377e-01
-1.339647405287251458e-01
2.033770984557859221e-02
-3.259943271477887539e-01
4.208162408712002311e-01
6.537779521939268701e-01
2.663218838636801089e-01
-3.567595269871745578e-02
-2.241284781519873315e-01
3.775713143816137318e-01
4.080766487257101449e-01
-1.154838709414593545e+00
7.402233628238433782e-01
4.898397533807586912e-01
2.293053564318344451e-01
-8.025159742179295286e-01
3.350155240442197480e-01
4.564536103454827076e-01
-3.923111383800723662e-01
1.306446953598626171e-01
1.442503791239354016e-01
5.865150590646124318e-01
1.058811251041998469e+00
-3.799140716624784253e-01
9.300522559961701408e-01
-6.171515363595789783e-01
1.532421161767698048e-01
5.027340453442580293e-02
-1.386212517581351777e+00
-4.713989160002227674e-01
1.151960799458487394e-01
-2.152521844016954677e-01
-1.552276046866686743e+00
8.461538566365687242e-01
-6.237257403601445538e-02
8.535248444441358995e-01
6.042344499112853873e-01
-1.675288666212398692e+00
7.728089316916111340e-01
-1.658822723348342687e-01
-4.753962144727603700e-01
-1.028781513968167527e+00
-8.863146320159802638e-01
-3.173702333603782844e-01
7.214433520680494372e-01
-1.843795654731072153e-01
-3.130396302636956340e-01
3.744373579003965058e-01
4.368526363297496329e-01
3.173668309836996104e-01
1.885674220739300411e-01
-1.892253010447283168e-01
1.055118937306710913e+00
-7.101611225671744521e-02
4.153218006358061487e-01
-7.854882956321276311e-01
-8.984769383483147409e-02
-1.126542906380210596e+00
1.412809869332987966e-01
-5.139141221041279017e-01
-4.814000434019373720e-01
1.170201141518724564e+00
-1.526487887896072482e-01
3.818313161838188252e-01
-4.759176849065602788e-01
-5.801317083498890304e-01
-4.007712791455357304e-01
-1.971528298759761544e-02
-4.654283460887509993e-01
-5.983350277596863886e-01
-1.625664780120344155e-01
2.361157386502930611e-01
4.421810595148770173e-02
-4.466965701292744950e-01
8.295881155175661714e-01
-6.181920870535624335e-01
-3.015222233363766824e-01
3.429070361936818467e-01
5.416458847571531399e-01
-1.512958188432869666e-01
-4.606885042396103858e-01
-2.274663234651501942e-01
-3.215018979179390390e-01
-1.632518807401528993e-01
6.345406810514730989e-01
1.387890149694012421e-01
-3.451554271870967971e-01
9.155408869154449958e-01
5.764915133195849251e-01
2.556015388311257963e-01
-3.617437396381106840e-02
5.537562214251781079e-01
-4.300259184242115340e-03
4.688074991718534923e-01
2.744167183960993794e-02
-7.139960890699507123e-01
-2.924183399184164811e-01
4.480863308536913170e-01
-3.963583987050702806e-01
-8.026567366190184849e-01
1.279931620426586480e-01
3.387775252888368671e-01
1.340256116556546584e-01
6.590479136587019671e-01
8.481569382350613306e-01
5.119752970567278405e-01
4.153241902963253351e-01
-2.258357167969672619e-01
-1.549312217042694007e-01
-2.530746762786320603e-01
-1.787350483392203260e-01
-8.162656964491085132e-01
-1.872987665914468969e-01
3.931346777594758174e-02
5.214243597779889550e-01
-1.577735757506136816e-01
1.947459421382108369e-01
-6.132355819414305742e-01
-6.255685298594833021e-01
-5.372047146771824488e-01
3.161202687285213919e-01
6.446932876085431641e-01
7.474492461364430351e-01
-5.121791670556116172e-01
-3.140308033882731609e-01
-7.482405181939164596e-01
5.683830217692080744e-01
-5.995185420750753780e-01
4.407027692796389173e-02
-1.021405960491311937e+00
8.514443545548409098e-01
3.376725130463097968e-01
-5.082139147944075841e-01
9.245165100204497666e-01
5.769547964361372294e-01
-3.860798949955701054e-01
6.392061225062750651e-03
4.003926027793695552e-01
1.178217662285089284e-01
-3.248645331958172622e-01
5.535703240837421824e-01
4.973190387693219860e-01
2.213831270798988227e-01
-6.166065201459994816e-01
-4.239400683844287143e-01
2.868577889843519912e-01
-7.749683650887887465e-01
-3.356773863093853727e-03
5.605627181491052990e-01
-1.309825984750601524e+00
-3.808792277688143879e-01
-1.258291437299526416e+00
1.418976456408167275e+00
4.928607980554340906e-01
1.351788185533421061e+00
1.927534425604999768e-01
-1.111870037695215085e+00
6.000825716866654558e-01
1.074946115684397574e+00
1.185336401291030434e-01
-1.081638814742179877e-01
4.064100624114636018e-02
8.625913826034176113e-02
2.109185226044578421e-02
-5.093616894215658997e-01
1.136934161959448408e+00
4.264273156120089170e-01
2.149291079434608731e-01
-2.539067556404144277e-01
-4.545703780452641785e-01
1.219905724012937398e-01
1.926759564653849899e-01
-3.231627743014168774e-01
5.009372647414894741e-01
5.786017681021244918e-01
-1.247990877533133314e-01
-5.392952546515045187e-01
7.795886689066175435e-02
8.925877383581176661e-01
6.607962009359047428e-01
4.498230038617567761e-01
6.073090858534774261e-01
1.861149623248126161e-01
-2.046154399093659260e-01
-1.434072473780193813e-01
1.004790906271721740e+00
-1.083120044834170459e-01
-7.325551307266133794e-01
-1.128059608531612801e+00
-4.350237284110762825e-01
3.736529243869433081e-01
3.345194079189688918e-01
9.242299654442528989e-02
4.913649788464110046e-01
-2.043951164355865824e-01
9.185870443599494783e-02
3.041388339061032453e-01
5.820668623284903642e-01
2.203897395250154490e-01
1.057902006590238253e+00
8.268373665492912972e-01
1.583151877810750507e+00
-9.318446783290205149e-01
5.005614437786718440e-01
9.393458884585192958e-02
-9.387015917472691928e-01
5.899158849539257732e-01
8.147220056970758684e-01
-6.264897059919508626e-01
-2.922039712579555526e-01
2.949386403021386216e-01
3.372830159605693101e-01
6.473515882430250779e-01
-3.502680911630506877e-02
-3.024641516270624719e-01
5.613002094578267709e-03
3.798703808606953558e-01
6.819937395970013805e-01
9.452881607110747986e-01
1.111297937967565375e+00
-4.150199789114771276e-01
2.945002596260875571e-01
1.250249251143498719e-01
7.504453070172917295e-01
-8.633470467069637166e-01
-1.629250158437621498e-01
2.853450210504335782e-01
-6.484947967938758939e-01
9.454777926403601374e-01
1.148541655218800805e+00
8.823262431287648422e-01
4.015763883029864756e-01
-6.821850952031199844e-01
8.723967862511862459e-02
-4.025484629874562237e-01
-1.481855026888598159e+00
-6.590515049653464796e-01
-2.882965701365257649e-01
-2.031002982377123067e-01
-3.760942139945551710e-01
-1.249217892710356326e+00
-7.760949353970836295e-01
-1.147142273332201867e+00
-8.514990821926615716e-01
-9.529823759820563733e-01
-1.804586881239045038e-01
-1.451250772448827941e+00
1.423737985247790216e-01
2.582041430771598867e-01
9.400264607533534988e-01
-7.269775962913739287e-01
-8.265165247189553144e-01
9.182032964041983436e-02
5.421226713715521228e-02
3.471876702002091863e-01
1.249282742060155577e-01
-1.134452492299199144e-01
9.093475414544965885e-01
-9.754623577359483599e-02
1.131168754249529118e-01
-5.789123120940036227e-01
4.629966285516912139e-01
5.949454624549904702e-02
4.384851390570582153e-01
1.451743207998869301e-01
-1.882236021638663992e+00
-1.249718930868269906e-01
-5.436637310445153748e-01
3.010728535048372567e-01
-8.911699807839076337e-01
-1.160550287053542462e+00
6.192644640560668323e-01
5.343383231756100304e-01
1.212149089800426127e-01
3.096318415604435437e-01
2.191140965885811642e+00
-4.720565043340901323e-01
-7.725297474958142674e-02
7.322077681953533812e-01
-3.318032304064877369e-01
-7.681442787171433029e-01
1.180878813428452467e+00
2.477686410034645736e-01
7.107790572315618449e-02
-9.962389863593948403e-02
-5.482323471647775337e-01
1.735477989541663324e-01
-7.713200547659654349e-02
2.469265628901137766e-03
1.059225283788375049e-01
-9.415177646599215411e-04
1.199430109974047309e-01
-1.767416328143550930e-01
1.024228822464947064e-01
7.479308301583613705e-01
6.407192230920737419e-01
-4.811612319026721263e-01
2.763302627277663404e-01
5.454696452788270200e-01
-1.367194074027808792e-01
5.762628771396604010e-01
-1.213598884339696093e+00
1.153590638921185407e+00
-1.092537959120630564e+00
-5.949649936943850470e-01
-3.397068406848997579e-01
-3.216644451750246825e-01
1.031545639829991368e+00
5.727416872555169958e-01
-8.782394209065758073e-02
-6.585480442605020635e-01
4.224526586305393794e-01
3.791073733846656024e-01
1.276251827113345838e+00
1.205257851457948171e-01
2.791872177645711717e-01
4.631067753958535427e-01
-9.268735349501344700e-01
-3.329480589668959434e-01
4.765085821246069220e-02
1.380139081218507702e-01
5.827454278962612699e-01
1.505638926566307823e-01
8.332096609953885125e-01
5.627173902842219633e-01
-7.670529853427665579e-02
2.324336157155684202e-01
-2.863359199704523794e-01
-1.175778184515857971e-01
-1.124956510845253055e+00
4.618503157638866874e-01
-2.691641897360523283e-01
-1.921427341816438483e-01
-9.379550010966253293e-02
-1.342581263393393787e+00
4.747920668188915228e-02
-4.575761217175694506e-02
-5.876653165084588792e-02
-7.068620670882972412e-01
3.431897563630003090e-01
3.348625654832326215e-01
4.459121849348340327e-01
-3.796763588677253276e-01
-2.914122779956686005e-01
6.368252193897732116e-01
-4.918035387580205198e-01
-2.773353264187551903e-01
6.859075797891830417e-01
1.684942061080259845e-01
-1.020977148761960329e+00
-1.381489114530737083e+00
-4.319760623562678425e-01
1.027419819375691601e+00
1.701457958098093970e+00
4.463851065844759436e-01
-4.183861682017905870e-01
-2.787196586983747837e-02
-3.705574224609505807e-01
4.266401185818335384e-01
-1.922320309067726274e-01
6.812441928864805263e-01
2.103381059970226286e-01
2.404063590955146101e-01
-3.726780252945732785e-01
7.737781976957256447e-01
9.676832475858667681e-01
3.591597834677789924e-01
1.023293468851696364e+00
-7.813811436870864435e-01
1.741829940225275042e+00
9.080271551561654997e-01
5.053683476794033069e-01
-2.306060258904481797e-01
8.813047362589744305e-01
-1.303627696242579681e+00
3.331980274281248766e-01
-3.275148368796401699e-03
-2.043867848961049838e-01
6.322052473718059451e-01
4.739831781729014759e-01
-1.118203703308117691e-01
5.423923296558479379e-01
-2.597599844004070957e-01
-4.323402952126803589e-01
1.526012969173474065e+00
2.782122630371556271e-01
-2.306626033538873854e-01
4.952646333886541741e-01
-4.787757599149690124e-01
-1.835289797571139081e-01
-1.022811962061220270e-01
-5.367520540077121982e-01
-8.474695061476966718e-01
-6.944999431207991847e-02
-7.955924763567282509e-01
-1.933722414930159894e-01
3.903361691309535364e-01
-1.257722147002310775e+00
-5.890912232554901262e-01
-2.219078719369161623e-01
4.548862831409206664e-01
-9.656524842491969185e-01
-4.581706104228604470e-01
5.729233165252436422e-01
-4.231348195874615747e-01
7.407416172412775723e-02
1.839868554308993209e-02
6.965608648573897721e-01
6.639626026657610147e-01
-9.357010478093421568e-01
7.044405600560222913e-01
-5.362126716533910376e-03
-4.171311894025712119e-01
-3.897953705605646246e-01
5.755288400808250548e-02
1.702260291852156771e-01
-8.482005746465279827e-01
1.093652277974673792e-01
6.832089719522889126e-01
-4.299468899956227497e-01
-7.197636719577915621e-01
1.641409798290842104e-01
-3.766264925225657478e-01
6.303494713098889424e-01
3.476755199876884750e-01
-7.543543237745538033e-01
-1.423152180673066536e-01
3.358174904443514408e-01
-4.827147766035381204e-01
-1.066471363367996972e+00
9.331415277929740182e-02
6.516162708345543120e-01
8.796553547773975357e-01
-2.996719887747473221e-01
2.037301978351973575e-01
4.341179982825830175e-01
-1.425743215561997790e+00
2.839119252591234543e-01
-2.679763881036834050e-01
-1.402832837584783832e+00
1.257282574610386616e-01
-6.115225631796944450e-01
4.144802888670133800e-01
6.653217593381421935e-01
5.719310082257300643e-01
-1.090757427365433685e+00
1.185015263131850682e+00
-1.030520685411747017e+00
-4.027501679251063171e-01
-5.655322505949061940e-01
-2.554504849533596467e-01
3.300729593943363960e-01
3.250089199132577544e-01
1.253415501200139115e-02
-9.109929220144922235e-01
8.105426794908227039e-01
4.482830970644546276e-01
1.328282228051013369e+00
-2.752179606422227587e-01
-3.330412254053826682e-01
-6.950836356184670883e-01
2.588260428185771844e-01
-2.398383441587113862e-02
2.299776857693489607e-01
1.272659744621095435e+00
2.452140285879742254e-01
-9.911445478566706102e-01
2.558714571053474218e-01
5.531453511022728087e-01
7.847306873865164123e-01
1.125182364202313989e+00
2.364379956485716527e-01
1.002650527325548380e+00
1.126076528775511315e-01
-3.394170473937627719e-01
7.416029137560020690e-01
1.204942091145000393e+00
5.814696296450652113e-01
1.303735192328928649e-01
-4.967308820556533555e-01
4.575231391713303619e-01
2.380889578269506091e-01
-1.716090236905460920e-01
3.351328333444138496e-01
6.300089314147632180e-01
4.403947616634555917e-01
-1.537005728628426660e-02
9.964034920462939704e-01
-3.894520256533529068e-02
-5.885025949961552039e-01
7.705667677138570981e-02
4.044777683317122285e-01
8.633216995260872828e-01
1.013059958147462192e+00
-9.393567531380564439e-02
-3.874174661085744709e-01
1.553692901528950787e-01
5.077373078018572183e-01
6.610787982064345591e-01
5.817571437444446492e-01
9.992646615280781353e-01
-2.191791602646736281e-01
1.016394699444573391e+00
2.202604377740980668e-01
-9.489953377117366085e-01
9.305395277932070330e-01
-6.884572673340640936e-01
-1.014343755795259205e-01
2.925452725736568671e-02
3.143760997544913227e-01
-2.963046838514465930e-01
1.045044021113715749e+00
7.116858526757763315e-01
-4.095373982214998293e-02
1.009383837395041894e+00
-1.307924786784594229e+00
-1.297247742608337084e+00
-1.195769224303772305e+00
7.467700036545034115e-01
-3.817472443454097419e-01
4.873034184041958872e-01
2.994129274833108867e-01
2.366060891919757880e-02
1.050005948853305338e+00
-5.872961115840626828e-02
9.633104055667450760e-01
1.068984644065771761e+00
-4.684928972719411000e-01
-3.651855017269392545e-01
-1.696213961111998625e-01
-8.363683882783726764e-01
-2.487720790661274162e-01
-1.072266542615822882e+00
2.423462836959534572e-01
-1.067774647202657246e+00
-1.635116559395140001e-01
6.625419498889948411e-01
-3.239476921382067331e-01
5.825734093930017288e-01
-4.545306875630280574e-01
4.275768390887884074e-01
1.930684789823165493e-01
1.489916698780425763e-01
-2.613379803062871320e-01
-3.449011188719827703e-02
6.604807222783894982e-01
9.483478236579190312e-02
-2.503599234386197359e-02
1.818979413025920699e-01
-4.286173158796049432e-01
-9.439307051980502239e-01
9.245751084371963691e-01
7.908963356171756498e-01
-3.771103727625212398e-01
-7.129067512588354028e-01
1.305279342061778647e-01
5.515106890763751268e-01
-6.357542077132050107e-01
5.593658987328431476e-01
-9.272422905724053699e-02
3.390296215596663720e-01
-9.694391266000129681e-01
-3.098353619852289853e-01
-2.482948072319016430e-01
-2.393883393590467423e-01
-1.473281962941765943e-01
3.071386600399523825e-01
1.401885731487030773e+00
1.479304904749646210e-01
-8.394485971555254444e-01
9.648563157864052942e-01
-1.018565212055874136e-01
5.912392441056588677e-01
-5.799401412885898388e-01
-3.608684601261430980e-01
1.119143683859787214e-01
7.132248167002548656e-02
1.138142040583058234e+00
7.511934826068836779e-01
1.139404475594322896e+00
7.539678814763339787e-01
-2.238233811148183927e-01
-2.933541988725461014e-01
1.502076172260709275e-01
7.853745972840043832e-01
-2.209734014695907689e-02
-4.890157642246606429e-01
1.193118517383223276e+00
-4.098054209802922676e-01
-5.693324907793547718e-01
-4.162695394083190670e-01
-1.157350877108882514e+00
-6.303038374410501188e-01
5.283805231140871472e-02
-5.481526710191961804e-01
-3.552142694790982880e-04
-3.584677808946668542e-01
1.512961246649192626e-01
4.498102420718178007e-02
2.741095592120434410e-01
7.321442046313069163e-01
-1.715732776267096416e+00
7.511663120561923312e-01
7.448364174887955880e-01
3.331527591094133323e-01
2.253004868876762323e-01
-6.642986627112998366e-02
-3.671031491235596800e-01
6.477021935339338787e-01
1.213080793820069170e+00
-6.652093122954942928e-01
9.096612511172526006e-01
6.909162978466483196e-01
8.447294165206935546e-01
-4.133959306006977918e-01
8.480555589802725169e-01
3.495727709104414216e-01
1.057148997359756426e-01
9.769457817282484191e-02
-1.563736201514059065e-01
9.437940512086429035e-01
-1.396591152424814242e-02
-2.744565446658072116e-01
-7.305394087284518001e-01
-1.780766568238404957e-01
-4.027554011068044115e-01
1.437142355935673854e-01
2.929021951705516602e-01
-3.473336828462964682e-02
1.161887458149768015e+00
-3.222958387590933449e-01
3.111467780978954822e-01
-3.806644739034767411e-02
4.301991936821156770e-01
-1.044516620617142122e+00
-9.254320792446586452e-01
-2.494432694601328160e-01
-3.380993001119434460e-01
-8.805085745932099417e-02
-4.808697018775452414e-01
2.111244654969562928e-01
-1.453057784632962202e+00
6.617638135703921565e-01
4.461542571458250728e-01
-6.167140702565919730e-01
1.174957459350320477e+00
2.428552461535073426e-01
-6.141905303295751573e-01
-1.005743004192031886e+00
7.715648475312617549e-01
1.390095581723276297e-01
1.247766008110762215e+00
-7.394967251685301557e-01
1.191926254078929659e-01
3.652800586801991378e-01
-6.577164174756220394e-01
3.724853778760045531e-01
6.491875049233788442e-01
-4.889753536489313546e-01
-1.426468935759182266e-01
-8.078410976331783511e-01
1.188521106140447148e-01
-1.109558128770898877e+00
7.985328612539064341e-01
-9.493544313966675308e-01
-1.975235836998116556e-01
-1.484821135740564291e+00
-6.310164921303590413e-02
2.097821480028573826e-01
-1.155696586486494315e+00
-1.215652773012008803e+00
-5.763855157787711736e-01
8.853533776200415983e-02
-7.965848097973929898e-01
1.147636503242614125e+00
-1.387411389394215266e-01
1.132885133704846226e-01
-5.647573334068956008e-03
1.679097650712299439e+00
-2.123623522435243993e-01
1.776204189266680777e-01
-3.104428638280670727e-01
4.945004025416313564e-02
-1.721452381855904656e-01
-1.292007634911582770e-01
2.333476332158344602e-01
4.298177690238193516e-01
-1.164432663841002746e+00
5.535420806710786845e-01
1.770975307819310507e-01
6.325326028460018790e-01
2.253263191459544124e-01
7.879684361869150333e-01
-1.030775882679901417e-01
2.538919456048988610e-01
-7.477230045919827095e-01
4.590432174816464483e-01
-1.822726635032098086e-01
3.338810384285481048e-01
-5.710385802101962671e-01
1.139418297670922176e-01
7.665304935307154510e-02
5.358336241410244227e-01
4.259649062384779361e-01
-1.603191554062064761e-01
-4.435649647467452827e-01
8.581297260174158836e-01
4.845207655007207070e-01
2.296016456141382056e-01
1.884475113186306894e-01
1.686150242807301358e-01
-4.085230622760145369e-01
8.273969863046116702e-01
2.515585155488782032e-01
7.729619212067675993e-03
-1.007213686187076740e-01
-1.580660335520314985e-01
2.221689173544966756e-01
-4.937362705146163266e-01
-3.381877415924105512e-01
-1.047189863434109913e+00
9.145542433021719431e-01
2.577245677971854443e-01
1.565349519669549661e-01
5.699944729378612074e-01
-1.588273242326753154e-01
3.918172859735171709e-01
-1.459300898506253885e+00
-6.994756677612594675e-01
4.393241626383689313e-01
-4.661701576078040865e-02
-3.167221522106941634e-01
-2.257621325587741978e-01
-6.751851462391151859e-01
5.597439995848536576e-01
1.901111066442969233e-01
-7.869306019246554706e-01
5.864890493594020482e-01
-8.049578627069811643e-02
4.624723675057597627e-01
4.351846184940819651e-01
4.432390490733267296e-01
3.738623065839484783e-01
-3.741611443902404521e-01
7.076133888114153336e-01
-8.960447176120529544e-01
1.485264087375824937e-01
-1.422452929749827844e+00
-1.185457652369777737e+00
6.232776035090138445e-01
-1.043152303209340381e-01
6.579042329530694344e-01
-6.828181641701125404e-01
1.188534725991799545e+00
2.600476391279283872e-01
-1.068658577740233762e+00
4.067247430722289447e-01
-1.320469208776575420e-01
-1.751781630452003968e-04
8.446063911257313539e-02
-1.693977298815352306e-01
9.672818998158314585e-01
-6.416763713563172766e-01
-7.258977957256910196e-01
3.012639900181972585e-01
2.251920681971446014e-01
-4.003619813418302087e-01
-8.492461611948453060e-01
-3.383587703559608473e-01
7.492481570624111020e-01
5.220698159747483302e-01
8.222896692720985112e-02
-3.475270188553247763e-02
-1.538915942658225511e-02
6.614603962258681635e-01
-2.785902485873585910e-01
-2.031532105001295219e-01
-7.112487641523117521e-01
-5.284115276935191785e-01
3.489732439798909347e-01
-7.869075348236841405e-01
3.523538144698638019e-01
-2.068315832001006715e-02
-9.823660695681253330e-01
6.275320111674218548e-01
-2.407809759846930575e-01
1.031578739227126063e+00
-1.078663151714246649e+00
9.079077653084337562e-01
-1.159879977555703601e+00
-4.258661558119823387e-01
-2.237356276923418985e-02
3.467692709103707416e-01
1.432913538579098089e-01
-3.947501363664328577e-01
1.505901554592042058e-01
1.161914449394140458e+00
4.313365993588639258e-01
-7.581323114679624497e-01
-2.069589772493757307e-02
-3.840963577160583231e-01
1.013486905142123806e+00
3.002051436768597981e-01
9.536648732762715852e-01
6.984134657647598221e-01
-7.287434905463412438e-01
9.528566754066603028e-03
-1.265235676474985471e+00
-1.033997529632148193e+00
5.955861989085138308e-01
-1.107749332549423649e+00
1.058290433412091947e+00
7.141967451395683786e-02
-1.455052888866464333e-01
4.494843453421868973e-01
3.486251210702747683e-01
7.839899178125722679e-02
4.421593103498923649e-01
9.694878236793405546e-02
-6.038848556148643798e-01
3.554356477886678189e-01
-9.136869808660705305e-02
1.393568177295739230e-01
-6.821202438567778303e-01
2.631483700626596756e-01
6.865563562295705635e-01
2.125315706148059314e-01
-7.294173782886408386e-01
-3.791641207079262665e-01
2.519018085933530382e-01
8.763275393170228966e-01
1.812519851809173133e-01
-6.126010174222973337e-02
1.735825462773912115e-02
1.998726089965984776e-01
-1.533354665344667800e-01
-6.005684404444906477e-01
-1.154722087603563402e-01
-1.214027856285096352e+00
1.500561301053904950e+00
1.198706930665439430e+00
3.129303805696768692e-01
-2.575543652603979328e-01
1.827948174749745025e-01
5.661659402196517199e-01
1.230706513053101858e+00
-7.977469003289669458e-02
-5.436932056747862951e-01
-3.812926511055314549e-02
1.468576685669312210e-01
4.799031604817556307e-01
4.099947854865604313e-02
3.512030570661037188e-01
-5.168892029839914359e-01
-8.482283567510452427e-01
-3.023634057589983382e-01
4.653464617149568050e-01
-6.189772616593904875e-01
1.047272729067409980e+00
-3.082716932571678559e-01
4.359545955300724307e-01
2.927223457505151449e-03
-3.449862602096355202e-01
1.196457154282564161e-01
6.793570898355609788e-01
-4.720258629718755428e-01
-1.846198745597396051e-01
-7.609194788809684473e-01
-1.332764586078791558e+00
-3.474724322009507538e-01
5.864119089420556374e-01
-9.114827127556165420e-01
-4.769935553242648507e-01
-5.018345526542257184e-01
6.342365974658221717e-01
-4.948207656245189323e-01
2.603558450048371053e-01
-3.382216997038851591e-01
-1.159996293015635116e+00
-6.312624465428925413e-01
4.753990997339858637e-01
9.821627210557994925e-01
6.089553662520116317e-01
-1.168773698695106278e+00
2.245231923633455584e-01
4.077763306920166864e-01
3.830035935826520688e-01
-6.361203594055608868e-02
1.313738984049157565e-01
1.277305172584145110e+00
-5.166272026824283436e-01
-4.847621430099968709e-01
1.252551983062925589e-01
-6.394240069319898634e-01
3.131724179119844131e-01
-5.113866243940965450e-01
-3.917402400938307383e-01
-6.996000107445804472e-02
-6.322791955558735300e-01
-2.757130640430078827e-01
-8.732735420516690716e-02
-6.978095605457470541e-01
-1.860656198939235062e-01
1.530145705044161919e-01
-1.592659752503055026e-01
2.256783748629995756e-01
-1.230283661390963790e+00
5.191311231194749576e-01
9.156175282639127389e-01
7.413527174028939903e-01
7.643620608390663262e-01
-2.119737717644814834e-01
-8.516743178629243571e-01
-1.436270127185031997e-01
1.420891246413833464e-01
-1.163835236095511760e-01
1.188214943910337995e+00
-3.662510176893669089e-01
8.801360189910067966e-03
1.251467532052778081e-02
3.443740853898568099e-01
-2.045301665339513408e-01
1.031966130588749309e+00
-6.174159525251394776e-01
-3.368682527346562039e-01
-6.226985236124488177e-01
-6.194240627945482025e-01
-6.576890844275279369e-02
3.664967046437381248e-01
-4.559571091312369373e-01
-4.016940168259817701e-01
4.297202515153401015e-01
-4.930101274246657672e-01
-8.229446345770350391e-01
-2.297200810196388387e-01
9.205135906583081784e-01
4.532263215889445473e-01
4.192327672057266641e-01
-4.176190449558381812e-01
-6.456778208350201498e-02
1.422229865478120248e+00
4.054616341341796826e-01
-1.482561220064561869e-01
-1.768743398798620359e-01
-1.299036834242291993e-01
-5.533240487397075302e-01
-6.921194490101116870e-01
-9.594156480956941291e-01
1.912451632978429128e-03
5.929305654973088258e-02
2.872086520112053232e-01
-5.277245005911207487e-01
1.701253815694911964e-01
5.273947288426101832e-01
-4.650214584400586548e-01
-4.827406879797780936e-01
-4.748998191182554063e-01
-3.576201329929493689e-01
-7.744513602155683740e-01
7.139804566090004467e-01
1.539692067934689046e+00
7.113910073276221713e-01
5.221577547536699893e-01
4.751019707371504364e-01
-2.871994292274802074e-01
5.134468307904935802e-01
1.922270675393901451e-01
-2.711945198461536144e-01
5.215224947962928681e-01
1.615297358016941409e+00
-3.614098434662064152e-01
-1.024749671113089677e+00
1.569153957124940768e-01
7.133302060598968319e-01
-3.487287830662715860e-01
1.738352845935286828e+00
1.285262056812462306e-01
-1.096929769820550460e+00
9.036263346037608502e-01
-4.875307777119501640e-02
-1.064995240540960619e+00
-1.672197973516590108e-01
1.533787519665343602e-01
-8.840108112559663667e-01
-3.909761017600913435e-01
-4.211731057885763074e-01
8.115253093067213985e-01
-1.008170482811034496e+00
8.605262596518060692e-01
-6.224947694620066585e-01
1.429705966136732564e-01
-7.809108460432276355e-02
-2.665976870318779168e-01
1.188619750849646411e-01
3.484183329814397601e-01
-8.924112803808068595e-01
4.273736063566957455e-04
-2.381319794082969177e-01
9.576332388980107746e-02
-5.063765936530018053e-01
5.755008390242308813e-01
3.765003980205391954e-03
6.265920672913135592e-01
-4.290121672380208251e-01
1.840672628085615603e-01
-4.329712247662826363e-01
-2.528188287780029908e-01
4.830861765879818637e-01
2.307200291503911649e-01
8.848518185833819105e-01
-8.989323688589878625e-01
-2.608677700937047095e-01
5.255341992011406393e-01
3.798628892136127200e-03
4.993491242884195991e-01
6.245071444133173388e-01
6.700433360326313315e-02
-4.484660055874317708e-02
-7.167885534215547860e-01
1.266489626902636834e-01
1.423294829348144219e+00
-2.245193674625894364e-01
8.756669147929653507e-02
8.482466077681116712e-02
-6.287283547574615827e-01
-1.178513737530745065e+00
5.387549470030664894e-02
-7.180375397522853476e-02
-5.251647311960460085e-01
4.721734462182803904e-01
8.791906490290271048e-01
-8.218084247484424010e-01
3.409970110899286366e-01
6.139454262748739177e-01
-6.771536912785152129e-01
-1.795533197752623850e-02
-8.327321660651956226e-01
-1.047086526477426505e+00
-7.220802377803672290e-01
-5.528962065146654226e-01
-1.404893481883700279e-01
-3.127348348940044154e-02
-6.065669317412708539e-01
-2.327660002661423588e-01
4.905462861758089210e-01
-2.530258333925973768e-01
-2.668298610684460836e-03
1.248297349847109494e+00
4.586188787362738828e-01
-5.232394334084990994e-01
-4.008372029244042789e-01
4.279189659417854674e-01
3.156245285435478332e-01
-1.730650491747646180e-01
-1.209854416599151355e-01
1.588204705957784180e-01
-7.718810551994168545e-01
-1.933811252855796581e-01
-2.410695386037344512e-01
-2.807520569241848951e-03
5.671044305535792585e-02
6.192578458818858156e-01
-4.518511240400537032e-02
-3.247426594630117846e-01
-9.779241711667909787e-01
1.423784149962828705e-01
1.278307979454135213e-04
-9.339535923330165579e-01
1.221241601518264774e-01
-3.910760111472966205e-02
1.455289970854559689e+00
-1.348512582284849270e-01
-4.201089513678044063e-01
-2.993495855026611085e-01
1.220185112027569296e+00
3.599623786516073509e-01
-7.366757411572880665e-01
-7.159389547257926090e-01
8.724591363808532618e-01
-1.598340823235201880e+00
1.380296914320744861e+00
2.092086241908436561e-01
7.747837711032875552e-01
-1.421252436084781134e+00
-8.027407736288356688e-01
3.079168369429652330e-01
-6.692973724165518501e-01
1.240719384392831914e+00
-4.453740907306784624e-01
1.362639651370366745e-01
-2.714295874854928403e-01
-6.740757821034307762e-01
-2.466358815525780401e-01
2.481831134735127953e-01
-8.562042058984392634e-01
2.639004409146938901e-01
-2.210078351654143902e-01
-6.921248701508453394e-01
-6.142795533303743727e-02
5.188299686707530112e-02
-2.774936996868816452e-01
-3.923321243226730037e-01
-6.439511021181856809e-02
7.057744444861613342e-01
-4.696472482758177192e-01
3.786751646592284581e-01
-9.747978875210889793e-01
-9.951314297507890538e-02
-3.694809898973427931e-02
-3.850397953936990358e-01
5.033443743921629521e-01
-7.995455750683125307e-02
8.194658163707815857e-02
3.819291597813022632e-01
-9.578639382498886912e-01
1.563502123128052146e-01
-4.565291514315135135e-01
9.543753768450069508e-04
-2.613326093860536270e-01
-7.616448635714938575e-01
1.197649356159314893e+00
2.774817212010660672e-01
4.785793147852441254e-01
9.283037171908659069e-02
3.007006435715336989e-01
-3.669242376001757289e-01
4.530490448800171821e-01
-7.519974261057937870e-04
-6.258118821750248417e-02
-6.723413707322317689e-01
3.009211148631198984e-01
1.393631844419309929e-01
2.030317646014000166e-01
-3.123457892004807279e-01
6.797241025968106531e-02
5.386530716556504617e-01
1.903253564505273387e-01
-7.037049931836889538e-01
-4.218132668972608967e-01
9.175610868125183561e-02
1.777383841873819981e-01
-6.571942693350142362e-01
3.748226750821397335e-01
1.031341668754635288e+00
-2.264890471286504781e-01
4.974214796266603900e-01
-4.515497519488088640e-01
4.510085449672364133e-01
4.679325461385657192e-01
5.774455867651354102e-02
-6.404074918361235547e-01
9.621006028080041350e-01
3.727110019084027837e-01
-5.085446850112740336e-02
-5.851234242481524461e-01
6.097814629170397183e-01
-1.595983368962365923e-01
6.958693597553462507e-01
-3.242310120331432510e-01
-4.141570724771192480e-01
-2.291476257134356098e-02
6.459525944848404366e-01
-4.581848429429027925e-01
2.536357822013409757e-01
-2.565222478849364385e-01
3.263851269264443911e-01
-2.076458206502424186e+00
-1.768895448035017193e-01
-4.501401634390528317e-01
-1.062305273449644760e+00
9.016520865500418647e-02
-9.668434080175054568e-01
-1.192010612874931097e-01
1.077284183942909257e+00
-3.843801987458989045e-01
6.550586123262716054e-01
2.870973006779096726e-01
1.738518511458825022e-01
6.181110825332241099e-01
1.120255493693130600e+00
-6.468396984388730120e-01
1.593619073727495117e+00
6.866627572633381416e-01
2.177567515181605406e-01
-2.580732434230157413e-01
-5.214528149876936913e-01
5.998463486792774413e-01
-2.523785254922760179e-01
7.638154171539500437e-02
-5.361150787575788002e-01
1.877764157266407774e-01
-2.596381328898937912e-01
-3.004323434695279488e-02
-6.111552068886085820e-01
-2.130542885483214383e-02
6.842351861132495161e-02
3.521677527909986560e-01
8.702697066115683278e-02
4.162638765415299646e-02
-7.191427126599984065e-01
-3.958949043996317085e-01
-2.189147601913100649e-01
1.181740435615054263e+00
-1.557215346442731629e+00
-7.216294027059697580e-01
-5.591297736755134196e-01
-2.134177324824819699e-01
-2.295304871431001814e+00
2.916702646304386581e-01
9.342126748498307265e-01
-5.609860320345727569e-01
-3.550571527239856362e-01
-2.979431840701778356e-01
3.081705640385146161e-01
-5.115903123050690171e-01
-4.737030494458154828e-01
-5.951989781181633576e-01
2.942394336160348289e-01
-1.162669882555771445e-01
1.227801648353684660e+00
6.946789487273330455e-02
3.002611488139151907e-01
2.235493325918643526e-01
1.177837069097675826e-02
-6.151684131442641812e-02
7.558229645211795855e-01
8.085118642830801949e-01
-7.896100375780645830e-01
-4.551444414220482404e-01
2.071653066507056495e-03
5.111013874467078555e-01
-8.560958465922734184e-02
-3.492803167615182725e-01
4.186302415013354872e-01
-4.232401284837554178e-01
2.980075773605431189e-02
-2.451665794785541086e-01
1.196889882625814749e+00
-2.199277117154794237e-01
-3.437568403176265441e-01
-7.582935211106153206e-01
-3.523688763957514847e-01
7.440112294604646070e-01
9.033849841240562117e-01
-6.717412888141574556e-02
7.588120075127303688e-01
-2.103727475694887605e-01
5.141360191624931852e-01
4.540380894540502199e-01
6.487381165846725639e-02
-5.164459883485138514e-01
3.752616758480968318e-01
-8.845847442093924817e-01
-8.470975442163900526e-01
-3.909367721138357066e-01
9.351707750323003943e-01
4.238922295723619449e-01
6.305947857234506237e-02
7.843755215054916130e-01
1.819757538657951201e-02
-3.845179323036628238e-01
7.633025379800009169e-01
-7.939405543803481624e-01
4.307203530415976145e-02
3.637416982122956277e-01
8.998319778619470188e-01
3.654230561411462297e-01
-2.312078098861164166e-01
-7.538320957988655646e-01
-8.174398996746444768e-01
-3.648912286847753594e-01
7.101468705106145363e-01
4.954834123683296565e-02
-1.246577311506951447e-01
-5.984515793246401871e-03
1.608188813495433078e-01
-2.189252207132596217e-01
5.513073607482703586e-01
5.167793314852064945e-01
-1.021354979077085723e+00
-2.387995636541511146e-01
-9.713499480792403551e-02
1.578689320183249034e+00
3.559296652192013855e-01
-7.156663437396396654e-01
6.573946210931785883e-01
6.550725366697671692e-01
1.438418334806743637e-01
5.363735012609466279e-01
1.180453237120149268e+00
-5.923451275107711328e-02
1.758991216369810984e-01
2.171163360556273569e-01
-1.164359353207496062e+00
2.295273450844097785e-01
-1.917574922191981335e-01
-2.187775779727867964e-01
-1.020231099411273767e+00
7.074396887104539289e-04
-8.282493949663838340e-01
-8.008990244250018264e-01
-1.253176476749174317e-01
-1.018737969291770296e-01
-5.139934723513051029e-01
8.886343400149854244e-01
2.014658859039006322e-01
-9.059119912116497808e-01
-2.260357682791050982e-01
-4.728636513559516530e-01
6.690079100117374278e-02
-1.364872724554104799e-01
-2.961627941121655061e-01
1.177074601902751150e-01
2.763114403958483178e-01
8.002930990773023945e-01
5.796026109483914945e-01
5.919058785484376806e-01
5.615948832176027583e-01
-1.477720914734945157e-02
7.296460178534085461e-01
7.250641114249110064e-01
4.233511121618800943e-01
1.084226304335380031e-01
-9.588879490546338147e-01
-6.166760945028670893e-01
1.456629334404772047e-01
-1.361036830886355742e-02
2.771154650081927295e-01
1.376313656905781835e-01
-6.195899467995330534e-01
-5.046090912929053207e-01
4.823284373082163679e-02
-3.604745344892207326e-02
2.631325825677928165e-01
-4.770131465044437080e-01
2.059961137866422043e-01
-2.919019301731881066e-01
4.228551713322314387e-01
-1.318374466791712996e-01
7.708183258455442166e-01
7.133712496228004074e-01
7.824186343345145289e-01
1.165699533009006084e+00
9.761497907935981488e-02
-3.517813985983964664e-01
-6.565951307264307202e-01
3.793107909988753801e-01
7.382637037884860476e-01
-1.530460936623281309e-01
-6.623138507903081340e-01
1.039089820624987892e+00
-1.057291290772751843e-02
-3.659776087015705892e-01
-8.835977786074986629e-01
6.991885804551574435e-02
-7.679826122319506343e-01
5.149959295057562336e-01
8.575131099646518540e-02
8.393672294975676462e-02
1.327738816216829765e+00
-7.904298345374338730e-01
3.529365359247350620e-01
1.730203150689293423e-01
-3.667485885995703798e-01
-4.701706916175685258e-01
9.086534792172560326e-01
-1.538568922984298593e-01
-8.511761854538424377e-01
2.744767937441243699e-01
6.756058188847626766e-01
2.789676971190258037e-01
1.448596721773584561e-02
-4.986366471231138409e-01
3.492313838168331630e-01
1.437756492028790190e+00
-3.911863263132567825e-01
7.083795797300750374e-01
7.950050345864073664e-01
-1.144510166894955105e+00
-1.612386923670020344e+00
3.853946170408873995e-01
-5.418526976903978998e-01
6.798237121450976250e-01
1.852486376135890622e-01
-9.045001836305440746e-01
1.368931894972372221e-01
1.785283149266265745e-01
2.223580399797244200e-01
-6.699819869166356856e-02
1.177863524113322846e+00
-8.803127568194870634e-01
1.360468835914042940e-02
-7.058319399946850758e-01
3.044746349728228441e-01
-1.875922671538197140e-01
-3.288544002712342484e-01
-1.081316867906658263e+00
-9.788684702577882257e-02
3.575264974970301934e-01
4.362348342330725215e-01
3.175711331489244338e-01
4.093594094251314930e-01
-7.022158748339547563e-01
-1.039684562861794337e+00
2.578871707908356181e-01
-1.411792787383475689e-02
-6.523384604132509423e-01
-6.376692781027155643e-01
-2.001737182644020008e-01
-1.287957634293476761e-02
-7.811005873002641042e-01
3.493056464403784256e-01
-2.484591498463884496e-01
1.704568557340099821e-01
1.883700063795823165e-01
-7.038016777236079102e-01
2.748170307139021218e-01
4.413833958152745263e-01
-1.663604278241302692e-02
-2.522316782557377790e-01
-2.050962675902908705e-01
8.373880577464851704e-01
1.612682883830331315e+00
4.834433977608527111e-01
-5.880672120502516975e-01
7.649374857823765250e-02
7.231119292308832436e-02
9.210242724215417232e-02
6.256698315659947607e-01
-6.819951542150655133e-01
2.178664244628387148e-01
2.332682123297613874e-01
-6.167806918605810429e-01
9.654707764449981244e-01
4.844496611250218021e-01
-6.573207271159244858e-01
-7.574897239357833989e-01
5.853182988641182360e-01
5.028677909588887829e-01
-2.307739783183699322e-01
-5.525681414068739361e-01
7.937306320350686617e-01
3.409144049314760117e-01
-5.060338331678140289e-01
-5.047289882379207837e-01
2.308840466952277737e-01
5.744373749619168246e-01
-2.903487235760773832e-02
-1.626663225375509780e-01
-9.669693713111472411e-01
-1.661469918643937727e-01
-9.711539206525922063e-01
-6.712005956360503900e-01
4.154827872751913342e-01
3.773512439725557055e-01
-2.460873583982067792e-02
-2.933514643808883826e-01
-4.997076510344349298e-01
9.252197687152594607e-01
-4.181578441933444523e-01
-6.977702122825794051e-01
9.828932069474044519e-02
-3.905890052434964899e-01
-5.227294984764425667e-01
-5.431347839430178404e-01
9.351671528574534431e-01
-4.052098381018046092e-02
6.396522864699680788e-01
8.054232291085683393e-01
1.478579692613305463e-01
-6.222041349892477591e-01
3.713257599221119198e-01
1.625335713769373802e+00
-4.847449839276335437e-01
-5.768675138163705807e-01
-4.876588615125636572e-01
4.523659576318249109e-01
-1.121402130048853585e-01
6.573535124126840268e-01
3.526567607348605748e-01
-1.929921751195140533e-02
8.882940585915144460e-02
6.988606354898424522e-03
2.388550088929281556e-01
-5.921768217087003405e-01
3.427814339642054065e-01
-5.784391044650097902e-01
5.691641768555025793e-01
-6.475728367025219701e-01
-2.217344206924673489e-01
-9.845054518525344633e-01
-6.044460001172703434e-01
3.824002058350391420e-01
-1.281792951162089356e+00
-8.456853580481692445e-01
-7.370513244943440734e-01
4.898374205822653149e-02
9.492048667568242504e-02
-4.683772448332882421e-01
1.934112499480683534e-02
-1.422377949553696452e-01
9.059779745871938961e-02
2.071128751175883853e-01
9.365621199439545519e-01
-6.018103108153486369e-01
-4.418363037977496854e-01
5.063225635394806579e-02
6.908477684608412828e-01
-1.150405755863995294e+00
1.111151548697373315e+00
1.099938090988111655e-01
-8.704681795979156700e-01
-1.802781302762146431e-02
6.134330677077148852e-01
4.357313247793737077e-02
2.647164244538786626e-01
-3.994433922886427846e-01
-1.168719727441759781e+00
6.070462735331516591e-02
1.516791703958637605e-01
-8.546057465785678042e-01
-1.469844807395185304e-01
-2.003202578833147007e-01
7.660342662919783496e-01
-2.376203148749442273e-01
3.880922780481232959e-01
-4.371448237760475197e-01
-1.801342532805944030e-01
-9.229773775362557497e-01
3.254141085128426925e-01
8.698591972180462761e-01
-4.154515241544497473e-01
-3.282404957132246115e-01
3.764622564907080249e-02
3.515701859649572603e-01
5.033124469385360511e-01
-8.150850634198965050e-01
2.580557728934605444e-01
4.067479257722984021e-01
-2.360739241844584946e-01
8.541785137507914571e-01
-1.218152872337243675e-01
8.562912246114736670e-01
3.740641976208809449e-01
-2.463068095181924488e-01
7.171090656734245838e-01
-3.461311960831258139e-01
9.457072976747272763e-01
1.793349873964856234e-01
6.917573409670418894e-01
-1.985644112935960603e-01
-4.862756939111060328e-01
4.293118051363826182e-01
-1.420464297102465911e+00
4.384822753047778465e-01
-2.694250264207412870e-01
-1.771979248981922217e-01
3.885570532565099655e-01
7.799621214994945095e-02
5.160124740092174589e-01
8.246307308955407311e-01
5.811166651744907874e-01
7.235651328963778051e-01
2.671929455024515399e-01
8.960049510486853275e-02
-7.331326010025658313e-01
-6.105305302903123454e-01
4.330859632560515871e-01
-3.416349232108150669e-01
-4.314836863257596189e-01
-8.209563882428723147e-01
-4.217444653406047239e-01
-1.958425377920526012e-01
-7.897340937257886218e-01
-1.843003835917608191e-01
-1.670270341381343338e+00
-1.825342862242120001e-01
-6.016904435249008642e-01
-1.189352307117895524e+00
-1.971041115162556756e-01
-4.161362536836557546e-01
-5.112352961833788179e-01
-4.849021958836295387e-01
-8.703993731761056063e-02
9.302265883120899859e-02
-7.504664067364850144e-01
1.758178282069572940e-01
-3.015267338589711077e-02
2.446217037078948775e-01
-3.835166597964975166e-01
3.050546818237094837e-01
1.047760886310563411e+00
-7.853924601856224763e-01
1.116750189465001708e-01
-8.057953986166144222e-02
-1.886432288711522853e-01
-5.549088091757864438e-01
1.044844002872328703e+00
1.537125760049103673e-01
1.963308188191579262e-01
8.301500733295206214e-01
-7.826029619752592481e-01
-6.765523835483885362e-01
1.248685834596978683e-01
-6.200434883898536809e-02
6.487111226169168798e-01
-1.895405130769539648e-01
3.683109311705957678e-01
-5.961743862951326411e-01
-4.887032629449086230e-01
-1.031505094787838139e+00
2.146785375778511862e-01
4.484037280458970653e-01
-2.996605985616094814e-01
4.748670478224860103e-01
-2.748569738476554503e-01
-2.114977496838921223e-01
-4.730061335984013793e-01
4.690952009848637361e-01
-5.400993065588350905e-01
-5.456742134922192011e-02
1.144921243222155605e+00
3.445395319635355391e-01
-2.174289396878837377e-01
9.753551301017642228e-01
-1.199732464624433392e-01
-2.768404525550406392e-01
2.062148442589998576e-01
3.563183479724607583e-01
1.499663837603518290e+00
-1.126137454178966824e+00
3.026709255208872573e-01
4.637405863789598737e-01
-4.439289511787083420e-01
2.323033291959152036e-02
3.476546197813986105e-01
7.240220283290605963e-01
6.973264537289578513e-01
-8.436987673511736618e-01
-1.138976177106043153e+00
5.057984367372132528e-01
7.235396515277747742e-01
-4.083892465065840360e-01
1.139881122089641430e+00
5.526140820599144687e-01
7.951088597394613267e-01
-7.099247409563407274e-01
2.509623111812883667e-02
-2.266536006481333354e-01
4.227196692670949218e-01
2.638352216557605656e-01
-2.677341488448778950e-01
-8.930899941767320160e-02
2.394759270652745964e-01
1.054149781096130889e+00
1.641476546267577330e-01
-4.390463567691763047e-01
-2.810412658085872373e-01
5.442515341802220963e-01
5.858275932373023798e-01
-3.579618912352426352e-01
2.315439516007434251e-01
-3.657079097468928786e-01
-9.269186091259731253e-01
2.855398820083284162e-01
8.200221113018907326e-02
5.496860474029459098e-01
9.315072438255806997e-01
-6.312903125609450328e-01
-8.361118299337807480e-01
-4.164536965568574889e-01
-7.924944561341625837e-01
-1.010843360482563541e-01
4.739561712143770533e-01
4.958559615953800903e-01
-1.709338125233847983e-01
-4.672930987848300521e-02
-3.247455394292042552e-02
9.876520261300956172e-01
-1.099626177436392016e+00
-2.366185193913281082e-02
-2.920827808861212183e-01
-4.983635645122774793e-01
-1.020004667805016751e+00
3.377354561602823879e-01
-2.265682806010574368e-01
-7.122774837506065104e-01
6.655704160766757749e-01
-2.389670177816844709e-01
2.037086379762855337e+00
1.550868739419784870e+00
1.983260084297928938e-01
2.838364624822901638e-01
-7.713573166800222758e-01
1.963297052024503275e-01
-2.912307108694770497e-01
-1.806152138641487159e+00
-5.057653912542976471e-01
5.855701328953851759e-01
-6.287061242375846515e-01
1.414652850694004538e-01
-4.573149409931027698e-01
5.500139518699440622e-01
-6.454506878177075357e-01
-5.537289866364899504e-01
-6.692881298506911381e-03
-1.042068631985660243e+00
9.531967168181384453e-01
-9.583352670702114384e-01
-6.646291565227615550e-01
-6.350320260102184644e-01
-6.552137407570963745e-01
8.825094069149610476e-01
-5.295903806086101895e-01
-2.752357396455784588e-01
6.667754135015425687e-01
7.396289455937392621e-01
-7.446992604764378354e-02
-1.593170026887441582e-03
-4.660235064264258709e-01
-1.015678663077721700e+00
5.120393778519394257e-01
-5.842316684389236014e-01
3.957178053419652675e-01
-5.551684609425686645e-01
-6.777050703620769445e-01
-5.366360927263362779e-01
6.436862120315401947e-01
3.902766978671823317e-01
-6.882077241666171297e-01
4.066054263791719636e-01
2.102316721949263056e-01
-1.100039798488673393e-01
6.774651137883885843e-01
-7.986847293751490051e-01
6.914989538118689882e-01
7.214744766118870167e-01
4.275281985247061378e-01
-5.530602458480541328e-01
3.869643176191953082e-01
6.850359440102338215e-01
7.719222109572395629e-01
2.867604740752640047e-01
-3.028624490651621315e-02
-2.955841198425729899e-01
2.248831507466330371e-01
5.734234130879059532e-02
-1.624750552208346632e-01
-2.446585123758230340e-01
4.714373190566650829e-01
1.626293006011309883e+00
-7.003514763985166924e-01
3.533421036389949310e-01
-7.523875915012661064e-01
-1.161804992323806296e+00
1.428109267040785779e+00
-1.903205717487095883e-01
8.593890188806851960e-03
-6.177296923327300071e-01
1.532554295935862343e-01
-2.892961810499644626e-01
-8.504600466374279133e-01
-5.945280526617802153e-02
-6.152579734973430137e-01
-6.662890658040835357e-01
5.512970957597832511e-01
-4.765155202566700443e-01
-1.336267706816477718e-01
9.254227281619309409e-02
-6.963095415543321121e-01
5.507946653597338704e-01
3.277387126133412543e-01
4.995621982367914882e-01
-2.778804253352373799e-01
3.442865984258149936e-01
-9.682688691733057906e-01
2.343729229322230601e-01
-2.165035580044820385e-01
-2.150036683857857733e-01
9.676934086843061444e-02
3.463154067704655725e-01
-9.287110795206909852e-01
2.844027068925649715e-01
4.913410792042230413e-02
9.300944046256927056e-01
6.480527852111067633e-01
-1.575849842811504475e-01
-9.400345769258355855e-03
-3.910543737719209823e-01
3.773801877540756133e-01
-1.774573398768125865e-01
5.373535949522616484e-01
-5.846413018089140490e-01
1.066130977309520667e-02
6.106044827058439983e-01
-4.602853701035172773e-01
-4.478629343698594667e-01
-5.290037222895460634e-02
-6.904932269518753163e-01
5.745577033625649532e-01
5.267811837670499653e-02
9.244118783254755556e-01
1.212899006017368470e-01
-2.977331389071042889e-01
5.177229371160551041e-01
-2.643681422581302121e-01
-4.145988849523149500e-01
1.864445050223850764e-02
-9.315477009233075201e-01
-1.637774884554336341e-01
1.749650020569549103e+00
-2.291182360511034161e-02
1.541892938988161932e-01
1.158372590451523854e+00
8.478194334673183619e-01
1.692815237470002288e-01
-2.400484003603392535e-01
-1.203258992673038597e-01
-7.473187375061977056e-01
5.072283773970615028e-02
-5.597031447876239796e-02
6.950896492909863777e-01
4.304091336208370477e-01
3.387477338600380361e-01
6.430474404216984796e-01
8.742188788656064524e-01
2.395595858288101510e-01
-9.394834981290711706e-02
4.856116448194972568e-01
3.432717362779275083e-01
-5.299921949563531909e-01
3.132149164087966176e-01
6.155768603898791325e-01
-9.720100473656064777e-01
1.633339626495117214e-01
-1.778806919725096636e-01
2.128763354591176049e-02
7.697380541168321599e-01
-2.520789086790514721e-01
4.643088284917978315e-01
-3.916825300524813813e-01
6.307257042599697661e-01
-2.043642135840806340e-02
-1.851558269932807588e-01
1.885291518787400866e+00
-3.138871607940837971e-02
1.266027784099838405e+00
3.773803362579611353e-01
-5.016386492033271249e-01
5.847870940646920923e-01
-2.046003227816628744e-01
3.464341179031741325e-01
1.584496203790347058e-01
-1.659630554401566316e-01
-3.659691473407638007e-01
2.598900727795585563e-01
3.715396184197366503e-01
-2.968365250259734078e-01
4.629838409650274267e-01
-5.133117567815931315e-01
5.236072818386214855e-01
-5.563282649700530547e-01
3.503328056166852833e-01
7.437357352957025824e-01
1.267441874725472317e+00
1.026083277150900086e+00
-7.006074638774014707e-01
-3.302099840832208311e-01
2.033351574600909539e-01
1.406764239249119475e-01
6.459942179411908292e-01
-6.600143624012551058e-01
4.965576790778838956e-01
-5.254266400414785154e-03
1.325111301657313057e+00
2.944034537403633633e-01
-1.546715190378320726e+00
-4.129768634026368401e-01
7.856144812359715512e-01
-1.484829533463309370e-01
1.262268349210385221e+00
4.773691956747240228e-01
1.310918036772935835e+00
4.203897257368358065e-01
8.186016078471794466e-02
-4.958984997146201890e-01
-1.472733236459124573e+00
1.500625695882737975e-01
-7.248730609584430606e-02
7.807785124580207681e-01
-2.277571633213157365e-01
9.869924427206583362e-01
2.546800454338228881e-01
-7.270322215532262211e-01
7.392516307499271688e-01
-1.418662732306563701e-03
-8.621912081940100725e-01
3.470883051517324042e-02
4.348030193573201863e-03
-9.808492214818005650e-04
3.957022849675873033e-02
3.071531651360898674e-01
-1.368479628562961903e-01
9.525517026642679186e-01
1.625527528581251380e+00
1.777174121381716043e-01
3.275127241931276023e-01
-5.611939374580969808e-01
-3.764152761917023415e-01
2.690255911861376692e-01
1.043794504610288332e+00
2.985564779933244095e-01
-6.818883347006650109e-01
-2.394270574418325970e-01
-1.281080686914207178e-02
-5.331989635808441763e-01
3.906428166915656419e-01
1.671411770369779282e+00
-3.429077838575458892e-01
-3.882170010651148084e-02
-3.076033807654142693e-01
-2.434803384513828661e-01
-4.898665840704459207e-01
6.926580604036333688e-02
-4.951147186559338997e-02
-1.017803152311989479e+00
-4.642779801370519044e-01
2.437303358409992904e-01
-8.508007620584995268e-01
-1.273620666258668654e+00
9.817348994325969525e-02
-5.458394413703445691e-01
4.978747095167074255e-01
9.409370993781156212e-02
3.078232383941340577e-01
1.418700135525693407e-01
1.351497469335899648e+00
2.583524194329941959e-02
-4.389095446863542360e-01
-3.682070664464592302e-01
-1.216129040698774810e+00
-7.899314566807742466e-01
4.016540511495823029e-01
3.328761381379631290e-01
-3.258244095438162513e-01
9.902504429402421149e-01
-6.042990060374048289e-01
4.973156347462014404e-01
4.794647302194763316e-01
2.291198178485252257e-01
-3.445759440425738562e-02
9.544857161133435408e-02
3.814542356039853921e-01
5.519453103851085229e-01
-6.176529780179675910e-01
3.071688698559462138e-01
-4.014235574191244993e-01
3.944802464168603584e-01
-4.765685959608261246e-01
-4.443359618106583198e-01
-4.782777204680725980e-01
2.458949432212080288e-01
1.181047204422906338e+00
-1.190180225167921879e+00
-7.743523174233245543e-01
-8.375440196680166149e-01
-3.469042691391528432e-01
-6.871195720542386809e-01
-9.881099268076418141e-02
6.301008494947967220e-01
-1.428434598149848078e-01
5.580088844818631433e-02
-7.437918171254884192e-02
-6.142496264370981285e-01
1.443335214488863372e-01
-1.431629763144966205e-01
-1.050576456895687127e-01
2.054289390889099953e-01
-2.892733110925398421e-01
3.227793905322404733e-01
