-1.222206473428806561e-02
-6.394281600980015190e-01
-7.393722261473922863e-01
-8.141278656403648784e-01
4.597259484575530464e-02
-4.465069566465289519e-01
-1.327980459134850411e-01
5.011118111642183237e-01
-7.874913867420851865e-02
-3.962160759752074712e-01
-9.575210009597090455e-01
-1.295090566458093895e-01
4.589731619719800149e-01
-3.021553440200810403e-01
4.974178027474931429e-01
-2.500033267013843652e-01
5.286357667871548482e-01
-5.470379395080785523e-01
-7.526171972307974523e-01
1.030838581874625293e+00
4.053726400981630951e-01
-2.665942100251512126e-01
-3.876663506097630663e-01
-6.869179525285755705e-01
1.663203763132547197e-01
4.041627754860654953e-01
4.987170385103292247e-01
9.719225650160581709e-02
-3.438432132460792490e-01
-3.252060418700676303e-01
-3.205751412450953408e-01
-6.684323058356778091e-01
4.099633696246061665e-01
-2.603253140278130040e-01
4.186986228514925079e-01
-3.645475556986563226e-01
5.332764075094120759e-02
4.872326956753040283e-01
3.503884435010501397e-01
-5.097989497914661161e-01
-1.497849782126549345e-02
6.309952884232661319e-02
2.846848814879648915e-02
-5.880641188293703192e-02
-7.101874404422408027e-01
1.083962578689805639e-01
1.919327053856804965e-01
1.577479669401009588e-01
-1.402931608989858581e-01
5.719425171821554965e-01
3.521481877093656787e-01
-3.808639530269100626e-02
3.284609897857518335e-01
9.595237275849135550e-01
3.982246768544940863e-01
-7.136555111705955579e-01
-2.533796792603039694e-01
-1.903586283746555585e-02
5.358280541959723475e-01
-3.862458668958621000e-01
7.085844637266239254e-02
-4.582425402353863531e-01
-2.659716473940891557e-02
-9.273266320781199668e-02
1.852572482672446008e-01
-5.617225402651873090e-01
-4.139644701780782476e-01
6.594136664471723641e-01
-3.243646678266455807e-01
-6.840815883865531966e-01
-1.271798011532214445e-02
-2.266601878149994698e-01
9.768656816037233348e-01
-4.723422913724740768e-01
-4.452942690780221091e-01
8.743980446546451013e-01
-2.875464783100576405e-01
5.867181316891835197e-01
2.856323845655384108e-01
8.286124355868312863e-02
1.230610326898309292e+00
-2.709878666325709617e-01
-5.271453991657171212e-01
-5.929503597786165425e-01
-3.945244519383164228e-01
-1.528475682737219010e+00
2.128219905082821828e-02
-7.276965603392124282e-03
-1.452965699816037570e-01
6.006994978482500525e-01
-6.720797476962081518e-01
-2.836132367366351326e-01
-1.506120860278143958e-01
5.302680148801428572e-01
-2.408607281030488434e-01
-1.919724524499909768e-01
-4.041956584860924018e-01
-2.777962549140506332e-01
8.815250561690164688e-02
4.534368007018229618e-01
8.075146908425474557e-01
-4.874058050822909216e-01
-6.002427469369958635e-01
-1.732830101335312567e-01
-1.065357856981258289e+00
7.041162470144521901e-01
-3.669966799606877439e-02
5.793896288835729269e-01
1.083608664260142934e-01
-4.300968125983211654e-01
-8.281920157471182042e-01
6.592852945979769119e-01
-3.684562209664812293e-01
-4.984303620070174023e-01
1.512846726097847316e-01
9.920456859164769603e-02
-6.168981100311832222e-01
-4.649792784282870128e-01
1.006752067374414139e+00
3.045978562815496171e-01
8.623079833777347325e-01
-4.103729867858694202e-01
-7.500180059772332264e-01
1.061691408988519186e-01
-3.868648717413316618e-01
-1.160464667004545564e-01
3.213865624656948028e-01
2.159039853725183145e-01
6.520653899073443061e-01
-9.648756421210067380e-01
2.136431946226892420e-01
-4.747942948871560764e-01
1.384448228453311280e+00
-5.639894427608761751e-02
2.764913858375023237e-01
3.171718936615250395e-01
1.024967561174857433e+00
-2.272860861615416117e-01
1.641821906464840941e-01
6.296498970904448322e-01
4.439663147249947595e-01
-1.140813865731854948e+00
2.648793578016941930e-02
3.389917955660381454e-01
8.424144680075534852e-01
-1.331704838691398773e-01
-6.899059490619361412e-01
1.698368314721118155e-01
4.929321602917782763e-01
3.343881193283243514e-01
7.915190100994626832e-01
-3.066822880631402126e-02
-7.800819246374571803e-01
2.189536748608315181e-02
-2.318923772932753313e-01
-1.605400212962534712e-01
-2.913708874831536511e-01
6.927760161252434212e-01
-2.051244292069031860e-01
-2.004912049187942136e-01
2.069020548877186227e-01
5.229573062469327072e-01
-7.727334038093616742e-02
7.597268700987955259e-02
-8.832337055693368910e-01
3.277944165946155008e-01
1.689749993563293418e-01
4.550824271939666321e-01
5.362094377110065979e-01
-1.006108351416179936e+00
5.195868183336196378e-01
-4.347076677970629910e-01
-4.256077074038195907e-01
2.948475443180788580e-01
4.871789799831420797e-01
1.106362934051539737e+00
-5.583446187772327374e-01
-3.299256257958141370e-02
1.074973332828429995e-01
-1.231159041527681186e+00
4.061091563963462048e-03
1.858094998997191771e-01
1.110068408070511214e+00
1.846783200505686673e-01
-5.153646591054217296e-01
-1.143576370576734891e-01
8.941607265294794216e-01
-4.547903568767610594e-01
-9.544057666151456454e-01
-1.695669770607303728e-01
6.688328229380002821e-01
7.558288524354799254e-01
-5.758572488626755304e-01
-5.275693802066405008e-02
-3.076866684718546630e-01
2.543953265138980124e-01
-6.820661344504073131e-01
7.530071420331957421e-02
4.750039146835688952e-01
7.874486720113168525e-01
1.233512044869175539e-01
9.023952072170289551e-02
4.045353392472320619e-01
-8.395620242187223914e-01
5.593950432986434240e-01
-8.093393058466875623e-01
-2.103997673205855179e-01
2.087471221571575997e-01
3.137722819410345143e-01
-4.622227877146513064e-01
-1.357111237394940106e-01
-1.024058368671679625e-01
-1.140231035715602470e+00
5.733530620912720144e-01
-7.019639344479700060e-02
-3.790366141640308939e-01
8.968217083666657485e-02
-2.334141178704240982e-02
1.666309500676255717e-01
4.609059895611439250e-01
-7.408831608670406466e-01
-2.416440548791520815e-02
5.342935934713534396e-02
-2.203494359629254717e-01
-6.587724676894096687e-02
9.889424716355252887e-01
-2.642459547005521214e-01
-3.314098127960837248e-01
4.377151517686309612e-01
5.430889841000221541e-01
-1.980359947146515809e-01
-1.084477430946234833e+00
-3.361742941114683747e-01
-1.596107991070161436e-01
7.556079197527737490e-02
1.970138490593779101e-01
2.969206158938969206e-02
3.049286316883302872e-01
-9.660530271930996005e-01
-2.208376826000513216e-01
9.061580692930707448e-01
-4.644515089187318813e-01
6.012020780495469507e-01
2.446619979128731581e-01
-2.230777867446593482e-02
6.820401334929764303e-01
1.033121954982312740e+00
2.073200086784101337e-01
2.694565824966663747e-01
6.638712894988233471e-01
7.985078322569645337e-01
-8.253119773150956462e-01
-4.841177638049206089e-01
4.165687560602200912e-01
7.656982321218314125e-02
-4.814674847978144823e-01
-9.451568911427172814e-01
-1.034161798931219733e+00
-3.466053210865861489e-01
-2.871814223635481000e-01
-2.426707404104068710e-01
-1.653136746119890366e-02
2.936514518627497683e-01
5.008138542468265619e-01
1.026549478299184415e+00
