4.423921807450739707e-01
-6.725266758012213297e-02
-2.079948904082110916e-01
1.883387184918562662e-01
3.964319425143829068e-01
4.774109997284389784e-01
5.556855991986405785e-01
-1.238359929923341096e-01
9.542336271921743589e-04
2.932697627159354115e-01
3.554939994714388651e-02
2.944786038506213011e-01
3.331833976288968713e-01
-2.835661572412598863e-01
-6.337580443923127582e-01
4.975331590697777973e-01
6.435760399833448386e-02
-1.396575553829842997e-01
5.471740247035459248e-01
3.141442870545051447e-01
-3.229195648851512224e-01
5.489024937347123378e-01
-3.563359850165602298e-04
-4.084691779993802896e-02
1.638251071713998086e-01
-2.151205142180105112e-01
2.639904093601688762e-01
5.257966189381547695e-01
-2.713153861092487129e-01
8.497642279433054169e-02
-1.618223834347956858e-01
-3.187759955934062472e-01
2.490422558429801758e-01
-1.953263905260446687e-01
-2.916842845607627299e-01
3.937095883703239374e-01
-4.255531770628729338e-01
2.795314147832288487e-01
2.669817678884608969e-01
4.065793016135574311e-01
1.250218102731496250e-01
5.788526805921920815e-01
4.387879535561656219e-02
-6.647037546446779022e-01
-3.428288509333035083e-01
1.437536639016092632e-01
-9.072340041639759267e-02
3.766660978091506684e-01
-4.547838640016541034e-01
-1.391030898758962020e-01
1.008485135494398971e-01
-5.604119483345408881e-01
-1.549631197917714642e-01
4.758023884539214210e-01
-1.401523668616554974e-01
6.443457754395802706e-01
1.394853673290851470e-01
-6.054150972574141587e-01
5.272307534947240359e-01
1.804912269882704822e-04
-9.638206183894552914e-02
2.893236812590894713e-01
2.360923153537390906e-01
6.722830594009895910e-02
2.594792997121149747e-01
-4.564307032562974209e-01
-3.324528561828202777e-01
2.826200553397218429e-01
-1.713871143005431252e-01
8.180354590449150087e-02
3.417048490804525662e-01
4.667758353878495026e-01
5.032013224955449449e-01
2.332482257505425483e-01
-2.215264651460009948e-01
-1.179605098489614201e-01
2.472351047586575923e-01
5.816969560787058069e-02
1.977836792648464403e-01
1.866112512458745487e-01
-6.095251015316491272e-02
2.436482670765500458e-01
9.436660174077066143e-02
3.198017499890980914e-02
-2.682345596806559040e-01
7.552946759395799681e-02
8.292949184869810586e-02
1.527473113759438873e-02
2.086399063112481106e-02
-1.076895680118642035e-01
4.471954600657030987e-01
-2.426233079363787626e-01
6.847102503646207428e-01
3.152807402698054595e-01
3.716243616969218122e-01
-3.283003888009168869e-01
-6.233451068238539117e-01
1.836199031948502168e-03
-3.709680900639843459e-01
-3.130937448939188905e-01
4.421086826938044889e-01
4.701107599769323020e-01
3.752124081163341063e-01
5.215383334397230009e-01
1.638155476869390670e-02
1.460476202646995292e-01
-3.562417358434457060e-01
-1.458206068720024375e-02
-2.777945595624884967e-01
-6.066094840441710323e-01
-4.091764584933677007e-01
-4.812216966329435075e-01
-1.627012653983342938e-01
6.559208985940101488e-01
2.763776723672913271e-01
-1.005618365347332038e-01
-5.382234118116576704e-01
5.824855065491962858e-01
3.462839836214596234e-01
2.608131593669596460e-02
2.765887101855021846e-01
3.508801069729782229e-01
1.090604886296528131e-01
3.447377954977403069e-01
1.060567389864223130e-02
6.186179755372454014e-01
-5.806720842297859175e-02
3.676471758251640409e-01
8.763852253800448466e-03
6.800987675696748211e-03
1.159462172643812572e-01
-3.999977830186444289e-02
3.432672198732747981e-01
2.012093862030731595e-01
-1.347513138913029318e-01
-8.590967924010109447e-02
-5.461597221696177368e-02
-4.555204086479208714e-01
3.446692897221177443e-01
-3.248269688220017382e-01
-6.125366509129236414e-01
-4.786967269877340225e-01
1.788476126039954539e-01
-2.691949060068741240e-01
7.609983040978965385e-02
-1.291870514461214425e-01
-6.252104689730162423e-01
5.317126261384632624e-01
1.943038585384785355e-01
1.763725523493504810e-01
1.881980587073780187e-01
-5.981503125191084402e-02
-3.282461346214046172e-01
8.120504705673532719e-02
3.037487757527045362e-01
-4.152263127052181479e-01
-4.250179025529637333e-01
-3.520963992048594671e-01
-2.623822771342601556e-01
3.619739606542694554e-01
-5.724616800332267275e-01
-4.202992971408203160e-01
-7.281454960000478538e-01
-8.089123814981864502e-01
3.593349612315036024e-01
2.289444836538040984e-01
3.226875732334281155e-01
-2.677360854178131300e-01
2.598417297746002941e-01
3.514570935122514062e-01
-4.800216986592244495e-01
-4.312765912250195871e-02
-3.575674823691912252e-01
-6.913635801537421077e-01
-2.205124070589569441e-01
5.640749650758935391e-02
1.002867255812282671e-01
1.747235674980524012e-01
4.525033330930747222e-01
1.773668616107122731e-01
5.519531098539987024e-01
-5.240642693502681748e-01
-1.130088160082401150e-01
-7.130747169842324151e-01
-2.435940935167115462e-01
-3.970647432453318637e-01
-1.089490352756004865e-01
5.320001796855508003e-01
3.576591377776300318e-01
-5.513895908134638368e-01
-4.514353425103620476e-01
3.215998295402761054e-01
-4.249263205377587505e-01
-1.590247647342609219e-02
-3.362772214467695253e-01
1.733975169260104643e-02
7.853095399529694265e-02
-7.364026701871217995e-02
4.282656056858293869e-01
-1.371887754515213609e-01
4.207639337074556285e-01
1.642782024266195851e-01
-2.954531993055484196e-01
-2.808621711572831803e-01
4.299749439843567056e-02
2.011636695538504549e-01
-1.296094767845379914e-01
1.914732069305161155e-01
-5.484200960905101230e-01
2.488341885230796746e-01
1.861060442257197745e-01
3.653969997500044475e-01
-3.510739146911885378e-01
-2.496186335150760160e-01
4.349926887399730990e-01
8.870629403148244663e-02
6.569083900811363286e-01
-3.882739011110443450e-02
7.782746138844985964e-03
7.074161321252071533e-01
-2.736078644956274619e-01
5.885000885001744342e-01
-8.188750540100259157e-02
-2.231279421163211707e-01
-3.087763047518632398e-01
1.930692810146137084e-01
-2.249581466280101139e-01
-3.420290591560957161e-01
1.184396448231612720e-01
2.065227263739493058e-01
-3.698880418795466030e-01
-9.708601694949145489e-02
5.257118063043637601e-01
-2.476281323249237554e-01
-1.705847889077605206e-01
-6.593185032261726641e-02
1.464755623747289459e-01
7.927384677425254600e-02
2.554742739488773395e-01
-2.926729016093789285e-02
-1.595386046417252568e-01
-6.822270248785949898e-02
6.642115295719027701e-01
-2.037733203369306856e-01
4.581265247881163294e-01
2.245107469335497763e-01
4.960845539261480273e-03
2.173492819894712047e-01
2.415403033302499503e-01
-8.787922855922122856e-02
1.992728189287366614e-01
1.477471059869682191e-01
-1.743827672307603494e-01
-1.548678205680907860e-01
-4.165880484619454704e-01
-3.049712662613756620e-01
2.265223503994314713e-01
1.904388468897542097e-01
-3.692651700106454049e-01
7.240031519920769876e-02
-2.768294357967911457e-01
-2.747349301151805201e-01
-3.806213098066323353e-01
-9.145173824860652889e-02
1.476632994369404817e-01
6.475642041558650475e-02
1.673621532582632576e-01
-2.461221909304564248e-01
4.156915351504382738e-01
3.524116866975251505e-01
-6.332714320209154035e-01
-1.707909024019877917e-02
5.480336274137952435e-01
-1.120748711326478020e-01
3.440936869084061933e-01
-2.305303084983809647e-01
-1.532859985395970126e-01
1.702055548794800532e-01
-9.954264117601877015e-03
5.525440382832703945e-02
7.091905338025591976e-02
1.466896871418565673e-01
1.561009933817811973e-02
-4.851906210656301566e-01
-3.169714534559870400e-01
3.832817230349432336e-01
1.266623056465120689e-01
3.252639385988378429e-01
-6.360553263155326320e-01
-3.144151600381348555e-01
3.863626236742544462e-01
1.239123131392011884e-01
5.675610312913520472e-02
-3.515929303102239278e-01
-6.289701995601264528e-01
3.655180402320097333e-01
-2.684632152138086841e-02
-3.216556863203491878e-01
3.723268704480324487e-02
-5.358164334543005225e-01
1.728029736828360363e-01
-4.095885631262450310e-01
-2.710204159718719308e-01
-3.163406447483203543e-01
-5.090404858779172814e-01
1.131726253874409255e-02
-2.633167568007208081e-01
4.295546985114066518e-01
-4.551961371291306235e-02
-3.993824592212400493e-01
9.285434245914131468e-03
-4.170246482260208110e-01
-5.360110378235098949e-01
4.416959577767694961e-02
-2.825964869821584458e-02
-2.089947833075166406e-01
-2.461545850671057953e-02
1.666277928077261883e-01
-2.446058413932065967e-01
1.640161894058766168e-01
-4.895625180212512806e-01
-6.269256789321800416e-02
-6.962369853379835050e-01
-4.040727407510257274e-01
-5.800008680748616197e-01
4.900162713918787549e-01
-1.963302735614006443e-03
-1.834487116056974787e-01
-2.405509771566452515e-01
4.750214197013547524e-01
6.137084171036585323e-01
4.296824396338723706e-01
6.292787806103310455e-01
-2.121407988166094105e-01
1.409562816235729842e-02
4.124699336069798106e-01
-3.778339794865289147e-01
6.194026704475816825e-01
2.087295959565403924e-01
1.175349401455900722e-01
1.406333556419788189e-01
3.284307404385578000e-01
-3.148990375912166240e-01
4.698968001934836769e-01
-4.983442788446048599e-01
1.970808726694961988e-01
-1.442133158134064896e-01
-8.305952515531075941e-02
-5.328222863858320668e-01
-1.688780767303819097e-01
2.357776889842558288e-01
3.536655226745366032e-01
3.261211352396844454e-01
4.561521543362703213e-01
4.278516103269663917e-01
-2.010301343709091082e-01
-4.781539332255978492e-01
3.799861522227634403e-01
2.454746838598529102e-01
9.868613700533124256e-02
-8.420293548862400890e-01
-2.271960554899681017e-01
-3.247097615536123638e-01
-8.372930637349643157e-02
-3.337403268992530370e-01
-8.517921399839067931e-02
-1.230074821177487565e-01
-2.316176068070268101e-01
-1.376125035926768769e-01
-5.123405084420138422e-01
-1.837489033248430326e-01
-6.689012528658957457e-01
1.207547361383636275e-01
2.795611299767716273e-01
4.849455140988717661e-01
5.186417353467744906e-01
1.950157565460823028e-01
7.151432609382601946e-02
-2.143633687946252253e-01
1.953311122068382422e-01
-3.590346809938835260e-02
-9.409394274583456064e-02
-3.593304422963855549e-01
5.288486093383564235e-01
1.460905234406699449e-01
1.921249317207495977e-01
2.600770879728125928e-01
-4.717546232466758305e-01
-9.843235560617964036e-03
-1.327704725762675619e-01
-4.222822662846715258e-01
2.578323399607371780e-01
-5.329822080690915787e-01
-2.074663576877672222e-01
3.387212697395651784e-01
-4.358121363741307430e-01
5.562564188418020472e-02
1.891153833503715354e-01
9.144874627174384707e-02
2.319134494509644262e-01
2.759721761901035020e-01
4.920396920215606151e-01
-1.510413362614948796e-01
-3.055974375000441445e-01
-3.561917989017181208e-02
4.567530144920522450e-01
2.994079557494791488e-01
-2.571382314115524537e-01
3.907675665500658091e-02
-4.587633983005739990e-01
2.274498867811540204e-01
-3.952031223957285649e-02
-1.269265853677987721e-01
-1.611938301505112803e-01
2.208767673198986647e-01
6.381871424266348791e-01
3.551991169435594342e-01
4.749182848700972404e-02
3.686709456804383445e-01
3.640276536925530770e-01
3.590329334429674946e-01
-2.006093035129083990e-01
-3.380876294828663031e-01
-2.543858353051393628e-01
-3.655208883854405011e-01
1.048102333959978899e-01
3.996466351140556261e-01
6.491944514884928630e-01
4.849833698741513599e-01
1.914764277490668964e-01
3.721982717888788761e-02
-2.754537428384577491e-01
1.001498167249599280e-01
-5.376299158074172163e-02
-3.009753628507018108e-01
-6.755864831865177056e-02
-5.651670429238506710e-01
-3.053606909519739898e-01
5.704286312756150501e-01
5.595964301195258672e-01
6.552103521379856743e-02
7.387227156344597923e-01
-7.368963283444653900e-01
3.273678501794307083e-01
3.122810232612948100e-01
-2.941873142193333623e-01
2.268437031597276554e-01
-1.610189114830071488e-01
4.131794962682031613e-01
-4.613615474265887473e-01
1.745958464092188800e-01
-1.497881060015341659e-01
3.722953739018466379e-01
1.916636466001366834e-01
3.834423989730628146e-01
3.069632256288249983e-01
3.348556908799570075e-02
-3.851822190389686540e-01
2.180527025401339525e-02
2.189504256697031859e-01
-7.465723912027164566e-01
2.737744149991461207e-01
6.022744553403975853e-01
4.893646648038897373e-01
-3.216376992832779003e-01
-6.240488660715262093e-01
2.540426300860901265e-01
-7.099974587135854387e-01
3.379884560390487014e-01
1.886873954015578780e-01
-3.863293327739271699e-01
2.503254681326132491e-01
2.450703630788368115e-01
-2.734668948157783497e-01
-3.411960285758811745e-02
-3.736531098364987979e-01
2.343985378307656131e-01
-1.641912688141042576e-01
-9.577499945522865987e-02
-8.043158093049398993e-02
1.345491258775811105e-01
2.527644061329328840e-01
2.792154972468339214e-01
1.495718670731480682e-01
-1.719767577519623614e-01
5.063283854603207734e-01
-7.534398268613519412e-02
-1.264241860750327795e-01
-7.175810992582987158e-02
-3.529665915275894128e-01
6.436263918703855058e-01
2.156440163472178317e-01
-3.832902513516396326e-01
-3.821891578860633354e-01
3.706953770716685248e-02
1.122950027061246636e-02
3.131836601122696684e-01
-3.930588362347776643e-01
6.701620082097675679e-02
6.416988547103294471e-02
3.565234404194686513e-01
4.468048278092994208e-01
4.738841054770575600e-01
4.487965622066687477e-01
-1.393204973712226791e-01
7.075114719102724159e-01
-6.070680199911014929e-01
-4.717698222994333723e-01
-3.077596790706209617e-01
-8.466953265752438784e-02
-1.659871431096106298e-01
-6.356998598947745105e-01
6.515266200813766284e-01
3.411779577437024646e-01
3.396189021039643929e-01
-2.173875128224482534e-02
7.584239539596729363e-02
4.292563988417219534e-02
-2.167338125266771859e-02
2.128443237161553592e-01
-8.615613107343592092e-02
2.371677968985052773e-02
6.831974986178007692e-02
-8.938868801120793128e-02
-1.109098867152118195e-01
-2.020943017820122645e-01
-1.080212494300178405e-01
-1.132073746939427222e-01
1.094742536614364270e-01
4.372040188547930417e-01
-2.376914321935963970e-01
5.124940808290646688e-01
-1.291218623545577204e-01
2.708748406198410383e-04
-4.108555465256675809e-01
4.206026583379599004e-01
-2.951758364566865467e-01
-1.945037936432659764e-01
3.528417509346477576e-01
4.112220605156573505e-01
-2.864890337864053893e-01
-2.672091705438937037e-01
-2.439194849177127866e-01
3.342948339829548976e-02
6.305733026225561755e-01
6.236533490060541807e-02
2.027000784608630757e-01
-9.730094324771317027e-02
1.690677188193070307e-02
1.907226760949242428e-01
1.681250692196882834e-01
-1.971346869522027090e-01
-1.111735575550487909e-01
4.689505003314397569e-01
1.864993773915751274e-01
5.904818596845293893e-02
4.668397916918931023e-01
-4.349042048286358986e-01
-1.701019419135108568e-01
-1.884371477350317015e-01
1.616378447689694187e-01
9.642599201181373259e-02
-3.192507298312532993e-01
-4.093509340932495189e-01
-1.895848775945961906e-01
2.257161279210329607e-01
-1.823575669454986503e-01
4.031195393734422761e-02
2.722270047242431601e-01
-1.011164009340629749e-01
-3.400007144041624074e-01
1.779954215822520669e-01
4.981923494376589434e-01
8.099944136992197341e-02
4.946222668110565601e-02
4.380670442184381175e-01
-1.228437596721453778e-01
4.912210957257961974e-01
4.710643952345310859e-01
-1.616339317835178979e-01
-7.912935911611718165e-02
4.024386217703480040e-01
-3.490004702493725297e-01
-3.368310544361551306e-01
-1.125326175426260289e-01
3.354808387712946427e-01
3.309480904876571650e-01
1.410665194556034452e-01
-5.272193160551550406e-01
3.463366296174039127e-02
-7.601459604477190934e-01
-3.254127632246962554e-01
1.243263005021826018e-01
3.379020828087324624e-01
-8.590065949935070388e-02
-1.972876085472955732e-01
-4.060363086708996816e-01
-2.801039341584616316e-01
2.931626155914243692e-01
4.577341900189151880e-01
-5.396615110764233503e-01
-3.117271137105503964e-01
1.052922280596361032e-01
4.047794544090935025e-03
6.539677251109624057e-02
3.828702462390861094e-01
1.607767238532550602e-01
3.923085324990754352e-01
2.302213519230550953e-01
2.820199801702237274e-01
-2.314347611797096943e-02
2.730867137386171484e-01
1.619973490545059680e-01
-2.636310399837641927e-01
-4.672221937641668488e-02
1.742736738893684856e-01
-5.321172983397327583e-01
1.458792178321861310e-01
1.093841877883870717e-01
-3.681382956232615022e-01
1.094433662091057469e-01
3.556225427049845011e-01
2.414578706078347459e-01
-1.006733276170578284e-01
-3.090293348232704407e-01
-1.600322495408788015e-01
-5.564177992350360924e-02
-2.722876276035696708e-01
-4.344580162011197344e-01
-2.964439551609663881e-01
-3.339009058343379022e-01
4.998749931430256921e-01
-5.496945032157067867e-01
5.940471566365592704e-01
-4.187371940064210651e-01
8.836881794513445909e-03
-2.704731382936796935e-01
-1.875171060723889727e-01
-3.586525643739891800e-01
-1.919674336123817215e-01
1.476144098694968931e-02
-1.475926213764843821e-02
-5.248975641794788594e-01
-3.873800361072442522e-01
-6.793768500077118633e-01
3.570017625878104672e-01
-8.299147040526352881e-02
2.088235324518549207e-01
-1.823366921500274920e-02
3.432791869137149510e-01
-1.763654868993835001e-01
8.145765529821309692e-02
-4.032411566881730636e-01
-2.972110876743381258e-01
1.396751987388784866e-01
4.807076906918619219e-01
4.017268800534426476e-01
8.899325169024578652e-03
2.992006843030082380e-02
-5.482226823810377736e-01
-7.514491337782625013e-02
-7.508378266588092154e-02
6.804018899559700628e-01
-6.764126408068621421e-01
3.732533385105187840e-01
-2.147887497213904207e-01
-5.334226518634369585e-01
4.202785960966547441e-01
-2.283502077025583166e-01
-2.205541590707203181e-01
-2.063025790425408457e-01
-2.515107239771984249e-01
5.631906540092453950e-01
7.067213500856612818e-01
-1.934887626886888645e-01
5.337507871455565711e-01
-2.911304439567894420e-01
1.791935009069278162e-01
-1.702169658198409152e-01
-4.458372604512501058e-01
7.467967302879386926e-01
-3.318243573626866172e-01
-1.192128352967197769e-01
-7.817545523936505480e-01
1.776839512247437858e-01
2.361155360462290909e-01
-7.193693048745246343e-02
-7.305787983662405116e-01
-5.954782327161054489e-01
2.081109837124439088e-01
-4.646183140391488831e-01
2.219612004218260715e-01
-5.693267525625250736e-02
-4.737988554395295426e-01
5.319780416525232702e-01
-1.056621440811252727e-01
1.679291535575592187e-01
-1.320637681853603085e-01
3.709988871494430684e-01
1.420857481301258107e-01
-3.422681348035465643e-01
-1.890084663586424352e-01
3.850586612764942407e-01
5.339371377932677909e-01
3.018830098752921520e-01
-1.787507558194860458e-01
3.772005214889390112e-01
5.846091334362304437e-01
1.845670456352859479e-01
5.609390475305112700e-01
1.822439233200728315e-01
-2.239170569496676533e-01
3.552328367711798385e-01
6.909057281342713408e-02
4.844088008958944425e-01
5.409452382222789124e-01
5.222514317657427352e-01
3.947004862992057883e-01
2.203975738902093362e-01
-2.207862304173817680e-01
-2.096652749472235344e-01
5.771343149383382221e-01
8.588519583742623698e-02
4.300211321396809061e-01
-1.746695537881040594e-01
-3.602346341546490693e-01
-1.427390163903176357e-01
3.303575430521509260e-01
8.556150952616123351e-02
-3.477356232273394188e-01
6.544760104241915677e-01
-1.777641664908608254e-01
7.206009535993598281e-01
5.290410818563813511e-02
1.230929167950542413e-01
3.042196398008186753e-01
4.677722951499999615e-01
-2.132203287162329486e-01
-3.892885235379910380e-01
-9.859109656605589966e-02
-4.616175275123628463e-01
-5.577590927069804305e-01
-3.863199724461203743e-01
2.165488302990309644e-01
1.914564273405383599e-02
-1.601424722314684079e-01
3.686198407421094614e-01
7.058626064675351808e-01
5.482636048740878454e-02
1.304545281459667527e-01
3.963069399575377960e-01
-2.979887664835510763e-02
-5.194311625487448847e-01
3.734528072469847082e-01
3.322980961915949494e-01
4.407499582552035777e-01
-4.970692102536241053e-01
-1.007230658010712654e-01
-4.881379285119107347e-01
-2.489885286899269634e-02
-6.598934868219538674e-02
-3.452894425488367558e-01
-4.926252773654128392e-01
-3.621159093065190460e-01
3.932556390688479730e-01
-1.117221140933610246e-01
-5.158524127028550899e-01
-5.853215186792257718e-01
-3.399577506341360800e-01
-1.583219822841076263e-01
-6.569485991716146334e-01
-5.723335048179456486e-01
-3.253001168570344714e-01
-7.628897292163547839e-01
1.306820605316901807e-01
5.872313234399035853e-01
9.334382198370055894e-02
-3.327020599353067154e-01
-3.593415750024271660e-02
-2.129251140642944851e-01
-4.587661954876166570e-01
1.619065134699680941e-01
5.256323678619475581e-01
3.421207648878060170e-01
5.591071746057885150e-01
6.747403223044474707e-01
1.200263304917591201e-01
-2.162976237333832374e-01
6.710783221178098223e-01
3.942737205547583446e-01
-6.939607214031327798e-02
3.238783793888155849e-02
-2.097213679229683048e-01
5.205040543816904369e-02
-2.302620410614478197e-01
-1.247482217597763177e-02
1.463169092051646303e-01
-2.243179579164866766e-01
-1.297412620139471728e-01
-4.904985691547435189e-02
2.336054220222742450e-01
-5.613726808350842923e-01
1.806832864365374713e-01
5.611860868607937425e-02
-2.738262830996944230e-01
1.845377248143666438e-01
9.219748224065971165e-02
2.721147293685366453e-01
8.895121557038299098e-02
4.434075288442528295e-01
-4.290853136026796105e-02
5.834494307438452543e-01
2.827718241163028612e-01
4.742798826487914510e-01
-8.492165083365436073e-01
-3.045699934161207878e-01
-1.020580736537902988e-01
6.060957566428115673e-01
3.029441781686674773e-01
1.432977601581515992e-01
2.539440839794593896e-01
-3.754007063448768222e-01
-1.586593469047003491e-01
-1.122853182680262074e-01
-2.222532500394235055e-01
-2.812955568495654202e-01
-4.195442935316288091e-01
1.275748379842777669e-01
-4.806186555892570378e-01
-3.570112980829546201e-01
1.242684081059413914e-01
-8.986570485473086012e-02
2.443313138835104953e-02
2.452598901437087198e-01
1.369721153905506528e-01
-5.089708385687859854e-02
8.367680801275634295e-02
-1.821610503927814928e-01
3.658074156725023458e-03
3.741887926567522005e-01
3.128332418096179124e-01
2.590932870669342414e-01
1.536742547756043964e-01
7.258746235634679911e-01
3.501674339437599315e-01
-3.089441930946216219e-01
-1.387044107670745985e-01
2.877613881207863877e-01
-2.083186514033699144e-01
3.059285971302551088e-01
8.305788961011813243e-02
6.756305669040636730e-02
-3.043609605780420724e-01
-2.681586724495343965e-01
4.111270897191361962e-01
4.458444256388074400e-01
7.811485124893990939e-02
1.054162783472560594e-01
-1.549353391502315269e-01
6.954800081348433416e-02
-2.631977924614453679e-01
4.686009126843747596e-01
-1.328677808908345914e-01
-1.961338814512039730e-01
-7.743674751415777213e-02
-1.794767595584071951e-01
3.971704055181969339e-01
1.089641253426210099e-01
-1.137860160281211203e-01
-2.735305514560354076e-02
2.940496574340314972e-01
-1.248383782529636915e-01
7.309288084154121068e-02
1.087353963315353632e-02
4.396267229227751594e-01
-3.989821239394374386e-01
1.580390643205547563e-01
-5.078180924532105234e-01
-7.938354879840278655e-02
5.782990021019738386e-02
-4.391711358762763195e-01
-4.574644818649491462e-01
3.517859957945364546e-01
-2.931702582143220770e-01
5.947826860753618883e-01
-2.072267905242514974e-01
-4.556017705724047517e-01
-6.331394073289745017e-02
2.965452856253794622e-01
5.175658334918490366e-01
-5.111419734372468771e-01
-4.678441261287397124e-01
-6.218890226221781420e-02
3.562613653591749641e-01
1.677639514751823324e-01
1.500810545171540611e-01
-4.793216041541663308e-02
2.522985519095294338e-01
2.513213425227126541e-01
9.075624928336718522e-01
1.453449181599108520e-01
3.304403777484077875e-01
-4.060308724320535467e-01
2.261354730413589753e-01
6.143464582836788423e-01
1.142345614769963158e-01
3.871342247695864769e-01
-2.473027893992920945e-01
-4.321396860958033326e-01
4.128490415891342136e-01
1.848235414987155212e-01
-2.213369691531705541e-01
-7.695183416318595454e-03
-7.078120668036841368e-02
-4.587877010728747540e-01
-1.395211673613259706e-01
-2.727186116520180503e-01
-1.023857278322886366e-01
-6.096379195033865273e-01
-2.495689480846221761e-02
2.432590818486123352e-01
-2.027597458817226861e-01
-6.911437334868043847e-02
7.883903458320965646e-03
3.542068897989967824e-01
-3.783806082181718766e-01
2.768383735259811740e-01
-5.120352492752145990e-01
2.803173006166384540e-01
3.508259884216993196e-01
-2.808079513391688042e-01
-5.501281776574979965e-01
7.487070872372136865e-02
2.504053744891534539e-01
-6.623645020459240085e-01
-1.033471060866857777e-01
-1.587731309623878484e-01
3.097141713866296674e-03
5.892689716466205374e-02
-6.781939996869992826e-02
-4.732521287486217698e-01
1.430751291625651234e-01
1.589763353537236301e-01
-2.875567152196108478e-01
-4.084147206829830679e-01
-7.975451050461828881e-03
-7.537037558494362466e-02
-5.183281096296861179e-01
5.770467556245767460e-01
1.725954317302947350e-01
-7.083355482710720352e-01
2.279738615447105543e-01
2.707760852743369001e-03
-4.664960624077361950e-02
-3.050052933370793196e-01
-7.685373147661889170e-01
2.788878719445492815e-01
-2.187917161110693454e-01
4.111946669013722966e-01
-1.551139529591571142e-01
1.689211650020477073e-01
-4.289730662490460755e-01
-5.649328574292629412e-02
-4.123908682820761618e-01
-5.027382573872317684e-01
1.315266816331905064e-01
-1.533883471613398108e-01
1.127370244445547592e-01
8.183220452367185871e-01
-5.024458423438682431e-01
1.762600766374802230e-01
5.054826972204193858e-01
-4.308426346811748409e-01
4.808486819904509435e-01
3.004471301808669392e-01
1.369916682881040515e-01
7.774057257555171407e-01
-2.728542110401767640e-01
-7.530054584196308465e-01
-1.886751135012992853e-01
-4.856449276550861560e-01
-3.523917916369474074e-02
1.613666880035365958e-01
-1.458547804159394667e-01
4.041426336813976894e-01
5.612988848031131850e-01
4.986726756875805577e-01
-5.846615901633611667e-01
-3.586224980228767123e-01
-6.121027073177427447e-01
2.903947389579203051e-02
4.821016604381459514e-01
1.601759089681780435e-01
-4.184020230385702144e-01
1.854852788239490513e-01
2.923900067172460204e-01
-5.307881589700167435e-01
-1.030047748751865833e-01
-5.463453159265634351e-01
-2.794594250621880438e-02
-1.230975360944436270e-02
-1.249648638740406409e-01
-4.451556959316551598e-01
2.681839226715563296e-01
3.240482082495080990e-02
-4.803338349930067475e-01
-1.435237851336791937e-01
2.412396281122605735e-01
-7.535897723015078098e-02
-6.288258856985621259e-01
-3.059262751678371028e-01
2.945475095556392836e-02
-7.971313383886017290e-01
6.102953408205055164e-01
1.916715388366306283e-01
5.885561153822285174e-01
-4.801209064031202178e-01
-4.006449261369403048e-01
5.966716458552290270e-01
2.599611300464912955e-01
-2.784836693111934491e-01
-1.407650482047546614e-01
4.859631099709362245e-01
-5.821348789675336033e-02
-1.422375672831336368e-01
2.746728911523601546e-01
-8.933090223593062595e-02
1.670493634723436982e-02
-7.339501608913799602e-02
-2.239268461681981001e-02
6.869295529200061257e-01
-2.171353933324784713e-01
-4.766443663419729360e-01
-6.295254142867605651e-01
-6.522359359837172077e-01
-2.205880340098960724e-01
-6.606366864592778942e-02
2.859233664963501398e-01
3.140573567540773103e-01
4.872641476248379400e-01
-1.743228593676206806e-01
2.467171298550232539e-01
-1.255426328699597860e-01
2.977094261534929953e-01
-3.112649862183732852e-01
-3.159770046526860776e-02
2.745308848832978543e-01
2.664549337410149765e-01
-2.091102236285421190e-01
2.153469456685869199e-01
4.786323057377173673e-01
5.370484766580969627e-01
-3.733907804958734866e-01
-2.648123552022680349e-01
5.955378286168337698e-02
2.180715411794780789e-01
-1.636835007029356637e-01
3.357034365705653944e-01
-5.060102074349581529e-03
-2.152811885290261129e-01
6.150845711340616750e-01
4.213709432979316771e-01
-1.062280525668158997e-02
-1.286530158286213199e-01
3.436654229832880048e-01
-2.304539064708528429e-01
3.301225746422296603e-01
-7.344939540071239448e-02
3.147190441036678554e-01
-1.008033227982724905e-01
1.773781400390300189e-01
-3.211146225288763478e-01
-5.662842968765513518e-01
-5.964351012878446046e-01
5.108719040515669052e-02
1.988102871583506404e-01
2.314609384317997676e-02
2.076626644552561352e-01
-1.057296317686695769e-01
-3.395595982444943317e-02
-6.581325090792443377e-02
-1.399944748697958263e-01
-4.988327783083087996e-01
1.018049968586365733e-01
-7.086335682621361931e-01
2.068211592961436418e-01
1.459296470747392105e-01
-1.221089574619835944e-01
8.774787987116058341e-01
-7.554873879693717320e-02
-2.639143349324750698e-01
-2.726781126462371474e-01
-1.371114704288067254e-01
-4.338293598307167015e-02
-1.495033956615042237e-01
-3.270268228806587629e-01
3.742135428017772103e-01
-1.410405462992989911e-01
-2.187878234038857506e-01
-2.726888266237503244e-01
6.126386991895532708e-02
-4.598100338603007264e-01
8.926491916454665221e-02
8.318710701174075739e-02
2.110953333822314371e-01
3.032954538489097129e-01
5.382046309685499796e-01
-3.176887569271310413e-02
2.862272274736025190e-01
-5.484559541453813969e-01
-4.574560011776407364e-01
-2.784290098180764450e-01
-2.275392695053357062e-01
3.701210553492926270e-01
1.090083391615108942e-02
4.720027024770900859e-01
-6.523968493405426505e-01
-2.596193468016694261e-01
-1.544908707273882631e-01
-5.768143492338231315e-01
3.254992946001898924e-01
-2.361691746588943652e-01
-1.928428668974459248e-02
5.743240985365555273e-01
-4.084008866966999940e-01
-4.059841770302330954e-01
1.544884029834869832e-01
-3.540826618190345831e-01
-4.045547256515865664e-01
9.626625453151757550e-02
1.485666577008844802e-01
-5.274966551515837543e-02
2.622424276809460775e-01
2.365063258177442507e-01
7.742167273748168377e-01
-2.162878079190369007e-01
-3.840172561395714945e-01
6.758087628122837476e-01
-6.281364524707916397e-01
-3.771923078198232138e-01
-1.023957817747398330e-01
-3.817424485775263582e-02
-6.061238521744033436e-02
5.060557025609905418e-02
2.673669001259552092e-01
4.444038719403594628e-01
3.778281778085871290e-01
1.462460627454626461e-01
1.672967354269891058e-02
-2.930198576889908035e-01
-4.494175519285309450e-01
1.650997676217020871e-01
-2.478463426262447478e-01
-6.368870775524309025e-01
-5.238224840104399593e-01
3.180805125978732883e-01
-1.858968710055268758e-01
5.654451748010503875e-01
-2.700117206744756526e-01
4.954271674124609004e-01
-4.530654700573268356e-01
-6.132505857525104298e-02
3.097871108941290808e-01
5.030513109788896375e-02
-6.809479949686420876e-03
3.758690396330282568e-01
2.048027552525040762e-01
2.733476775452572949e-01
1.236690553025245887e-01
4.402798005944356940e-02
4.295470955574155411e-03
4.582619441982348496e-01
3.602838602100966736e-01
5.773008195873055581e-02
-4.278945152077652248e-01
-2.374191442992859002e-01
-1.532318461708998270e-01
3.115555322723712606e-01
-4.469538761998993470e-01
-4.595672818120484782e-01
1.430340100802953707e-01
-4.856380452257830216e-02
1.471755825631143044e-01
-8.018344700745147491e-02
-6.570751596547461659e-01
1.355561685394468807e-01
-2.867839857485941502e-01
-2.076364507831920669e-01
7.969574074388773022e-02
-3.144292799224524537e-01
3.002230461687522833e-01
-2.724004876085041604e-01
1.444317123039294271e-01
2.105526744118809412e-01
-5.528239104944731030e-01
5.992739193053195912e-01
2.485942851335063986e-01
-7.117295645918718383e-02
2.595793355085072029e-01
1.879142547900480020e-01
5.701446338519267076e-01
-4.802486113602577600e-01
2.098659592470958901e-01
6.769213287333467610e-01
1.922055825858320632e-01
1.260441430367722493e-01
6.130449691649812738e-02
-1.247869618649634221e-01
-6.840711905245085156e-02
1.308885274616973793e-01
-8.003097858181826285e-02
-1.493030740152964317e-02
8.919427557759967984e-02
3.415120118116908299e-01
-3.753234419240760733e-01
4.010508804110561876e-01
1.193253826478899299e-01
-3.848343317911304129e-01
-2.026654572222614525e-01
5.828269866042648517e-02
2.681425446411556113e-02
1.790850894812920369e-01
-6.970752738709760921e-02
-1.359976777044231977e-01
1.211997149023945897e-01
3.367856609994876460e-02
6.351679654552861987e-01
-8.494417693171968375e-02
-3.142181031034598782e-01
9.692209335200917611e-03
5.647025706609389850e-01
-1.818505254381514724e-01
-2.814573436326713307e-01
3.017055990689294087e-01
3.362728576999789998e-01
2.137452516366567523e-01
8.007868049706348690e-02
2.991560062002885517e-02
4.432412982112506894e-01
-1.913913501372493109e-01
-3.246265830111093598e-01
-8.548529140903038392e-01
-1.730916266462703135e-01
2.521776125888202102e-01
-4.064824176934586641e-01
2.507229861479887689e-01
4.300466014601783682e-01
-3.643588817105292699e-01
3.450676585231423066e-01
-2.303307556451284765e-01
1.662371959770009844e-01
1.965642209759531078e-01
-1.125773919734026629e-01
1.954593251134674747e-01
5.301129498187573397e-01
-3.868218181465594152e-01
-1.413655285153892494e-01
4.331208569558321342e-01
2.129672257311727712e-01
-8.888698122747390462e-02
-3.074383483194391697e-01
-1.194265322531661705e-01
-8.835313652015829022e-02
-4.473172145474360595e-01
1.573446186502858168e-01
1.642645081400479490e-01
-3.892687450571456764e-02
-1.656081701432806919e-01
-1.390191992955444045e-01
1.775008021806777359e-01
4.584845924358889047e-01
2.480353908519883910e-01
-2.712662765903964268e-01
-1.759005509014643920e-01
-3.149667215227433537e-01
-3.837411727710336729e-02
1.859324547564121799e-01
-1.417837339197612276e-02
-5.839973351161387161e-01
-4.205296511431544544e-03
1.726792735276330357e-02
-1.520282596471068115e-01
-8.157043378295222857e-02
3.734345664284666882e-02
-3.101491982442537987e-01
3.938433678700563600e-01
2.408168327639974016e-01
-1.081199367327461552e-02
5.815642148716371196e-01
-3.499931468660678058e-01
-1.972831988862475683e-01
2.083333875161186566e-01
-4.432853403760203537e-01
-6.514899033020160601e-02
-4.706260770568618246e-01
1.205741480692609259e-02
-6.075860867325833664e-02
2.009228435208647023e-01
7.505636066083239133e-02
2.504887478729421746e-01
1.251221678975621976e-01
-6.088760919330876709e-01
6.223337448063402944e-01
-1.724302546567882399e-01
-4.732306654996769335e-02
3.963684564749027084e-01
1.916938123145677797e-01
6.748612406263751473e-02
-4.783751327808402620e-01
3.859316913269368599e-02
-4.903269904102200427e-01
2.637397581217854059e-01
-4.380828744841819278e-01
-5.779262111660918855e-01
1.238210380464861565e-01
6.093256106637731095e-01
-3.692737305917033197e-01
-6.110553734041763718e-01
2.520738582186506926e-01
-5.407226847101151979e-01
-3.435967891641970862e-02
3.972695003163659866e-01
6.082491458646854809e-01
-3.606423554168278894e-02
-8.064867115962831567e-02
3.494852096856921331e-01
-5.419370209630761659e-01
-2.932436263387274700e-01
1.324523781877952611e-01
2.850689665355689018e-01
-4.564390472275647870e-01
-1.582150612548430257e-01
1.955240044522109921e-01
-6.045370967092379422e-01
3.551626323229164356e-02
-7.138379457598943434e-01
7.510319334276025494e-01
-2.090885626283865983e-01
2.294588844255420756e-01
-5.380474613373139592e-01
-7.869982359513234826e-02
-2.270971072844769068e-01
2.539506881278738581e-01
3.300003065498237353e-02
-3.287586284638544520e-01
7.803683873206730404e-01
-3.248038279300324849e-01
-5.258097466328096603e-01
-1.096090504712932123e-01
4.514296083665079173e-01
-1.914455390734421392e-01
3.673695843420725637e-01
4.931798272282684747e-01
-5.609665066643872988e-01
6.528628530698142585e-02
3.074037207991624499e-01
-1.885053978829176469e-01
3.285219156225073212e-01
5.053790617724556178e-01
6.084083080662283649e-01
-5.658329001676911663e-01
-3.221506132957362434e-01
-1.823897543909729635e-01
-4.584243542079509126e-01
6.718654464575882224e-02
1.500841109186075717e-01
9.920048679819389037e-02
2.632116780904644182e-01
2.139117972549947067e-01
-5.095648725884662777e-01
-6.069638660568538180e-01
-5.735993836999897511e-01
-5.924427754741800056e-01
4.103034637106148796e-01
-3.862377601968156604e-01
7.005640039177489509e-02
2.642720832310511692e-01
-6.727502665752210786e-02
-9.708975185554724607e-02
7.553039819721790726e-01
-7.858971213934946853e-02
-1.759144210571262357e-01
4.829610993993244672e-01
-3.335142060184077550e-01
1.754011761438219463e-01
1.392620413727429229e-01
-1.157397474981740615e-01
4.258302433701897649e-01
-5.794488069787615547e-01
5.605130579085751408e-02
-4.712560201334289184e-02
2.997888697722578266e-01
1.937377388073935891e-01
-2.002739126153947335e-01
4.569363863001444370e-01
-1.010943245053282369e-01
4.149709241499446172e-02
-6.963322433259326594e-02
-3.112411127665605792e-01
-9.708923028105671815e-02
-1.949552837922390591e-01
2.821213188248908876e-01
-4.949471738238478968e-01
-2.201565545212801761e-02
-1.915202994112000928e-02
3.931661012860327986e-01
1.857018048134898569e-01
-6.571234822275062726e-01
-1.410618662759235975e-01
-4.131103912854539040e-01
-2.408277917941151758e-01
4.303824786016771098e-01
-4.195263498106095446e-01
-5.614501253261872105e-01
1.473844618554573938e-01
1.111101833323216437e-01
2.181962044326908254e-02
-3.789783753532366406e-01
3.968993544117579986e-01
4.203303550206052286e-01
-3.727722184949439077e-01
2.558738263848946981e-01
-4.599809439981220049e-01
-2.539709229909417609e-01
6.036514730531946649e-01
2.995977230328427526e-02
2.564884013729258894e-01
-2.236179967749366559e-01
2.710101232441293750e-01
-4.610758105048543554e-01
-4.289701133397813004e-01
-4.223448060392898662e-01
3.544701442532767754e-01
-5.353418241734813066e-01
9.188283819339690406e-02
-2.002873835611125863e-01
3.527818007382163001e-01
1.721033991457742440e-01
-3.161256978212252378e-01
-7.499880577631082845e-01
3.855295882459637558e-02
2.163249796367509303e-01
-1.165404073063119883e-01
2.823356506635401556e-03
1.153065847964150105e-02
1.328742738721024330e-01
3.300541833402790282e-01
-1.411272339858187508e-01
5.105087758466206882e-01
-6.833009657650759294e-01
3.802540220782734126e-01
-2.554445736107974207e-01
3.094890104091733707e-01
1.508699347517677980e-01
6.263810888438822166e-01
-3.120854409053710338e-02
-1.019818586115327913e-02
-1.603844024224155770e-02
2.532992028411226171e-01
-1.705387356129376558e-02
5.219535689688319380e-01
-6.091442180054380123e-02
5.694823987416227640e-01
-1.528601550242407112e-02
-7.627183074541432628e-02
2.923096309441635121e-01
-2.362443239820073426e-01
-4.703977104247658025e-01
-3.532573511411534195e-01
-3.396288868785279913e-02
-7.179547868343956196e-01
7.857788232503868375e-01
1.722571795542138795e-01
-6.236854670898283048e-01
-3.321030960578518765e-01
5.815038186392313957e-01
-3.630228468817757737e-01
2.952023463656274285e-02
-1.785907426610495730e-01
3.284012174227968206e-01
-6.938597161278162173e-02
-4.244013154232140206e-02
7.184686049074413827e-02
1.487179687312888132e-02
-4.218570750693112492e-01
4.954858386623562372e-01
-1.352372142445050218e-01
5.679211752726349288e-02
5.849262364431140337e-01
-3.860679830300814963e-01
-4.788075108818824754e-02
3.443868451293096711e-01
2.684591226913802808e-01
-3.535911894200710059e-01
-3.287095906038708382e-01
-3.928599187153953287e-01
2.888009391307656548e-01
4.176156059915986929e-01
7.225157957028755136e-04
-3.892395177451744015e-01
-6.174131913208888989e-01
7.327708287553361677e-01
-5.289487922349920268e-01
3.935414861804136799e-01
-4.562885322585344960e-01
-5.078153308407393762e-01
-2.620696564843589815e-01
2.448963674412825975e-01
4.635083126510077811e-01
-3.049794018512700378e-01
4.691947171941058259e-01
-3.370315877474308053e-01
7.300322790959455910e-01
2.466097529490097473e-01
-7.611448134301511403e-02
-2.556043500701884463e-01
-5.938241049209781047e-02
4.471440765036417408e-01
2.467978635862434489e-01
5.856450373522755770e-01
3.075233360682402828e-01
-2.786367912022429949e-01
-2.103938437495464220e-01
-5.106900129460958393e-01
-2.229186511478379318e-01
-1.655196214898826401e-01
-5.255910621204022970e-01
7.448307051986431671e-02
7.970028007460934205e-01
3.203106280733436506e-01
3.282640314593358033e-01
-8.257573161811004869e-01
-4.131469767521486758e-01
-4.182726108286407007e-01
4.067299216642055182e-01
1.986602957242483702e-01
-5.815252316992221004e-01
5.334969731013137345e-02
2.482174227433754654e-01
4.504949704423578671e-01
4.990077198245538304e-01
6.589850539843038202e-02
-2.983948867714173447e-01
-5.812460782357288247e-01
-6.270861828401863569e-01
6.939155910940698890e-02
6.880272061090655367e-01
4.194305749014870521e-01
7.311912407812456993e-02
2.541769440242103717e-01
2.536544163801599527e-01
1.054043312284287659e-01
3.053123072779879155e-01
1.022510947778815238e-01
-2.638738597600526203e-01
1.688732854816054063e-01
1.305913707821066382e-02
-4.731751231385447620e-01
-6.300916610594838041e-02
-4.255793364002690149e-01
-3.079649239171736164e-01
4.044205196976571326e-01
2.280646286636883180e-01
1.434256724842111197e-01
3.422743426446674953e-01
-4.278684927733927279e-01
-2.819950340286717649e-01
-2.110483376330435021e-02
2.412093328920882351e-01
5.146135497378296897e-01
-4.854337174507546426e-01
2.944892302305972542e-01
-2.553163276606278467e-02
-1.660273443042418751e-01
-6.098759310742845052e-01
-4.307652537140549409e-01
1.246518930014835214e-02
3.226214474238743857e-01
-5.620974679464163515e-01
-9.565140418562642632e-02
3.193369557073525919e-03
-7.628145635714476125e-01
-3.781646023960349989e-01
6.972609923886358141e-02
-1.204669112754167964e-01
6.679156912699474313e-02
4.160237001044622129e-01
-6.038171349614498418e-01
-2.439910174845111301e-01
7.860179582931183795e-01
-3.448339563534610908e-01
-1.963676876204137611e-01
-1.395045819752832594e-01
-3.868292400462444158e-01
2.507550035005419176e-01
1.118904503510466941e-01
2.334657548736364108e-01
-4.896710556190345676e-01
6.546280850486765335e-01
-1.076665482017925002e-01
3.704624303259659857e-02
2.388847115151142009e-01
-1.441876635822601782e-01
1.603229710996700863e-01
4.563839478433178165e-01
-1.556958630148880807e-01
1.881731413139095879e-02
1.993750199539892354e-01
-2.248820648736118699e-01
-3.687512073237740884e-01
-1.611348713921763876e-01
-4.169393953913054507e-02
-2.359216091403160409e-01
-3.734311786693083057e-01
2.916200913129466388e-01
8.368189271658414696e-02
1.202544138704618737e-01
-2.245319917120556716e-02
-9.800422683910291199e-02
-2.673881081234652513e-01
2.000217585408259890e-01
-2.055872540024858419e-01
-4.180391313428668543e-01
-4.924060591122176311e-01
2.924083063616796929e-01
5.906915165683492008e-02
5.311051066906517099e-02
4.979780828571814810e-01
2.127221546076555475e-02
-7.707471511183994206e-02
2.655646277339525074e-01
-1.969720837885572118e-01
1.297173003011065084e-01
2.440174611107034375e-01
-8.051805652042569317e-02
3.130922058804594954e-01
-1.376742680550694375e-01
-6.292153993379596688e-01
-5.578328251049082809e-01
-6.251702765078290813e-01
5.112076992195400127e-01
-7.346396918583339430e-02
-7.208526318481163209e-01
-3.522116483834373812e-01
1.709613185664626001e-01
-3.733585748008373950e-01
4.308003513427625247e-02
1.201124190195821395e-01
8.016423370181586794e-01
2.703801152065038460e-01
-1.231581742609305502e-01
3.885373227328856593e-01
2.018219681498528983e-01
3.215093509172550212e-01
-5.238800414350415213e-01
-2.870997798736322215e-01
2.028260780532129548e-01
-4.354480886747058022e-01
-2.785600275645592760e-01
-6.855948937189444425e-01
-6.562671869732321361e-02
4.642267887227004008e-01
-2.210518805008947901e-02
-2.587349267774056161e-01
2.944946500228430297e-01
1.819681889983763845e-01
8.614418595256476685e-01
-3.427707154314814375e-02
-4.852107085844796774e-01
4.106376042390551540e-01
-2.363584869284615364e-01
-5.995685140968435300e-01
-5.723840431346948199e-01
-1.578002617864488755e-01
6.163463321993050137e-01
-4.931103155826170314e-01
3.087965400703412966e-01
3.924180522732655801e-02
-4.646191577551902346e-02
-1.043118801729384371e-01
-4.277567905363830469e-01
-5.769585673848722784e-01
1.334885720973596757e-01
4.479790293831689002e-03
-6.349459945069982347e-02
4.880280096131592860e-01
-3.055514247815765416e-01
-7.930848333639395342e-02
-6.756429294084549675e-02
2.945440370709302425e-01
-2.560652447785314867e-01
-2.585546645631939811e-01
-1.177048966759812187e-01
5.081309133114765286e-01
-1.833160382628790941e-01
-4.066852118068952637e-01
1.528946955540210206e-01
4.548755271235457309e-01
2.496757808200343320e-01
-3.420124674551074939e-01
-4.903549131345441570e-01
-5.070830647913736611e-01
-2.076612516133407305e-01
2.019436342907678372e-01
8.507679046726124295e-02
2.523640563658890654e-02
7.606106789168116944e-02
6.273304377162396417e-01
2.103221100422744683e-01
2.264253721231284933e-01
-3.599984249235740341e-01
1.305294919971601852e-01
1.535411190590187935e-01
-3.815878212501418454e-01
-1.263439859749334593e-01
-1.261965815894217913e-01
-4.256299705359757324e-01
-5.980256147765441455e-01
-2.081651100005953506e-02
1.709147350057714787e-01
-1.787829589579811307e-01
-5.772695255966722172e-01
1.480538085531451220e-01
9.397390029698471370e-02
1.935074068879906184e-01
-5.617045145117727234e-01
-1.022813115451314397e-01
-5.647282212189996820e-01
1.797296904486073987e-01
4.527672478785214893e-02
-1.450886682877925715e-01
-1.335797654416222280e-01
5.192801515026823633e-03
1.801584467261900524e-02
-1.178342597137517767e-01
4.399652967519669389e-01
-7.098174742620136923e-01
-4.722062527748137617e-01
8.499575065488017278e-02
-1.429643387259486031e-01
-1.277911739360181043e-01
-1.610469037727369768e-01
-6.863080540337588298e-01
-2.286925814622695063e-01
-3.133475495586066084e-01
7.208765066349376305e-01
5.685599132835708613e-02
-3.662358317293201715e-01
-6.822339326734181419e-01
-4.364035410478645655e-02
5.560350201999035569e-02
-2.893008028892383177e-01
5.807275423050113627e-02
-9.684488864176704626e-02
2.102041566370417280e-01
-2.276186589952802763e-01
6.993412753925033476e-01
2.453175036747180099e-02
4.491634194317521978e-01
-4.023848127098406113e-01
-3.505351244772650920e-01
-2.230404228270907729e-01
2.931979726586610990e-01
-1.507342995611183345e-01
-3.360143717122915374e-01
-1.974313267247559261e-02
8.405966923814488512e-01
2.870130685954353500e-01
5.724727447766723293e-02
3.601738042615260649e-01
-2.102174488855578505e-01
-3.282011261656193613e-01
5.382401370228864224e-01
6.577108749456825332e-02
2.124151064897374930e-01
2.928680165437607119e-01
2.263413903416707229e-01
1.285448206311260930e-02
1.887404072654812470e-01
-2.562243284572689461e-01
4.217567455953367128e-01
1.135474858103293627e-01
3.118457667708526282e-01
-1.428355428970345398e-01
-1.864947384181332435e-01
-1.395784504058693032e-01
9.427077215862354753e-02
7.107714244983023288e-01
3.497615232151605191e-01
2.005578545691240680e-02
2.153883667371762622e-01
4.542566444884705290e-01
1.410103100632668638e-01
-1.124202427888849193e-01
-3.319124472773687939e-01
2.364792437717091467e-01
1.089303146301341951e-01
1.516744017475557538e-01
-3.644685980176827211e-01
-4.064512065591773249e-01
5.092958952255455252e-01
-9.136902485897158144e-02
2.747153007802279751e-02
5.202330772883516641e-01
-5.732236447014015246e-01
8.000608494994780884e-01
4.700436543419909685e-01
-4.632841699318963891e-02
-2.997381452158375259e-01
4.303521098607256401e-01
6.735781414674438805e-01
2.951892270606035207e-01
1.566423025746397912e-01
5.169551387388625352e-02
-1.784182082346994337e-04
-3.847906012978723478e-01
4.451328106799109507e-01
-4.537113790766330035e-01
4.405888666785887642e-01
-1.509249600591352214e-01
5.663534817051280035e-01
-1.049301506581231946e-01
-4.655342777314329661e-01
-1.875444713073032288e-01
5.015253285427724306e-01
-3.883222767744624049e-01
-1.532087867918589530e-01
-2.455868072529640012e-01
-2.199454787600479966e-01
9.631820134826361846e-02
-3.365846937616265855e-01
-3.386745372297892409e-01
1.903826940836042259e-01
1.805756605614157184e-01
6.946034351295090614e-01
-1.077943019382838208e-01
-1.229411017059076489e-01
4.280702011354748371e-01
1.414595546853320701e-02
3.237051245331274973e-01
-7.447847607916250334e-01
-1.208472029666999847e-01
-2.383531739394864624e-01
-6.156601167015454679e-02
-3.364449508657481602e-01
1.532032621459468724e-01
-6.692855432294746443e-01
1.874344824023944922e-01
1.910816643879629795e-01
3.996878393131779172e-01
1.607691310860824840e-01
1.041819846920372938e-01
-1.173240646643567003e-01
5.267466335956505485e-01
5.445068721479326967e-01
-3.581632996444206185e-01
1.503561361389667284e-01
4.819253665811522036e-01
-8.949462565951651905e-02
-2.605202297749399931e-01
-3.322044852977043550e-02
-3.153666247047216542e-01
-4.036729990177764793e-01
-6.315841976886078513e-01
7.722321359485039005e-02
-4.182632385442125456e-01
3.231020185607570011e-02
-2.391131072252263567e-01
-2.743959091964387129e-02
1.960686566689372468e-01
3.317165188570258549e-01
1.995111568461259699e-01
-5.959796015486606979e-01
4.465214248650456463e-01
5.949512083791870243e-01
3.559789799205240746e-01
-6.210194473288740274e-02
1.757728260769104156e-01
1.279928289636580452e-01
1.606216872647237351e-02
-5.007985740681971665e-01
3.614719996761092125e-01
-1.738438873455478428e-01
1.864393613414770667e-01
-2.577772598922178360e-01
2.566717129788209095e-01
-3.840686386882679604e-01
9.649652624581140162e-03
1.739748053364942038e-01
-8.628408230051504146e-01
-2.974003088489194854e-02
-5.068378364692509574e-01
-1.390479519763620497e-01
-2.059827043995287599e-01
-4.549523010487993568e-01
-2.627237299221636957e-01
-1.046225158075053951e-01
4.154436740578031362e-01
2.407584973494900360e-01
-5.165793154892313055e-01
-2.925472726527104661e-01
3.680233510858617330e-02
-5.677083788340497872e-01
-2.347709291708916998e-02
-1.803943990692083166e-01
-2.386805632642415298e-01
-3.817318634052651594e-01
2.134746315150451990e-01
-1.075873594644453368e-01
2.029371298471772112e-01
-8.635095147405028593e-01
4.771487099470437809e-01
-6.049155414748090820e-01
-1.709657061182880966e-01
3.162407447231605495e-01
-3.961151844521053622e-01
1.329001925300847819e-01
3.971881735012939840e-01
-4.030803350507787264e-01
-2.333491482817315610e-01
-2.944369017659680399e-01
-4.323361813961288935e-01
2.243381393042419639e-02
1.092090878956751381e-02
4.607358271630877279e-03
-5.425572663749711477e-01
-2.443391601427756799e-01
-1.399803256150209396e-01
-1.744849243917784287e-01
4.606699700793843166e-01
1.979323743209332742e-01
-1.070448021524733756e-01
6.685431343270070714e-02
7.539305111537809856e-02
-5.083906847047481303e-01
9.705189413238743401e-02
-1.535248006871595683e-01
-1.508502934331927559e-01
3.278346779817140066e-01
6.960749913864924072e-04
-4.070859254164667373e-02
-3.500001693662454505e-01
-6.922211216220186536e-01
-5.418682052045717401e-02
-6.960338439841959324e-02
4.409780654504967812e-01
3.448348770319983880e-01
-2.467968480402493170e-01
1.486757551191663085e-01
-3.645609376420102521e-01
-4.655677700400814301e-01
-3.858891554018502590e-01
6.150617801127568063e-01
4.870028776785546021e-01
-3.055145974286083144e-01
6.653762687629106998e-02
1.307040832367525329e-01
-2.958285951624796753e-02
-1.030472185082950132e-01
-4.476295599763400190e-01
5.924354159174884116e-02
1.605036756609441728e-01
3.897620713934161207e-01
6.356017934385219670e-01
2.018196423013993712e-01
-2.794655887460888444e-01
-1.865791279364613364e-01
-1.401543148708810638e-01
-2.732398652915032922e-01
3.328065760162508546e-01
4.623743617284728491e-02
2.248241139492655055e-02
-4.885334222406532284e-02
2.590377350929333744e-01
3.307983984644690123e-01
5.328062922216451058e-01
6.820013439952137269e-01
2.637036757763235872e-01
-5.328232846213323826e-02
6.025659375401672957e-01
-2.309904657156803265e-01
-3.175325695345670041e-03
1.155233166627068347e-01
-3.150061998862389856e-02
-1.429840812526260163e-01
3.916372232170555190e-01
-2.864274041518867220e-01
6.943883283837407605e-01
2.049009784521299213e-02
3.864966152028467133e-02
-4.092141118983941839e-01
7.991843670583122228e-02
3.691888551544544317e-01
6.492157296293211699e-01
-5.458537063228110497e-01
-4.895852486000358272e-01
-2.642085598532900592e-01
5.694480463542591631e-01
-3.262169500959373192e-01
-2.691402085448660886e-01
-3.901426536008755219e-01
-6.967706001018945106e-01
-2.271406654624648358e-01
-2.809492698392515586e-01
-3.545934661294672940e-01
-3.552143098320216241e-01
3.412825134849557518e-01
-1.404073038169451407e-02
8.152884241602352811e-01
4.130550164160832205e-01
-3.968851774220880646e-01
6.590578100898850655e-01
-3.119725336089254064e-01
-2.576225710999841545e-01
-2.468715089425067011e-01
5.801809824650513980e-02
-1.562540140332770167e-01
-7.411763883459321356e-01
-3.391663476889399398e-01
2.948176818239524044e-01
2.604746041761983322e-01
-2.172144897499415361e-01
-1.132613361959283749e-02
-7.962178994687012512e-01
-4.624890511467842913e-01
3.811781077386747207e-01
3.643107712253644270e-01
-8.841205743455533839e-02
1.165881763556968487e-01
-2.035376532755391044e-01
-2.010665986913190706e-01
-1.174582002172361722e-01
1.610514754895209788e-01
2.593051887463481697e-01
3.681085393933453687e-01
-3.590848543256539571e-01
-2.039689849149949330e-01
-3.594557741253033845e-01
-1.888763165684730905e-01
-1.208505240839001793e-01
3.911005815017946224e-02
-1.833832828581598851e-01
3.315618375111863414e-01
9.849946911371862401e-02
-7.372032586416261968e-02
1.061844056106668772e-02
-5.385678832119151771e-01
5.660533865553417643e-01
2.166528219261400559e-02
5.527808205365607880e-02
-8.841634739610751414e-02
6.589864936340220081e-02
4.016887654132271779e-01
-4.343242166380331670e-02
1.722698651173490136e-01
2.614264505897563318e-01
-2.453685679970850630e-01
3.289903004800727726e-01
4.847619370247500115e-01
-7.301280318442824463e-03
-2.756619143139671380e-01
4.913736218238344278e-01
5.340754482873509845e-01
1.509853700533886900e-01
-3.652841879282164306e-01
1.685397243122088717e-01
-4.114495015394852295e-01
2.260261362005842878e-01
-1.846026861942907660e-01
-1.422436142569097617e-01
-2.404798500620726476e-02
-1.070703418994993429e-04
4.628799850360516555e-01
2.401098344913188687e-01
2.974001424386101683e-02
-4.323037438812753902e-02
-1.312779776668012710e-01
5.685689101374127308e-01
-3.366102673866346873e-01
4.683816812568684096e-01
-1.433322226153555812e-01
-7.384083799373325485e-01
-1.659028254731756691e-01
2.256596645352124397e-01
3.523287738275102110e-01
1.858320543334973929e-01
-2.116627018876210409e-01
3.538351003580854082e-01
-7.676435302580378317e-02
-1.034370145755097448e-01
4.315663693817181623e-02
4.068226317568057193e-01
-5.233771321140077148e-01
-1.599164092159395256e-01
-7.726307596442584524e-02
-5.316789222192338515e-01
7.647976524474525695e-02
-4.877436048288803783e-02
-6.821738429439563878e-02
-1.998366681486268837e-02
2.511209408074548122e-02
5.282089904496308774e-01
5.705700327679459338e-01
-1.232998701052508703e-03
-9.206617136841846460e-02
-3.348985670488265065e-02
3.339391871690839397e-01
3.665393775833257484e-02
1.219085853956630300e-01
2.345220146753675960e-01
-5.108215113998623158e-01
-4.014196874178036500e-01
-3.591077931198730644e-01
-5.306781340818299553e-01
3.484133522268171301e-01
3.712803503509601311e-01
-3.574945995602291093e-01
-5.696505478815539619e-02
-3.891610775033242930e-01
3.943326258518494720e-01
-5.091141672126653361e-01
1.782527720963736628e-01
-4.415660919700329368e-01
-4.061507831827302351e-01
-2.775748406916104805e-01
2.731601894878692982e-01
7.842390895878610380e-01
-2.549566025803243208e-01
6.404311578456109433e-02
-5.119283001030987545e-01
-5.389921946632808547e-01
-2.547766867069409247e-01
-1.348254165346758349e-01
-3.628591101406170027e-01
2.893649917648402070e-01
-5.411687520691925712e-01
-3.131159903150528279e-01
-2.249328045966390022e-01
5.214604874029761528e-02
2.368466568520977422e-01
4.980751319400207877e-01
6.475032462059664429e-01
1.075216088080267474e-01
-3.973479260491347143e-01
-4.846351227957245156e-01
-2.657592877470540405e-01
-2.074853417591066007e-01
5.130945035768588181e-01
-7.628416314417282851e-03
-3.412138936338788425e-02
-1.230237949842621359e-01
4.377227415232808339e-01
-4.262107378368799604e-01
1.267309412121315204e-01
1.534368507879178556e-01
7.649546081961200450e-01
-1.720197756619789853e-01
8.370578130437025255e-01
-7.258102774825292425e-01
2.434042731832559980e-01
-2.335883536755251899e-01
-2.367200022911205570e-01
-4.758049291518841595e-01
-5.012577489193789648e-02
-6.891076351606797434e-01
5.527042834533519855e-01
3.094229703672117873e-02
-4.197156874084904954e-02
-7.438717573116380988e-02
-3.187509625578711647e-01
-3.488169047074390905e-01
-3.150834841888756621e-01
1.862388416214768860e-01
-7.972692799048871626e-01
2.680442426370276826e-02
-3.136809941474106300e-01
2.353879694403206435e-01
-5.526887792900009311e-01
1.631332044970504325e-01
4.577257487232393174e-02
-7.403995306521242714e-01
-7.159643067900303692e-02
3.877379433926748109e-01
-2.587482973621870186e-01
-1.782635882506954095e-01
-1.744562625105959275e-01
-3.952037727178714932e-01
4.990112449431406971e-01
-1.657122003345165920e-02
5.602954539212183782e-01
-3.124485376167797090e-01
-2.774567020031100117e-01
-4.312598614662995211e-01
1.380359777148480738e-01
-1.804382317179862305e-01
-2.942642934005799127e-01
-6.565837367221320775e-02
1.418308775270651079e-01
-1.247525100659493541e-01
9.105712779428409842e-02
-4.849250947905594522e-01
-1.544153994679183239e-01
1.007840161039967319e-01
4.809752969873988815e-01
-1.687229530872785821e-01
-2.046213361951534915e-01
4.623252141963171136e-01
-2.195513289907436993e-01
-2.704289543005142793e-01
6.753840801533347177e-04
-2.203565247163585261e-01
2.014754863093358613e-03
1.396896631388302307e-02
2.806900259759511629e-01
2.671980698058893933e-01
-2.782991205350781039e-01
2.378587356969905087e-01
-1.601128146478324465e-01
3.259697418280348979e-01
2.052521354767381234e-01
1.488752903638666247e-01
-5.125691144735415872e-01
3.483098132604937058e-01
3.192960001910271628e-01
-1.356790031982308409e-01
6.516985706846317034e-03
-5.875892177399374278e-02
-5.575065370935475828e-01
-6.578744971403349684e-01
7.147024530983291102e-02
5.356763415771834125e-02
2.447001008973749836e-01
-2.423331247057649435e-02
1.184192191756966300e-01
-1.574985404587768145e-01
3.127307007683465256e-01
1.289767065748577690e-01
-4.436700645160679413e-01
-1.384787871663069325e-01
-1.898438633697523692e-01
2.749030140610371209e-01
-5.336013342618267652e-02
2.159549405610486916e-01
2.975621582824665157e-01
4.387810641758414093e-02
6.800772244579145198e-01
2.046845420703977958e-01
-4.642409572094860493e-01
-2.662477118123574016e-01
-5.621512992698248640e-02
5.004196875646005349e-01
-9.406161366264839674e-02
-4.249631900336238721e-01
5.194087279530706230e-02
1.599426256619350395e-01
1.611372476861456238e-01
5.452474016433027648e-01
6.296375969739314016e-01
-3.790880292980594590e-01
1.467705232184748909e-01
5.483555685684979863e-01
-5.433568658071498136e-01
3.938589050199720054e-01
-3.389019481855161664e-01
5.290556247180924210e-01
-1.246118554210248058e-01
-2.757667167322093160e-01
-1.948057976899831290e-01
3.989713255597156505e-01
-1.429838283899771412e-01
5.051905848857092263e-01
-3.746791880228141358e-01
-7.652571721150117079e-02
-5.962867543001788562e-01
2.524384928812396511e-01
1.230975932686544233e-01
-3.977614402789684395e-02
-6.871537255382868803e-02
3.286236584251474580e-01
-1.874763094697909638e-01
-5.679683513009131657e-02
6.487413867669163947e-01
2.868669485489164783e-01
1.822483073387989316e-01
-5.909929100607205776e-02
-1.787205192460518954e-01
-2.917702089008609723e-01
4.031898278499761457e-01
-3.472141743256934032e-01
-5.258103995026586208e-01
3.623650452511586462e-01
-4.401951826495723724e-02
-4.959575505743637480e-01
-8.881814588501416030e-02
4.911887648628887604e-01
1.941411476082066101e-01
2.876823765548617851e-01
3.338206669818799543e-01
-1.096359090179508944e-01
7.040424713514824295e-02
8.287149492511949878e-02
-1.888619126157692341e-01
-9.584476834914101850e-02
3.450576618730888945e-01
3.697685482738524709e-01
3.957898305728509425e-01
-7.324033767636575765e-02
3.696048352371426871e-02
4.724528851335043633e-01
-1.818528074839602104e-01
-4.642168293998635842e-02
2.448363797827449173e-01
-3.015548050973975158e-01
-9.779739100416526276e-02
-1.792668151516284281e-01
-2.299438883986184012e-01
4.054253515423961174e-01
4.288069304483443367e-01
3.170115214627127198e-01
-5.171978453942294163e-01
-3.367434305753780333e-01
-1.338803801365755775e-01
-1.480962835520623910e-01
-4.553925315511766492e-01
2.459437152450156538e-01
1.344025906614673693e-01
-2.333606222729660562e-01
3.876292105875839278e-01
-2.486904540449715317e-01
-3.729312904588322763e-01
-9.943303574170944681e-02
5.944681738923647263e-01
-7.662397823001311503e-02
1.461149463709378316e-01
-4.057791218900953512e-01
-4.409553234709756575e-02
-1.122078614889566173e-01
1.181077842469775568e-01
-5.689938453989841216e-01
-3.147731799267183220e-03
3.882418124687016525e-01
2.490741827488077154e-01
-2.331195093097969406e-01
-6.893469275156623166e-02
8.645693605969196893e-01
4.506609077399122976e-01
-1.036565174568391534e-01
2.096640223247646651e-01
4.986491859346505739e-01
4.738739215539419791e-02
-9.822663666920275483e-02
-1.437107584240946978e-01
-3.475895771967403292e-01
3.398501969051513361e-01
3.761142637852745718e-01
2.393826253511643909e-01
1.118620959886296035e-01
2.983666236448292430e-01
-1.313284968351514093e-01
5.716269719954945039e-01
-1.801407423681289921e-01
-3.757839078185016835e-01
-4.854178450720064708e-01
-2.434287532472823312e-01
-2.672344208870484072e-01
-2.939317410714859524e-01
4.248254897661600804e-01
-2.354015730800202433e-01
1.656529735257660230e-01
-4.543655156745089463e-01
-3.739499156357608545e-01
-7.131860794251503044e-02
7.082612832088065746e-02
-6.136737904811138261e-02
2.931327586054782025e-02
7.745340018549146111e-02
-6.312819173232402103e-02
-3.731452416111135095e-01
5.490017821103631013e-01
2.082598645136678195e-01
-8.554253675075119967e-02
-2.115676993702711450e-01
-6.140987231932102525e-02
1.347339780258593467e-01
1.043142908500396537e-01
-1.404579479377643381e-01
-2.663001333651112135e-01
1.924720466250208761e-01
-2.616913683010958502e-01
3.076899312364839156e-01
5.497511984674541274e-01
1.631275290308643322e-01
-2.532312733479816780e-01
-2.687506193602460236e-01
2.834273236540673646e-01
-2.191487210451903977e-01
-2.316434534904126263e-01
-2.487846285516523703e-01
4.545014805992657336e-02
3.943891446355564379e-02
5.800099680151594300e-02
4.886707933463826370e-01
2.530298174868114702e-01
-3.480580153375297248e-01
4.759577151133486117e-01
-2.096553310297145367e-01
2.014402933919656191e-01
4.680589033749458228e-01
3.646979312681791763e-01
4.253842692034262019e-01
-6.001284260081959920e-02
3.831386937138498983e-01
2.799791355029321305e-01
4.176824983719749085e-01
-1.996512241438687385e-02
7.355108423316321087e-01
-1.154197220331650287e-01
4.325256641197818275e-01
2.719037783467883607e-01
1.571776898295070835e-01
-1.687445937933407802e-01
-2.492807265011610096e-01
9.336348820508982849e-02
-2.685797497678171775e-01
-1.068324074897701315e-01
3.203782341628599872e-01
1.466450171734901692e-02
-2.819443673822978336e-01
2.588596260225816542e-02
-1.790295171277095920e-01
3.954808875055741968e-01
6.279702912546422655e-02
-2.830756829697150811e-01
1.688075608917730119e-01
-3.830502891050511106e-03
4.181070958599013565e-01
3.032406047664623072e-01
8.204582101365830160e-02
-4.458673296990577073e-02
3.449891938964362303e-01
1.052171197537355718e-01
3.114073329094793618e-01
-4.425224898695273579e-01
-1.993238070748341584e-01
-5.841402952350502886e-01
-3.943442963201229667e-01
1.261889477873716636e-01
-2.002190433438504891e-01
-5.931737236734070141e-04
5.786002852194329638e-01
-8.224309897029211669e-01
1.413202448161943736e-01
4.342889926307103021e-02
-1.317703785294056240e-01
2.758930284760806040e-01
-3.152599182294729685e-02
7.506350209786045724e-01
1.243937467793209267e-01
4.686675561783522070e-01
-3.297974476104111874e-01
-1.304657681318954765e-01
7.423207582527915349e-01
6.021302228149201241e-01
1.814775678355033395e-01
-1.809363445878838794e-01
-7.025236056391103157e-01
-2.538483984055150966e-01
2.610641799930096471e-02
1.725628657853988945e-01
4.456396161093189034e-01
-1.667091906643010379e-01
-1.164934993924741924e-01
-6.246616405710970349e-02
-3.613318640422422678e-01
1.458655685650017131e-01
-1.930993825274251174e-01
-8.221497497218795136e-02
3.209758750996578175e-02
2.270024643633399286e-01
-2.965842192975583491e-01
-4.506079808908309836e-01
3.379224382560703788e-01
2.073142242274681468e-01
-3.687285137812288532e-02
-3.049834653162890596e-01
1.377492341737260040e-01
-1.388821474733574202e-01
-2.409824222671167471e-01
-3.948256736716068693e-02
-4.453381336033285787e-01
-6.684930593187832226e-01
-3.030987518538546532e-01
5.741817110603908425e-02
3.894574484331856379e-01
-3.065378977838443264e-01
4.117411427771852650e-01
-1.719633863962927722e-01
1.021450714375637808e-01
1.594138503409356367e-01
3.523090481825616720e-03
3.627327321607963229e-01
-2.332687947301368553e-02
-2.061772611760888108e-01
1.080207454234890230e-01
1.678035753662390495e-01
4.234864654384644655e-01
5.827497460247891281e-01
1.415919050109440414e-01
-5.975823581921516636e-01
-3.982682558732140166e-01
2.369465304679689299e-01
-1.978102986320429829e-02
-2.274102491573726237e-01
4.053427150817821012e-01
1.323341972741347017e-01
-3.019710148115374929e-02
-4.292363060535859809e-01
5.234646060645098409e-01
9.439634903274525535e-02
6.126036361112933148e-01
-2.926685472578124392e-01
-3.166017598153721135e-02
4.257249801616211360e-01
-8.726559740017031386e-02
1.368511305956206514e-01
-3.305729507081937579e-01
2.881294791022552815e-01
-9.192031458259047882e-02
3.513166978227634796e-01
-1.487583891328417285e-01
-5.752499509679736001e-01
-1.375708353460941280e-01
-5.566994806847417321e-01
5.453097753647611068e-01
1.362677890262404823e-01
2.044827394932611508e-01
4.366855041486493727e-01
2.909231209279117825e-01
3.849208479045105324e-01
8.061804105478738158e-01
-2.659853489580957242e-01
-6.144120438613570601e-01
-3.214921299533751720e-02
-3.204809716729295488e-01
4.605555022222903583e-01
9.699539666106501978e-02
1.723873803442567756e-02
3.344078154508604572e-01
1.168615009433801588e-01
-3.333593854416361940e-02
6.012733234806107857e-02
4.362223968783563999e-01
7.403223319123161117e-01
3.557602275558074401e-01
-8.209351397448700835e-03
2.208455016176323893e-01
-1.728093128658944044e-01
-1.683124695717646419e-02
-1.029560475953701926e-01
-6.269023901982949572e-03
3.749939304873565193e-01
3.745738235180235409e-01
2.256591485580308198e-01
1.953393438245297209e-01
3.468883018661331197e-01
7.194543688363983502e-01
-7.805529509623354567e-02
4.316718899878297516e-02
2.527764429733027063e-01
-5.031228003299357265e-01
-1.511834883151103592e-01
-2.803481549322165423e-01
-9.692807156755263442e-02
4.038123562353217455e-01
-3.642165604692215730e-01
1.920598785137465070e-01
1.679466618089036078e-01
-1.267784106220818663e-01
4.011949735970142539e-02
-3.244111060179410977e-01
-1.974229361569783681e-01
-1.475576394389583046e-01
2.379774680716520985e-01
4.790304514469083674e-01
-1.991560895475085607e-02
-3.718353323420062195e-01
3.877469489104591327e-01
4.361893401815416516e-01
-1.412252817190958187e-01
-2.736958821810880904e-01
1.273010872752972089e-01
7.708785778120873233e-02
-6.107431159085658506e-02
-1.870589466831649728e-01
1.671189866985364203e-01
3.708957348099101159e-01
4.626292771679460514e-02
-5.694123713446008761e-01
2.248701707551163109e-01
2.356107987120540093e-01
3.966884031840449687e-01
6.713157286443375282e-01
7.540855904072065741e-01
-2.820446620799652582e-01
-2.999838578125900157e-01
