3.805287555938919875e-01
-1.500185042116413542e-02
2.686050860492245063e-01
-4.809041980720484277e-01
3.105088802872407183e-01
4.672976539499184567e-01
-3.916019948064525247e-01
3.871008873533254846e-01
2.825183467913721658e-01
4.199853738617869148e-01
3.840208216987240353e-01
-5.701809733224083403e-03
4.972523154903087383e-01
-3.171561814139637475e-02
3.119719463309860163e-01
-5.012898135447327874e-01
4.724244477024102350e-03
4.175757862099468420e-01
5.240703281395672208e-01
1.894507651013916938e-01
2.973185233672082095e-01
9.947566111094828523e-02
-7.803688763485956692e-02
-1.300396316938960961e-01
-1.581104031338341209e-01
-4.341608930663463928e-02
2.015214325488874289e-02
-3.125532376723618722e-01
-2.195652560250607732e-02
-1.106981737806948807e-01
-3.787489633332092320e-01
2.709176620705860267e-02
3.563649487695708801e-03
1.873094681329716404e-01
6.611132530277394337e-02
-1.564272516081623987e-01
-9.934393565994556474e-02
-5.736976609003560101e-01
2.934782294045975570e-01
-4.059836402634049435e-01
-2.410361652141953526e-01
-1.144740784837182945e-01
-3.306735972586502537e-01
-1.375275909857655021e-01
-3.942132502407128536e-01
-1.389733153623986250e-01
1.752465780312926491e-01
2.948053968269638905e-02
3.500993072192942202e-01
-1.882547312059845712e-02
1.916606219075573658e-01
-5.874282250697034913e-01
-1.110984051853425303e-01
-9.094043479085964221e-02
1.678630042351095253e-01
-3.618606525898949988e-02
-2.330057528553172996e-01
-1.961372301185682065e-01
2.480559222735507496e-01
-5.816411372217911158e-01
6.328867031858681491e-01
-4.427661970216799636e-01
-5.520240519682900748e-02
7.463721729427727491e-02
1.812930435294813347e-01
2.997028723082755253e-01
-5.317894373908546024e-01
-3.774607979026137761e-01
-1.679381866014470481e-01
-2.309084045050852629e-01
8.424133976435214943e-02
-3.777409325321188782e-01
-1.040841358883934920e-01
-1.608440906667268633e-01
-3.106126765083251362e-01
-2.162166916916661852e-01
-4.648891646344122108e-02
-6.164798799795856432e-01
2.201098672711478133e-01
-1.370922164664316323e-01
-9.684668566441349130e-03
1.346407847342939723e-01
2.635292726237602884e-02
-2.677132902426841432e-01
-3.701826933277821419e-01
1.725972470699444483e-01
-3.702933849846841707e-01
-4.278952870363327277e-01
-2.022942355410849991e-01
3.255696447707887575e-01
-7.621684258254091127e-02
1.340414699685787692e-01
-2.994340437586692771e-01
2.564193373775748297e-01
-5.424128120746652959e-01
-2.677130476567537998e-01
-5.853561459361391606e-01
2.986252698694131791e-01
-2.044134170935942574e-01
-4.542185040592632284e-01
1.908787516415281216e-01
-5.962964101475105860e-02
-3.206722686302403980e-01
-2.806034316943298856e-01
3.226275907355478090e-01
-5.632854045409108057e-01
-2.288253657765731419e-01
-2.332892661286358263e-02
-2.948199043660352792e-01
9.432970738957397600e-03
1.635660163236594689e-01
1.149710024695362043e-01
4.055231182818981317e-01
1.859536523906232808e-01
-9.493425915144110272e-02
-2.801416098710151625e-01
-4.994698525395470101e-01
-4.475864536451039655e-01
4.203660615218730162e-02
-4.472899366101765750e-01
-5.750968623938941260e-01
6.495220832807027667e-02
3.005989529497092305e-01
-8.426028170408592088e-02
4.391386522523790248e-01
1.760884512852301798e-01
1.815801157717714942e-01
-5.194166032281398449e-02
5.955601626474910093e-02
-3.428082808357681976e-01
2.582111647730472859e-01
2.183424547718304867e-02
3.744742066846020179e-01
2.942048553287204826e-01
5.853655313248645742e-02
2.941873197354054614e-01
8.889742666070235555e-02
-2.368058768217699839e-01
-1.914147013193725488e-01
-4.091778401182790126e-01
-1.812252841160223171e-01
4.246106854455054813e-02
7.251189249001489812e-02
3.172985587071303071e-01
-2.839611376151665242e-02
-7.227220363071636122e-02
-5.784483427187943338e-02
1.735774965673007528e-02
-4.522912492108193128e-01
-3.087738845725586101e-01
1.434064547104245760e-02
3.019950559651938399e-02
1.946745615711403810e-01
3.424541338340922891e-01
2.481637626196568358e-01
2.342885645608044909e-01
1.977217639646036695e-01
-8.355841502301475376e-02
-5.330887051496953077e-01
-4.356661618917295059e-02
-5.522553864453175893e-02
1.146444116881826791e-01
-6.362201639106297713e-02
3.317893673126020015e-01
1.286677724697604941e-01
5.251866385288901373e-01
-2.609068884972766122e-01
-3.422155070174678348e-01
-6.607328281306368289e-02
1.424735210035805166e-01
7.556960682776332483e-01
2.742076796649718928e-01
4.995672591642688620e-01
5.877676325780607502e-01
-3.464393263185201050e-02
6.548467868918038670e-01
-1.624552835353025582e-01
2.913588812045015963e-01
-3.352711288441375115e-01
3.274749693331338030e-01
7.449732586969617931e-02
-4.553049953790518356e-01
-1.047367206907082876e-01
-1.264347969708090880e-01
3.178908360365799712e-01
3.936511713086125464e-01
-1.269735630475026800e-01
-2.119379988910168877e-01
-5.778850314928660747e-01
-6.046543067572146546e-01
-3.456141079818507711e-01
-1.743304138764289468e-01
1.983617069152111001e-01
1.909873956980470133e-01
-2.191939948339615696e-01
-3.427935845048332708e-01
1.527703548910612219e-01
3.405325283989071306e-01
-1.291295389063078225e-01
4.073089994564552674e-01
-2.840760839163044560e-01
-3.398473107640715973e-01
-4.012584087986190151e-01
1.013337397832015929e-01
2.362899508742985766e-01
2.367114355882360965e-01
-2.421530583110046986e-01
5.621147326975467484e-02
-3.986506701078473824e-01
-5.204107287444183216e-02
-1.765702491164541366e-01
2.634776437521934023e-01
-1.531194401031202301e-01
-1.266179425900500477e-01
-2.010508321003089405e-01
2.429759680538059463e-01
-2.781835449015745976e-01
-1.759123483860648707e-01
-2.380174959313100802e-01
1.974532310822391112e-01
-2.512234482856882112e-01
-4.146669718673187677e-02
1.627334959359974242e-01
1.751889563936529504e-01
-3.198944374936516510e-01
2.112070292230405211e-01
2.121763450337797730e-01
-5.691698341155979612e-01
-2.610388056370464005e-01
1.334000626698916281e-01
1.141737685815504694e-02
4.695636644325565379e-01
2.006478684173640392e-01
1.275466086430571411e-01
-1.087461375955717513e-01
1.159363061249656796e-02
3.905710385099752102e-01
1.749983384090365579e-01
-4.698916120021026099e-01
1.367497953527611332e-01
1.554325539186831619e-02
3.422078271408414696e-01
-4.753951297896487349e-02
2.049726294515811231e-01
-6.392785136418064340e-01
9.360329080004897717e-02
-2.095277134930718932e-02
-3.186101778967016518e-01
-3.204673918395472554e-01
4.802219965235698940e-02
5.026893224325252457e-02
5.233557672437881836e-01
-6.010776140084546082e-01
-2.356534770002692292e-01
-3.105825247866956795e-01
3.068782043146082716e-01
6.142945953497660483e-01
-1.672546807649737399e-01
2.654337193216693702e-01
-1.502569446604912207e-01
-5.459573772306255401e-01
2.217937885036404821e-01
6.910256522808853052e-01
-1.745694124682402038e-01
2.150011081047883132e-01
6.460915097554394484e-03
-2.349380147428102306e-01
-4.998588264490186894e-01
5.783955914176599489e-01
3.838226383433538391e-01
3.322475092626274162e-01
2.755583823390441722e-01
-3.045808539585069252e-01
3.795766051788833084e-01
3.209916654035608469e-02
-8.007604420467764883e-02
-3.581358098664248479e-01
-2.602448876278512513e-01
-3.025718802611094271e-01
5.579170633065316104e-02
-5.505906726537823648e-01
2.614074185542372142e-01
5.584802403403071880e-02
-3.397226778470670561e-01
5.132473843257139290e-01
5.570319856087296850e-01
-1.539499586879750082e-01
-2.881835785846511566e-01
6.381725953045325195e-02
-4.011210053522820118e-01
-6.360412294711423886e-01
-4.052061774924592408e-02
-1.714640715649256852e-01
8.969493367335859557e-02
4.013227869688734684e-01
-1.333311932494714858e-01
-4.263484078824385515e-01
-2.431806014930319726e-01
4.510026091245269986e-01
-3.216911351533600083e-01
2.243766888402267679e-01
-9.682499435301696045e-02
-1.642203381273327767e-01
-1.697477348226417160e-01
4.588716238096551825e-01
-4.744802959504614281e-01
2.136729513451534612e-01
-1.439240045818606095e-01
-4.933314020203640599e-02
-5.204976177628030110e-01
-1.473473522473665587e-01
7.268905014285163002e-01
5.288062840778597895e-01
-6.756811378238766208e-01
-6.721307733230226233e-01
-5.219092076295042126e-01
-4.470668409701041845e-01
-4.198866469227167109e-01
3.861853720873381079e-01
-2.802439650712091335e-01
-3.370378944694085721e-01
3.381811196390792640e-01
6.999952832745903741e-02
1.533427586366775119e-01
-2.544333700487185213e-01
-4.080119208363077177e-01
-4.456175488748839175e-01
-2.078142443492538016e-01
4.411918844192809774e-01
1.059785493951985180e-01
3.543708871365449653e-01
2.465473772964799914e-01
4.454443801559652139e-01
1.996604344635604100e-01
-4.398256993434996875e-01
2.439514698172203233e-01
-4.423507146635549669e-01
8.457583266393106647e-02
1.480787598028248386e-01
2.160237882467772597e-01
-3.300456835715884774e-01
3.379761480771424353e-01
-1.920781176850051564e-01
-6.296582379469995994e-01
-4.460048402157876790e-01
-1.359026133343758380e-01
-3.741800030264132992e-01
3.555112362299607254e-01
8.612295258096459849e-02
-3.886923887766102204e-01
-4.749760890310957828e-01
1.163905710372022534e-01
1.167058952976811337e-01
4.207298493270283934e-02
-6.489833554484280009e-01
2.990857206676723057e-01
1.318497488824376673e-01
-1.018092782321059625e-01
-2.271767243320857721e-01
6.159067689359936093e-01
-3.016726722290907214e-01
3.834275880598636554e-01
4.283723480807000161e-01
-3.679914935280898525e-01
3.123689521906611866e-01
-1.883528109373991399e-01
-2.422498262322076434e-01
-3.282548780666904031e-01
3.952116703440067269e-01
8.345764542965351807e-02
1.143131371996794626e-01
1.626581925576452148e-01
-5.142520430913543050e-01
-2.183916130976477216e-02
4.289877271343700005e-01
1.320571546679032426e-01
-6.277982935493942040e-02
3.352260611220457542e-02
-5.903233635389570910e-01
7.820311013973657577e-01
-1.734644765616484841e-01
8.423335539690418594e-02
-6.067743474835282091e-01
9.619602398157801881e-02
-9.451268477746630967e-03
-1.076965187193538870e-01
-1.980627292312298060e-01
-7.197361283580855189e-03
4.639912171507862282e-02
-2.768482928116993702e-01
-8.520925389876840561e-02
1.672751991050692305e-02
5.071722390847729356e-01
3.290356553401008188e-01
2.679544432377092278e-01
-3.902973291469347128e-02
4.954588809008641515e-01
1.754159665225028114e-02
5.625711129108836861e-01
-2.372870420620891152e-01
-3.090967063906173151e-01
1.204185878692383416e-02
-1.604059672762764011e-01
1.270586216557494375e-01
-2.769457634445562366e-01
-1.772737683713080381e-01
3.323719735945364073e-01
8.277291614121891350e-02
1.737772063268294698e-01
-2.406237783984351841e-01
-2.938620947896130597e-01
-2.975008376873999882e-01
1.083707514967863494e-01
7.452049367803090241e-02
-5.125885659552575913e-01
7.076935284432796236e-02
-1.110900568732614557e-01
-5.107787704058679851e-02
4.660508577318394630e-01
1.905545657943198967e-01
-3.464750195947443601e-01
7.260896375999099928e-02
-1.761925620890484878e-01
1.386683213636881462e-01
6.299457747646444172e-01
5.251875753884215348e-01
1.730076822604027509e-01
3.882304537136400668e-01
5.034075294367821307e-01
1.245794078487845458e-01
-4.040703840297908411e-01
-2.885155371747532005e-01
2.455202829923064933e-01
-2.163661646873060729e-01
-3.433497326328728283e-01
5.232247669251789413e-01
4.347149503531967385e-01
-1.058006565823124516e-02
-6.204760557024286971e-01
-3.398391231137303792e-01
5.849344439178569277e-02
2.542671829399535330e-02
2.373676580783556644e-01
3.907638375171473277e-01
2.430554367190406739e-01
6.997943100606476841e-02
2.019920347193772132e-03
2.731679184548218078e-02
3.168664632658085845e-02
2.520072370922925992e-02
-8.417545646486974953e-02
3.025699638918861178e-01
-2.727688381909328941e-01
-3.242121640375986852e-02
-5.339476032690915197e-01
-5.084321097421244939e-01
2.751239134912653594e-01
-5.712900454369239656e-01
-2.195282244331754895e-01
4.489186612625788442e-01
3.579303420358895260e-01
4.299097637346124268e-01
1.688032412488572331e-01
6.702825932298525635e-02
-2.629626964329808136e-01
-7.899621596628098041e-02
3.066160071792930486e-01
9.554996303617951936e-02
-9.161892197766580148e-02
-2.962196905996406504e-01
-5.693356142370099848e-02
-3.163191923883163503e-01
-5.673261778215982210e-02
1.458837111743523374e-01
-4.451621704079042896e-01
9.868433720326122427e-02
-4.022452333854174000e-01
2.791630920872442689e-02
-1.670077940582499476e-01
4.967272130579915984e-02
1.113494443643500836e-01
1.633753119503363327e-01
-6.652323812568087247e-01
2.024134177384895872e-01
-1.530735590238678154e-02
-1.398539429514374932e-01
3.439291015680591146e-01
-1.253825815307347824e-01
2.024150188778558734e-01
-1.761921921928490675e-01
5.410886375655512559e-01
1.311200288486701615e-01
2.036387736982316621e-01
2.243427769503970881e-02
1.531343945904895532e-01
-4.178117088001408463e-01
-2.907571395266068670e-01
-4.876761110324731585e-01
-2.027628541176358101e-01
3.021970020151412140e-01
2.986809184174519793e-01
4.453182487532485190e-02
-7.758922002017826225e-01
1.774930336258044861e-01
1.737022970740148275e-01
-5.824972742198041287e-01
-5.608428803854949019e-01
-2.825087510160049220e-01
2.591296363329003705e-01
3.482362382571230763e-01
2.838995184101528180e-01
5.260170376853651186e-01
4.403674781050264109e-01
1.276740067293808401e-01
-1.342080763793681020e-01
1.785368880523072466e-01
-2.463865157948757489e-01
2.004038801732669350e-01
-2.450644888595908122e-01
-3.250903323864479111e-02
-1.400435414468989281e-01
4.295747292046268595e-01
3.645239231960022419e-01
-2.433256320187857646e-01
3.448341936041245809e-02
-2.467145375951889652e-01
4.441916482634785668e-01
-1.693843228303297255e-01
3.759736101870029268e-01
4.208186983300676864e-01
2.838856100908689895e-01
1.049908436130035094e-01
-1.654431651917181445e-01
4.995111549932306216e-01
-4.234688797413593830e-01
4.101862848869802791e-01
-3.865762428195085310e-01
9.457898846537558801e-02
-1.766914425032562949e-02
2.729240639831051474e-01
5.479508125616208147e-01
-5.776003489736832863e-01
-6.136914402149128422e-01
-2.741501572456981894e-01
-2.678479850691332653e-01
-2.613881578071720890e-02
2.725304790731720717e-01
1.623670156701682021e-01
-1.958237813980371333e-01
4.869985984784912236e-02
1.914550038057196979e-01
-5.983292449524337808e-01
-3.360061815789552875e-01
-2.327292142455061330e-01
2.084440031507402979e-01
-3.241554424951756941e-01
-5.855141814572831782e-01
-1.730851203361993274e-01
-2.475147556994052034e-01
-4.375568007514146207e-01
-1.230008973858404964e-01
1.439920189569225129e-01
-3.856474724843789170e-01
-5.541301812563320661e-01
7.450701741444128168e-02
2.346835258385302769e-01
-7.153798445831938135e-02
-4.668195587377950151e-01
-2.699562959870253631e-01
1.639151301895497570e-01
-2.615911857364889848e-01
5.290759906176185912e-02
6.169308862519371495e-01
-2.691306113348169715e-01
2.047794852418792777e-01
3.176792923354130882e-01
-1.384626109100805039e-02
-1.813700764998318615e-01
-1.827211177658912833e-01
-3.960612038814782521e-01
1.114033289762547396e-01
1.376009346789491272e-01
6.499290487044575571e-01
-3.853103146581152161e-01
4.013273537648502365e-01
-3.399380411961006043e-01
1.150188431295857128e-01
-2.712318808222339839e-01
1.750885119619227381e-01
-3.949279245014494233e-01
6.643236500295072178e-01
-5.146038912304902180e-01
1.815561008015675881e-01
2.887103645252991346e-01
1.383700098443284565e-01
2.332318820436291851e-01
-3.223576863327684561e-02
4.265558608485939263e-02
-1.252170385812760023e-01
-2.521780106323209814e-01
1.418701690512256808e-01
7.479445570243520303e-02
-8.023897909654419125e-02
-2.078550364371692383e-01
-3.739993238907755035e-01
3.586966743346042819e-01
-5.532650798522241731e-01
6.907667397871097847e-02
-4.312936159589733642e-01
6.464573894152000205e-03
-3.735923090640802524e-01
-1.995990765138083989e-01
-2.164258048572671039e-02
9.674921689541116088e-02
5.084088574940494321e-02
2.689895483059085990e-01
2.346116139053904814e-01
-1.384326511115920588e-01
2.667148482067670523e-01
-1.549547720572520548e-01
-2.753003781743657008e-02
3.208240274153314475e-01
1.390783617766979674e-01
1.023268373142920407e-01
-3.248151893454846451e-01
-2.344533398416307202e-01
2.833805364948350780e-01
1.259024974734330171e-01
1.294520087139316121e-02
2.974344325130009459e-01
1.836733756046043664e-01
-2.344075951714345851e-01
5.506336259782231846e-01
-1.140363346935919092e-01
3.860691251055413387e-02
2.541164486115740084e-01
8.610490285682968759e-02
-8.071426522874869391e-02
-1.620584826840765769e-01
6.811360820460987675e-01
3.744469611249083840e-01
-3.565211603308801047e-01
3.376027450835578647e-01
6.747605752615767893e-02
-1.515557213509050316e-01
2.415581290796801062e-01
-3.501540365342268313e-01
-5.132513208646096725e-01
1.618294180007716632e-01
-1.787940143146222668e-02
-4.116546820447690713e-01
3.959374406777933508e-01
7.475867121838099261e-02
-1.244827802400373315e-02
2.674919671055067671e-02
-4.475355544279987496e-01
-4.460311944186239747e-02
9.579081653713485134e-02
-2.347785704231667436e-01
-7.676629721277339335e-02
-2.596207494052081288e-01
1.639102317652071927e-01
1.220925998785869493e-01
8.314744864069675834e-02
1.054783510544448771e-01
6.853961371807142378e-01
4.543237572735387975e-01
-3.625244822266336930e-01
-1.918773894903223476e-01
4.264565318549942141e-01
-5.341402126328421707e-01
6.520321937973718729e-01
-2.192575513668966192e-01
-3.232961522359384388e-01
-4.192960153424957204e-01
4.157593376469573970e-02
-1.315780681377494710e-01
-5.895084894278759258e-01
-6.010228526489413969e-01
2.652216983568252973e-01
3.749190049451684437e-01
8.183930604763008931e-01
-3.929425693847609091e-01
3.841941538815674129e-01
1.050493078762658183e-01
2.113656134693250865e-01
-5.845723693790263464e-01
-2.818850108071753180e-01
2.305554730751845915e-01
5.630990422914953220e-01
6.480735245821752644e-01
1.157424864994986147e-01
2.471509885847629207e-01
-1.967856603200260068e-01
-1.296730554099754240e-01
2.953622835015504711e-01
-1.743213237270218041e-01
-2.067095780060726751e-01
4.353430948998052719e-01
3.938866857087014450e-01
3.090684642334308174e-01
-1.737990909615401702e-01
-1.189609481190422868e-01
-2.136142811191119387e-02
5.653589192472746605e-01
-3.326642707907548346e-02
6.895975476002107474e-01
9.802008597625076758e-02
-2.245388863277562874e-01
2.329538376484586448e-01
1.511577805110603245e-01
3.059150635667050033e-01
7.468288838424079479e-02
-1.452892193464834780e-01
5.859406452686514166e-01
-3.276317605970786584e-01
-3.255141491000097531e-01
-2.430741155284572852e-02
9.389522152457244197e-02
-2.523932920086550680e-01
-3.218176872147603396e-01
-3.973285710346733529e-02
2.259756043848379636e-01
-4.995296164128008864e-02
1.512252082746889104e-01
-5.093344122507961202e-01
-5.657847187842273140e-01
1.449415358989944447e-01
-1.190359753179783542e-01
4.974329009877282576e-02
1.002995574614565510e-01
-3.905603795499071884e-01
4.566475216554804345e-02
-2.769278213802093269e-01
1.036489827550179377e-01
-3.504454306559519616e-01
1.167729371238184072e-01
2.953454392386731797e-01
3.702955179566111421e-02
-2.553462531140776592e-01
2.979414028915852164e-01
-6.221166682725026015e-03
1.701178659755909761e-01
-1.012641099316904797e-01
6.685237928807915564e-01
-3.384777668625326141e-01
-4.700045794473894922e-01
-9.925585087604607559e-02
3.433933509751818658e-01
-1.564386484155893542e-01
2.330988297392757105e-02
-1.805247170393998180e-01
5.410701241046420723e-02
-2.917991915047704957e-02
-3.458739942502369602e-01
-3.434150866990269280e-01
1.266720970561132364e-01
4.336772448412166969e-02
-1.236933838500708233e-01
-5.321095289304580284e-02
1.259829326988257392e-01
-8.645675170511810115e-02
3.868976567205273387e-02
3.879779589863748268e-01
-8.801952712671150258e-02
-8.758069320214491305e-02
3.006050741747777755e-01
1.535677068001746470e-01
-3.644924359566911187e-01
-3.549064209899450706e-01
-5.755589375077515418e-02
5.280155052598119181e-02
-1.187988311746874942e-01
-5.125667532756260636e-01
3.801817796078729161e-01
-2.779671949547831145e-01
5.371094364252606557e-01
-8.216309557454488932e-02
-1.847419847212573851e-01
1.871100992996261592e-01
-3.974314688721156674e-01
-2.796043468109490893e-01
1.665857466524557073e-01
8.916711564502524667e-02
-1.893867425464570153e-01
2.895851346056831921e-01
-1.574520948866384717e-01
5.474348563580435645e-01
2.846684735084930584e-01
-4.555816895851453885e-01
5.336471160611522269e-02
-1.740466272638092060e-01
1.639224022071474329e-01
1.539013662087007073e-01
-7.419491019677844079e-01
-2.670448772585728991e-01
-2.412987248689337227e-01
-2.752591638508177230e-01
7.791060452740949938e-02
-9.914650917334287550e-02
2.923215186346795891e-01
1.685047552496489742e-01
4.375945012469728557e-01
-2.173734692103911903e-01
2.458982650620709365e-01
3.581897678737147594e-01
9.290954277264806827e-02
-5.177679321471811980e-01
2.794507927451054252e-01
-1.554372347328028259e-01
4.924771801298167828e-01
-1.188060454113333414e-01
-1.536903880528734390e-01
2.109032963878652578e-01
2.527957911470649077e-01
2.800284928049110583e-02
-2.164621577358605276e-02
1.661087384751811225e-01
2.200460724355132180e-01
-1.349455483518779142e-01
1.081396749013353517e-02
-4.960464937357080273e-01
6.740508239764371190e-01
7.057861447927334941e-01
1.054861979694398932e-01
3.317774786340348392e-01
1.947393406929758541e-01
-2.209981319260984067e-01
3.815938064851590733e-02
4.844988251176924887e-01
-3.442796903650691687e-01
-2.265445251066026261e-02
8.612511574550306415e-02
-2.617854986740835721e-01
2.527459310510535295e-01
5.445284125986492585e-01
-6.048212645424180245e-01
-1.076072551625941592e-01
-5.174811653197739503e-01
-3.925182271071569473e-01
-5.624555894445399939e-01
-4.238461736606063401e-01
-2.328915088775334596e-01
-1.948968674774064769e-01
-2.854688000391336078e-01
-2.136192743372254954e-01
1.182676566460019035e-01
3.684182548840987392e-01
-2.565335941211471793e-01
-5.402645363588232802e-02
5.848789018131215212e-01
4.405934049929995933e-01
-2.414824032253263253e-01
-3.057587356309871551e-01
7.411541935163956651e-02
-3.152990564784488581e-01
-1.969941533166047754e-01
4.873487436979786480e-01
-2.552222585103076646e-01
1.438032406963573040e-01
-3.766646399606826678e-01
-3.987964341218979136e-01
3.812168658035188229e-01
1.106110387422818836e-01
1.914565492361262611e-01
2.091687710897891517e-01
3.486367619218810887e-01
1.056874758206527258e-02
2.437498842349158368e-01
5.156066021874257110e-01
4.360300263100959361e-02
-7.114659353901209293e-03
-2.793061892914602828e-01
-9.329748809440709112e-02
4.051859678482010452e-01
-2.653816764684026053e-01
2.866303196988997937e-01
-5.898677768029591401e-02
-1.763049739795844728e-01
-4.582811189205231867e-02
-1.899346378161773652e-01
-1.109396253679122007e-01
2.139604267138989768e-01
1.987280594414812807e-01
-5.359472753872412260e-02
-4.649652449264864984e-01
1.344370995009964154e-01
-3.258565103275617991e-01
3.386842245721369271e-02
-1.889162555593713322e-01
-3.597431564955000383e-01
-4.334719103276517549e-01
3.636473960033947961e-01
3.711374827832814027e-01
-3.270887515629181674e-01
1.899359975005532053e-01
-5.565958152360413191e-02
2.691202624163600565e-01
-3.758863982215990274e-01
2.284384393597979623e-01
-8.484119908253276443e-02
-4.456427231807252864e-02
3.168734387369094296e-01
2.319788065636974317e-01
-9.650733679835701850e-02
-1.414119027687016361e-01
1.168661047270479897e-01
1.650476582438606954e-01
-2.996836897662520927e-01
-8.164597356231680092e-02
-7.073598060578006885e-02
4.275027774023056892e-01
-1.311282543337453053e-02
3.290331420966436937e-01
6.523828620610688800e-01
3.617155224870921559e-01
-3.246707696807247800e-01
9.970247911019580744e-02
-4.859956024423017773e-02
-2.850398683212977957e-01
-7.324464283636584749e-01
-1.839947863897889099e-02
2.417162795987270740e-01
-2.839289775860308618e-01
-1.167551820907487686e-01
3.670663844761373751e-01
1.556562444691302061e-01
4.579809023952671754e-01
-4.405643329717978673e-01
-3.364522069867539322e-01
9.289132026685626656e-04
1.174197647761122537e-01
5.452679077926705226e-03
-3.759453774552755090e-01
3.284093941533253180e-01
4.422735119610259058e-02
3.880270105289001376e-02
2.834249001064868545e-01
-3.040715008549970122e-01
3.213555514143100478e-01
-1.007826775395761210e-01
1.919210752593045188e-01
-7.781885455674207586e-02
-1.295066855766075775e-01
2.572941397405918360e-02
2.384144047640153197e-01
1.969073400232786430e-01
-3.385980903341071491e-01
1.603554563571187308e-01
-2.097842625589144971e-01
-3.140574739278246819e-01
5.358978640777042335e-01
1.550717983229621677e-01
-2.566270767137239783e-01
-1.754337501758810314e-01
1.112476437502838283e-01
1.769226818217970454e-01
5.203652200119374127e-01
2.210159924881259230e-01
2.113635338361269100e-01
-1.980696853130376189e-01
1.442793416204137535e-01
-6.548702489521643910e-01
-2.924647773744848411e-01
-2.332054160864951986e-01
-8.941120456680626272e-02
5.943005340476544829e-01
1.198469359694901842e-01
5.041648081313099272e-01
-1.315589758694674927e-01
2.592265618786109282e-01
-2.516807346574607696e-01
-9.502868975149410258e-02
4.531707692747810601e-02
7.929156451861987809e-02
1.593646858973031544e-01
1.240663832075182549e-02
5.363888307802238131e-01
2.319477396635050981e-01
5.201873989470398030e-01
1.502574651564533015e-01
6.140889711952954994e-02
-6.297951041439030229e-02
-2.384983130854573530e-01
8.708463999284245249e-02
-2.045738135592555795e-01
-5.436171941503461363e-02
-1.991331795039866792e-01
-3.636573122725963447e-01
-1.548729656018856260e-01
-5.124965383292112708e-01
3.759584673541289668e-01
-1.401413461869249755e-01
5.154781477015837332e-01
-6.903772921518015748e-02
2.587370052483513594e-01
3.059878578663099424e-01
5.241632064943804042e-02
-2.015406439348138568e-02
6.489195933964650997e-01
-2.518055825027512573e-01
-1.821691609573429793e-01
-5.545446691593666211e-01
1.439544111294381312e-01
1.336513979163841404e-01
-3.770170729673356091e-01
3.582856959981109979e-01
-4.313495951288861541e-01
-2.424270038608478672e-01
-3.000735617860678106e-01
1.846393500531698650e-01
3.872763916568932041e-01
2.855648152059188649e-01
-9.976490139304018678e-02
-3.757573062911259698e-01
-2.790568810492644047e-01
5.670895667358165637e-01
2.512167134011885627e-01
-1.516701660503229909e-01
1.895738321158236261e-01
1.622594070057579996e-01
2.180790072929196244e-01
-2.873243273399053721e-01
2.896579773939680358e-01
3.771120381973771529e-01
-4.171242873006155150e-01
-7.646991192586083397e-02
2.761136916000944130e-01
5.097078368054682729e-01
-5.141949055242008848e-01
6.728628335657626212e-03
-1.159564876595264998e-01
4.643282696964082801e-01
2.074526342005376667e-01
2.315637495852719274e-01
-3.156993571318856273e-01
2.959841409524175404e-01
8.076453969435642977e-02
1.970321773113238861e-01
-1.072975424273810707e-01
-3.377532139715940795e-01
-1.021445505294572287e-01
-2.337576455215681914e-01
-1.173625335649372131e-01
-2.366601702939888363e-01
2.876604614894527900e-01
3.599641671838321733e-01
-2.404257867705392737e-01
-3.938477920555884526e-01
-5.804620615168364361e-01
1.193119401041035921e-01
4.405760931878215936e-01
-8.727461062375838075e-02
-7.033500905785972090e-02
6.672109074484611213e-02
-8.834433765075217632e-03
3.662420811921597852e-01
-1.284081296868285205e-01
-3.076902770556076416e-01
-2.375235807412560685e-01
-3.353159615584520581e-01
5.875274442560525223e-01
2.490375082928669714e-01
-1.671463892125704398e-01
-1.478183505229844347e-02
-1.890262231437668484e-03
2.996035547835044222e-01
7.328805632863528985e-02
-2.621063050540979322e-01
2.215268525373502717e-01
8.554327485401090614e-02
3.776751894909672891e-01
-1.791797946335958180e-01
-9.177657226268354229e-02
2.633322571961623781e-01
2.378974918940698902e-01
7.549444104675869308e-03
-4.410800900857997919e-01
2.750304092899867325e-01
-3.917633614881357307e-01
-4.666051643485922829e-01
-2.040010152759116346e-01
-1.138769231176119806e-01
5.408775461484256752e-02
2.917182101530618188e-01
-4.678124830824997166e-02
4.276705113505437916e-01
-4.154790062116757721e-01
-7.126382780960371921e-02
1.694451041770357325e-01
-3.993489559456407378e-01
6.226215678134958686e-01
-1.654927480823057684e-01
1.865557269672155072e-01
7.257793827530754222e-03
-1.992839021535364741e-01
6.552892578469465823e-02
3.708750862091471090e-01
3.514554365577570727e-01
-4.910635609316973960e-01
4.580737050193772752e-01
-1.041381778819326920e-01
4.768656530216733302e-01
-3.046077023976188070e-01
7.611229245172820290e-01
4.460364016652854091e-01
-3.365930346725464362e-03
2.589540963807164184e-02
1.788814195321309641e-01
2.469105953479412141e-01
5.849083112769314363e-01
5.379080524218361470e-01
-3.209969023052429704e-01
3.330296505763271075e-01
2.734905152483844137e-01
5.025754455317169578e-01
-3.174493153315816052e-01
-3.454383282373726938e-01
-5.563706642220647147e-01
1.611549323868596839e-01
-5.368720234464581520e-02
5.291965827608705597e-01
-2.612851218220740845e-02
-2.009256361916329503e-01
2.131606875782552091e-01
-6.532727671895438570e-02
-2.072884372618409299e-01
-5.310245756752177693e-01
7.985578730767979583e-02
-7.678996444768640406e-02
3.758497292761309172e-01
-7.309641890794781049e-02
-2.668592655614542286e-01
1.978474235360851707e-01
-3.291469863496556542e-02
8.695294200771774840e-02
-3.274016134577383830e-01
1.654584611856517798e-02
2.264440900310660254e-01
-2.624633863712995674e-01
2.046593356625783233e-01
1.241948324473139409e-01
3.470793223931395444e-01
4.648592882672423349e-02
1.638576356988105664e-01
4.992731517414039089e-01
2.668145668426287753e-01
-2.497111628539318007e-01
3.508106587743345384e-02
5.460186224203747996e-01
-1.503640021963511264e-01
-5.013008248963505414e-02
3.325151551238144099e-01
7.032903793586728347e-02
2.396792012199280841e-01
6.961128617161502219e-02
1.219942256982249063e-01
2.618057666011336382e-01
2.101663981084329891e-01
1.482274116707623102e-01
-7.555160177943662791e-01
-1.944401822730820739e-01
2.714782908634729153e-01
-4.395446363592744321e-01
2.858337062417419805e-01
-4.164496563478763402e-01
-1.525573809456141905e-01
5.284886593721737080e-01
-1.149522481959784764e-01
-2.645097202919906576e-01
-4.277604973098659835e-01
5.002447956111160110e-01
3.712473819737696079e-01
-1.241547576398297770e-01
-3.228357954780078920e-01
-1.288018406347766209e-01
-2.042667891482856102e-01
1.111784167183030303e-01
7.356114395432258313e-01
4.336098171911096366e-01
2.465362616016880393e-01
3.045480075134580078e-01
-3.640750898675212954e-02
9.446885302960900122e-02
4.583591317560914424e-01
1.010192382744761752e-01
6.826778873739937359e-02
1.437823871027980038e-01
-5.152180474535590360e-01
1.215167917261725239e-01
1.564072966214993532e-01
-3.031695381307314419e-01
2.872058746611277358e-01
-2.987814145580099945e-01
1.908513432170410029e-01
4.855064811364103172e-01
7.475816560208997652e-02
-1.003503577648854200e-01
2.137234330296950216e-02
-8.943421070987062071e-02
-4.460301127153230571e-01
2.777210733423033512e-02
-5.967942092026585522e-04
7.984463652407099155e-02
-1.465637171729575472e-01
-4.277287835767352997e-02
-7.421910928314365274e-02
-4.106484057385473285e-01
-3.709135697413410426e-01
3.289001111366074426e-02
2.607067268930915449e-01
1.893657885663406204e-01
-1.980797827530462740e-01
4.780730919295168024e-01
2.221498555855736246e-01
-1.128931340767695864e-03
4.728140411875097482e-01
3.784085414264343888e-02
-3.211937536348110633e-01
-9.246073969247704805e-02
-1.760137017468077492e-01
3.001440487640907318e-01
1.843690211943048995e-01
-1.596575855937858168e-01
-7.286531089308834197e-01
-2.248343369900590583e-01
3.258750669656561294e-02
-3.378533723643046272e-01
-3.963670869889270865e-01
3.836475949442654243e-01
4.922473102028857572e-01
-7.869026226038680072e-01
-8.040565838619267297e-03
8.607597174603316692e-02
-4.551121275998070703e-01
1.956863577585692404e-01
9.165719745854757072e-02
1.817688743536275547e-02
4.376099932067465947e-01
-2.636139957472762863e-01
-1.101900062985379514e-01
-2.590513879428483213e-01
2.464037296139400673e-02
-2.775564132977949017e-01
2.971863079729045731e-01
-5.804350832190401377e-01
9.289088783274151301e-03
-6.409619977523964285e-02
-3.635483090908685488e-01
6.034596524803863549e-01
1.189851053068896325e-01
1.388274241034345435e-01
-6.150803261973584318e-02
5.013353418702277686e-01
-4.819873184344615202e-01
-1.996604884051984830e-01
-5.872828711603903518e-01
1.007117438449196545e-01
1.718523393310168734e-01
-1.467249845751815163e-01
4.177734286777209372e-01
-1.880121731479545699e-01
3.844454360285438910e-02
9.681419680594016697e-02
-5.407433470439877432e-01
-5.246168935707882230e-01
-2.198949910221334736e-01
3.761803120134554201e-01
-4.193199845221966537e-01
1.546363739351415689e-01
-2.847680700027729328e-01
6.331135825975696407e-02
-1.640773344339014894e-01
1.026888195588888664e-01
-2.863934276362688491e-01
3.051400807861084363e-01
-9.304780840590129443e-02
-1.704884024881553883e-01
7.807744084844904509e-02
1.956017412029946445e-01
-5.256935661864630127e-01
3.377587856845670755e-01
7.212291246618078855e-01
3.265118109077675412e-01
1.794163055668077933e-01
5.356750741235888347e-01
-1.255014133205329674e-01
-1.524645299571392165e-01
2.084711748543384702e-01
-6.659571503091823441e-01
-6.913094101506589428e-02
-1.401149108792330011e-01
-3.461740865102809206e-01
2.583576643751377411e-01
-2.643476139369178579e-01
6.816456522810049323e-01
2.538378583889194101e-02
-2.918899794235377265e-01
-3.521867017480291295e-01
2.019712830610570220e-01
-5.384920169151025116e-01
-3.421478021224588217e-01
1.554516129211584996e-01
-5.475296390063509877e-01
-2.265415010464663648e-01
-3.913848315324975902e-01
-4.000424232287123072e-01
2.304796332672218451e-01
-1.566100278137482760e-01
6.991713479200798442e-01
-3.410861238405568652e-01
1.531610742659012536e-01
-6.795253647495773375e-02
-2.993491613411910363e-02
-4.108956662825378192e-01
8.546513643484009159e-02
-9.420148441982630072e-02
-1.167044089018122455e-01
1.697382639648576941e-01
5.876019417936758638e-01
-4.290821312658115588e-02
1.448695106688300815e-01
-4.711027426476608881e-01
-3.396677278619456009e-01
2.625862308358969388e-01
-2.455712469195008713e-02
-4.999837823438725848e-01
-5.300276426054019163e-01
5.235966086849305201e-01
-3.440149119553975732e-01
2.566140578178259801e-01
1.455446090439701801e-01
4.257547624790832819e-01
-2.271069258559776372e-01
-5.515934718849931917e-01
-3.208364874511550058e-01
-7.305387761557931015e-01
5.425096654500214388e-01
-7.353046049803348139e-02
-3.129569156643957628e-01
2.163019902313299825e-02
-1.397865327510901083e-02
-5.595360850292067090e-01
1.471521309175509162e-01
-5.630423459060744651e-02
5.633176876378520603e-02
-1.330316534383162719e-01
-7.825712523295150214e-02
-4.977650908207930103e-01
-2.849129145648980344e-01
-4.354169491883183030e-01
5.025257681841162338e-02
-1.527440463589137265e-01
-2.082218312101938307e-01
5.607274918677388476e-01
-4.294338977154845138e-01
-3.342827287984689866e-01
5.997928665318821850e-02
4.807688730025818508e-02
-3.113675321494511206e-01
-1.057514799526508564e-02
6.752785789892615242e-02
-8.778573745557738395e-02
1.937234542166820506e-01
-4.246414537339294332e-02
-1.709744962566889792e-01
-3.059304018539316106e-01
-4.897764459323787102e-03
2.910087732232792632e-03
2.183543997632392264e-01
1.549053649580393599e-01
1.360467129069298058e-02
7.630236587194683118e-01
3.505975147337014874e-01
3.098982962982251843e-01
1.221863661257258649e-01
7.855158215675253075e-01
-2.682085594517901739e-01
-1.914474824398252062e-01
3.500882380099663016e-01
-3.250443376204698032e-01
-7.833997986610044539e-02
-1.764643288253622821e-02
-1.645676711806967341e-01
-4.190544692570499080e-02
-4.360352260169246819e-01
-6.942205313442684211e-01
-2.018972631829790421e-01
-4.822066370783453237e-01
-3.852895684247468200e-01
2.823939253550723436e-02
2.377000479926146270e-01
-9.715880471081494996e-02
-3.927922505380970208e-01
4.448981525412292193e-01
4.359475113098942312e-01
1.084352965470250368e-01
1.586091774250968922e-01
-3.950539513795920943e-01
-5.068731228109658593e-01
1.000514312076274288e-02
1.569233821312807642e-01
3.399307410347543468e-02
-2.635889213832113831e-01
5.666756180214295446e-02
-2.602178724538664611e-01
-3.228295747842856445e-01
5.299542631343891891e-02
1.330779664896196979e-01
2.662835272536689599e-02
-7.122716921866027381e-03
-8.050700039625299786e-02
-2.112854101614062841e-01
3.431938437284732385e-02
-2.002173201955901594e-01
-2.321878297369970312e-01
-4.383486860691240827e-02
-5.538743153506879846e-01
9.253196235182259421e-02
-6.071743857788483578e-02
-2.230915978511983644e-01
4.805302587782799006e-03
3.098687885390815078e-01
-4.065065786160561023e-01
-1.958216546489959520e-01
2.073413203680629993e-02
-2.122548517159444925e-01
-5.041434629888712493e-01
-2.118627958486256901e-01
-6.184312872223118873e-01
-1.703671481183703096e-01
-3.543564628386854376e-01
-8.628195700201535256e-02
-2.456951398580864421e-01
-5.244087373839828592e-02
2.980154268337639398e-02
-2.073379222136089717e-01
3.512894605968763240e-01
4.108264448673627778e-02
5.054773422733606081e-01
-9.206754229485729357e-02
3.872537557647465767e-01
-3.921145710397414552e-01
-2.539821123209162756e-01
-4.096711910171631221e-02
8.168389971916698022e-02
3.684200870909761227e-01
-3.922598354123612609e-03
-4.351687529894503470e-01
4.245878024960910158e-01
-3.813733768213928288e-01
-2.189354737977849963e-01
-1.363327879901541362e-01
4.573473131573632111e-01
-1.108904952028182123e-01
3.067626134399666915e-01
-6.303035008838204778e-01
3.310809907380370953e-01
4.922123874477564720e-01
-2.559633809389139647e-01
-2.936027551498301413e-01
2.808788290492315043e-01
6.205371589133962251e-01
3.972499258796982069e-01
-4.370033878872013888e-01
-4.195048427892184018e-01
5.048909178174361134e-01
1.264822740705004167e-01
3.060316993302325539e-01
1.117984018097215176e-01
-3.847149936081463162e-01
1.638802275333365310e-01
-2.670100614593670652e-01
-8.741295275423902056e-02
2.303758147003139023e-01
-4.988584710150005264e-01
-1.969547259455725063e-01
-2.607530930886494680e-01
4.080574655954519736e-01
4.219839640671843028e-01
-1.015525946408202679e-01
1.046808803636725266e-01
-2.853643097541388451e-01
-2.895895308898949888e-02
-1.301053241731201793e-01
-6.837679132080576316e-02
3.005271371410465076e-01
-1.060944433458496095e-01
-1.814734643629149768e-02
3.747669560658209442e-01
2.707192926688248846e-01
-2.466671853577671186e-02
-7.430930712537929528e-02
-3.179551472645832932e-01
4.815734562256835938e-01
1.618490404462410437e-01
-6.243976975614196068e-01
3.691427781900095129e-01
-2.851537870093532323e-01
-8.964893563728797143e-02
9.215441128689003114e-02
-2.910476773178476487e-02
1.710039503693023544e-01
1.355873915758394332e-01
1.037070902042726561e-01
-5.717288334593672028e-01
6.820169415150521830e-02
3.888952536993580539e-02
-3.995725228686886066e-01
3.158347984453707680e-01
2.081281000993926711e-01
-3.292192503441974671e-01
5.096501813391041136e-01
-1.763700119180947601e-01
7.950194340610795551e-01
5.716184184921357936e-01
1.837798494841632602e-01
5.680290914370417221e-01
-3.823249140905841115e-01
3.137190504478306052e-01
3.285222386003942147e-02
2.490494131152883039e-01
2.982866028238387868e-01
2.747191192339364374e-01
-2.117165603780867267e-01
2.665910884655823404e-02
-3.957623320066408490e-01
-1.081899181918445363e-01
-1.601707661026069429e-01
-1.615217611644685636e-01
-6.578359479071147486e-01
-2.456290606420007960e-01
-4.594137548930991161e-02
2.308732923295803985e-01
1.837766290082991361e-01
-1.688801826360470382e-01
-2.664485033400486313e-02
-7.145920719012567590e-02
1.297930333506865652e-01
3.818319798122840059e-01
-6.806600371484892165e-01
2.696778720711435207e-01
-3.144435701041160547e-01
-1.331501394023076046e-01
-5.820542138559539058e-01
-3.541694057430482268e-01
-8.033687208387604861e-02
5.717080917903258896e-01
-5.287204460088099633e-01
7.945481841971110959e-02
1.364498433487842111e-01
-1.245670436496416483e-01
-1.140387735969344979e-01
1.895026489404026404e-01
-9.760577237349191831e-03
-4.923648140247881555e-01
-1.376966776896091094e-01
4.053782684651164314e-01
-4.561489177171782483e-01
-2.455030401088603015e-02
5.232863083024897888e-01
-2.559378950241003592e-01
-1.545546434316048545e-01
-1.387322640804624085e-01
-5.489696487525063118e-01
8.588174785207371154e-02
2.860300193769681476e-01
2.512623981970180109e-01
3.667547790855792966e-01
3.131915478117074381e-01
3.053626752429071667e-01
-5.128421154919722558e-02
4.813373732764937851e-01
3.938957889755166919e-01
-3.527504369536281770e-01
6.990941706760548380e-01
-2.264896039069433931e-01
-3.062553113167773011e-01
-2.077724694737968503e-01
5.297789544577431731e-02
-1.300204123726654837e-01
4.288105559468439187e-01
-2.717968818368645678e-01
-4.776899888860603460e-01
-2.325971226037261419e-02
-1.719353279298614645e-01
-2.845280278699063858e-01
8.028534963801259305e-02
-1.822619039316676626e-01
-6.772492295550398556e-01
2.726599867824676116e-01
6.239237769841049497e-02
-1.396773112095150704e-01
-1.198846489678998262e-01
-6.078982213663136625e-01
5.433337396432237620e-02
1.433898287038576913e-01
5.512411057893085164e-01
-3.556327271264617118e-01
-1.734457464567695957e-03
-5.940834047360569331e-02
-3.515239259867450894e-01
1.594101822814519842e-01
-1.396047876983451674e-01
-2.004927637329810552e-01
1.959296665013177396e-01
1.596010318716301057e-01
8.997690052622026036e-02
1.443691621772386635e-01
1.069569767951518979e-01
-4.735921309912312360e-02
-4.183208208353412783e-01
5.338468157052321805e-01
-2.913684276863892086e-01
-5.295578774388072230e-01
-5.960117338430787060e-01
3.347066304723070873e-01
-3.193166579331158106e-01
4.118271353566088089e-01
3.283936002314417624e-01
-7.425231004259968959e-02
-4.180781065374374050e-02
2.292296148498836339e-01
-4.424018363608479554e-01
-4.725468844263522872e-01
-1.258308363909399763e-01
-4.052926923947595683e-01
-2.775420822981080615e-01
2.319000918303917302e-01
-5.810721952711530580e-01
-2.081564168286887673e-01
1.451225586021886726e-01
3.199565826804719459e-01
-2.701647299741988806e-01
1.763741915045602959e-01
-1.146461788080425370e-01
9.336955974725728857e-02
5.402221581968043029e-01
3.590510364437005802e-02
-4.336519705423189652e-01
2.164952263511096264e-01
-3.668164651005661331e-02
8.307369743831419240e-02
1.046707077090958532e-01
2.164413481164974562e-01
5.405152691704062651e-01
1.865717623903712930e-01
-3.376218309923364469e-01
-2.125013235809336543e-01
1.087720882803186045e-01
-5.350665308469113035e-02
-1.065258190208023259e-01
1.880855754207072239e-01
3.240214549169813663e-01
2.992057405128072389e-01
-6.147949893452293590e-01
-2.099549485681646843e-01
-9.226640651755360634e-02
4.015916916958602867e-01
-4.312229228445475515e-01
8.757175501660813266e-02
1.232387467237894829e-01
-2.428697575619547799e-01
-2.284350690754186619e-01
-2.421885959451897663e-01
-6.090185170527031566e-01
1.912639268461350794e-01
-2.693435225066411615e-02
6.777533428904181090e-02
2.303440934585126720e-01
9.257773665834648225e-02
1.470374635820017040e-01
2.577393996822289757e-01
-2.958833081732119008e-01
-3.883795663324225017e-02
2.585203517397806072e-01
-9.849749923961659270e-02
3.582687297268163928e-01
-2.820554496238749861e-02
-7.835317889899215404e-02
-3.334823247553297260e-02
-3.779457140763079481e-01
2.049603347617532378e-01
4.403085312997485623e-01
-1.844724136277917786e-02
-7.696820065706928560e-01
-3.926907986058945643e-01
2.798651199320753569e-01
2.058852689215538434e-01
3.357574652994397280e-01
3.093767898547863382e-01
-1.317861834063762949e-01
7.145786387920016747e-01
-7.159716787468507933e-03
3.334189848878931772e-01
2.139862791814202692e-01
3.603434978253522436e-02
6.837626847377770156e-02
-3.982090408688250815e-01
-3.752798378014847724e-01
2.589475357425929936e-02
3.180501638243884988e-01
-4.116446541326653774e-01
2.396234293381916403e-01
-2.109428242152331517e-02
3.607431663356709325e-03
-3.040996672354679409e-01
-4.201240968553131561e-01
1.932782743677217419e-01
7.187277625149312010e-01
1.988607153961446383e-01
8.234127416902374541e-02
-1.329117352275200614e-01
3.732688273711463889e-02
-2.209745702142216217e-01
-2.870252347708169838e-01
5.835829351846855140e-02
-2.976478180114472405e-01
3.761092637247271941e-01
-2.671420759202098871e-01
6.480476247010218127e-02
-2.803026169895511122e-01
2.971509864135592482e-01
3.164443850353194643e-01
5.793650801609785406e-01
2.100197538689165255e-01
1.069473728429294612e-01
2.355823411088415753e-01
-3.314613353115182792e-01
3.026881249723558098e-01
-2.738964509998650376e-01
1.886611504827544750e-01
1.593757485962980086e-02
2.773075615395566573e-01
-4.950532483444961551e-01
-5.992026728876231889e-01
-4.703145071252021192e-02
5.587761120843883766e-01
-2.418491914350563432e-01
-1.749452155749059989e-01
-3.629714861332586917e-01
4.253933805552468361e-01
-6.602909755267918901e-02
8.351720532046737200e-02
-6.601419001705381706e-02
3.571706729818902026e-01
2.855107221042235133e-01
-5.054142057532045040e-01
2.388381777417121210e-01
-5.924818893994749924e-01
-2.217661970538265526e-01
3.722847292647953887e-01
4.714546853281534333e-02
2.160759216922741310e-01
-6.558780333069985646e-02
-1.357648034171409779e-01
9.861599032358034367e-02
-1.861862481950132819e-01
2.253629222774552743e-01
-1.885071292846451363e-01
-4.014651797549609880e-01
-5.992559841174704971e-01
-3.914574828815162721e-01
2.446605749830682019e-01
-1.633210686823922675e-01
2.118666914754843700e-01
2.839667347657499619e-01
7.938178177470885111e-02
-2.327488557907997913e-01
-9.531649450428358872e-02
4.778202606934243979e-02
-1.789421860310324852e-01
2.553441019350410901e-01
-5.666849133113809334e-01
3.707217337279653524e-01
-4.592435423610237433e-02
-4.582194074044580456e-01
-3.081737371723444752e-01
-3.008463678677248954e-01
5.901959993764375190e-01
-1.725468679367844760e-01
-1.542817609848800564e-01
2.126361109824780604e-01
5.845305292991376245e-01
-1.002781357745739649e-01
9.566333150874511970e-02
3.321189704832250289e-02
6.233215983482330858e-01
1.654693527241723680e-02
-3.594508935459247989e-01
1.471554861841693485e-01
6.153907006679981695e-02
8.735364764184221087e-02
4.384627655598135609e-01
-1.070134515075382847e-01
-3.669013997248037756e-02
1.553339569666239289e-02
9.762981716761949535e-02
-2.988597228259979310e-01
-7.953313651825663633e-02
-9.112310288668437619e-02
4.032171688004544396e-01
-1.230499080530817746e-01
5.146171103732891661e-01
2.532918660666034216e-01
-4.970026475157462986e-01
-3.173418642340417595e-01
-8.085806069745035685e-02
2.877086042051897885e-01
-3.720811262085550464e-01
-1.007239682664520797e-01
5.159243630785310675e-01
2.913939673680958006e-02
-2.652673441598182857e-02
2.341682919383699102e-01
4.282026465044809216e-01
-2.062337811147400002e-01
-1.682942849283133313e-01
-9.584378580959210248e-02
-6.022897343981376689e-02
2.216762264691375106e-01
-5.575116166499279047e-02
5.907003514849702430e-01
-4.781653831784866970e-02
-2.880080632828385667e-01
4.635814173888200274e-01
-1.798101489197024283e-01
1.168148208425476460e-02
-5.416406083773601249e-02
-2.750275332641395898e-01
-5.249537326585768104e-01
8.153906532570776022e-02
1.514583708256669325e-01
-1.217836038476480254e-01
2.527014158245097231e-01
1.918919926335514448e-01
3.655253206310483671e-01
-1.196944083642783874e-01
3.238468134475733229e-01
-1.520360473801052048e-01
-1.023731637242507875e-01
4.888603746561517305e-01
-7.238603611152823192e-02
3.522214108245095288e-01
-4.744436701866429629e-01
-9.918266275173853730e-02
-9.231073694903342564e-02
1.132149264321390542e-01
1.103982534875473931e-01
-2.856728754229709288e-01
-2.217170137911405325e-01
-1.288166131793144209e-01
2.892325893466462516e-01
-4.951656838338159838e-01
5.069912816846151582e-01
-4.710013264195490046e-01
2.650393200877698696e-01
-2.352361347541232495e-01
9.270452396196687816e-02
2.416233003487668063e-01
1.420695704248713109e-01
-3.633060197613052766e-01
4.115541613160847434e-02
3.511218888552845971e-04
-4.894964737381353737e-01
3.628153198541672619e-01
7.552952708068851884e-01
-1.138696302649531977e-01
4.946465595873408283e-01
2.206628374244493096e-01
-3.115582509023924473e-02
4.845219892454992183e-01
6.282978610142172515e-01
2.494395643452024525e-01
-4.407738804967994417e-01
9.074926404263444768e-02
-4.160234371129522546e-01
-8.169356562842840230e-02
3.989029314098874179e-01
2.647529524846441440e-01
-1.401158972397043290e-01
-5.231698436291070120e-01
-2.947524254901174867e-01
-1.669889498900011260e-01
1.432665571351233492e-02
2.900826255298373235e-01
-4.616329726970351266e-01
-1.346679659032488652e-01
1.698888978271582695e-01
-1.362137265073108394e-01
7.920900061082093713e-02
4.629905304757787055e-01
-2.928408070072566760e-01
1.953200636108882657e-02
-5.267488251781341640e-02
5.850786330347881314e-01
2.642598408008738353e-01
-1.223502611785717981e-01
-6.502438241160976573e-02
2.905350197120339373e-01
-3.679986034387083826e-01
3.451258752539372310e-01
2.905860277549578985e-01
3.059657053121258574e-01
-6.220333353067374060e-02
2.886674762483737097e-02
2.045505440768772831e-01
9.501501636929922737e-03
4.224626670165508302e-01
2.141751979604102629e-01
-1.577560329520544813e-01
1.146208037830949572e-01
1.644543444339213734e-01
1.109488238137529975e-01
-1.039803349418796374e-01
-2.523312656556244149e-01
2.316237948371343766e-02
1.284746956667694451e-01
-7.912705695881527834e-02
-4.111290477027434442e-01
-1.493183859710572325e-01
4.265883967312475433e-01
3.582370332751796949e-01
-4.694843361976137053e-01
3.764162709779853011e-01
-1.743946634213611735e-01
4.709745975641315141e-01
7.652068577353142442e-02
-3.130003759478530712e-01
7.245205701824062317e-01
-1.282286011782675719e-02
-2.940764515972297266e-01
7.770372999401810032e-01
-3.644837016483179482e-01
-3.253050441991691133e-01
-3.041221025997201677e-01
-2.927888065337332368e-01
4.107205891079658278e-01
-2.576831868176452378e-01
2.338226950014325456e-01
1.932621799420878583e-01
1.798888304941067828e-01
4.443912537234085969e-01
-1.805124364400636505e-01
-3.338056005702980111e-01
-1.264161822047141226e-01
-4.249220335291584716e-01
6.864858313453757466e-02
1.379281372400970596e-01
-6.343742655871216218e-01
-1.205410254176484119e-01
7.147094686700387889e-02
-3.497553239774806033e-01
5.102678658045316507e-01
-1.803465781587092753e-01
-8.185407150364477913e-02
-2.631886758843302587e-01
-1.377133245748997648e-01
-2.422480966656947177e-01
2.376694864286318931e-02
-1.614071942473365717e-01
-3.538631370791753827e-01
4.806591386991909132e-01
2.681786720977080707e-01
2.661653489185115684e-01
4.014720208354287667e-01
4.515182246750712447e-02
2.227764140371161217e-01
4.285791949746686758e-01
-5.998526266710667992e-02
-1.470407669655216520e-01
-4.795159249155294678e-01
-6.499557711557631817e-03
1.332992226886383635e-01
-1.120084852613670579e-01
-5.004475285177380911e-02
5.166064699246204484e-01
5.194197573123678913e-01
-2.957697508832726196e-01
-3.076095213655773847e-02
-5.276373371842218996e-01
2.452502148422128769e-01
-9.586137099772785997e-02
2.698003391056901790e-01
8.395836249078200142e-01
2.398792895147132120e-01
-2.296654712828156975e-01
9.956603383058648671e-05
-3.452568676426004957e-01
5.833879538183012192e-02
-8.794909908454366654e-02
4.995377989083534323e-03
9.115099753589321618e-02
1.902701712323442151e-01
-6.126922843453376233e-01
-5.628492673309535288e-01
-7.796484132748776608e-02
5.332575232902593554e-02
-4.060920001418572567e-01
1.801760278632694168e-01
4.168316494586201126e-01
4.775949705718409571e-02
4.496100813395369489e-01
-1.658526216672457920e-01
-9.489902527289303946e-02
7.215463079612673136e-02
6.369507921236677861e-01
-3.332295949214055808e-01
-8.087012617345681886e-02
5.289839280376013031e-01
-3.109496170267509463e-01
1.617771533081109880e-01
1.009631981945716961e-01
3.033608256299071271e-01
-8.976248835497067924e-02
-4.218423563329962711e-01
-1.069779078218794643e-01
-8.907239883147660686e-02
1.027726908070125955e-01
-3.142275176216436927e-01
-5.780197689968747943e-01
-4.494728483484452530e-01
4.432856234912344595e-01
-2.025328666900141558e-02
-1.204227615370813548e-01
2.266175907148261504e-01
-9.932011931592145404e-02
-2.118541192535637330e-01
-5.610788024851673939e-01
2.994345657270958139e-01
1.288885081557177015e-01
-3.914701385958337387e-01
4.281143901852711986e-01
4.069877016968966310e-01
9.435231853270786839e-02
2.811222266179687068e-01
5.852083651773803963e-02
-2.793410146390841176e-01
-3.978218892188143396e-01
2.584431562682908412e-01
-4.025271271890221159e-01
-1.490078655367168825e-01
-1.659327580497169108e-01
4.904531065884648600e-01
3.620854164810290987e-01
-5.140731733206523879e-01
2.404535410699641385e-01
-1.284480189613564083e-01
3.160677841669090049e-01
-4.346604331946305466e-01
3.223006279300797972e-01
-3.672685579486957563e-02
1.396753499138639887e-01
-9.361289469656165763e-02
-1.008361599948515985e-01
3.053042273649280713e-01
-1.088688911347921243e-02
-9.970057785209374135e-02
2.641778698490662887e-03
1.248401975187561630e-01
2.802229897751166710e-01
1.702953211468030414e-01
-3.625922700934144927e-02
2.513415835266363252e-01
3.316182835609032820e-01
-4.686875555297934648e-01
2.923594570383786923e-02
-2.485204886292171622e-01
-3.780444716527748827e-01
-2.137252837819024476e-01
-3.493255774051413631e-01
-5.370536627924032969e-01
-4.550879854550374803e-01
2.432711461604424030e-01
-4.340958265818267714e-01
2.940531970164672604e-01
5.115169609883819524e-01
3.527912833362731315e-01
-6.080540146783309785e-01
1.310477892294300561e-01
1.832891194044124483e-01
1.544329440025296873e-01
1.267231358366096017e-01
-1.767885574513389790e-01
-2.879117643773126956e-01
6.218607803316425486e-02
-3.844453235597904417e-01
-9.703750713146679086e-02
1.799428096059603466e-01
1.964984228778010600e-01
-2.471629467489019627e-01
-8.725284046911033209e-02
2.540401998117038374e-01
-4.242063503923334533e-01
7.442754289603029094e-02
1.096471097013992646e-01
3.994395165885621379e-01
-1.186595061890666630e-01
1.972415122475297267e-01
3.071317672716808445e-02
-2.134603119676695138e-01
1.753185541060341690e-01
9.212664104161580325e-02
6.620552705182636277e-01
1.759204639078991994e-01
7.008625682039292260e-01
6.125063595107843595e-01
-1.625297115176004281e-01
7.834517820019569478e-02
-3.360056543312448518e-01
1.776763838573310883e-01
-7.374577375788452516e-01
-1.938963325080042197e-02
-1.486011002172162726e-02
-1.423614138080234737e-01
-3.742835336577165495e-01
-7.893768753287414564e-01
-1.255649206838373444e-01
-1.682180755663854610e-01
-4.382688261729722479e-01
6.120717379122442292e-01
-4.448121124603224286e-02
-2.267432834298772071e-01
-3.439495590161174565e-01
8.666051242632097362e-02
-2.652278515578777585e-01
-6.630266460595846123e-02
-4.405013474258018258e-01
-1.150997784050856870e-01
-1.196021453312916816e-01
5.225918501757642609e-01
-2.291616982049852688e-03
7.026373643011525338e-01
3.710019394259985726e-01
4.973150432730007453e-01
-3.219545160683625618e-01
1.933005560389546573e-01
1.651462596880456102e-01
-3.985366262365167001e-01
-2.345016419399300334e-01
-1.489661441729505098e-01
-3.688467818278041710e-01
1.540503982995875265e-01
-2.112729774067780703e-02
-1.405321839715616972e-01
-4.368786231857184343e-02
1.307050159451491125e-02
-4.616813500364192469e-01
-4.035965341655734506e-01
-5.277542612163683977e-03
-3.414028135767419037e-02
-1.786102642281418573e-01
4.070989390550302511e-01
2.714702308096269001e-01
-2.196746899470579037e-02
4.000963686188658830e-01
-4.072957296400223637e-01
1.500491830725530495e-01
3.470292521572773126e-01
-9.289306235836225500e-02
-1.426926136237185450e-01
-2.349287043966665767e-01
6.101597949107975261e-01
-4.052850073188365432e-01
1.406821939111290998e-01
-5.718835824694679104e-01
1.686060040374254831e-01
-3.553738463975656542e-02
2.079265407999268678e-02
4.619433421854906435e-02
3.069846895128053310e-02
-6.362589124128179008e-02
5.555557644686270891e-01
1.513761320343379735e-01
1.934943520111669091e-01
-4.566641101266988301e-01
-6.103568944971424770e-01
2.981328044183688755e-02
1.726157303646493335e-01
3.588448486146222915e-01
-7.449778007740062713e-03
-3.235653372561920760e-01
3.057482387811897295e-01
9.003279395551914976e-02
-7.049358567379970797e-01
-1.608095171876236518e-01
-3.335369747127327894e-02
-2.251166594049840985e-01
-1.426684201336245739e-01
-3.968742934881114848e-01
-4.007336139188654167e-01
-9.283425976000037050e-02
-2.605861279022674282e-01
2.329262735095433134e-01
-2.363442485274444005e-01
-6.570171966029411670e-02
-2.742188197149123541e-01
-2.881448078505300381e-01
4.943264644007779873e-01
9.699638198500673547e-02
-1.486724634273652035e-01
-3.204911787741421270e-02
7.710956576767621917e-02
-3.207560578410658669e-01
-3.928803275926897459e-02
4.634777786652369835e-01
1.253833252720451541e-01
3.867754098387506945e-01
3.476600394349039364e-02
-6.641918659138172643e-02
-3.099852036889910734e-01
1.999239469242831413e-01
3.111104847055440326e-01
8.525060025208482106e-03
-3.638705600715549937e-01
1.649365029621300827e-01
1.470576381477917693e-01
4.541247301724709029e-01
1.848689018675376272e-01
1.610807614362464446e-01
-1.381408217982017517e-01
-3.294122910805684645e-01
7.102483997726091736e-02
-5.655335807562829054e-01
-9.822918720690331992e-03
4.690077298874862910e-01
-1.132093682061026257e-01
5.523669921553528983e-01
-1.543749484495378910e-01
1.615146498074848114e-01
1.251346243914162881e-01
4.504351347482521417e-01
-1.594480469140338585e-01
-1.454265111589869985e-01
-5.951148511124375595e-01
1.867028582762594313e-01
5.112692990173294677e-02
3.236752708933468003e-01
2.149335002512318127e-01
-3.468207272052807877e-01
2.156368561630145064e-01
9.609438326484770476e-02
2.828167887381791146e-01
-3.152431391329327259e-01
5.347507411411372980e-01
2.054385681178160991e-02
-5.020188821413510208e-03
4.283060917224547071e-01
-3.164063353001547174e-01
1.625460258519667855e-01
4.202484291524379856e-01
4.508403517455006337e-01
1.309386872479894603e-01
1.935589664739973959e-01
1.871683165039608188e-01
-2.521724026392982432e-01
-4.552483875865577512e-02
2.751460911200204196e-01
1.385258524720718587e-01
-2.059108076809740284e-01
9.401999123427004501e-02
-4.511784485811065060e-01
-1.366500955671080542e-01
1.930452924308373730e-01
2.564683567071274761e-01
1.932983320104911251e-02
1.954518894954780373e-01
1.908585630804373601e-01
2.257106874062749513e-01
4.500499877163537804e-02
-5.655938686025782092e-01
-1.777705935196839324e-02
-2.638841794606983648e-01
3.404937996250431143e-01
-6.226827329354610308e-02
8.604361110784428113e-03
-2.627721984030850777e-01
3.509853169838501596e-01
-1.945102176287158771e-02
1.721148596022269509e-02
8.013294841588423090e-01
-2.202549630091391042e-01
-1.200578022690228577e-02
-7.243441210122597562e-01
1.808121597421014914e-01
-1.973653644050022138e-01
-1.893172061851476906e-01
3.113550436404597388e-01
1.392549494110403574e-01
-7.107073437097914947e-01
1.048233144544819528e-01
-2.994743275939489857e-01
-5.074643847357575011e-01
4.530165485439517636e-02
-7.125158359760332960e-01
-2.305973431750382996e-01
-1.780016882436178394e-01
-3.195246366864507026e-01
-6.082094687101344821e-01
2.172609055033876135e-01
4.430221297342845088e-01
3.580712494085181441e-01
-2.402040386529259441e-01
-5.280377512585587158e-02
-7.138173720940650668e-02
1.414046249046431447e-01
-4.434171534487304500e-01
7.079196658340285164e-02
-6.602041758830863583e-02
-1.689011420512692152e-01
3.795513856439544087e-01
6.420013197025815910e-02
-9.974057361064292415e-02
-1.136592960034578208e-02
4.694867084927338285e-01
-8.575041154666968035e-02
8.635441226800651127e-02
-1.094273862728460493e-02
7.579544353423859349e-01
-2.593173532791415714e-01
1.102319858717673295e-01
3.391085123136974855e-01
7.665630998013285569e-02
4.784167134253727860e-01
-3.224403224568401782e-01
-5.230652100017731815e-02
-2.793076717742699056e-01
-5.992236771005330365e-01
6.901364058562052539e-02
-2.404239776707596810e-01
2.882568819944778329e-02
-2.421767508685708226e-01
2.359203805753211647e-01
-7.286148984092124525e-01
2.955123341280454508e-01
1.622164919247953696e-01
2.473162412313611724e-01
-1.604428921260557250e-01
-1.079360355498932000e-01
5.774351788996601176e-01
-2.787992875202860432e-01
-5.215862280017969921e-01
5.958321908345512452e-02
4.063052114552350158e-01
-6.076630449623665609e-02
1.545139040615034313e-02
-3.428000133643303859e-02
-6.453311789020728106e-01
4.617538227844549814e-01
3.758820662741534369e-01
-6.005397835024431918e-01
-2.063111743498871609e-01
3.292444412147956800e-01
-8.411469977385563346e-02
2.333339491291059886e-01
-1.646764355691013038e-01
-4.918000693817170532e-01
6.191350834640811929e-01
2.290158283279435658e-01
-1.298087769431508498e-01
3.285978533377604816e-01
-2.682697520890849896e-01
-1.160348177369827510e-01
1.365435048685161024e-01
1.400327612460353088e-01
-3.870994697019522479e-01
-5.415365257528272913e-01
4.441900447315057510e-01
-2.576537209972503129e-01
2.827024754551741847e-01
1.533267437851101311e-01
-1.984279133565750031e-01
9.068125946577380858e-02
6.333219168733367731e-03
-7.115464506233709630e-02
-1.931969286624726778e-01
4.726128718845731269e-01
5.241973596131593860e-01
-2.122856148507578644e-01
-3.450494546878751789e-01
4.590765724535948028e-02
-9.406888679777980489e-02
2.673643280314908499e-01
1.678541107802219434e-01
1.971048300372767459e-01
-3.235680102979967554e-01
-1.564781516803245842e-01
2.122173189255772141e-01
1.749764184793059230e-01
4.392300848220050125e-02
-4.027584893320355908e-02
-1.613874732509789911e-01
-3.102878862236714275e-01
-2.902520950608755146e-01
-1.827034406028317237e-01
3.498273336043534187e-01
-2.771950195076388068e-01
-1.923756122827037507e-01
1.488794635110971820e-01
-1.187648638841030807e-01
2.402953852391913059e-01
4.301462860338907124e-01
-5.959847516906263687e-02
1.308159518167515967e-01
-4.334092952103711927e-01
-1.707842890533534802e-02
7.834324113663483635e-02
6.653577384182146615e-02
2.152592366887566278e-01
-1.161365520458636086e-01
-9.912539149555140566e-03
2.506538140787465396e-01
-2.199728722949331194e-01
1.526027440434173932e-01
2.989785715176695446e-01
-2.193074979731435836e-01
4.070709375498693383e-01
1.168178484433488318e-01
-6.277461003974583731e-01
3.546428959511874757e-01
-3.600963649726308113e-01
1.583722917473435743e-01
2.429795080434425936e-01
-5.739288137636568976e-01
-2.369575443526165254e-02
-5.035854078961623514e-01
2.362265772026776456e-01
1.395021645185312020e-01
-1.371133425957743734e-01
4.571129998998432198e-01
2.001744166152279181e-02
-3.567052693077562564e-01
1.222064083011064478e-01
-4.605455040198961347e-01
-2.502212995527752781e-01
-4.831143542481562414e-01
-2.691078347374359359e-01
-5.180769576320600617e-02
3.849647859139775363e-01
2.961360092652016718e-01
-1.625648518395216569e-01
-3.065524870359271348e-01
4.763258348834202849e-01
-4.203977214378167709e-02
9.514467902705157909e-02
1.696230650309820120e-01
2.831534126247945982e-01
-1.949983646027552975e-01
7.342287983341206914e-01
5.983884558752372573e-01
-2.963753178634680463e-01
-2.750552423721027706e-01
3.299892306142895859e-02
1.626942345621350539e-01
2.134309637372295287e-01
-2.559711805623304803e-01
-5.614491536660710762e-03
-5.691870836658686761e-01
2.709907937067019823e-01
2.634851421274920780e-01
4.004659196252760012e-01
5.622319825378461200e-01
3.090963834459123372e-01
1.594784247039741643e-01
8.566420839394341957e-01
-2.063212947175410705e-02
3.656580884215391847e-01
-3.676687704608262025e-02
4.128672352913685395e-01
-3.548996931777793629e-01
2.292853349818602948e-01
2.974919205334551342e-01
2.183723558425813283e-01
-3.219360055838238477e-01
-3.321265635255633564e-01
3.219840022182561823e-01
-1.240900679783457222e-01
6.512533537778605330e-01
3.669512704489618082e-01
-3.899578501279623438e-02
3.698135861055698581e-01
3.096044191303473081e-01
3.771627901441128583e-01
3.048363586781476231e-01
-5.403204649932422110e-02
-3.696968572955058319e-01
1.219022424486401884e-01
4.873833663768160629e-01
-1.957539766741532017e-01
2.362645038877499992e-01
-1.551496043084285847e-01
1.745646504079465255e-01
4.513031887895128103e-01
2.904466063437147749e-01
-4.090098794201690313e-01
1.923515699475522589e-01
-1.949664296687746989e-01
8.852916606651954970e-03
5.216237436359220242e-02
2.580021963870294810e-01
-5.490627195038645658e-02
-2.226235571508027866e-01
-1.822914997934946824e-01
-2.038630800654259723e-01
1.504018312974564897e-01
1.364232019317452305e-01
2.484121721309435205e-01
2.757108310245490745e-01
1.126562740810457264e-01
-2.547170383176046160e-01
3.978715608508416324e-01
5.212741848162780745e-01
-3.618703901791933131e-01
4.228815853475768050e-01
-4.026402208909643510e-01
1.043122610676245066e-01
1.861446772862733190e-01
1.219888150339241556e-01
-2.713100282166013844e-01
7.765358997315005563e-02
2.228803952966234014e-01
3.058985195220260134e-01
3.132545325734646391e-01
3.067400384312758410e-01
-2.442898004686149538e-01
1.587933495711190690e-01
1.613646763779382765e-01
-1.016450903037402487e-01
-1.971148810240524740e-01
-1.462833565108616063e-01
2.761862049923471951e-01
2.848499420864363252e-01
5.164366580976859078e-02
4.680267378570683312e-01
-1.823172208916049031e-01
5.896419199869817884e-01
-1.090731346709109539e-01
-6.867012083482516849e-02
-3.499829562356958079e-01
1.153935160747488267e-02
5.228388427909759495e-02
-3.447536936786385064e-01
-6.209076668082757350e-02
-1.035162773501266398e-01
1.623532072176800678e-01
3.227602973932834907e-01
8.285706339263146369e-02
2.676845198792570657e-01
-3.628177699308950122e-02
-1.198136096713096482e-01
2.452904115411804198e-01
-1.179809004438704401e-01
3.550851193418544938e-01
-3.626563893366437918e-01
-3.489444526036082905e-01
-4.344960781944855466e-01
6.049314551575143417e-01
3.097270007990194918e-01
4.287075061035404699e-01
1.456086930091815557e-01
-3.806088381871864379e-01
6.757598106577887564e-02
-1.255105055934750413e-01
-4.063283723987896612e-01
8.741611635567637928e-02
2.869597256877932656e-01
-2.517820491746440847e-01
5.183001337853403168e-02
1.074007527844988465e-02
5.057059537555047557e-01
-2.988819600566620244e-02
-1.635899413185890605e-01
4.232285093975269863e-01
-2.309550664277923160e-01
-4.918777034882814148e-01
7.542284811807052625e-02
2.445557259208128997e-01
-8.213186540634499766e-02
2.744082058649534028e-01
-2.408605256902190128e-01
-8.668843130092725169e-02
-4.568183684674546052e-01
-7.067909178983958207e-02
-1.012801149442510984e-01
-6.921504629241000128e-02
-1.269764697075282944e-01
-2.793405490620534115e-01
1.855887782349161519e-01
-1.117470862127352832e-01
-1.426454486389829857e-01
2.570240125951355203e-01
3.211980775086694662e-01
8.419198145904530084e-02
2.704409962512469567e-01
5.887070178400146681e-01
3.590759102680274317e-02
-9.559479049402853923e-02
1.888592847269823793e-01
-5.791589780519312836e-01
-2.323807686745425483e-01
1.248992492165101748e-01
-2.585378686770422596e-01
3.819255717134607542e-01
7.269283546094389842e-03
7.074391942681265144e-01
